-0.363285315488802441 0.534388887989241224 0.739999999999999991
-0.363285315488802441 0.534388887989241224 0.739999049747553928
-0.363285315488802441 0.534388887989241224 0.739996198995948928
-0.363285315488802441 0.534388887989241224 0.739991447762384680
-0.363285315488802441 0.534388887989241224 0.739984796075526807
-0.363285315488802441 0.534388887989241224 0.739976243975507431
-0.362205158792493931 0.538843376711973132 0.739965791513924276
-0.362205158792493931 0.538843376711973132 0.739953438753840897
-0.362205158792493931 0.538843376711973132 0.739939185769785457
-0.362205158792493931 0.538843376711973132 0.739923032647751389
-0.362205158792493931 0.538843376711973132 0.739904979485196068
-0.362205158792493931 0.538843376711973132 0.739885026391040590
-0.362205158792493931 0.538843376711973132 0.739863173485668879
-0.362205158792493931 0.538843376711973132 0.739839420900927136
-0.362205158792493931 0.538843376711973132 0.739813768780122949
-0.361342017483336830 0.541108870532555741 0.739786217278024627
-0.361342017483336830 0.541108870532555741 0.739756766560859869
-0.361342017483336830 0.541108870532555741 0.739725416806315206
-0.361342017483336830 0.541108870532555741 0.739692168203534561
-0.360552864708661214 0.542608443881801850 0.739657020953118471
-0.360552864708661214 0.542608443881801850 0.739619975267122420
-0.360552864708661214 0.542608443881801850 0.739581031369056063
-0.360552864708661214 0.542608443881801850 0.739540189493881561
-0.359793129612658968 0.543752132436277291 0.739497449888012137
-0.359793129612658968 0.543752132436277291 0.739452812809310633
-0.359793129612658968 0.543752132436277291 0.739406278527088290
-0.359793129612658968 0.543752132436277291 0.739357847322102524
-0.359044284941679448 0.544702159317343781 0.739307519486555820
-0.359044284941679448 0.544702159317343781 0.739255295324093509
-0.359044284941679448 0.544702159317343781 0.739201175149802103
-0.358297102628462594 0.545535559130893688 0.739145159290207743
-0.358297102628462594 0.545535559130893688 0.739087248083273307
-0.357546337430450334 0.546293594267547533 0.739027441878397529
-0.357546337430450334 0.546293594267547533 0.738965741036412216
-0.357546337430450334 0.546293594267547533 0.738902145929579812
-0.356788667821456684 0.547000346793077741 0.738836656941591730
-0.356788667821456684 0.547000346793077741 0.738769274467566239
-0.356021778253535426 0.547670805180332398 0.738699998914045142
-0.356021778253535426 0.547670805180332398 0.738628830698991878
-0.355243902232548481 0.548314774806857752 0.738555770251789201
-0.355243902232548481 0.548314774806857752 0.738480818013236395
-0.354453570180369049 0.548938928790168257 0.738403974435546395
-0.354453570180369049 0.548938928790168257 0.738325239982343340
-0.353649452144390530 0.549547954868762623 0.738244615128659576
-0.353649452144390530 0.549547954868762623 0.738162100360932882
-0.352830240095157621 0.550145230897992610 0.738077696177003806
-0.352830240095157621 0.550145230897992610 0.737991403086112219
-0.351994532811734318 0.550733239652852369 0.737903221608894433
-0.351994532811734318 0.550733239652852369 0.737813152277379980
-0.351140682636798651 0.551313831495656825 0.737721195634988725
-0.350266530118734098 0.551888392386367332 0.737627352236526979
-0.350266530118734098 0.551888392386367332 0.737531622648184837
-0.349368842965414206 0.552457944991126437 0.737434007447532291
-0.348441895235309163 0.553023182875606034 0.737334507223515900
-0.348441895235309163 0.553023182875606034 0.737233122576455124
-0.347472993780554407 0.553584370131266157 0.737129854118038996
-0.346422774561911673 0.554140663786118037 0.737024702471322124
-0.346422774561911673 0.554140663786118037 0.736917668270721027
-0.345049153986732193 0.554683516642381802 0.736808752162010583
-0.347049829260904885 0.555340547325929856 0.736697954802319477
-0.347049829260904885 0.555340547325929856 0.736585276860126870
-0.344233765807969827 0.555837248188389310 0.736470719015258179
-0.343004168225246320 0.556384523331570069 0.736354281958880641
-0.341867762770529660 0.556935642090639060 0.736235966393499863
-0.340736174918664536 0.557488437809986692 0.736115773032954834
-0.340736174918664536 0.557488437809986692 0.735993702602414035
-0.339585890316916661 0.558043414275390615 0.735869755838370998
-0.338405348870443490 0.558602323199204220 0.735743933488639756
-0.337185054718709021 0.559168610198470084 0.735616236312350402
-0.335913148016941610 0.559749054373729904 0.735486665079944646
-0.335913148016941610 0.559749054373729904 0.735355220573170709
-0.334569398392004669 0.560358257904944868 0.735221903585079439
-0.333108325227021385 0.561033170023174765 0.735086714920018758
-0.331384369451749705 0.561898635978043681 0.734949655393628665
-0.328439923884690566 0.563786637140260005 0.734810725832837464
-0.336156857033304113 0.556026998255462312 0.734669927075855544
-0.329773574752221632 0.561040298035488494 0.734527259972170943
-0.327633822155147914 0.562077244964479639 0.734382725382543899
-0.325823936027172301 0.562752229192500786 0.734236324179002309
-0.324068289334009441 0.563307715936999021 0.734088057244835501
-0.322294934358067608 0.563801171016254266 0.733937925474589692
-0.320473243451244505 0.564251842658015090 0.733785929774062096
-0.318584915501652355 0.564666671051503810 0.733632071060296154
-0.316615805984822640 0.565047377272739459 0.733476350261574761
-0.314552866800867248 0.565392894637096077 0.733318768317415937
-0.312382678917016432 0.565700287827005321 0.733159326178566717
-0.310090537129219079 0.565965068150895867 0.732998024806996828
-0.307659704828514902 0.566181211099311410 0.732834865175894024
-0.305070662042147278 0.566340983161820022 0.732669848269657087
-0.302300235636946635 0.566434604162626032 0.732502975083890617
-0.299320512525160010 0.566449727797095681 0.732334246625398921
-0.296097419896645342 0.566370687767923098 0.732163663912179352
-0.292588815012562509 0.566177415201652101 0.731991227973417091
-0.288741854244028040 0.565843871818810351 0.731816939849478376
-0.279744138929064912 0.564606970178466394 0.731640800591904172
-0.274391825643288234 0.563594372437299262 0.731462811263404067
-0.268278277916684238 0.562209076196392488 0.731282972937849940
-0.261191350623722784 0.560322285300270950 0.731101286700268749
-0.252830810137457562 0.557740625046236449 0.730917753646837420
-0.242757877197958133 0.554161099363410958 0.730732374884874636
-0.214418466825411214 0.541625343518621349 0.730545151532835280
-0.193320910522331857 0.530093826860533412 0.730356084720302889
-0.163857597514414616 0.510851769605873196 0.730165175587983772
-0.120118579637769202 0.474765534252206689 0.729972425287699123
0.022279689857103706 0.147731114877573899 0.729777834982378915
-0.528532665395267665 -0.314170253029655178 0.729581405846054243
-0.852332517383722732 0.365669797626201498 0.729383139063850661
-0.547287715548193776 0.600319470950729461 0.729183035831980852
-0.488167742598921983 0.611203952681400375 0.728981097357737307
-0.451032390779338654 0.614592985291345206 0.728777324859485542
-0.425471105157541662 0.615609998721007967 0.728571719566655895
-0.392079682105294980 0.615755025231657482 0.728364282719736744
-0.380330036793971482 0.615642540813359451 0.728155015570267294
-0.362181040702456269 0.615534196380404408 0.727943919380828919
-0.354863752722527515 0.615576592047917703 0.727730995425038829
-0.348339336426075397 0.615684782790345109 0.727516244987541416
-0.336983095592018111 0.616076808474416482 0.727299669364000922
-0.331913692319943499 0.616347658202129445 0.727081269861093782
-0.322591004388381286 0.617008053964219316 0.726861047796500293
-0.318225484292390726 0.617386807826905359 0.726639004498896957
-0.313999534833249827 0.617791753347206596 0.726415141307948709
-0.305834392180361014 0.618665404796423180 0.726189459574299923
-0.301840424247092676 0.619128379886285440 0.725961960659567529
-0.293913854367797378 0.620098794543298082 0.725732645936331688
-0.289938979933112684 0.620607174100415881 0.725501516788128020
-0.281855010609972700 0.621694633762459703 0.725268574609439609
-0.277688512229910867 0.622304451216526555 0.725033820805687568
-0.268817669794189584 0.623931490801421962 0.724797256793223710
-0.256429279211604633 0.629651968337631041 0.724558883999321224
-0.284903709857314724 0.579049769688253058 0.724318703862166235
-0.250062336440032895 0.620206476655193240 0.724076717830849370
-0.244405783403622429 0.621313165404342449 0.723832927365356760
-0.233036500004626751 0.622383883842728025 0.723587333936561383
-0.226887520366975931 0.622747508246538684 0.723339939026213963
-0.212168904618563914 0.623825471998149306 0.723090744126934415
-0.177338510388636156 0.631468503430265948 0.722839750742202303
-0.305487231077552601 0.543330935349979782 0.722586960386348620
-0.200595882311971618 0.610065497201900730 0.722332374584545467
-0.180584206419823728 0.609242784001011506 0.722075994872797944
-0.171493121119391773 0.607579373931275812 0.721817822797934383
-0.152889615078649510 0.602562963100441551 0.721557859917596800
-0.132784604043611310 0.595167625740336992 0.721296107800231900
-0.121952905497870578 0.590404056710250535 0.721032568025081755
-0.098399052135035608 0.578167833302390410 0.720767242182173473
-0.071944724380929193 0.561186658331063626 0.720500131872310767
-0.042262172979302376 0.537489000032675079 0.720231238707063071
-0.026198199891653812 0.522238124797653747 0.719960564308756767
0.007962383383246868 0.482391553817018148 0.719688110310464868
0.042937119372123189 0.425279869647068653 0.719413878355997460
0.072891954805776094 0.343211199733302386 0.719137870099891496
0.083714177431102321 0.227782256773333414 0.718860087207401133
0.073695147329323613 0.156486651487492634 0.718580531354487628
-0.001939255706928196 -0.002524391177455094 0.718299204227808685
-0.176444942404022698 -0.134172638867339183 0.718016107524709124
-0.417021280181907539 -0.156100196173021871 0.717731242953210224
-0.621656620823515693 -0.051613750649160184 0.717444612231999179
-0.730468033581409770 0.106796068568433100 0.717156217090419101
-0.753106939394245445 0.183679192863057672 0.716866059268458589
-0.759189702251800269 0.314156576693109590 0.716574140516741065
-0.738355505075694030 0.411583778329986605 0.716280462596514012
-0.708173669383383775 0.482529689606595535 0.715985027279638975
-0.676519778323339760 0.534607063195106980 0.715687836348580131
-0.646493470300304240 0.573655834546043297 0.715388891596394072
-0.619091986321599563 0.603702174591205787 0.715088194826718926
-0.594444315870630735 0.627445288843893278 0.714785747853762921
-0.572349538258587365 0.646696483701083347 0.714481552502294504
-0.552504997246852758 0.662686582617226350 0.714175610607630129
-0.534599485670554597 0.676266301509069634 0.713867924015623934
-0.518348201769054717 0.688034481186555302 0.713558494582656633
-0.503502943623222121 0.698420354069859362 0.713247324175623976
-0.489852170741639781 0.707736928545691590 0.712934414671925309
-0.477217317285775489 0.716216163321811150 0.712619767959453143
-0.465448098532786070 0.724032532014181274 0.712303385936580713
-0.454417933167765686 0.731319077339407819 0.711985270512151103
-0.444019887359102750 0.738178528978405635 0.711665423605465697
-0.434163236414850218 0.744691124168187724 0.711343847146272412
-0.424770613343702030 0.750920190707299318 0.711020543074754374
-0.411409128230839527 0.759839781999931740 0.710695513341517593
-0.402905787129126780 0.765559738404490320 0.710368759907580083
-0.394670766250484029 0.771134097986232669 0.710040284744359096
-0.386663376513528279 0.776587118387760955 0.709710089833660129
-0.378847703915625000 0.781938765894165888 0.709378177167664048
-0.371191825417726773 0.787205557638681053 0.709044548748915870
-0.363667157140102781 0.792401215199750819 0.708709206590312113
-0.352570406549796711 0.800085820215690413 0.708372152715089243
-0.345265925619856473 0.805149653410797583 0.708033389156810689
-0.338011752324433590 0.810174830870862506 0.707692917959355072
-0.330788660313065752 0.815167462861679071 0.707350741176904108
-0.319973063944489933 0.822606284899892515 0.707006860873929721
-0.312750640925477996 0.827537955828493210 0.706661279125181618
-0.305499645830371869 0.832451338626877813 0.706313998015675182
-0.298204276277364622 0.837348936870133231 0.705965019640678482
-0.287143796312789523 0.844669860880127077 0.705614346105699508
-0.279668878435226975 0.849535427652660990 0.705261979526474403
-0.272094089064111588 0.854389898068189768 0.704907922028953582
-0.264402520470182589 0.859233588797227998 0.704552175749289300
-0.252606629378777980 0.866478549121325492 0.704194742833822995
-0.244541480066249539 0.871293842108905370 0.703835625439072410
-0.236289499995467167 0.876096005148279122 0.703474825731717712
-0.223504543122050148 0.883270583857483693 0.703112345888589618
-0.214665104691820097 0.888030785093032682 0.702748188096655402
-0.200835426699109476 0.895127842946508823 0.702382354553006127
-0.191162196980108778 0.899823104534543505 0.702014847464843106
-0.181049161450770546 0.904481476650047078 0.701645669049464793
-0.164848439880126652 0.911377526778027969 0.701274821534253578
-0.153160524571714418 0.915891279979111572 0.700902307156661686
-0.133739630205052862 0.922468626957324123 0.700528128164198294
-0.118964016672495843 0.926647882550408752 0.700152286814415881
-0.101898882348710362 0.930535225135202482 0.699774785374896457
-0.068481405700240527 0.935145437612856512 0.699395626123237801
-0.034980037192994362 0.935907177692377967 0.699014811347040133
0.078662145282042073 0.913856201616235042 0.698632343343891682
0.385053222352559787 0.532329837001856210 0.698248224421355368
-0.278185838853275635 0.915292732038728518 0.697862456896954697
-0.180092302339075527 0.949475501827730217 0.697475043098159664
-0.116831204673206013 0.963808367976478619 0.697085985362372984
-0.089736187246422516 0.969134166284129850 0.696695286036915662
-0.056768918420359915 0.975222340756850992 0.696302947479013001
-0.027680604560269884 0.980070239708397795 0.695908972055780284
-0.009145982275417186 0.982776637215463378 0.695513362144208891
0.018307768560103188 0.986079854883374018 0.695116120131151316
0.036700101724638390 0.987750671124327018 0.694717248413307176
0.064787283639489435 0.989369401203831211 0.694316749397208888
0.093778994654601378 0.989770450824039694 0.693914625499206461
0.113749360670935384 0.989254882148922543 0.693510879145453840
0.144925537904295965 0.987095835016806200 0.693105512771893584
0.167181171584181387 0.984479412846329116 0.692698528824242432
0.197723544236758586 0.979615617846745557 0.692289929757976541
0.233263989799659288 0.971519663154029822 0.691879718038316605
0.257418044051934636 0.964586095472213301 0.691467896140213090
0.294787339185856589 0.951390087386019045 0.691054466548331137
0.333488604681715817 0.934281689306212693 0.690639431757035682
0.359938009275957427 0.920358267270744324 0.690222794270376361
0.400344372023894057 0.895106987427016221 0.689804556602072627
0.441197842342420432 0.863801136447317486 0.689384721275498102
0.481816296081604423 0.825359245512887640 0.688963290823665919
0.508309351284662370 0.795107463107512125 0.688540267789212845
0.546257808496836361 0.741436789314920408 0.688115654724384629
0.580545025226339217 0.675107334068111520 0.687689454191019900
0.608355395760292517 0.589341980832584378 0.687261668760535072
0.619717210860592727 0.511530082196509195 0.686832301013909019
0.582251827619897355 0.286908356155648914 0.686401353541667092
0.194365221581626335 0.968116090465438228 0.685968828943865794
0.609642647858333442 0.583783501619602130 0.685534729830076905
0.619110531520378982 0.431025242648168938 0.685099058819371831
0.597044240443643903 0.323655999235599623 0.684661818540305611
0.572810706929924418 0.262811412364590935 0.684223011630901601
0.525271001467157994 0.183260255840544700 0.683782640738634817
0.466859446714549542 0.116921428798896193 0.683340708520416507
0.400446866429186255 0.063993527920253646 0.682897217642577936
0.328988951133951490 0.024648446510328464 0.682452170780854406
0.255322293383805299 -0.001420890956930820 0.682005570620368706
0.181924623768629168 -0.015043895105446015 0.681557419855615576
0.110738606078910201 -0.017428220519531600 0.681107721190444715
0.043077176926365084 -0.009933315026946801 0.680656477338045240
-0.020420325503712873 0.006198547779926548 0.680203691020928702
-0.060454007717510673 0.021335995612470966 0.679749364970912762
-0.117716950365303136 0.050676684668865560 0.679293501929105314
-0.173788056270835767 0.090134824341247449 0.678836104645886729
-0.235194555604944427 0.150508310315335014 0.678377175880894634
-0.323444564203144713 0.308725983863494979 0.677916718403006269
0.410467712945440155 0.079516082474609534 0.677454734990322271
-0.125504485278039812 0.055076387328187690 0.676991228430149805
-0.208269465374103374 0.120859629526146317 0.676526201518985459
-0.248408005887774785 0.166437500283310447 0.676059657062499042
-0.274787114971999591 0.204384025161458482 0.675591597875515815
-0.299459560888222120 0.249313471376592793 0.675122026782000395
-0.313011808341901288 0.280553161583305011 0.674650946615038660
-0.323506517831659846 0.310476712534472843 0.674178360216821981
-0.331545544865930741 0.339594815324140431 0.673704270438628683
-0.337513948220421522 0.368430732014201512 0.673228680140807945
-0.341644744288227720 0.397685682691107822 0.672751592192761816
-0.344008996981281567 0.428531060615301940 0.672273009472928451
-0.344368911479273732 0.463377443655914822 0.671792934868764235
-0.341416106830443156 0.508657190299012907 0.671311371276726909
-0.326267416609241356 0.590988773246093668 0.670828321602257471
0.101288126151157204 -0.022482997012406088 0.670343788759763304
-0.329156249501020071 0.388528464238761251 0.669857775672599853
-0.332295088898753310 0.482710959724432120 0.669370285273053756
-0.318644735783251920 0.558239281803866283 0.668881320502324628
-0.244261041971892107 0.707834335784586433 0.668390884310507527
-0.071469644690406453 0.025616074801681519 0.667898979656575076
-0.333227410798787982 0.413665051689316721 0.667405609508359698
-0.330649181787835311 0.474685435450376891 0.666910776842535635
-0.324246728229912184 0.510347458137442977 0.666414484644600846
-0.316653067386247600 0.536573683443501981 0.665916735908859470
-0.305058032444213256 0.564588931779651304 0.665417533638403169
-0.295087957917632038 0.582603417560656145 0.664916880845093483
-0.283722734604480276 0.598890817432424338 0.664414780549543171
-0.270536006618850133 0.613765806841831463 0.663911235781098785
-0.248936738766110832 0.631410223879932953 0.663406249577821461
-0.228209404106723884 0.642494120850835015 0.662899824986468933
-0.201188205236830592 0.650406114924824807 0.662391965062477772
-0.163355209754569020 0.651738111652159557 0.661882672869943733
-0.076072539943653483 0.620819830434967690 0.661371951481604547
0.054609090137048621 0.470992968856289662 0.660859803978820493
-0.526516777987358076 -0.162116176020174418 0.660346233451555964
-0.537502861414893562 0.796530108365791634 0.659831242998361267
-0.369625531430915477 0.859492147137370877 0.659314835726353410
-0.232375753880988856 0.906413744193976356 0.658797014751197674
-0.124742502468906002 0.940672354224340923 0.658277783197088628
0.025854541371553075 0.964416285367557968 0.657757144196731369
0.363736264900136108 0.860964779450684059 0.657235100891322421
0.556480600178748230 0.425524178742278936 0.656711656430531421
0.202710464045743805 0.008040298359232270 0.656186813972481464
-0.237848219102694297 0.119636609037213071 0.655660576683730012
-0.340567527168742334 0.263144445334068167 0.655132947739250349
-0.377357931373921707 0.393244912430340765 0.654603930322411820
-0.380548823276382231 0.458215531746898219 0.654073527624961182
-0.374572069216902059 0.519719047675830881 0.653541742847002838
-0.367264163941269983 0.554093661783760849 0.653008579196979855
-0.356358950342765046 0.590090171668557817 0.652474039891654756
-0.347981341896531404 0.612018577407401843 0.651938128156089536
-0.336932543611201396 0.636581908812210884 0.651400847223626678
-0.328828925151936680 0.652407460290226560 0.650862200335869279
-0.318299644337407206 0.670938851167822259 0.650322190742662065
-0.310600367546517542 0.683330539320194830 0.649780821702071409
-0.300567847417521627 0.698283526152454370 0.649238096480365567
-0.293193756963615659 0.708540134282637402 0.648694018351995028
-0.283525792900629625 0.721178317725567841 0.648148590599572971
-0.276374575282565371 0.730003636149738955 0.647601816513855399
-0.266941151370402530 0.741041532469044251 0.647053699393721038
-0.259922747300973200 0.748849125533850302 0.646504242546151686
-0.250614546525075310 0.758720543651136170 0.645953449286212344
-0.241336442381441973 0.768057258505149054 0.645401322937030675
-0.234381624863350679 0.774752251469105202 0.644847866829777683
-0.225094012452741132 0.783315787140713926 0.644293084303647068
-0.218105001670313603 0.789492650448960109 0.643736978705835461
-0.208738084045485550 0.797433310741465728 0.643179553391521885
-0.199297341583757504 0.805067533734415308 0.642620811723847774
-0.192156435710781115 0.810609202046131960 0.642060757073896426
-0.182539147970833815 0.817771817125839018 0.641499392820673031
-0.175243461037296933 0.822985074727993426 0.640936722351083898
-0.165389640835575558 0.829738162193800477 0.640372749059916258
-0.155372525234811598 0.836278156929639249 0.639807476349817827
-0.145169769719296127 0.842617112312931016 0.639240907631276056
-0.137380756624963185 0.847245666087047433 0.638673046322597582
-0.126788042747964236 0.853257576386193928 0.638103895849887803
-0.115915352308717023 0.859099934704898205 0.637533459647030010
-0.107511695191530421 0.863392663451430176 0.636961741155665062
-0.094955173194836817 0.869413702207809003 0.636388743825169967
-0.085451869025637561 0.873835332771965900 0.635814471112637336
-0.076198393895442029 0.877821221241965377 0.635238926482855071
-0.063760324861185824 0.882859554178173633 0.634662113408284490
-0.050917192455196769 0.887674864604046876 0.634084035369040122
-0.037554350966757855 0.892273578014500024 0.633504695852868616
-0.023566866299032707 0.896644948421724597 0.632924098355127196
-0.012589025927045305 0.899763489036961572 0.632342246378763129
0.002839527190586333 0.903689919528590124 0.631759143434292514
0.019421855729360116 0.907330701872593570 0.631174793039778748
0.037659272696237811 0.910686228462412539 0.630589198720811650
0.053167173505876686 0.913099625169511930 0.630002364010486038
0.081918913143671390 0.917427723647826654 0.629414292449380408
0.068850673567427079 0.907558680025117415 0.628824987585535511
0.111060099950519742 0.912103836358835851 0.628234452974433477
0.146502923678281605 0.909470540948822959 0.627642692178975614
0.192411583669556241 0.900128225751022137 0.627049708769460978
0.265512131338359270 0.871804189435293697 0.626455506323565503
0.368603068975404735 0.798584312004803953 0.625860088426319683
0.256086279861331256 0.050126304198166730 0.625263458670087813
-0.216926648582864923 0.863998664904367830 0.624665620654545006
-0.018326936178246100 0.942279852955277275 0.624066577986656545
0.066409267421998208 0.950820922610209562 0.623466334280656009
0.120680707946907551 0.950838739061825367 0.622864893158023070
0.163829730374713767 0.948280469402252191 0.622262258247461841
0.202563283324128152 0.944040319327036803 0.621658433184878789
0.240015946149185255 0.938027796374891532 0.621053421613361412
0.278140553929162315 0.929750885714175634 0.620447227183155481
0.308193267656889203 0.921530486154243489 0.619839853551643394
0.351836466806336623 0.906636452539895332 0.619231304383322301
0.402537860594461783 0.884354339152150670 0.618621583349781567
0.466922984620858406 0.846724472924928029 0.618010694129680793
0.562349481055538614 0.763322091671178038 0.617398640408728050
0.686128208155216468 0.398105962238125111 0.616785425879656679
-0.175571252394121635 0.728483368623618954 0.616171054242203975
0.237535327520883743 0.912824202167311416 0.615555529203088425
0.379288396745653733 0.879438866262624130 0.614938854475987173
0.462557107402759460 0.835652612980064546 0.614321033781514036
0.526132020563494951 0.786122921612523284 0.613702070847196968
0.580321181445941803 0.728273514845252157 0.613081969407454963
0.628963210906700820 0.656968105660716617 0.612460733203576524
0.676282768197355222 0.553259996990225655 0.611838365983696564
0.329242407850651286 -0.079332869225174102 0.611214871502773316
0.658318567482549910 0.511884329178487696 0.610590253522566684
0.672163249905064708 0.392732393841074945 0.609964515811614816
0.656570124230788421 0.288941292707147745 0.609337662145211567
0.618585689707008557 0.192942927268901027 0.608709696305383963
0.560318780660166382 0.107476315988638077 0.608080622080868771
0.484966221960495047 0.037085139078723350 0.607450443267090412
0.397498734827629985 -0.014313798414228834 0.606819163666137418
0.304094096199154840 -0.044689696034860449 0.606186787086739787
0.211064851558220634 -0.054346939015574969 0.605553317344246333
0.123816107435621575 -0.045643620569091208 0.604918758260600598
0.046209171716767888 -0.022250025913359315 0.604283113664319305
-0.034041241053674828 0.021342126645459099 0.603646387390467831
-0.084037021815205268 0.062927288319748115 0.603008583280637778
-0.121704393467363864 0.106869154909950831 0.602369705182924098
-0.147702576450421091 0.150448204090710247 0.601729756951901340
-0.162548517724609459 0.191283148387764279 0.601088742448600111
-0.166025305142919827 0.226756438598317844 0.600446665540484759
-0.150819424623806486 0.256400397742712782 0.599803530101429061
-0.112545557330340981 0.250550237562773392 0.599159340011693797
-0.023776568386083677 0.123642136336944430 0.598514099157902213
-0.910568895513807153 -0.265726395258619796 0.597867811433017704
-0.549393490487780967 0.530945462807969615 0.597220480736319392
-0.375748986125936935 0.559116318924236300 0.596572110973379255
-0.322990723325375984 0.573478265985446378 0.595922706056038476
-0.289240182537893187 0.589190565181525794 0.595272269902383133
-0.263231188061849253 0.605188924104634651 0.594620806436721661
-0.240919195359034027 0.620760260719872115 0.593968319589560312
-0.215625870269366082 0.639078805554375018 0.593314813297580179
-0.196463141852351725 0.652610075035801152 0.592660291503612213
-0.177775214785135999 0.665060339710825010 0.592004758156615130
-0.159303778651532335 0.676398995440755435 0.591348217211650096
-0.136263194719070890 0.688991031613170657 0.590690672629857860
-0.117723735679729713 0.697790804406701826 0.590032128378433995
-0.098987076253306050 0.705445896563362096 0.589372588430605804
-0.075165331561224569 0.713370538288043643 0.588712056765608116
-0.055693970778321833 0.718347743275924322 0.588050537368658643
-0.035771811565598666 0.722048957973514538 0.587388034230934886
-0.015319360791702319 0.724387031438448292 0.586724551349549261
0.011120870408620476 0.725205910565164702 0.586060092727525461
0.033083544433415379 0.723972379724999282 0.585394662373774133
0.055871791176482333 0.720811139197288342 0.584728264303068901
0.085672358084185329 0.713663686610841896 0.584060902536021609
0.110685791201131201 0.704857878571935603 0.583392581099058893
0.136832275064540820 0.692655049154456082 0.582723304024396649
0.171161053158538079 0.671309150996769799 0.582053075350017379
0.199845385362629968 0.647847087387676268 0.581381899119644441
0.236641739001407891 0.607462308736598233 0.580709779382718061
0.265603672859884954 0.562751442026613868 0.580036720194371247
0.291440909844920104 0.502037247237368867 0.579362725615404806
0.309035948922234849 0.391952553818170346 0.578687799712263029
0.288036849984767751 0.261997522604751343 0.578011946557009382
0.169155262442591187 0.086633564198291740 0.577335170227301964
-0.372228155189311849 0.097654429918814623 0.576657474806368309
-0.203613458138940440 0.778548813410925744 0.575978864382981293
0.292766979417361739 0.406173513783509521 0.575299343051434375
0.107940890714206761 0.052659221076945303 0.574618914911516843
-0.387021466549493209 0.052060693129526187 0.573937584068489048
-0.600699782434915397 0.382540312427570139 0.573255354633057546
-0.529864760270272295 0.734391598620617536 0.572572230721350661
-0.179712319817372845 0.981537045471294500 0.571888216454893183
0.221033682710164436 0.910132085054969231 0.571203315960581826
0.409183421674506609 0.276484685693803023 0.570517533370660246
-0.071856149837102007 0.001792788475392194 0.569830872822694068
-0.439843902140657661 0.252745328223038135 0.569143338459545789
-0.489519388621705076 0.457892679505890909 0.568454934429350356
-0.458441766043068744 0.625491288327646666 0.567765664885489074
-0.414173375463651072 0.711654606141152057 0.567075533986565739
-0.355972130404443698 0.784263010527941451 0.566384545896380986
-0.311432348807707204 0.824798395133742757 0.565692704783906763
-0.259601463782916042 0.861591432016388881 0.565000014823262009
-0.221130833168774743 0.883438951012748719 0.564306480193686899
-0.176271219545228008 0.904179265330307458 0.563612105079517756
-0.142519800573456756 0.916892169671477131 0.562916893670161955
-0.102418004955953545 0.929150463007579641 0.562220850160072394
-0.071604273266564933 0.936651268289272365 0.561523978748722397
-0.034165223365198283 0.943682542195044993 0.560826283640580292
-0.004712072739473827 0.947685872632872961 0.560127769045084101
0.031986091861564592 0.950850798843036582 0.559428439176616110
0.061665916587657743 0.951944803990226740 0.558728298254477340
0.099853660684904977 0.951395929702356202 0.558027350502862229
0.131970260193600142 0.949159556146165206 0.557325600150833100
0.175535862465626857 0.943321460136395284 0.556623051432294513
0.215072403929264189 0.934893263629407056 0.555919708585968286
0.276124729434107763 0.914890551831539334 0.555215575855366850
0.370119235603286523 0.862298632004675936 0.554510657488768932
0.523237413405434060 0.663203252666168752 0.553804957739192694
-0.159312831048643022 0.927995483306938818 0.553098480864371078
0.179174574383562324 0.982182906260101296 0.552391231126725279
0.339693943727619352 0.939548601634295655 0.551683212793339983
0.523766265811876575 0.831964337319235359 0.550974430135936832
0.243941631690213157 -0.044258677122117340 0.550264887430848670
0.199066333049768285 0.938070164534041129 0.549554588958994228
0.354331581363097725 0.915680320216485155 0.548843539005852032
0.470688817133256832 0.865933288213711960 0.548131741861434318
0.568507265985257582 0.797537585789693360 0.547419201820261936
0.642256476916174046 0.721829591180859209 0.546705923181337261
0.723663693514252193 0.586735888968252239 0.545991910248119217
0.765938441247214774 0.390136728864627635 0.545277167328497070
0.729933582638479850 0.191186820995704998 0.544561698734763899
0.537813972577181110 -0.040072428896693990 0.543845508783591502
0.224723033630486263 -0.106028368812529916 0.543128601796003752
0.012541362740051703 -0.010933573380641333 0.542410982097350503
-0.113865927915499168 0.179768137348341156 0.541692654017281949
-0.121062616035103057 0.344754221076536138 0.540973621889721756
-0.083390970693862865 0.435788345835503188 0.540253890052841745
-0.014217054379922545 0.501701349439850119 0.539533462849035028
0.062804700559266374 0.522130737123025823 0.538812344624890471
0.123687919864020446 0.507843454732690991 0.538090539731165718
0.190640628597986667 0.447878145485578971 0.537368052522761430
0.227140799984214353 0.330286151660772520 0.536644887358695422
0.199521766633070641 0.190022947910364670 0.535921048602074901
0.012341097529997704 0.005378341346151097 0.535196540620071826
-0.350835486015755427 0.013792983984922014 0.534471367783895701
-0.567306293863255151 0.243602773123328065 0.533745534468767047
-0.586116273206506611 0.573771800437696711 0.533019045053891527
-0.466926934126078219 0.783104839130910890 0.532291903922433307
-0.331145815436867164 0.891150210998206571 0.531564115461488407
-0.233797301302594518 0.936401418627142101 0.530835684062058610
-0.128711486458967017 0.965125812375301706 0.530106614119024488
-0.038549464995977500 0.976145947056049068 0.529376910031119641
0.040847264270248151 0.976493425456563813 0.528646576200903162
0.098864461689219751 0.971377363523972193 0.527915617034733886
0.166611162078309505 0.959540347119279602 0.527184036942743628
0.230765833543686516 0.942119123514023493 0.526451840338810095
0.292662766250072148 0.918916936232397896 0.525719031640530909
0.341183137451854579 0.895685229873264044 0.524985615269196515
0.401086055340143410 0.859699985087590157 0.524251595649763980
0.460434692515440780 0.814072318172912923 0.523516977210829459
0.519394638107627760 0.755352342609054261 0.522781764384602554
0.566911966779603871 0.693957789175020268 0.522045961606878439
0.633991287015439497 0.570626385458095631 0.521309573317012220
0.332188779881136043 0.764172995148208800 0.520572603957891289
0.609703893476013503 0.511924864403087709 0.519835057975908787
0.622115186376057450 0.369422049037503530 0.519096939820936853
0.598671071178039860 0.261177645275910475 0.518358253946300196
0.530168475120357696 0.135059620097993188 0.517619004808748007
0.420495596368427482 0.033547736612325241 0.516879196868428425
0.281356052515434107 -0.026610492885944886 0.516138834588860784
0.133428859974966424 -0.036382975344297887 0.515397922436909073
0.023781873322810197 -0.010002092760062867 0.514656464882754738
-0.088898890532905825 0.054755351612555660 0.513914466399869707
-0.168466998888447378 0.139465463129816059 0.513171931464990072
-0.216285285253322385 0.229946102974053185 0.512428864558087671
-0.237971466846290947 0.316830020889788788 0.511685270162344774
-0.240029953982528771 0.395247874667509658 0.510941152764125550
-0.231384618388909502 0.450616089576291290 0.510196516852949977
-0.211392976913324371 0.510471445129293211 0.509451366921466198
-0.184043765219950334 0.560530457999667497 0.508705707465423762
-0.151233819766450533 0.601692409368139169 0.507959542983646317
-0.113802457625505671 0.634767062284402384 0.507212877978004517
-0.071542029625695613 0.660171191268631885 0.506465716953388712
-0.033272682747379767 0.674727872735312095 0.505718064417682078
0.023134132902873528 0.683897751690855205 0.504969924881733090
0.096463002287222654 0.676056058802369297 0.504221302859328868
0.203875316681583985 0.621972771506924760 0.503472202867166985
0.329179037037067523 0.360537660478205457 0.502722629424828926
-0.303876689666414734 0.119831443958038714 0.501972587054753117
-0.308937522022037614 0.612493264716751695 0.501222080282206495
-0.165324918604247972 0.719718102647311619 0.500471113635258535
-0.090283097618257591 0.744689575971816065 0.499719691644752828
-0.020875401603546062 0.754185188288150954 0.498967818844280431
0.035691689067144983 0.751929026835685299 0.498215499770152170
0.087228741946334398 0.740238014050166093 0.497462738961371664
0.139265566209305247 0.715533214069767443 0.496709540959607176
0.198692123711117330 0.662231248999359368 0.495955910309165471
0.270107485827749239 0.496045604700447285 0.495201851556962724
-0.670046052395379066 0.281306638278610577 0.494447369252498770
-0.035871560322365770 0.929484590240912789 0.493692467947828284
0.104517821643438202 0.872843396804861893 0.492937152197534589
0.187968674833983218 0.825211557953533736 0.492181426558700674
0.245900882713630198 0.788216986132463493 0.491425295590883215
0.297295407709001036 0.753606538592890840 0.490668763856084045
0.353159449513820389 0.717717803186171288 0.489911835918723060
0.456273739511862508 0.677161495650586698 0.489154516345610635
0.162083674985009835 0.514332784913788421 0.488396809705919865
0.344702490422661323 0.538973392901993642 0.487638720571159257
0.387118700311749109 0.470765703503225885 0.486880253515145078
0.399619171357727898 0.381218478574530173 0.486121413113973777
0.380851498885110606 0.273643294951085969 0.485362203945993942
0.316917396149578257 0.155947725092612288 0.484602630591779604
0.222456732427367548 0.069138479107757111 0.483842697634101593
0.048337146467010969 0.003741142517346023 0.483082409657900780
-0.157169620580754454 0.026870970395078186 0.482321771250259546
-0.330188005438909638 0.146490938955507244 0.481560787000374912
-0.422723963158436356 0.318366889065651359 0.480799461499530345
-0.435663061633322413 0.486866305933468246 0.480037799341068050
-0.397703026774597290 0.622612185388796702 0.479275805120361664
-0.336052477618348000 0.721356455064512514 0.478513483434788112
-0.267071105232216388 0.789456940135669250 0.477750838883700013
-0.198279424783924740 0.834759429394442920 0.476987876068398153
-0.131570023200313579 0.863253255941228703 0.476224599592103282
-0.062231466345883835 0.876817538592687518 0.475461014059928577
0.159383012963665971 0.747913991671126821 0.474697124078852117
-0.020797399626262703 0.920074388555630840 0.473932934257688454
0.042077404824620690 0.914926962584425740 0.473168449207061581
0.089252770042640539 0.911168430136602980 0.472403673539376345
0.131133197230355880 0.905919976720135134 0.471638611868791302
0.169946872422918338 0.898911337342928385 0.470873268811190182
0.206662055891596474 0.890172686037606020 0.470107648984154913
0.241866777589792636 0.879746383978619262 0.469341757006936922
0.275985276356049913 0.867631799590730779 0.468575597500429597
0.309354232057071021 0.853773719451234259 0.467809175087140594
0.342257522353435706 0.838058942171234666 0.467042494391163687
0.374945754622520389 0.820312171888506581 0.466275560038151071
0.407649487520103160 0.800288093037001325 0.465508376655285161
0.440590011029580952 0.777657433767037554 0.464740948871250947
0.467262226182750096 0.757387464425047563 0.463973281316208130
0.501199201721434395 0.728870291435628204 0.463205378621762642
0.536043836000525076 0.696119629600804424 0.462437245420939558
0.572108195006301279 0.658104574184826596 0.461668886348154228
0.609790841626210334 0.613320845052908625 0.460900306039185248
0.649619924995063491 0.559426141948831890 0.460131509131145422
0.692258627721392905 0.492445522507297007 0.459362500262455065
0.738191893840479230 0.404869319373893588 0.458593284072812746
0.785479769413477191 0.280713933336758759 0.457823865203168145
0.815694050115279623 0.083329898458085583 0.457054248295693633
0.713516340954868489 -0.240311226013726953 0.456284437993756620
0.222983906706948176 -0.397910736460809322 0.455514438941891142
-0.011580472529511374 -0.058177577343924196 0.454744255785770268
0.063837644979641964 0.090523885948121594 0.453973893172177512
0.109931607440621609 0.090495822746482282 0.453203355748979131
0.097853332193866494 0.051002924643812023 0.452432648165096596
0.041496825212504536 0.012689722929306401 0.451661775070477334
-0.044755512938956243 -0.005574207781393638 0.450890741116067750
-0.146117636714343219 0.006268530402504691 0.450119550953784642
-0.247259004520651776 0.051192602728402814 0.449348209236487384
-0.334512145057156485 0.125386334231958080 0.448576720617949509
-0.398579675996098670 0.220085832678125204 0.447805089752831120
-0.435755421821537758 0.324745794357415851 0.447033321296650354
-0.447120936964073956 0.429987189889339150 0.446261419905755630
-0.432288918036670522 0.547921287824528758 0.445489390237297223
-0.401840754258448563 0.635186357208711305 0.444717236949199513
-0.359528799959787815 0.711223396667618024 0.443944964700132727
-0.308525297397815423 0.776306321037216307 0.443172578149484575
-0.250780028042181802 0.831341390371178379 0.442400081957332769
-0.187021252309100938 0.877370889754839234 0.441627480784416215
-0.116713330469158161 0.915180430663557587 0.440854779292107424
-0.037823465509114862 0.944838169738623668 0.440081982142383921
0.053771756523405656 0.964804226639258689 0.439309093997800659
0.165426039561848259 0.969636643219043748 0.438536119521461376
0.308950576376283537 0.943224513805258735 0.437763063376990780
0.494672719245230708 0.838052563153373953 0.436989930228506185
0.662163415638569619 0.534400911229799269 0.436216724740589701
0.449199012626639804 0.047817719473457476 0.435443451578259699
-0.094652115791764219 0.050502067401572717 0.434670115406943058
-0.292347068724780834 0.349348692637641789 0.433896720892446575
-0.285815375301242236 0.560534839493927795 0.433123272700929207
-0.231530371980488286 0.685299020045142315 0.432349775498873712
-0.170807993699440053 0.761916297366434958 0.431576233953058608
-0.112015282469935640 0.811831248734824928 0.430802652730529700
-0.055524392558269076 0.845834178640287426 0.430029036498572770
0.000691797455509624 0.869399822394517185 0.429255389924684039
0.060518680191988805 0.884964429218926374 0.428481717676543417
0.132078806632131451 0.891815415994471783 0.427708024421985300
0.238408027845902593 0.878936562790167630 0.426934314828971262
0.470488214332540955 0.730359121900203911 0.426160593565560908
-0.314998994377987673 0.283698235458078263 0.425386865299884787
-0.128345311980495980 0.838677742036559426 0.424613134700115247
0.005028509111534907 0.899548724389532262 0.423839406434439070
0.080258728364402732 0.916581603770360465 0.423065685171028827
0.135160042643960421 0.923049240902110490 0.422291975578014622
0.181082513701357972 0.925054329562646105 0.421518282323456672
0.222579007587361766 0.924335331339745436 0.420744610075315939
0.261914547294335331 0.921458155815798707 0.419970963501427319
0.300428756144370090 0.916536457372415514 0.419197347269470222
0.339042863891079238 0.909434142727554962 0.418423766046941481
0.378478342385946853 0.899815205814122443 0.417650224501126266
0.419359226426375353 0.887129175024860994 0.416876727299070882
0.462255309650704271 0.870553028086486935 0.416103279107553403
0.507679554096708618 0.848887654495657840 0.415329884593057030
0.556025329013979719 0.820395623040917177 0.414556548421740223
0.607394919775637088 0.782561518246513321 0.413783275259410332
0.661210537437679879 0.731765643075184991 0.413010069771493848
0.715388480611328981 0.662925258621827385 0.412236936623009365
0.764688405874427213 0.569392192214894566 0.411463880478538657
0.797777353258383837 0.444086345726708243 0.410690906002199319
0.793443119546596964 0.284344495970504985 0.409918017857616057
0.720768343842750792 0.104003123060113556 0.409145220707892665
0.556385467738594319 -0.051571566366423793 0.408372519215583762
0.273195121586983503 -0.115149006406814081 0.407599918042667209
0.054267074037745548 -0.040712277916685052 0.406827421850515403
-0.087505073856510129 0.101018960802926369 0.406055035299867251
-0.150761895739454671 0.252610647963073143 0.405282763050800465
-0.160640282770787957 0.383887057438076940 0.404510609762702811
-0.141182327782018668 0.487717496340174583 0.403738580094244404
-0.107802000243969576 0.566908631550421038 0.402966678703349568
-0.068891560948957264 0.626623067252383259 0.402194910247168913
-0.028627869497778347 0.671606923907550613 0.401423279382050524
0.011078784304708988 0.705552607443182933 0.400651790763512761
0.049485858940139071 0.731159281288451091 0.399880449046215336
0.086447604512937648 0.750345411214859537 0.399109258883932283
0.122133963301225945 0.764444812419521114 0.398338224929522700
0.156906370525888017 0.774346474605650537 0.397567351834903382
0.191286650696553984 0.780572483229883263 0.396796644251020736
0.225999289578780072 0.783285835481629222 0.396026106827822577
0.262106353950161575 0.782191068929652955 0.395255744214229765
0.301316811173157229 0.776202757661708764 0.394485561058108725
0.346703447125937148 0.762450872346227881 0.393715562006243303
0.404467631139994843 0.732845473297893957 0.392945751704306401
0.487624622135485686 0.658299471016285942 0.392176134796831943
0.578814890295653806 0.380935071120413915 0.391406715927187232
-0.237886179505708090 0.216027007693942341 0.390637499737544969
-0.047369122779672868 0.795185324504942059 0.389868490868854556
0.126131512279917979 0.848440799285420155 0.389099693960814785
0.212268842204706709 0.851147135522720477 0.388331113651845694
0.266826383247045884 0.846466178761184906 0.387562754579060531
0.307106539037755033 0.840270918568030822 0.386794621378237391
0.339773093540057414 0.833674325490373236 0.386026718683791847
0.367896943434510848 0.826884261583164748 0.385259051128749030
0.393088881137701796 0.819899931109085101 0.384491623344714872
0.416280320346522403 0.812670000198303821 0.383724439961849018
0.438053332763352454 0.805131842351408999 0.382957505608836291
0.454715783729464695 0.798835518606120898 0.382190824912859439
0.474836852529535114 0.790575725751623937 0.381424402499570547
0.494372498475006195 0.781814633111411639 0.380658242993063167
0.513493984717902974 0.772469075922435411 0.379892351015845064
0.532344593346265049 0.762440174421312067 0.379126731188809796
0.551052319282200220 0.751605586636271417 0.378361388131208842
0.569739544511055684 0.739808586933818346 0.377596326460623632
0.588531385334276957 0.726841878647013218 0.376831550792938397
0.607563843694055028 0.712422475748164308 0.376067065742311524
0.626992492405009094 0.696150951672023899 0.375302875921148027
0.647001728840731150 0.677442152620505222 0.374538985940071401
0.667812464615910484 0.655401038306988371 0.373775400407896752
0.689678483030690903 0.628586136777047777 0.373012123931601880
0.712833325460560108 0.594524715535752035 0.372249161116299909
0.737234799586556244 0.548627849264656797 0.371486516565211977
0.761423347715458387 0.481500670110781459 0.370724194879638425
0.776837335137119833 0.371605585593329013 0.369962200658932039
0.732970141971366229 0.167745464639303676 0.369200538500469633
0.330991612007039915 -0.105027541670519434 0.368439212999625065
-0.160658119700960056 0.514594880487402762 0.367678228749740488
0.212040112481735876 0.855000006825738512 0.366917590342099198
0.432477056153468653 0.850946703084594969 0.366157302365898329
0.545051267558985142 0.810511017714961701 0.365397369408220485
0.602116791180929756 0.778821610632904227 0.364637796054006091
0.653636427854833002 0.742984371481021477 0.363878586886026256
0.693275561971955945 0.710364991345435071 0.363119746484854844
0.726342271018605823 0.679533568036873259 0.362361279428840721
0.755642631906268458 0.649204793893504495 0.361603190294080168
0.782862082585696784 0.618180892282851335 0.360845483654389343
0.809165301609146126 0.585163929065639410 0.360088164081276974
0.835497876788076521 0.548472520402653374 0.359331236143916044
0.862758153656031590 0.505531414144607893 0.358574704409116762
0.891850708964919470 0.451741386704686887 0.357818573441299359
0.923261371819292354 0.377463767039293241 0.357062847802465555
0.953254052475539959 0.258189302341031601 0.356307532052171694
0.951783957863612251 0.082709381316850017 0.355552630747501208
0.587518788544646786 -0.323924560019745456 0.354798148443037253
0.102424983854510682 0.451194873272668273 0.354044089690834618
0.557582744280811671 0.571454104524244944 0.353290459040392801
0.725571886484331907 0.437310714990525762 0.352537261038628369
0.772148508608115236 0.238020722401702300 0.351784500229847863
0.587329531534620197 -0.070047566168240261 0.351032181155719714
-0.099422069833841706 0.162987945514643268 0.350280308355247205
0.175799196972213134 0.765169147089484136 0.349528886364741498
0.433917048261374783 0.795133482056956664 0.348777919717793483
0.597687993629477776 0.742193209317736136 0.348027412945247028
0.685537016050267733 0.685861437871759239 0.347277370575171052
0.740777756637176044 0.636772944606036839 0.346527797132833160
0.779568894735870876 0.593744124707253240 0.345778697140671221
0.808908328108745911 0.554859937196160891 0.345030075118266999
0.832235220484909943 0.518622092776560351 0.344281935582318011
0.847841776731147467 0.490779394316542161 0.343534283046611377
0.864459215758802246 0.456666027892646320 0.342787122021995572
0.878473398770712954 0.422616131874124501 0.342040457016353661
0.890243184534615040 0.387924468116758570 0.341294292534576271
0.899890310287923545 0.351859394935800762 0.340548633078533836
0.907308754030345610 0.313580333145185741 0.339803483147050112
0.912108678615604074 0.272037093088871862 0.339058847235874428
0.913530201397164565 0.235529173715862683 0.338314729837655315
0.911037963955862895 0.184228816833480469 0.337571135441912362
0.901203722376339278 0.124195245236730478 0.336828068535010128
0.878587402506524895 0.051847002842359213 0.336085533600130215
0.831626389653990383 -0.037091029444522250 0.335343535117245406
0.760048552783073372 -0.121245549079402548 0.334602077563091016
0.585320752800625899 -0.225963242277071569 0.333861165411139194
0.256917286769763220 -0.221140545586943849 0.333120803131571552
-0.052050276217303085 0.140939973183906553 0.332380995191252027
0.094765124150309771 0.599213052371248445 0.331641746053699893
0.348838131800906170 0.725406172302190733 0.330903060179063069
0.578366883368152118 0.711399846513498302 0.330164942024091357
0.711897680642167296 0.648862050042399940 0.329427396042108855
0.791137661474008436 0.584593699524788901 0.328690426682987813
0.841148651899263688 0.527627757962108701 0.327954038393121539
0.868879279352240297 0.487582206653810968 0.327218235615397535
0.894017268421259725 0.443332941050815332 0.326483022789170574
0.912195555240457701 0.404231591982329330 0.325748404350236054
0.925710932240332518 0.369121197237038012 0.325014384730803463
0.934113208749889123 0.343303350733052348 0.324280968359469235
0.942362679407739767 0.313293419009720020 0.323548159661190049
0.948669486352899050 0.285306450330631678 0.322815963057256461
0.953445811104999930 0.258933543435022784 0.322084382965266092
0.956358161644256466 0.238780328961339827 0.321353423799096927
0.959034054109999978 0.214550807223604090 0.320623089968880448
0.960774064313497989 0.191187023901286834 0.319893385880975489
0.961680773723772919 0.168500457474284493 0.319164315937941478
0.961852246286356793 0.150723715454185003 0.318435884538511682
0.961407273675597196 0.128828960173002494 0.317708096077566726
0.960239681929545563 0.107133706244276428 0.316980954946108506
0.958326907899228142 0.085436182079337730 0.316254465531233042
0.956214865660369062 0.067903928486566179 0.315528632216104443
0.952730974115945095 0.045465948321841976 0.314803459379928152
0.948057611062667061 0.021914286753195678 0.314078951397925132
0.943112069866136826 0.001620220819391560 0.313355112641304667
0.934453589234100157 -0.027172606688357526 0.312631947477238548
0.920163339218364351 -0.064004629866754426 0.311909460268834315
0.888402385017069585 -0.123146145470638901 0.311187655375109562
0.794215627818625869 -0.230314951863098472 0.310466537150965005
0.709836679025390382 0.593791770938857044 0.309746109947158288
0.975709309664703373 0.106234652976047395 0.309026378110278277
0.964266821032889965 0.028053115826005615 0.308307345982718140
0.951819550506656897 -0.021159769753744839 0.307589017902649531
0.941619107541951106 -0.053877897608435532 0.306871398203996282
0.934248261961197257 -0.075072959255645444 0.306154491216408586
0.925452189246204426 -0.098334348536433303 0.305438301265236245
0.918510577835137010 -0.115372675029078053 0.304722832671503130
0.909754055993726274 -0.135431983974443559 0.304008089751880761
0.900762760289584907 -0.154570911961741997 0.303294076818662772
0.893321746012058826 -0.169426080863151918 0.302580798179738097
0.883629900577162841 -0.187594297639595287 0.301868258138565604
0.873423181036576679 -0.205448139720532441 0.301156460994148056
0.864829940947558495 -0.219574935125079085 0.300445411041005861
0.853478858196123902 -0.237104941169911654 0.299735112569151418
0.843849732717024903 -0.251065980454788007 0.299025569864063145
0.831035679240896830 -0.268482754150467684 0.298316787206659995
0.817237510821943958 -0.285901757056545969 0.297608768873274754
0.805388005977842325 -0.299862802921803340 0.296901519135629122
0.789406537461250446 -0.317370052562407912 0.296195042260807340
0.775543997377479477 -0.331432548261177184 0.295489342511231157
0.756631938870627851 -0.349087147601893022 0.294784424144633184
0.735623030464299443 -0.366814261456088420 0.294080291414031747
0.716995166281998553 -0.381018782025023262 0.293376948567705464
0.690920265368002329 -0.398721413943196046 0.292674399849167044
0.667321854328247088 -0.412726842484824885 0.291972649497137970
0.633477627853824665 -0.429756944746459868 0.291271701745522582
0.601981173512745382 -0.442624608894240379 0.290571560823383868
0.555296674435579951 -0.456838182974548312 0.289872230954915933
0.510208408966022708 -0.465432305323433770 0.289173716359419908
0.440536665846294140 -0.469348200187041487 0.288476021251277581
0.370434864255789087 -0.462011449085052428 0.287779149839927695
0.259135156894320540 -0.425459757376772607 0.287083106329838189
0.121692110070422535 -0.323099080044129794 0.286387894920482278
0.020741878244595280 -0.146488699218959406 0.285693519806313190
0.060135406656522380 0.223551465653052006 0.284999985176738024
0.362246444607530749 0.456731209841378494 0.284307295216093381
0.795557375463374239 0.364524702734000838 0.283615454103619102
0.955685778681246823 0.148808946704617251 0.282924466013434350
0.994081361094346305 -0.043719118041089078 0.282234335114511015
0.970269087228003091 -0.222670615618594803 0.281545065570649733
0.929637531976198250 -0.330521257782447175 0.280856661540454244
0.866736229364940325 -0.441234849461216161 0.280169127177306077
0.806568430419863702 -0.521699043232084270 0.279482466629339732
0.706509700097028848 -0.624341119486756968 0.278796684039418097
0.577523316043979995 -0.713406456541344047 0.278111783545106850
0.232531151830117022 -0.769323121306793478 0.277427769278649428
-0.143508128308900085 -0.341337982814271079 0.276744645366942488
0.406337739782639873 0.087849250679347735 0.276062415931510929
0.622792539099459308 -0.087348710426778886 0.275381085088483135
0.665762314539287137 -0.225589812751922969 0.274700656948565658
0.655514465575072758 -0.336814358505456990 0.274021135617018741
0.631346306042911420 -0.398358088417344769 0.273342525193631669
0.593462668211124589 -0.456389487094309376 0.272664829772698014
0.559673951996457308 -0.493288027985625099 0.271988053442990652
0.523536899283399193 -0.524380592725063988 0.271312200287737060
0.475231516848559910 -0.557070698728155289 0.270637274384595228
0.433935325866859012 -0.579123349960964928 0.269963279805628786
0.378614552724019338 -0.601994985676929883 0.269290220617281972
0.331045599789641154 -0.616453303971568389 0.268618100880355593
0.280214836460232208 -0.627114840091236525 0.267946924649982543
0.211733672192959049 -0.634079270491399338 0.267276695975603384
0.152896923263901530 -0.633339637391656662 0.266607418900941251
0.090700563387529409 -0.625523654621434222 0.265939097463978480
0.009443091954027205 -0.603232699627490376 0.265271735696931188
-0.056366741297386003 -0.573163301570396744 0.264605337626225900
-0.119877479984344198 -0.530548602476313191 0.263939907272474572
-0.189859533093639204 -0.458978915201787463 0.263275448650450827
-0.232550542709074104 -0.388985305455020303 0.262611965769065092
-0.258933202732330614 -0.312148644549046228 0.261949462631341390
-0.267153610805853425 -0.234741210408903167 0.261287943234391862
-0.254325325058811613 -0.147229939051075398 0.260627411569394229
-0.231191290639323699 -0.090417744473055478 0.259967871621566038
-0.202950092350483113 -0.047152033594726445 0.259309327370142229
-0.168190702016232624 -0.010176251154418822 0.258651782788349882
-0.144823482870070797 0.009144745965144391 0.257995241843384959
-0.127008678684536025 0.022760234410060053 0.257339708496387765
-0.114894311702833735 0.033428879477455570 0.256685186702419799
-0.106829557196886901 0.045799996035356894 0.256031680410439610
-0.104860757608412292 0.056664481172435874 0.255379193563278428
-0.105722927553765611 0.069347523225214411 0.254727730097616900
-0.108388625488648277 0.084325964447610091 0.254077293943961557
-0.112842448797162598 0.106563687289522327 0.253427889026620723
-0.116313244884618749 0.127146520607212432 0.252779519263680752
-0.118947673953602201 0.150038877993541014 0.252132188566982385
-0.120156622784010042 0.174978676184985749 0.251485900842097765
-0.119441598158371007 0.201633844603990059 0.250840659988306292
-0.115212074362034483 0.236774513747431081 0.250196469898570972
-0.108744961218533276 0.265819251960434877 0.249553334459515330
-0.099234018690659315 0.295186228264170791 0.248911257551399867
-0.086446223599424318 0.324372294137291961 0.248270243048098749
-0.070176300296761307 0.352834033649198076 0.247630294817075935
-0.050227413165905455 0.379970556410110960 0.246991416719362256
-0.026386717423194955 0.405088780801366011 0.246353612609532258
0.009289550976656041 0.432328195765445455 0.245716886335680784
0.042963747807672370 0.449347640912906687 0.245081241739399380
0.081716016283968684 0.460181650617361604 0.244446682655753811
0.126094064415448237 0.461834012989533915 0.243813212913260191
0.176334069639418500 0.448979009786132144 0.243180836333862671
0.230656060144228292 0.411500149720058439 0.242549556732909621
0.278128176698462903 0.330153192193408052 0.241919377919131262
0.271762551512241213 0.179083065246565254 0.241290303694616182
0.086059300496231561 0.011378601709976753 0.240662337854788411
-0.231232154944226193 0.107370848819628842 0.240035484188385162
-0.298404338624293886 0.444831884253739263 0.239409746477433349
-0.206447876016746440 0.598780582161432928 0.238785128497226773
-0.111039332739050922 0.675663890766561304 0.238161634016303414
-0.030470786931745708 0.716281082919845602 0.237539266796423398
0.036795675210093526 0.739367121283907136 0.236918030592545070
0.094232260779136989 0.753093936483331117 0.236297929152803232
0.144522893857394863 0.761260123560845603 0.235678966218485830
0.189495065905819049 0.765783294550663296 0.235061145524012804
0.230373568509258442 0.767714594412697737 0.234444470796911636
0.267990684455558958 0.767677456989632745 0.233828945757796114
0.302925375267657504 0.766070234735903410 0.233214574120343354
0.335591277911547747 0.763165606798910989 0.232601359591271956
0.366292226817039546 0.759162022262582559 0.231989305870319185
0.395257718338802633 0.754211603797324992 0.231378416650218466
0.422665945823203604 0.748435933083265836 0.230768695616677788
0.448659025576941373 0.741935332276104198 0.230160146448356639
0.473353231793872342 0.734794524747473199 0.229552772816844636
0.491080668107138019 0.729062899507096462 0.228946578386638622
0.513727696226094377 0.720970785168461470 0.228341566815121244
0.535312124881679896 0.712416088560389293 0.227737741752538220
0.555900415656221836 0.703448436669670163 0.227135106841976964
0.575552188420730859 0.694111116280162754 0.226533665719343968
0.594321590720498283 0.684441719693499540 0.225933422013343488
0.612258303961620176 0.674472630283050489 0.225334379345455083
0.629408291722830748 0.664231389529204019 0.224736541329912165
0.645814363145315151 0.653740970456550219 0.224139911573680239
0.661516602235831086 0.643019971662122547 0.223544493676434614
0.672854146629711880 0.634836692508431999 0.222950291230539055
0.687414076470319380 0.623744170516033258 0.222357307821024419
0.701368800440797635 0.612450396219416437 0.221765547025566445
0.714750585886679612 0.600958054518804796 0.221175012414464467
0.727590009029877471 0.589265363584036472 0.220585707550619681
0.739916044315008459 0.577365800309849631 0.219997635989513968
0.748840215812652588 0.568298559738844689 0.219410801279188383
0.760332891894663798 0.556005509194896219 0.218825206960221313
0.771383884455046465 0.543459384492793185 0.218240856565707519
0.782016269582172296 0.530630947670520881 0.217657753621236849
0.792251319470192672 0.517482604707373839 0.217075901644872893
0.799678489447499641 0.507383235177809366 0.216495304147131529
0.809262883191444127 0.493553476393505219 0.215915964630959911
0.818496232986658523 0.479242347252695433 0.215337886591715516
0.827388896319207312 0.464361781610191815 0.214761073517145018
0.833838029982794771 0.452762274213242777 0.214185528887362697
0.842141737381481903 0.436602620761052107 0.213611256174830066
0.850097465081795400 0.419495626306201186 0.213038258844334860
0.855820818996682608 0.405917812015268331 0.212466540352969940
0.863090282500924566 0.386603854356670995 0.211896104150112174
0.869874175813376116 0.365592648084801741 0.211326953677402479
0.876042275559326233 0.342436493935339537 0.210759092368723977
0.880137131830932562 0.323306098138442910 0.210192523650182150
0.884611197784530678 0.294811103644957218 0.209627250940083665
0.887429266694620411 0.261907316364224541 0.209063277648916135
0.887884506925813000 0.233452479085222153 0.208500607179326947
0.884941888650152220 0.188830597616456264 0.207939242926103607
0.875134874985482480 0.133948815532354326 0.207379188276152232
0.859910727173424538 0.083789994426301029 0.206820446608478120
0.820214680101690408 0.001461249806300080 0.206263021294164489
0.764146439772878994 -0.072991007880881698 0.205706915696352854
0.621920352651375241 -0.178921309893889768 0.205152133170222351
0.352600061058993275 -0.224173072181739153 0.204598677062969414
0.090677618403075894 -0.106775082972823801 0.204046550713787689
-0.072749396099837729 0.294611313163626876 0.203495757453848236
0.035638097626415566 0.566426185309990560 0.202946300606278940
0.268398466682930104 0.724323989656133649 0.202398183486144662
0.411399463008502275 0.747156245437781141 0.201851409400427062
0.545330289985250793 0.730373641286931941 0.201305981648004950
0.614701522165818748 0.706377935525176137 0.200761903519634410
0.680715212931258695 0.672144678213251412 0.200219178297928596
0.727334629880804440 0.639905084164625326 0.199677809257337857
0.753999008124413450 0.617836704037586504 0.199137799664130727
0.782051339813842450 0.591224732760689098 0.198599152776373439
0.799023846063584564 0.573167429776289872 0.198061871843910497
0.813419503222536533 0.556526147054369091 0.197525960108345194
0.829566204590139189 0.536222252432507429 0.196991420803020012
0.839907046799097001 0.522195961990038704 0.196458257152997223
0.851877805843149094 0.504832236257195976 0.195926472375038851
0.859762312538312923 0.492661834492614914 0.195396069677588241
0.869111315833847597 0.477385627111626909 0.194867052260749796
0.875402240992325553 0.466535609939025042 0.194339423316269994
0.883000831125730357 0.452746922931727580 0.193813186027518514
0.888199186701451593 0.442837547408325871 0.193288343569468529
0.893031442010721710 0.433241652663037935 0.192764899108677640
0.898983266899300526 0.420857689903483490 0.192242855803268775
0.903126895549055897 0.411826219671371896 0.191722216802911405
0.908282224412365613 0.400058848467158334 0.191202985248802360
0.911903648940218248 0.391397571325024063 0.190685164273646623
0.915337914258646967 0.382843949572908182 0.190168757001638655
0.919655128681190925 0.371558264135822824 0.189653766548444014
0.922715021670009072 0.363148654983234231 0.189140196021179541
0.925635344287651929 0.354756951570051826 0.188628048518395514
0.929328293459165233 0.343551338093200764 0.188117327130056300
0.931957141928337673 0.335100990318607850 0.187608034937522289
0.934471625283070928 0.326581603659611308 0.187100175013531100
0.936875759590146462 0.317965603465496183 0.186593750422178684
0.939913569619241329 0.306277023998226261 0.186088764218901248
0.942066768618071260 0.297319803696281693 0.185585219450456806
0.944111035075249072 0.288161575888619070 0.185083119154906633
0.946660545499071082 0.275573487943661377 0.184582466361596864
0.948432097079818792 0.265795914212623996 0.184083264091140619
0.950072415915931501 0.255678304161080505 0.183585515355399187
0.951567987951786765 0.245168079856939058 0.183089223157464454
0.952900857537518631 0.234205775935508453 0.182594390491640279
0.954383292870127242 0.218767646405720051 0.182101020343424957
0.955232577671368155 0.206469521744483908 0.181609115689492451
0.955809719197117325 0.193451131068657134 0.181118679497675406
0.956058548677399589 0.179602732928177300 0.180629714726946222
0.955905832185758753 0.164795842113495850 0.180142224327400208
0.954907350982866054 0.143297112880289512 0.179656211240236729
0.953389382332139990 0.125617261800491375 0.179171678397742395
0.951009540402701137 0.106357679126560745 0.178688628723273041
0.947515978067098530 0.085251469223348253 0.178207065131235742
0.942564597484349731 0.061982156730788995 0.177726990527071554
0.935679439589720663 0.036177336421992834 0.177248407807238162
0.926193604960904304 0.007406363859308207 0.176771319859192089
0.913160428696979110 -0.024810886726100712 0.176295729561371350
0.895219654856758806 -0.060968840101404187 0.175821639783178052
0.870397808823653474 -0.101481616362509020 0.175349053384961262
0.821454689760786283 -0.162363610644741196 0.174877973217999694
0.767139515315934162 -0.211949082929157651 0.174408402124484219
0.690835133177847505 -0.261214762361900110 0.173940342937500991
0.585015379286083270 -0.301814906624233548 0.173473798481014518
0.444115986799322515 -0.317045132231735360 0.173008771569850284
0.273411183894488763 -0.280028014415171222 0.172545265009677762
0.102986306505172154 -0.163111111060232683 0.172083281596993737
-0.011464975005548328 0.033297187492036813 0.171622824119105372
-0.026182499537398166 0.259828253293510281 0.171163895354113277
0.049328798844468391 0.451381802041099678 0.170706498070894802
0.169131127571254730 0.577228369890154802 0.170250635029087161
0.293321003595311436 0.643714794775529286 0.169796308979071303
0.368436148776354999 0.664553047105026384 0.169343522661954737
0.465063567669106614 0.673691823009292645 0.168892278809555235
0.543040518553377538 0.667275074620546693 0.168442580144384513
0.605315078023775599 0.653033676446144296 0.167994429379631272
0.655162279254764779 0.635298380490597392 0.167547829219145628
0.695391494595401838 0.616403475528255029 0.167102782357422014
0.728210111328759790 0.597566369967140298 0.166659291479583554
0.755295373287110716 0.579392081848740137 0.166217359261365216
0.777908359310672592 0.562153344604493732 0.165776988369098488
0.790977759120823909 0.551231734303280430 0.165338181459694394
0.808128136347410875 0.535713741290205769 0.164900941180628258
0.822853407789650326 0.521199102819853710 0.164465270169923072
0.835613310616235117 0.507625206667325024 0.164031171056134129
0.846764470415314885 0.494918087215701630 0.163598646458332858
0.856586346554374600 0.483001596020601109 0.163167698986090987
0.862506949407928714 0.475459986809240953 0.162738331239465017
0.870582450268613250 0.464700057627999819 0.162310545808980133
0.877824859465706542 0.454545834498813917 0.161884345275615377
0.884358228908508681 0.444938339675382766 0.161459732210787160
0.888370774678462594 0.438810599659824163 0.161036709176334170
0.893938892496216830 0.429998894151999100 0.160615278724501848
0.899030719537219802 0.421604034089276936 0.160195443397927406
0.903707834912428565 0.413586322582012278 0.159777205729623673
0.906621402344045757 0.408432994356894119 0.159360568242964351
0.910718237462692759 0.400966681494262789 0.158945533451668869
0.914521206931782404 0.393790638818380445 0.158532103859786916
0.916909985525036664 0.389154567548989028 0.158120281961683429
0.920295135124139296 0.382404240442050625 0.157710070242023437
0.923465468964322023 0.375878572624968155 0.157301471175757601
0.925470913182923516 0.371642755980266248 0.156894487228106394
0.928331716541232144 0.365446965954648151 0.156489120854546221
0.931031361348113373 0.359425228940447206 0.156085374500793544
0.932749388465380358 0.355499442558015133 0.155683250602791229
0.935214210078837649 0.349732718595701986 0.155282751586692802
0.936788064396826714 0.345963480616212682 0.154883879868848662
0.939053244919406671 0.340412738209073196 0.154486637855791142
0.941212778120195770 0.334974772841779678 0.154091027944219749
0.942598346468389137 0.331406358788594646 0.153697052520987060
0.944601693608458470 0.326130927253430902 0.153304713963084344
0.945890535764500551 0.322660899706651683 0.152914014637626994
0.947758849602143627 0.317518812814504392 0.152524956901840314
0.948963830280129539 0.314128557891302396 0.152137543103045308
0.950714756464863586 0.309092988233694299 0.151751775578644582
0.951846642250768316 0.305765255386675150 0.151367656656108324
0.953494990070977599 0.300811127584512283 0.150985188652959929
0.954562839029397647 0.297529650805281654 0.150604373876762149
0.956121091421601843 0.292633108168186995 0.150225214625103520
0.957132549342059491 0.289382270077926829 0.149847713185584097
0.958611250025767303 0.284520194521057312 0.149471871835801767
0.959572774454514166 0.281284719082291135 0.149097692843338375
0.960515900275649037 0.278051132259051592 0.148725178465746399
0.961897845541059615 0.273198945680832028 0.148354330950535129
0.962798390090933487 0.269959355191022932 0.147985152535156927
0.964119755515882915 0.265086521575789824 0.147617645446993906
0.964981914866947399 0.261825288914240784 0.147251811903344576
0.965829713572681214 0.258550885056532065 0.146887654111410415
0.967075549086984454 0.253608750019657381 0.146525174268282266
0.967889491994698092 0.250289643145446938 0.146164374560927651
0.968690580103327981 0.246947758328686984 0.145805257166176955
0.969868788792547010 0.241885799300879112 0.145447824250710761
0.970639012459289852 0.238473959154635706 0.145092077971046479
0.971397259123932599 0.235028654065145559 0.144738020473525603
0.972512431609792616 0.229790657996343684 0.144385653894300470
0.973241154136281317 0.226246874026797939 0.144034980359321579
0.973958068102397156 0.222657378390204552 0.143686001984324796
0.974663070043834123 0.219018304061832592 0.143338720874818359
0.975697820709507502 0.213457793953176433 0.142993139126070229
0.976372068558189032 0.209676542575893188 0.142649258823095815
0.977033390079657948 0.205830533704298380 0.142307082040644906
0.977681275570561947 0.201914876307700109 0.141966610843189456
0.978315098672735139 0.197924389699739856 0.141627847284910818
0.979237773483614737 0.191786234730344785 0.141290793409687837
0.979832811957592087 0.187583854257034111 0.140955451251084163
0.980410470409757373 0.183285810387123105 0.140621822832335985
0.980969404498698516 0.178885237720467272 0.140289910166339848
0.981508051573367624 0.174374791675207585 0.139959715255640799
0.982024601661788954 0.169746601297759259 0.139631240092419895
0.982753334539644419 0.162564888923688200 0.139304486658482385
0.983204781277906337 0.157603959278219186 0.138979456925245687
0.983625309506077183 0.152492780541592710 0.138656152853727538
0.984011490249340093 0.147220373097925128 0.138334576394534364
0.984359377461871854 0.141774858423378058 0.138014729487848986
0.984664428452674767 0.136143363493083980 0.137696614063419348
0.984921410129638963 0.130311913696876169 0.137380232040546862
0.985124288229635159 0.124265312741300427 0.137065585328074641
0.985266096070341435 0.117987007869590099 0.136752675824376058
0.985338778569563534 0.111458938467989377 0.136441505417343317
0.985333006289019098 0.104661365984027088 0.136132075984376016
0.985237953018321955 0.097572682831112034 0.135824389392369904
0.985041028850272227 0.090169197765919362 0.135518447497705474
0.984727558716335993 0.082424895107369611 0.135214252146237057
0.984280393836423295 0.074311165068829621 0.134911805173281107
0.983679440330110455 0.065796502606009610 0.134611108403605934
0.982901085136223873 0.056846172505580717 0.134312163651419847
0.981917494126531398 0.047421839227129226 0.134014972720361059
0.980695750534141375 0.037481161418913556 0.133719537403486022
0.979196793089998963 0.026977353487953104 0.133425859483258913
0.977374101995960753 0.015858720647327018 0.133133940731541361
0.976324385513017035 0.010051230086539964 0.132843782909580932
0.973908438752191241 -0.002098482727447226 0.132555387768000910
0.971008093598015209 -0.015016842737871183 0.132268757046789781
0.967534941693078188 -0.028776329743084084 0.131983892475290826
0.963381792985872565 -0.043456087776905072 0.131700795772191348
0.958418140405346342 -0.059141851389686639 0.131419468645512461
0.952484427346171225 -0.075925379866912168 0.131139912792598762
0.949094246545358899 -0.084758813444528458 0.130862129900108481
0.941324427211591264 -0.103370525797235824 0.130586121644002573
0.932006185945652543 -0.123323349715638464 0.130311889689535138
0.920807565240081338 -0.144708789541286964 0.130039435691243210
0.914378082405261305 -0.155963230608097136 0.129768761292936907
0.899556875556308144 -0.179628920410447035 0.129499868127689266
0.881633299284080740 -0.204845642304869291 0.129232757817826449
0.859904587476373217 -0.231553534563915475 0.128967431974918306
0.847350821954784839 -0.245415245530692272 0.128703892199768077
0.818242671514618047 -0.273951642619514379 0.128442140082403289
0.782834303252100794 -0.303103615461685461 0.128182177202065650
0.762363022994824613 -0.317645857940275389 0.127924005127202034
0.715001235265391943 -0.345849552151906436 0.127667625415454483
0.657881869687821141 -0.371274414022386146 0.127413039613651358
0.625253189524093922 -0.382130842574239238 0.127160249257797620
0.551312480781396830 -0.397912392919250124 0.126909255873065646
0.465853248960822586 -0.401974302154839702 0.126660060973786071
0.419242508518736567 -0.397941630645140432 0.126412666063438650
0.320539579577040379 -0.374156765187051654 0.126167072634643274
0.269967093144354853 -0.353080813190857989 0.125923282169150691
0.171760080138425031 -0.290310190191488349 0.125681296137833798
0.086437867933873841 -0.200066415588858848 0.125441116000678810
0.052067187374209262 -0.145956818813417488 0.125202743206776296
0.005454886267759917 -0.025471907620869892 0.124966179194312452
-0.005550576740338771 0.037869980379813498 0.124731425390560466
-0.002944550589132830 0.162731319926738061 0.124498483211871971
0.009531759376676857 0.221400308081303621 0.124267354063668414
0.052082362225346734 0.326051002773303178 0.124038039340432532
0.079918144793934776 0.370883276070396728 0.123810540425700069
0.143313482097371103 0.444748679880300091 0.123584858692051325
0.177027416329002707 0.474079374300621081 0.123360995501102993
0.211089636695920374 0.498760319352159032 0.123138952203499741
0.278123022277686649 0.535827370420338900 0.122918730138906251
0.310339459778609883 0.549085605809728650 0.122700330635999083
0.371039167957811333 0.567141579900387494 0.122483755012458659
0.399296013608425759 0.572688893560098666 0.122269004574961190
0.451439122951131422 0.578423951964892824 0.122056080619171087
0.475353476697448318 0.579142781096678605 0.121844984429732739
0.497883718142522302 0.578726825343341300 0.121635717280263234
0.539027512457196156 0.575205793055363679 0.121428280433344166
0.557773968239448137 0.572395484205133975 0.121222675140514505
0.575396124509824358 0.569046087468590200 0.121018902642262602
0.607543656263615284 0.561106925926506017 0.120816964168019139
0.622202043602489430 0.556670056887485609 0.120616860936149317
0.636000754509689958 0.552003928176034830 0.120418594153945749
0.648998561596022983 0.547158062084525776 0.120222165017621091
0.672808852957967107 0.537086352275277346 0.120027574712300855
0.683721189408063257 0.531924133039226588 0.119834824412016289
0.694032500935457541 0.526711328755284480 0.119643915279697144
0.703784343482530161 0.521467796117465299 0.119454848467164781
0.721760734545179750 0.510950866036390616 0.119267625115125314
0.730053843868005314 0.505701601627501662 0.119082246353162544
0.737924981886950992 0.500470713897867459 0.118898713299731174
0.745402272635412366 0.495265018861638762 0.118717027062150135
0.752511697760807063 0.490089780504667061 0.118537188736595883
0.765721142369430896 0.479845333851001588 0.118359199408095833
0.771863842347025542 0.474780819398631648 0.118183060150521657
0.777724315110656539 0.469756457347479006 0.118008772026582914
0.783320092029839876 0.464772610187155544 0.117836336087820667
0.788667395264029070 0.459829046806350616 0.117665753374601195
0.793781242129899200 0.454925027088284695 0.117497024916109374
0.798675540768928105 0.450059372961685078 0.117330151730342946
0.803363177680826768 0.445230527890065508 0.117165134824105996
0.807856097688664399 0.440436606461511337 0.117001975193003135
0.812165376892081570 0.435675435477155037 0.116840673821433358
0.816301289131259544 0.430944587724626849 0.116681231682584041
0.820273366473212473 0.426241409416439176 0.116523649738425272
0.824090454158544317 0.421563042141502420 0.116367928939703880
0.827760760476158097 0.416906439998573575 0.116214070225937813
0.831291901913656428 0.412268382514089704 0.116062074525410328
0.834690943964518706 0.407645483809627507 0.115911942755164490
0.837964437906589810 0.403034198406509836 0.115763675820997711
0.841118453820154266 0.398430823995882144 0.115617274617456051
0.844158610108064478 0.393831501412721385 0.115472740027829104
0.847090099713945444 0.389232212021086044 0.115330072924144461
0.849917713234295880 0.384628772629713289 0.115189274167162514
0.852645859055995325 0.380016828059663525 0.115050344606371285
0.855278580640495001 0.375391841383851621 0.114913285079981331
0.857819571031112615 0.370749081868205932 0.114778096414920497
0.860272184618595448 0.366083610580589358 0.114644779426829185
0.860272184618595448 0.366083610580589358 0.114513334920055415
0.862639446196684534 0.361390263579494331 0.114383763687649603
0.864924057245506472 0.356663632599797886 0.114256066511360263
0.867128399395049043 0.351898043062114640 0.114130244161628980
0.869254534932841771 0.347087529235000691 0.114006297397585929
0.871304204201290733 0.342225806287954570 0.113884226967045130
0.871304204201290733 0.342225806287954570 0.113764033606500142
0.873278819636216008 0.337306238977296835 0.113645718041119337
0.875179456159638436 0.332321806608852799 0.113529280984741868
0.877006837552371299 0.327265063881998775 0.113414723139873122
0.877006837552371299 0.327265063881998775 0.113302045197680529
0.878761318327243135 0.322128097156464455 0.113191247837989437
0.880442860528964699 0.316902475606411937 0.113082331729278909
0.880442860528964699 0.316902475606411937 0.112975297528677909
0.882051004747381073 0.311579196630526967 0.112870145881961009
0.883584834476385694 0.306148624809852998 0.112766877423544909
0.883584834476385694 0.306148624809852998 0.112665492776484119
0.885042932745327082 0.300600423592138954 0.112565992552467672
0.886423329743407429 0.294923478748980505 0.112468377351815099
0.886423329743407429 0.294923478748980505 0.112372647763472971
0.887723439837572847 0.289105812524061645 0.112278804365011281
0.888939986062056819 0.283134487229755261 0.112186847722619942
0.888939986062056819 0.283134487229755261 0.112096778391105545
0.890068909702811273 0.276995496870029612 0.112008596913887773
0.890068909702811273 0.276995496870029612 0.111922303822996186
0.891105262070432502 0.270673645172484045 0.111837899639067123
0.891105262070432502 0.270673645172484045 0.111755384871340541
0.892043074887525433 0.264152408179101683 0.111674760017656721
0.892043074887525433 0.264152408179101683 0.111596025564453569
0.892875204857989213 0.257413779321428726 0.111519181986763555
0.892875204857989213 0.257413779321428726 0.111444229748210735
0.893593146951070949 0.250438094625217711 0.111371169301008127
0.893593146951070949 0.250438094625217711 0.111300001085954892
0.894186809580467146 0.243203835434283200 0.111230725532433697
0.894186809580467146 0.243203835434283200 0.111163343058408165
0.894644243180506393 0.235687405767331271 0.111097854070420235
0.894644243180506393 0.235687405767331271 0.111034258963587817
0.894644243180506393 0.235687405767331271 0.110972558121602394
0.894951311514987302 0.227862881184085486 0.110912751916726629
0.894951311514987302 0.227862881184085486 0.110854840709792277
0.895091292314937448 0.219701725861320918 0.110798824850197819
0.895091292314937448 0.219701725861320918 0.110744704675906469
0.895091292314937448 0.219701725861320918 0.110692480513444172
0.895044390294424730 0.211172474551274414 0.110642152677897440
0.895044390294424730 0.211172474551274414 0.110593721472911730
0.895044390294424730 0.211172474551274414 0.110547187190689372
0.894787141044866008 0.202240376266876132 0.110502550111987896
0.894787141044866008 0.202240376266876132 0.110459810506118417
0.894787141044866008 0.202240376266876132 0.110418968630943887
0.894787141044866008 0.202240376266876132 0.110380024732877557
0.894291678404725676 0.192866997154571063 0.110342979046881562
0.894291678404725676 0.192866997154571063 0.110307831796465444
0.894291678404725676 0.192866997154571063 0.110274583193684828
0.894291678404725676 0.192866997154571063 0.110243233439140137
0.894291678404725676 0.192866997154571063 0.110213782721975392
0.893524830253158431 0.183009781230223156 0.110186231219877029
0.893524830253158431 0.183009781230223156 0.110160579099072869
0.893524830253158431 0.183009781230223156 0.110136826514331099
0.893524830253158431 0.183009781230223156 0.110114973608959388
0.893524830253158431 0.183009781230223156 0.110095020514803896
0.893524830253158431 0.183009781230223156 0.110076967352248589
0.893524830253158431 0.183009781230223156 0.110060814230214563
0.893524830253158431 0.183009781230223156 0.110046561246159164
0.892446997675942821 0.172621569971008748 0.110034208486075674
0.892446997675942821 0.172621569971008748 0.110023756024492547
0.892446997675942821 0.172621569971008748 0.110015203924473198
0.892446997675942821 0.172621569971008748 0.110008552237615381
0.892446997675942821 0.172621569971008748 0.110003801004051049
0.892446997675942821 0.172621569971008748 0.110000950252446050
0.892446997675942821 0.172621569971008748 0.110000000000000001
