-0.404990793232049673 0.457492952949572207 0.739999999999999991
-0.404990793232049673 0.457492952949572207 0.739999049747553928
-0.404990793232049673 0.457492952949572207 0.739996198995948928
-0.404990793232049673 0.457492952949572207 0.739991447762384680
-0.404990793232049673 0.457492952949572207 0.739984796075526807
-0.404990793232049673 0.457492952949572207 0.739976243975507431
-0.404367242496856183 0.457608895844176300 0.739965791513924276
-0.404367242496856183 0.457608895844176300 0.739953438753840897
-0.404367242496856183 0.457608895844176300 0.739939185769785457
-0.404367242496856183 0.457608895844176300 0.739923032647751389
-0.404367242496856183 0.457608895844176300 0.739904979485196068
-0.404367242496856183 0.457608895844176300 0.739885026391040590
-0.404367242496856183 0.457608895844176300 0.739863173485668879
-0.404367242496856183 0.457608895844176300 0.739839420900927136
-0.404367242496856183 0.457608895844176300 0.739813768780122949
-0.403741036289771094 0.457724022240049877 0.739786217278024627
-0.403741036289771094 0.457724022240049877 0.739756766560859869
-0.403741036289771094 0.457724022240049877 0.739725416806315206
-0.403741036289771094 0.457724022240049877 0.739692168203534561
-0.403112118492118032 0.457838315447866184 0.739657020953118471
-0.403112118492118032 0.457838315447866184 0.739619975267122420
-0.403112118492118032 0.457838315447866184 0.739581031369056063
-0.403112118492118032 0.457838315447866184 0.739540189493881561
-0.402480431239891689 0.457951758046249602 0.739497449888012137
-0.402480431239891689 0.457951758046249602 0.739452812809310633
-0.402480431239891689 0.457951758046249602 0.739406278527088290
-0.402480431239891689 0.457951758046249602 0.739357847322102524
-0.401845914859332187 0.458064331855435158 0.739307519486555820
-0.401845914859332187 0.458064331855435158 0.739255295324093509
-0.401845914859332187 0.458064331855435158 0.739201175149802103
-0.401208507799783898 0.458176017909602551 0.739145159290207743
-0.401208507799783898 0.458176017909602551 0.739087248083273307
-0.400568146564155292 0.458286796427183396 0.739027441878397529
-0.400568146564155292 0.458286796427183396 0.738965741036412216
-0.400568146564155292 0.458286796427183396 0.738902145929579812
-0.399924765634334212 0.458396646780251327 0.738836656941591730
-0.399924765634334212 0.458396646780251327 0.738769274467566239
-0.399278297394921100 0.458505547461370844 0.738699998914045142
-0.399278297394921100 0.458505547461370844 0.738628830698991878
-0.398628672051734800 0.458613476049481661 0.738555770251789201
-0.398628672051734800 0.458613476049481661 0.738480818013236395
-0.397975817547757571 0.458720409172812482 0.738403974435546395
-0.397975817547757571 0.458720409172812482 0.738325239982343340
-0.397319659473618858 0.458826322470850811 0.738244615128659576
-0.397319659473618858 0.458826322470850811 0.738162100360932882
-0.396660120974722086 0.458931190553454882 0.738077696177003806
-0.396660120974722086 0.458931190553454882 0.737991403086112219
-0.395997122653397871 0.459034986957609026 0.737903221608894433
-0.395997122653397871 0.459034986957609026 0.737813152277379980
-0.395330582465797553 0.459137684102404464 0.737721195634988725
-0.394660415614379756 0.459239253240801615 0.737627352236526979
-0.394660415614379756 0.459239253240801615 0.737531622648184837
-0.393986534434171032 0.459339664409198267 0.737434007447532291
-0.393308848273874190 0.459438886373594646 0.737334507223515900
-0.393308848273874190 0.459438886373594646 0.737233122576455124
-0.392627263370617985 0.459536886573192915 0.737129854118038996
-0.391941682718048301 0.459633631060368864 0.737024702471322124
-0.391941682718048301 0.459633631060368864 0.736917668270721027
-0.391252005927676727 0.459729084437685787 0.736808752162010583
-0.390558129083289463 0.459823209790538423 0.736697954802319477
-0.390558129083289463 0.459823209790538423 0.736585276860126870
-0.389859944587080454 0.459915968616444681 0.736470719015258179
-0.389157340997828394 0.460007320750287885 0.736354281958880641
-0.388450202860694815 0.460097224284283735 0.736235966393499863
-0.387738410527203536 0.460185635484447353 0.736115773032954834
-0.387738410527203536 0.460185635484447353 0.735993702602414035
-0.387021839966128323 0.460272508700786953 0.735869755838370998
-0.386300362563142374 0.460357796273145770 0.735743933488639756
-0.385573844910130414 0.460441448430435718 0.735616236312350402
-0.384842148582108634 0.460523413184803054 0.735486665079944646
-0.384842148582108634 0.460523413184803054 0.735355220573170709
-0.384105129902092668 0.460603636217584211 0.735221903585079439
-0.383362639692369778 0.460682060759820322 0.735086714920018758
-0.382614523011361118 0.460758627464319059 0.734949655393628665
-0.381860618875300761 0.460833274270329496 0.734810725832837464
-0.381100759964092317 0.460905936258496296 0.734669927075855544
-0.380334772309266989 0.460976545497002843 0.734527259972170943
-0.379562474963965613 0.461045030878366457 0.734382725382543899
-0.378783679652405503 0.461111317944364441 0.734236324179002309
-0.377998190399044864 0.461175328700056786 0.734088057244835501
-0.377205803134290751 0.461236981415309666 0.733937925474589692
-0.376406305276533626 0.461296190412097185 0.733785929774062096
-0.375599475287540507 0.461352865838131121 0.733632071060296154
-0.374785082200461805 0.461406913425347232 0.733476350261574761
-0.373962885117464727 0.461458234229638664 0.733318768317415937
-0.373132632675646114 0.461506724353531350 0.733159326178566717
-0.372294062477180110 0.461552274649608352 0.732998024806996828
-0.371446900483948683 0.461594770401015819 0.732834865175894024
-0.370590860370428377 0.461634090979730016 0.732669848269657087
-0.369725642834406565 0.461670109479706159 0.732502975083890617
-0.368850934860267099 0.461702692321790453 0.732334246625398921
-0.367966408932888955 0.461731698829651704 0.732163663912179352
-0.367071722196477879 0.461756980772884851 0.731991227973417091
-0.366166515554786520 0.461778381875130317 0.731816939849478376
-0.364323019119970726 0.461808872995583874 0.731640800591904172
-0.363383920913250447 0.461817605242181184 0.731462811263404067
-0.362432683678729939 0.461821739817833643 0.731282972937849940
-0.361468851202028041 0.461821071356993906 0.731101286700268749
-0.360491944091621441 0.461815382551549303 0.730917753646837420
-0.359501458302768584 0.461804443299508927 0.730732374884874636
-0.357477601593063299 0.461765823467276626 0.730545151532835280
-0.356443084392341292 0.461737610006232313 0.730356084720302889
-0.355392692112289244 0.461703078059118421 0.730165175587983772
-0.354325770965501108 0.461661917992726101 0.729972425287699123
-0.352139542979672482 0.461558374898575707 0.729777834982378915
-0.351018736830199518 0.461495267752566940 0.729581405846054243
-0.349878397482045023 0.461424080706895279 0.729383139063850661
-0.347535617116571660 0.461255737254090914 0.729183035831980852
-0.346331293074265079 0.461157640907152833 0.728981097357737307
-0.345103661786260452 0.461049579615364191 0.728777324859485542
-0.343851631115129008 0.460930996209853228 0.728571719566655895
-0.341269653650388416 0.460659828141877559 0.728364282719736744
-0.339937156289677800 0.460505911535107892 0.728155015570267294
-0.337182126316088626 0.460157694090032821 0.727943919380828919
-0.335756499549161536 0.459961728818762683 0.727730995425038829
-0.334296556929263189 0.459749971117029255 0.727516244987541416
-0.331266277445265545 0.459274954157088411 0.727299669364000922
-0.329691878072865208 0.459009413075702144 0.727081269861093782
-0.326413253078066234 0.458415801887493202 0.726861047796500293
-0.324703983028584886 0.458084795458420901 0.726639004498896957
-0.322944382538057906 0.457728805211014222 0.726415141307948709
-0.319261762152771189 0.456934376651720153 0.726189459574299923
-0.317331884021793298 0.456491728942033159 0.725961960659567529
-0.313275624703835354 0.455503415348622098 0.725732645936331688
-0.311140472462236028 0.454952120065528820 0.725501516788128020
-0.306631169079007226 0.453718839413922770 0.725268574609439609
-0.304245629400935969 0.453029170828138206 0.725033820805687568
-0.299180102382230362 0.451481118575334517 0.724797256793223710
-0.293670554569370190 0.449671203067167735 0.724558883999321224
-0.290726937099224481 0.448651503954346276 0.724318703862166235
-0.284408670770792738 0.446341529321521713 0.724076717830849370
-0.281009048165178965 0.445031306053009001 0.723832927365356760
-0.273655170626108668 0.442039133776657545 0.723587333936561383
-0.269666026844473383 0.440326907144867552 0.723339939026213963
-0.260959119751051793 0.436375276822875413 0.723090744126934415
-0.251108348932077896 0.431553712291449176 0.722839750742202303
-0.245675737962516211 0.428736243056226374 0.722586960386348620
-0.233598737209014168 0.422068702214625779 0.722332374584545467
-0.219570758976276759 0.413615802766631457 0.722075994872797944
-0.211669596623310030 0.408512124191924231 0.721817822797934383
-0.193692729331094077 0.395943028060181168 0.721557859917596800
-0.172131056172568964 0.378996070500903837 0.721296107800231900
-0.159692379984158805 0.368205293769251152 0.721032568025081755
-0.130752059415991551 0.339800795732690619 0.720767242182173473
-0.095435335462690674 0.297312295922865955 0.720500131872310767
-0.053756480110266791 0.229920462714520879 0.720231238707063071
-0.031963956947730340 0.180772787983416949 0.719960564308756767
-0.000542470748583783 0.029816513650850605 0.719688110310464868
-0.057299269086980228 -0.225462529152865243 0.719413878355997460
-0.402257081274028094 -0.481521452880538825 0.719137870099891496
-0.889507316608479370 -0.299987102625781654 0.718860087207401133
-0.985486513810240550 -0.094091741718178024 0.718580531354487628
-0.951927649685624488 0.214239833016783343 0.718299204227808685
-0.848533919555966021 0.363742715785201842 0.718016107524709124
-0.760807223239285513 0.433723580963985667 0.717731242953210224
-0.695059714132021278 0.468804541243967754 0.717444612231999179
-0.645929282343040811 0.487724694084205712 0.717156217090419101
-0.625969634638844585 0.493859649932539335 0.716866059268458589
-0.592872382446663737 0.502227635135205630 0.716574140516741065
-0.566634438688340403 0.507369662664012067 0.716280462596514012
-0.545363701901443787 0.510646149687298267 0.715985027279638975
-0.527779236685228637 0.512801668982421188 0.715687836348580131
-0.512993465279569794 0.514263816204042490 0.715388891596394072
-0.500376433507252250 0.515288153047447905 0.715088194826718926
-0.489470768727970684 0.516032571035757393 0.714785747853762921
-0.479937426364740516 0.516597344083976173 0.714481552502294504
-0.471520311865182173 0.517047625112971754 0.714175610607630129
-0.464022689035949398 0.517426549450044515 0.713867924015623934
-0.457291106045362661 0.517763112204163822 0.713558494582656633
-0.451204220696403480 0.518077036624696063 0.713247324175623976
-0.445664885614307893 0.518381856732757940 0.712934414671925309
-0.440594445432417492 0.518686911407716056 0.712619767959453143
-0.435928562577259759 0.518998658904179955 0.712303385936580713
-0.431614117440210332 0.519321557986735738 0.711985270512151103
-0.427606875603556424 0.519658667356304615 0.711665423605465697
-0.423869710702044711 0.520012058790794929 0.711343847146272412
-0.420371235197417481 0.520383105187860906 0.711020543074754374
-0.415513693876862544 0.520974596723567496 0.710695513341517593
-0.412503268040528892 0.521392876067323985 0.710368759907580083
-0.409653390628046676 0.521830557250618887 0.710040284744359096
-0.406948143263239082 0.522287675875334867 0.709710089833660129
-0.404373634467074639 0.522764167858146278 0.709378177167664048
-0.401917685217881959 0.523259902731703419 0.709044548748915870
-0.399569571026332060 0.523774707896243363 0.708709206590312113
-0.396229142169658988 0.524582237889542502 0.708372152715089243
-0.394111416716464491 0.525143833751604450 0.708033389156810689
-0.392072679319239115 0.525723778810678444 0.707692917959355072
-0.390106579622215122 0.526321870346945442 0.707350741176904108
-0.387281296819460497 0.527252616241263738 0.707006860873929721
-0.385473031640691022 0.527895264777779705 0.706661279125181618
-0.383719736726341742 0.528555451488448402 0.706313998015675182
-0.382017387717365542 0.529233038624627672 0.705965019640678482
-0.379551456409234211 0.530281786734230542 0.705614346105699508
-0.377961118234185378 0.531002387009035237 0.705261979526474403
-0.376410207165463417 0.531740043425134812 0.704907922028953582
-0.374896022131240070 0.532494696734314155 0.704552175749289300
-0.372688212017093512 0.533658457726986835 0.704194742833822995
-0.371255358163690707 0.534455453913160516 0.703835625439072410
-0.369851302005102189 0.535269370009436196 0.703474825731717712
-0.367795075321465992 0.536522002808357046 0.703112345888589618
-0.366454946426513106 0.537378310889309319 0.702748188096655402
-0.364486768403347372 0.538694728432778214 0.702382354553006127
-0.363200498189059473 0.539593742963257461 0.702014847464843106
-0.361933293600833372 0.540509977098858285 0.701645669049464793
-0.360065425267040218 0.541916834039257611 0.701274821534253578
-0.358840380503142653 0.542876576525122889 0.700902307156661686
-0.357030294990841046 0.544349273878982465 0.700528128164198294
-0.355840348693177100 0.545353341417149307 0.700152286814415881
-0.354662654050333981 0.546375411499162134 0.699774785374896457
-0.352917009693949513 0.547942655735952244 0.699395626123237801
-0.351765859658864422 0.549010520840170879 0.699014811347040133
-0.350055901103080158 0.550647383315721384 0.698632343343891682
-0.348925906405401332 0.551762321929199162 0.698248224421355368
-0.347243907217295422 0.553470862581030065 0.697862456896954697
-0.346130127760185979 0.554634343051387702 0.697475043098159664
-0.344468951278358859 0.556416907915049830 0.697085985362372984
-0.343366788796168221 0.557630590771762691 0.696695286036915662
-0.341719740933824345 0.559489817304924641 0.696302947479013001
-0.340078093879783994 0.561396431277074948 0.695908972055780284
-0.338985553134430406 0.562694385990401669 0.695513362144208891
-0.337347938985353313 0.564682511223265515 0.695116120131151316
-0.336256047913437994 0.566035925916205662 0.694717248413307176
-0.334616377108014174 0.568109007855620129 0.694316749397208888
-0.332972576731379366 0.570234858066660411 0.693914625499206461
-0.331873343119071407 0.571682114687038667 0.693510879145453840
-0.330217825668261522 0.573899149516447049 0.693105512771893584
-0.329108751701481739 0.575408619526309950 0.692698528824242432
-0.327435398004798539 0.577721213518744614 0.692289929757976541
-0.325748341245387985 0.580093409159641360 0.691879718038316605
-0.324614885893521610 0.581708875629508904 0.691467896140213090
-0.322899829385856152 0.584184480639025727 0.691054466548331137
-0.321164771186277398 0.586724735299242073 0.690639431757035682
-0.319995724347359400 0.588455177555427422 0.690222794270376361
-0.318221736512665943 0.591107857856144836 0.689804556602072627
-0.316420877349529728 0.593830981554726578 0.689384721275498102
-0.314590374676363749 0.596626934663312070 0.688963290823665919
-0.313352144154222634 0.598532599277856403 0.688540267789212845
-0.311465718696655014 0.601455582106789288 0.688115654724384629
-0.309541585665451757 0.604458391279923402 0.687689454191019900
-0.307576422459499232 0.607543908718642944 0.687261668760535072
-0.306241792317554107 0.609648361464330324 0.686832301013909019
-0.304200332972009935 0.612878549033924358 0.686401353541667092
-0.302107990949231742 0.616199899919987026 0.685968828943865794
-0.299960636090330357 0.619615898523519948 0.685534729830076905
-0.297753861353820815 0.623130215097234985 0.685099058819371831
-0.295482953895095601 0.626746715876858707 0.684661818540305611
-0.293930907127509022 0.629216487832068627 0.684223011630901601
-0.291541705631608083 0.633012453295200395 0.683782640738634817
-0.289074054993690877 0.636921952953320214 0.683340708520416507
-0.286521820571119967 0.640949665392194001 0.682897217642577936
-0.283878380159610477 0.645100517904005022 0.682452170780854406
-0.281136571817888425 0.649379698552856932 0.682005570620368706
-0.278288635582238542 0.653792668245364417 0.681557419855615576
-0.275326148226883782 0.658345172618790886 0.681107721190444715
-0.272239950120783170 0.663043253472576422 0.680656477338045240
-0.269020063078319827 0.667893259408133044 0.680203691020928702
-0.266793863270462228 0.671214277526792857 0.679749364970912762
-0.263326466600671771 0.676332462277512092 0.679293501929105314
-0.259694030020939381 0.681621067129535740 0.678836104645886729
-0.255882688772446576 0.687087629955053680 0.678377175880894634
-0.251877214460575982 0.692740017636656713 0.677916718403006269
-0.247660851585756403 0.698586419056196006 0.677454734990322271
-0.243215132074142498 0.704635330646846691 0.676991228430149805
-0.238519664567493794 0.710895532239092964 0.676526201518985459
-0.233551894771565044 0.717376050291187450 0.676059657062499042
-0.228286832599936235 0.724086104826088151 0.675591597875515815
-0.220755915542143522 0.733406048405073951 0.675122026782000395
-0.214683888448591931 0.740688021665646845 0.674650946615038660
-0.208209345563011378 0.748230494539153357 0.674178360216821981
-0.201292540473023612 0.756042262623657590 0.673704270438628683
-0.193889042641311127 0.764131494039497650 0.673228680140807945
-0.185949111786061771 0.772505392200220298 0.672751592192761816
-0.177416986877356186 0.781169758211746945 0.672273009472928451
-0.168230080455922359 0.790128425056840333 0.671792934868764235
-0.158318069558651409 0.799382528023971473 0.671311371276726909
-0.147601876154897449 0.808929566122942978 0.670828321602257471
-0.131907319485929375 0.822101051846872211 0.670343788759763304
-0.118949281194292655 0.832291737792230535 0.669857775672599853
-0.104844868061638008 0.842722553931773977 0.669370285273053756
-0.089462653451944485 0.853356212894408550 0.668881320502324628
-0.072655418036315256 0.864140064053997126 0.668390884310507527
-0.054258850784924983 0.875001669517190273 0.667898979656575076
-0.026939859839110292 0.889431193964807743 0.667405609508359698
-0.004093528339809027 0.900036640401530530 0.666910776842535635
0.021021034977857123 0.910252471185399203 0.666414484644600846
0.048642973179813420 0.919835473194451692 0.665916735908859470
0.089801467321492801 0.931075658470804091 0.665417533638403169
0.124234806041795209 0.937814759497074046 0.664916880845093483
0.161969892565962115 0.942513953404617300 0.664414780549543171
0.203174707189812953 0.944504284682916584 0.663911235781098785
0.263624601169421990 0.941517425760053817 0.663406249577821461
0.312962022636933845 0.933763928334476301 0.662899824986468933
0.365334616220926334 0.920017039782572654 0.662391965062477772
0.420036197372001874 0.899032169933742464 0.661882672869943733
0.494574743732803856 0.857651386219755452 0.661371951481604547
0.549464962820652270 0.815190358921002001 0.660859803978820493
0.600973580486581338 0.762224685273676594 0.660346233451555964
0.659683487916529532 0.675495807752005128 0.659831242998361267
0.692540031726401772 0.599814968898478629 0.659314835726353410
0.716711241767671092 0.489055064813372242 0.658797014751197674
0.718074387251149804 0.402811105720761731 0.658277783197088628
0.704705425749094561 0.317964423763084758 0.657757144196731369
0.665880448169491546 0.213106894305768013 0.657235100891322421
0.623852626501245289 0.144289870097050993 0.656711656430531421
0.573891785997534876 0.085833567212450362 0.656186813972481464
0.499995970416519220 0.024994206808593211 0.655660576683730012
0.442501224477981070 -0.008232620851088224 0.655132947739250349
0.366953982650927824 -0.037833301870722341 0.654603930322411820
0.312952403169152404 -0.050669020421816091 0.654073527624961182
0.246105369967365262 -0.057842411398998830 0.653541742847002838
0.200364392403140967 -0.057379726530697492 0.653008579196979855
0.145428771199676010 -0.051009816962778586 0.652474039891654756
0.108641400312707442 -0.043056172367016143 0.651938128156089536
0.065081035623606898 -0.029537627972170043 0.651400847223626678
0.036185219947577965 -0.017906983273081229 0.650862200335869279
0.002154610456967388 -0.001178599761187705 0.650322190742662065
-0.020354623880656845 0.011895460568014365 0.649780821702071409
-0.046842198443747422 0.029615839284174907 0.649238096480365567
-0.064370729364389589 0.042919544942748113 0.648694018351995028
-0.085027263379614484 0.060466368168233364 0.648148590599572971
-0.098724887587626764 0.073385317223250798 0.647601816513855399
-0.114905074553949799 0.090194437543361511 0.647053699393721038
-0.125661462945883151 0.102449158509495930 0.646504242546151686
-0.138398801609534383 0.118286482142703611 0.645953449286212344
-0.149531501712965809 0.133534878664866047 0.645401322937030675
-0.156958105974764867 0.144584686261451517 0.644847866829777683
-0.165778321616248586 0.158812075455006002 0.644293084303647068
-0.171669822845708947 0.169114044337066949 0.643736978705835461
-0.178671997983818914 0.182378175688173216 0.643179553391521885
-0.184808972086990903 0.195128405190440030 0.642620811723847774
-0.188906647979431436 0.204371409917206703 0.642060757073896426
-0.193769015563139274 0.216293161551992741 0.641499392820673031
-0.197007883577887677 0.224949082602460382 0.640936722351083898
-0.200837693618860030 0.236133246357271454 0.640372749059916258
-0.204163806510486184 0.246935292362747194 0.639807476349817827
-0.207038263258529115 0.257382376226694243 0.639240907631276056
-0.208924988826779900 0.265000307547447911 0.638673046322597582
-0.211113564140655047 0.274887372747085024 0.638103895849887803
-0.212960113162080550 0.284486885213462104 0.637533459647030010
-0.214138982954571122 0.291510979116747226 0.636961741155665062
-0.215457607033093190 0.300658881563493685 0.636388743825169967
-0.216508438972867312 0.309575843020765684 0.635814471112637336
-0.217133365852811538 0.316122942969530973 0.635238926482855071
-0.217763685219081266 0.324678574417865018 0.634662113408284490
-0.218176827126854933 0.333050160293539343 0.634084035369040122
-0.218386887155314013 0.341252643167909653 0.633504695852868616
-0.218406102188982432 0.349299958956435175 0.632924098355127196
-0.218301702935356556 0.355241471421304966 0.632342246378763129
-0.218011561433070183 0.363048003921629225 0.631759143434292514
-0.217556325423056973 0.370733073469746433 0.631174793039778748
-0.216942975517691705 0.378307447134808794 0.630589198720811650
-0.216382798110145769 0.383921662887744319 0.630002364010486038
-0.215506411511285134 0.391326145047116325 0.629414292449380408
-0.214485940260819352 0.398646075340813588 0.628824987585535511
-0.213324882195610549 0.405889844339224815 0.628234452974433477
-0.212025997396620036 0.413065314901193581 0.627642692178975614
-0.210591367211991509 0.420179859594615179 0.627049708769460978
-0.209022444513356276 0.427240394689809400 0.626455506323565503
-0.207758165533459660 0.432504272011435154 0.625860088426319683
-0.205955984886357718 0.439485668477705260 0.625263458670087813
-0.204020590017156250 0.446429962967503424 0.624665620654545006
-0.201951402991051576 0.453342610815540947 0.624066577986656545
-0.199747364504887781 0.460228731837503513 0.623466334280656009
-0.197406949737702619 0.467093128266038826 0.622864893158023070
-0.194928179909133859 0.473940300405978232 0.622262258247461841
-0.192308629806645454 0.480774460085381439 0.621658433184878789
-0.189545431461748126 0.487599542014267084 0.621053421613361412
-0.186635274087073394 0.494419213082450459 0.620447227183155481
-0.184353970875980433 0.499532474298694684 0.619839853551643394
-0.181177321233493893 0.506350719374717873 0.619231304383322301
-0.177842280417665644 0.513172309370010682 0.618621583349781567
-0.174343812510776325 0.519999956047896283 0.618010694129680793
-0.170676386317797579 0.526836120637653282 0.617398640408728050
-0.166833952081832881 0.533683011732246082 0.616785425879656679
-0.162809913057795880 0.540542581057994576 0.616171054242203975
-0.158597091296662052 0.547416517003587177 0.615555529203088425
-0.154187686813733627 0.554306235748916243 0.614938854475987173
-0.149573229081980841 0.561212869783800028 0.614321033781514036
-0.144744519522582465 0.568137253548885002 0.613702070847196968
-0.139691563303363298 0.575079905840402583 0.613081969407454963
-0.134403488313947911 0.582041008533051185 0.612460733203576524
-0.128868448614537695 0.589020380998484860 0.611838365983696564
-0.123073508893378258 0.596017449459924631 0.611214871502773316
-0.115442642237747528 0.604787096508579425 0.610590253522566684
-0.109008995601182268 0.611819583712963078 0.609964515811614816
-0.102263995908795424 0.618864687969220340 0.609337662145211567
-0.095188122054478824 0.625919649227937192 0.608709696305383963
-0.087759603295360228 0.632981009102725145 0.608080622080868771
-0.079954011673915915 0.640044502801533022 0.607450443267090412
-0.071743749151493452 0.647104921193686344 0.606819163666137418
-0.063097396254310045 0.654155931871076124 0.606186787086739787
-0.053978876595249747 0.661189842931359850 0.605553317344246333
-0.044346373779897363 0.668197285416556541 0.604918758260600598
-0.034150911223720604 0.675166778095587339 0.604283113664319305
-0.020525469861138790 0.683803315423836433 0.603646387390467831
-0.008833247970140512 0.690629913847139454 0.603008583280637778
0.003658245043937858 0.697357296211795319 0.602369705182924098
0.017059426780508369 0.703953974292061191 0.601729756951901340
0.031509445338198272 0.710377860507751313 0.601088742448600111
0.047186891359048688 0.716571136082927884 0.600446665540484759
0.068873132681155136 0.723860255321499890 0.599803530101429061
0.088291350179950323 0.729174587378387917 0.599159340011693797
0.110045433924839620 0.733812205904742054 0.598514099157902213
0.134798265602176448 0.737441719002358997 0.597867811433017704
0.163520177476688178 0.739499581439603260 0.597220480736319392
0.207310434672739352 0.738231591028116307 0.596572110973379255
0.251621460997606239 0.731469106419345483 0.595922706056038476
0.308463217357866415 0.714242954619217940 0.595272269902383133
0.383665621342508145 0.674159110690668362 0.594620806436721661
0.479955969331942012 0.578132617470965449 0.593968319589560312
0.534737351730388610 0.253603543577339718 0.593314813297580179
0.167739093581397491 -0.032660076301555679 0.592660291503612213
-0.207008787343310519 0.210785851181639755 0.592004758156615130
-0.221721637705470237 0.475134072512429673 0.591348217211650096
-0.138234399319719647 0.629124323354201209 0.590690672629857860
-0.076605650509718848 0.687790254127167433 0.590032128378433995
-0.025578391248969101 0.722198610430321075 0.589372588430605804
0.027062377145186167 0.748458253531892992 0.588712056765608116
0.063077723362525873 0.762105508655754216 0.588050537368658643
0.095402791569713097 0.771771689051844789 0.587388034230934886
0.125090114575683364 0.778676703820799121 0.586724551349549261
0.159559481280723781 0.784465585953289524 0.586060092727525461
0.185601787147255615 0.787310157459386373 0.585394662373774133
0.210633590448169261 0.788828763070367645 0.584728264303068901
0.240837819708323964 0.789084901459898624 0.584060902536021609
0.264318872608239552 0.788088559771824348 0.583392581099058893
0.287306654633235903 0.786087786786400233 0.582723304024396649
0.315450959672900433 0.782229330711819992 0.582053075350017379
0.337545432945526691 0.778084476063475972 0.581381899119644441
0.364672817635038782 0.771604262557054499 0.580709779382718061
0.385989329005567927 0.765392184992272906 0.580036720194371247
0.406957088344677254 0.758274100955849129 0.579362725615404806
0.432652977230712610 0.748112328708803176 0.578687799712263029
0.452771202744020385 0.738980336864810128 0.578011946557009382
0.472469128630042645 0.728966656978539129 0.577335170227301964
0.496450500815385332 0.715226679021120693 0.576657474806368309
0.515078809659594294 0.703273372469054747 0.575978864382981293
0.537605055376473628 0.687158384069600392 0.575299343051434375
0.554969983685439816 0.673353083985115175 0.574618914911516843
0.575789351686274875 0.654995074538004651 0.573937584068489048
0.591685962118199460 0.639462032607162500 0.573255354633057546
0.606864827200537249 0.623210856085304132 0.572572230721350661
0.624770426567783921 0.601940865132603475 0.571888216454893183
0.638195785212960387 0.584207024138967856 0.571203315960581826
0.653797255101112751 0.561210748417836358 0.570517533370660246
0.665295794210526537 0.542204731672289220 0.569830872822694068
0.678394050448893227 0.517762907297785069 0.569143338459545789
0.687822236976102785 0.497721669586797089 0.568454934429350356
0.698259337729579932 0.472143401801657925 0.567765664885489074
0.705508994027932435 0.451322559105282406 0.567075533986565739
0.713173320376135789 0.424935019747967713 0.566384545896380986
0.718174360911543741 0.403600371771968280 0.565692704783906763
0.723002338307614512 0.376738170559176744 0.565000014823262009
0.725722854138589057 0.355157356076447051 0.564306480193686899
0.727697560390455300 0.328152534536622353 0.563612105079517756
0.728141613965753276 0.306587516167437624 0.562916893670161955
0.727288822316850769 0.279760938425793027 0.562220850160072394
0.725492455120194113 0.258461848219456725 0.561523978748722397
0.721874800027663355 0.232116533141639880 0.560826283640580292
0.717900834549685118 0.211317215262975117 0.560127769045084101
0.711610844409754195 0.185733906363842460 0.559428439176616110
0.705543074351141941 0.165649298392326866 0.558728298254477340
0.696695793050647438 0.141084337444511210 0.558027350502862229
0.688633111100474204 0.121909662764940085 0.557325600150833100
0.677358947361868746 0.098595046065495018 0.556623051432294513
0.667409876906056354 0.080506662512644711 0.555919708585968286
0.653848202929707245 0.058652029326072719 0.555215575855366850
0.639077452048946171 0.037691991937435443 0.554510657488768932
0.626420095528252840 0.021605930756804004 0.553804957739192694
0.609584531268718477 0.002396446351296266 0.553098480864371078
0.595332317150821133 -0.012219673188379132 0.552391231126725279
0.576573774811410922 -0.029506875622898054 0.551683212793339983
0.556807176429162221 -0.045653894094541375 0.550974430135936832
0.540296646302325434 -0.057715944645763101 0.550264887430848670
0.518822368988019367 -0.071680209809541623 0.549554588958994228
0.501000359481718949 -0.081927686123122484 0.548843539005852032
0.477955242326620400 -0.093535851865184733 0.548131741861434318
0.454097477251704906 -0.103755762415341429 0.547419201820261936
0.434455926202073517 -0.110891689975361113 0.546705923181337261
0.409248613069088329 -0.118458138824490383 0.545991910248119217
0.383358742305567990 -0.124457664993276651 0.545277167328497070
0.362190568103565869 -0.128080904892689612 0.544561698734763899
0.335207894436772180 -0.131075266580113731 0.543845508783591502
0.307703490577281746 -0.132288417400156788 0.543128601796003752
0.285371321381652554 -0.131918488128129174 0.542410982097350503
0.257111543900284234 -0.129703774527876292 0.541692654017281949
0.228552543722812473 -0.125452289671518169 0.540973621889721756
0.205558181514755800 -0.120517242974822941 0.540253890052841745
0.176729027016518492 -0.112343949205607613 0.539533462849035028
0.147928670021337028 -0.101844536447309758 0.538812344624890471
0.125011201108128495 -0.091698654839827753 0.538090539731165718
0.096663848281417872 -0.076745397475722343 0.537368052522761430
0.068834131651894143 -0.059175641023357296 0.536644887358695422
0.047093049082973154 -0.043174179480441680 0.535921048602074901
0.020781400454932795 -0.020673921787522111 0.535196540620071826
-0.004306830437921553 0.004658813545311711 0.534471367783895701
-0.023288125635701960 0.026989245321149918 0.533745534468767047
-0.045367519909699734 0.057486862014331917 0.533019045053891527
-0.065273334350120740 0.090823544468556991 0.532291903922433307
-0.082613813382313495 0.126915415638820750 0.531564115461488407
-0.094363797748893544 0.157677719764821728 0.530835684062058610
-0.106046254634811460 0.198317587151402186 0.530106614119024488
-0.114000690196830359 0.241125658739289123 0.529376910031119641
-0.117826694086961004 0.285742745232348661 0.528646576200903162
-0.117667828421909884 0.322443011232631194 0.527915617034733886
-0.113178657493692658 0.369139656553213125 0.527184036942743628
-0.103692640482651505 0.416194564596963079 0.526451840338810095
-0.089053716046383985 0.462951605824204249 0.525719031640530909
-0.073598994487829333 0.499670916923014463 0.524985615269196515
-0.049659689260207585 0.544102037305920549 0.524251595649763980
-0.020769981696651063 0.586225836971624670 0.523516977210829459
0.012744882310333328 0.625348077539796265 0.522781764384602554
0.042586440089809052 0.654057010993965515 0.522045961606878439
0.083209338386494691 0.686243299867320022 0.521309573317012220
0.126923079351849211 0.713902772782910811 0.520572603957891289
0.173024808940031416 0.736712385285488658 0.519835057975908787
0.220777976257262754 0.754486790945394614 0.519096939820936853
0.259672851705540941 0.765044747866766239 0.518358253946300196
0.308557036877879609 0.773724623363324593 0.517619004808748007
0.357115408379898747 0.777554996570947621 0.516879196868428425
0.404750108320352853 0.776811792882736607 0.516138834588860784
0.450947611642582125 0.771848215030152440 0.515397922436909073
0.486584304638414511 0.765111159658896200 0.514656464882754738
0.529194966216228857 0.753599455925382244 0.513914466399869707
0.569420573067141667 0.739074684621094824 0.513171931464990072
0.607089291049964341 0.721985307446114555 0.512428864558087671
0.642104310667231615 0.702764158484794677 0.511685270162344774
0.674433150614002441 0.681818134381343866 0.510941152764125550
0.698374566991343482 0.664071950661009991 0.510196516852949977
0.725949171728189291 0.640938850532173476 0.509451366921466198
0.750995293475904990 0.617033731769463634 0.508705707465423762
0.773627449358157082 0.592624153752631222 0.507959542983646317
0.793977245763151318 0.567940355601324831 0.507212877978004517
0.812186770106181122 0.543177532864201895 0.506465716953388712
0.825312259798648418 0.523420939614949510 0.505718064417682078
0.840040987842399778 0.498907169211675550 0.504969924881733090
0.853041724440536719 0.474700149583048903 0.504221302859328868
0.864456693091896544 0.450890129651192906 0.503472202867166985
0.874422072541593320 0.427547403947178328 0.502722629424828926
0.883066807919771435 0.404725188701148930 0.501972587054753117
0.890511895030698497 0.382462233166932508 0.501222080282206495
0.896870031255340816 0.360785151049325625 0.500471113635258535
0.901244322010768650 0.343876715094933783 0.499719691644752828
0.905903305679528037 0.323290236203173431 0.498967818844280431
0.909746873951503110 0.303316058353079065 0.498215499770152170
0.912857047678767186 0.283951218856066223 0.497462738961371664
0.915308603499184525 0.265188226658378989 0.496709540959607176
0.917169538110266136 0.247016036840874587 0.495955910309165471
0.918501549475273515 0.229420867260306416 0.495201851556962724
0.919360518931900850 0.212386878621445674 0.494447369252498770
0.919796982782869366 0.195896737326358927 0.493692467947828284
0.919872776194667896 0.183083877698699715 0.492937152197534589
0.919660741874807397 0.167525931962602570 0.492181426558700674
0.919143034280607174 0.152458973510422924 0.491425295590883215
0.918353801885021248 0.137863540465716472 0.490668763856084045
0.917323789680708046 0.123720232020424759 0.489911835918723060
0.916080663784934024 0.110009871080224031 0.489154516345610635
0.914649308854338705 0.096713630988660981 0.488396809705919865
0.913052099566103337 0.083813132569649618 0.487638720571159257
0.911309147662920482 0.071290516748760135 0.486880253515145078
0.909438526186253648 0.059128497141617109 0.486121413113973777
0.907456472574838413 0.047310396313713976 0.485362203945993942
0.905377572292601185 0.035820168771115657 0.484602630591779604
0.903653571215109919 0.026853684069330197 0.483842697634101593
0.901432454181595899 0.015915252686364789 0.483082409657900780
0.899147890864295474 0.005263201830752906 0.482321771250259546
0.896809567935888285 -0.005116067235144850 0.481560787000374912
0.894426179239485197 -0.015235526959822110 0.480799461499530345
0.892005525802844979 -0.025107538919269978 0.480037799341068050
0.889554605657284725 -0.034743871818412819 0.479275805120361664
0.887079694448038580 -0.044155721400548908 0.478513483434788112
0.884586417736863639 -0.053353731724666786 0.477750838883700013
0.882079815814997170 -0.062348017348450691 0.476987876068398153
0.879564401765946524 -0.071148186072857722 0.476224599592103282
0.877044213449844179 -0.079763361955336842 0.475461014059928577
0.874522860017135195 -0.088202208352644751 0.474697124078852117
0.872003563497780965 -0.096472950824767589 0.473932934257688454
0.869489195966056116 -0.104583399738127469 0.473168449207061581
0.866982312726562787 -0.112540972463545053 0.472403673539376345
0.864485181928840496 -0.120352715073555161 0.471638611868791302
0.861999810977382985 -0.128025323476954112 0.470873268811190182
0.859527970070527947 -0.135565163922163778 0.470107648984154913
0.857071213167349688 -0.142978292846342003 0.469341757006936922
0.854630896657420536 -0.150270476022255683 0.468575597500429597
0.852208195978202632 -0.157447206998265365 0.467809175087140594
0.849804120406776553 -0.164513724793054428 0.467042494391163687
0.847419526223920472 -0.171475030857723199 0.466275560038151071
0.845055128439546666 -0.178335905278258378 0.465508376655285161
0.842711511237729471 -0.185100922233439769 0.464740948871250947
0.840851894282843348 -0.190446869839374533 0.463973281316208130
0.838546771773375887 -0.197050268858629751 0.463205378621762642
0.836263445181295584 -0.203569644907386660 0.462437245420939558
0.834002078558755300 -0.210008917383200433 0.461668886348154228
0.831762741791103988 -0.216371863525063046 0.460900306039185248
0.829545416142907444 -0.222662129573940326 0.460131509131145422
0.827349999281829729 -0.228883241221906064 0.459362500262455065
0.825176309843887124 -0.235038613373878769 0.458593284072812746
0.823024091602203800 -0.241131559232630799 0.457823865203168145
0.820893017285126092 -0.247165298738159345 0.457054248295693633
0.818782692089215058 -0.253142966370876243 0.456284437993756620
0.816692656921299664 -0.259067618356021989 0.455514438941891142
0.814622391398778234 -0.264942239285999914 0.454744255785770268
0.812571316633616592 -0.270769748193239956 0.453973893172177512
0.810538797814585266 -0.276553004110524248 0.453203355748979131
0.808524146607075722 -0.282294811133844248 0.452432648165096596
0.806526623375271923 -0.287997923041624304 0.451661775070477334
0.804545439236869608 -0.293665047486383779 0.450890741116067750
0.802579757950804829 -0.299298849804510603 0.450119550953784642
0.800628697643262388 -0.304901956471009483 0.449348209236487384
0.798691332364962703 -0.310476958242081214 0.448576720617949509
0.796766693481128385 -0.316026413009820761 0.447805089752831120
0.794853770889665689 -0.321552848408058423 0.447033321296650354
0.792951514060213025 -0.327058764200674534 0.446261419905755630
0.790681347062058615 -0.333642259106238570 0.445489390237297223
0.788798663004127376 -0.339111707425896081 0.444717236949199513
0.786923020081331859 -0.344568472708778994 0.443944964700132727
0.785053205063015902 -0.350014959961948924 0.443172578149484575
0.783187966600056185 -0.355453556286856542 0.442400081957332769
0.781326015028126597 -0.360886632499619275 0.441627480784416215
0.779466021949122956 -0.366316544705026115 0.440854779292107424
0.777606619597554394 -0.371745635815724396 0.440081982142383921
0.775746399966812494 -0.377176237063011621 0.439309093997800659
0.773883913717796634 -0.382610669468372522 0.438536119521461376
0.772017668842437832 -0.388051245312128701 0.437763063376990780
0.770146129100587551 -0.393500269578905049 0.436989930228506185
0.768267712211048837 -0.398960041400381993 0.436216724740589701
0.766380787809453956 -0.404432855474761932 0.435443451578259699
0.764483675153199593 -0.409921003485712754 0.434670115406943058
0.762574640592304842 -0.415426775487360733 0.433896720892446575
0.760651894784193150 -0.420952461278034096 0.433123272700929207
0.758713589652064924 -0.426500351745671025 0.432349775498873712
0.756757815106304133 -0.432072740161912383 0.431576233953058608
0.754782595448846738 -0.437671923485739467 0.430802652730529700
0.752785885572098357 -0.443300203565594630 0.430029036498572770
0.750765566797952699 -0.448959888351489034 0.429255389924684039
0.748719442513148481 -0.454653292976211709 0.428481717676543417
0.746645233327232982 -0.460382740929723533 0.427708024421985300
0.744540572081906826 -0.466150565003520201 0.426934314828971262
0.742402998340286224 -0.471959108322591692 0.426160593565560908
0.740229952575777395 -0.477810725241876955 0.425386865299884787
0.738018769889015824 -0.483707782229156225 0.424613134700115247
0.735766673271152971 -0.489652658688888909 0.423839406434439070
0.733470766362898985 -0.495647747731431387 0.423065685171028827
0.731128025631408995 -0.501695456915839832 0.422291975578014622
0.728735291957756659 -0.507798208923812222 0.421518282323456672
0.726289261512253037 -0.513958442218086398 0.420744610075315939
0.723786475896681991 -0.520178611636782029 0.419970963501427319
0.721223311440449710 -0.526461188954095660 0.419197347269470222
0.718595967583666062 -0.532808663371504565 0.418423766046941481
0.715900454235915418 -0.539223541953772090 0.417650224501126266
0.713132578016418939 -0.545708349963448969 0.416876727299070882
0.710287927244267592 -0.552265631089642883 0.416103279107553403
0.707361855575533993 -0.558897947511010074 0.415329884593057030
0.704349464112978052 -0.565607879768745381 0.414556548421740223
0.701245581872895762 -0.572398026363567736 0.413783275259410332
0.698044744416017604 -0.579271003013567043 0.413010069771493848
0.694741170480750125 -0.586229441467156498 0.412236936623009365
0.691328736405542932 -0.593275987755167544 0.411463880478538657
0.687800948155177450 -0.600413299728924210 0.410690906002199319
0.684150910689347080 -0.607644043714454574 0.409918017857616057
0.680371294449357622 -0.614970890074088006 0.409145220707892665
0.676454298679108557 -0.622396507415230338 0.408372519215583762
0.671560820815092940 -0.631441369189828072 0.407599918042667209
0.667311546511546005 -0.639093616811987619 0.406827421850515403
0.662896271819581440 -0.646853063132390327 0.406055035299867251
0.658304732755456090 -0.654722262193335403 0.405282763050800465
0.653525940311062592 -0.662703700536964702 0.404510609762702811
0.648548116786693662 -0.670799773975144120 0.403738580094244404
0.643358626360414854 -0.679012759277203171 0.402966678703349568
0.637943899402461989 -0.687344779854817678 0.402194910247168913
0.632289350090053048 -0.695797764337383717 0.401423279382050524
0.626379286826777570 -0.704373396764550241 0.400651790763512761
0.620196814980194522 -0.713073056907424396 0.399880449046215336
0.613723731491462865 -0.721897748963262642 0.399109258883932283
0.606940410911927630 -0.730848016599039085 0.398338224929522700
0.599825682510399472 -0.739923841965707707 0.397567351834903382
0.592356698186331299 -0.749124525904616867 0.396796644251020736
0.584508791074994871 -0.758448546122078904 0.396026106827822577
0.576255324957556048 -0.767893389554636707 0.395255744214229765
0.567567534869767187 -0.777455354563709289 0.394485561058108725
0.558414359757703593 -0.787129317856713473 0.393715562006243303
0.548762268548806165 -0.796908460266937180 0.392945751704306401
0.538575081803566724 -0.806783944602943337 0.392176134796831943
0.527813792086230138 -0.816744537766269763 0.391406715927187232
0.516436387521609586 -0.826776168243438025 0.390637499737544969
0.504397684694182891 -0.836861408903358472 0.389868490868854556
0.491649179283916327 -0.846978873758549300 0.389099693960814785
0.478138925635653855 -0.857102516174518048 0.388331113651845694
0.463811460083318694 -0.867200814854789503 0.387562754579060531
0.448607787406180125 -0.877235833065181381 0.386794621378237391
0.432465455476867322 -0.887162136144881375 0.386026718683791847
0.415318750243403922 -0.896925552679478044 0.385259051128749030
0.397099051768771971 -0.906461766263998103 0.384491623344714872
0.377735402484684513 -0.915694728099443411 0.383724439961849018
0.357155350982150455 -0.924534886629065467 0.382957505608836291
0.339766583882597506 -0.931254206026810638 0.382190824912859439
0.316814517734621659 -0.939110991362198111 0.381424402499570547
0.292447199862657103 -0.946235242263197662 0.380658242993063167
0.266601640821246322 -0.952467181095009940 0.379892351015845064
0.239224156914534247 -0.957623230603359299 0.379126731188809796
0.210274822809951856 -0.961493998251746640 0.378361388131208842
0.179732994802445922 -0.963842682998762190 0.377596326460623632
0.147604020819708359 -0.964404208033359023 0.376831550792938397
0.113927202085007451 -0.962885477788708366 0.376067065742311524
0.078784979576839942 -0.958967259909560443 0.375302875921148027
0.042313172888330253 -0.952308290498938947 0.374538985940071401
0.004711887408431259 -0.942552272949364944 0.373775400407896752
-0.033743578103158867 -0.929338455013599241 0.373012123931601880
-0.072692841848535139 -0.912316382302336915 0.372249161116299909
-0.111682974096619703 -0.891165188009616638 0.371486516565211977
-0.150165231517103037 -0.865617338960489868 0.370724194879638425
-0.187498014153163750 -0.835486087330801430 0.369962200658932039
-0.222958066674527777 -0.800694991601125672 0.369200538500469633
-0.255761546618676339 -0.761306860877519975 0.368439212999625065
-0.285095670466031181 -0.717548530310457622 0.367678228749740488
-0.310160201147561487 -0.669827268497403483 0.366917590342099198
-0.330216197135260570 -0.618734663208536873 0.366157302365898329
-0.344637536075484641 -0.565034778796799531 0.365397369408220485
-0.351798720578208435 -0.520803827070964398 0.364637796054006091
-0.355039278782566026 -0.464766515682312975 0.363878586886026256
-0.351862952191286549 -0.408875350532387771 0.363119746484854844
-0.342409895019631927 -0.354169787110431789 0.362361279428840721
-0.327036370783990393 -0.301622643208076135 0.361603190294080168
-0.306284911301254514 -0.252087643491543723 0.360845483654389343
-0.280841005672617217 -0.206260478165201377 0.360088164081276974
-0.251482518909007857 -0.164656477721696420 0.359331236143916044
-0.219028309918414016 -0.127605189637370053 0.358574704409116762
-0.184291579341581468 -0.095259727027272520 0.357818573441299359
-0.148041767236946398 -0.067617186959273767 0.357062847802465555
-0.110976871866332913 -0.044545837132034131 0.356307532052171694
-0.081150845654022585 -0.029227565368107323 0.355552630747501208
-0.044089909858807792 -0.013755338509952461 0.354798148443037253
-0.007677350782354496 -0.002050803997298750 0.354044089690834618
0.027743630244731310 0.006247890541217670 0.353290459040392801
0.061914080795388772 0.011509058047750480 0.352537261038628369
0.094648895971431335 0.014093461472869537 0.351784500229847863
0.125825633253208446 0.014344438524954754 0.351032181155719714
0.155373503803876045 0.012581524006146719 0.350280308355247205
0.183263155442461384 0.009096867836980979 0.349528886364741498
0.204382093774296503 0.005247404054223331 0.348777919717793483
0.229311227795270911 -0.000692219977177305 0.348027412945247028
0.252647935522405831 -0.007688103586874773 0.347277370575171052
0.274448236127247891 -0.015554231409363614 0.346527797132833160
0.294777283101427479 -0.024128772272380056 0.345778697140671221
0.313705823575577580 -0.033271797727522229 0.345030075118266999
0.331307459485768563 -0.042862964261955488 0.344281935582318011
0.344483396344570814 -0.050788810108557708 0.343534283046611377
0.359883574364698144 -0.060937345121461012 0.342787122021995572
0.374162446407616867 -0.071282639186932506 0.342040457016353661
0.387389708224471274 -0.081759521755767423 0.341294292534576271
0.399631997027908192 -0.092313065778856396 0.340548633078533836
0.410952549919263055 -0.102897164176989520 0.339803483147050112
0.421411022720535433 -0.113473280109336716 0.339058847235874428
0.429194865822572269 -0.121906690573257426 0.338314729837655315
0.438240311696858176 -0.132391403363743915 0.337571135441912362
0.446571449848817970 -0.142791770238855448 0.336828068535010128
0.454234406600307117 -0.153089250668626109 0.336085533600130215
0.461272026995136530 -0.163268828762222623 0.335343535117245406
0.466478681760235436 -0.171319432422270268 0.334602077563091016
0.472488846644934957 -0.181258200791935775 0.333861165411139194
0.477977657645249909 -0.191051520772626909 0.333120803131571552
0.482977090911933804 -0.200693520468874287 0.332380995191252027
0.487516691133934255 -0.210179908896084955 0.331641746053699893
0.490835697276486960 -0.217654951182934098 0.330903060179063069
0.494614933154400915 -0.226854536988997518 0.330164942024091357
0.498005535266366650 -0.235892915951919163 0.329427396042108855
0.501029279948097317 -0.244769816483387748 0.328690426682987813
0.503706243727793490 -0.253485639567938015 0.327954038393121539
0.505610615556296050 -0.260342949095234255 0.327218235615397535
0.507709013750585858 -0.268771552660327262 0.326483022789170574
0.509508830617421249 -0.277042847533763070 0.325748404350236054
0.511024745300674432 -0.285158858447695895 0.325014384730803463
0.512042175444880177 -0.291541381342426797 0.324280968359469235
0.513080340485472686 -0.299383730094208045 0.323548159661190049
0.513869684195526810 -0.307077594595207448 0.322815963057256461
0.514420822435802672 -0.314625657019166338 0.322084382965266092
0.514696784714509414 -0.320560977181574280 0.321353423799096927
0.514843080280275256 -0.327853556379052336 0.320623089968880448
0.514776311262618802 -0.335008113144712572 0.319893385880975489
0.514503988467774898 -0.342027434494877602 0.319164315937941478
0.514142734042905447 -0.347547374017507571 0.318435884538511682
0.513517150691565782 -0.354330174930258535 0.317708096077566726
0.512703479736939083 -0.360985303406957059 0.316980954946108506
0.511706804742867671 -0.367515319941507546 0.316254465531233042
0.510780763966604545 -0.372650910624818421 0.315528632216104443
0.509465744719440949 -0.378961854791356245 0.314803459379928152
0.507979103142895072 -0.385154289676219119 0.314078951397925132
0.506668339009933133 -0.390024338634123280 0.313355112641304667
0.504880351026753993 -0.396008695791267684 0.312631947477238548
0.502928360012790510 -0.401880099937759638 0.311909460268834315
0.500814262187378456 -0.407640235462940148 0.311187655375109562
0.499007280622482785 -0.412169251036209883 0.310466537150965005
0.496604876249944982 -0.417732782793180990 0.309746109947158288
0.494043547649306247 -0.423188797828281005 0.309026378110278277
0.491880349580033127 -0.427476851671934610 0.308307345982718140
0.489033753800358795 -0.432741615923999012 0.307589017902649531
0.486028476036851564 -0.437901001764155473 0.306871398203996282
0.483509616599225145 -0.441952862475861352 0.306154491216408586
0.480216984450927309 -0.446923206605586376 0.305438301265236245
0.477466872642541507 -0.450823804188863142 0.304722832671503130
0.473882942536527463 -0.455604615728551487 0.304008089751880761
0.470134738452990031 -0.460279301790290862 0.303294076818662772
0.467016445730526975 -0.463941986067998802 0.302580798179738097
0.462966828756637971 -0.468422923470381614 0.301868258138565604
0.458745972136244129 -0.472794091227455082 0.301156460994148056
0.455243892463979227 -0.476210659214330700 0.300445411041005861
0.450706642881718689 -0.480378918991062220 0.299735112569151418
0.446946764790394857 -0.483629840106528430 0.299025569864063145
0.442080873376249517 -0.487586203370652338 0.298316787206659995
0.437026338371701684 -0.491419932344792532 0.297608768873274754
0.432843676179415771 -0.494395824215521973 0.296901519135629122
0.427437244746884271 -0.497997864826945524 0.296195042260807340
0.422966202163334359 -0.500781941746424764 0.295489342511231157
0.417190141821779603 -0.504135140759407463 0.294784424144633184
0.411200247569182831 -0.507341185663438554 0.294080291414031747
0.406249981666349291 -0.509795153761638198 0.293376948567705464
0.399858411598789876 -0.512717190573018788 0.292674399849167044
0.394577637566139783 -0.514932871918589941 0.291972649497137970
0.387760883510075316 -0.517541712039823354 0.291271701745522582
0.382129889346524643 -0.519493364688272341 0.290571560823383868
0.374862195241037255 -0.521753571604697930 0.289872230954915933
0.368859503046212789 -0.523410018064403681 0.289173716359419908
0.361112970500310215 -0.525278756961846116 0.288476021251277581
0.354715463182948054 -0.526602371137113168 0.287779149839927695
0.346460275767973169 -0.528028014657106914 0.287083106329838189
0.337909037784474342 -0.529181407054296504 0.286387894920482278
0.330848267753979020 -0.529893934775053199 0.285693519806313190
0.321739216080033141 -0.530502356686979204 0.284999985176738024
0.314219281363258718 -0.530747428015264311 0.284307295216093381
0.304520196361623419 -0.530728267458150493 0.283615454103619102
0.296515562297442248 -0.530433485628434731 0.282924466013434350
0.288287652158660201 -0.529871845885043102 0.282234335114511015
0.277681932105497409 -0.528766110174297421 0.281545065570649733
0.268935659379850256 -0.527533810689015503 0.280856661540454244
0.257669789022186180 -0.525522318553013568 0.280169127177306077
0.248387119779693022 -0.523506593913814822 0.279482466629339732
0.236443005088336572 -0.520435162642739368 0.278796684039418097
0.226614005184524570 -0.517501216098304018 0.278111783545106850
0.213986489169686461 -0.513185811532821057 0.277427769278649428
0.203614246079107275 -0.509173046427471188 0.276744645366942488
0.190318454446752439 -0.503394932759756109 0.276062415931510929
0.179426062705174527 -0.498113032548671619 0.275381085088483135
0.168317254834221219 -0.492197370979854498 0.274700656948565658
0.154148088005559653 -0.483839253715099393 0.274021135617018741
0.142608416966290341 -0.476319935853364240 0.273342525193631669
0.127967156448788838 -0.465790373156532045 0.272664829772698014
0.116117387817351148 -0.456391667697072512 0.271988053442990652
0.104186244072152628 -0.446059949301448377 0.271312200287737060
0.089227732937986415 -0.431735458210639411 0.270637274384595228
0.077292811725011706 -0.419066961793626735 0.269963279805628786
0.062524078021125834 -0.401608536928768023 0.269290220617281972
0.050926959496992080 -0.386260100466428058 0.268618100880355593
0.039625855618232203 -0.369610513397401141 0.267946924649982543
0.026085027287230583 -0.346871141442965880 0.267276695975603384
0.015877210144772946 -0.327066441355975845 0.266607418900941251
0.006383823931445459 -0.305773711056139874 0.265939097463978480
-0.004223381092634426 -0.277009187142936542 0.265271735696931188
-0.011473602413253486 -0.252254395669627041 0.264605337626225900
-0.017402095198814499 -0.225952175943990030 0.263939907272474572
-0.022611268045477084 -0.190945741644003131 0.263275448650450827
-0.024725383000558751 -0.161316761591719926 0.262611965769065092
-0.024743839429357990 -0.130357768082070447 0.261949462631341390
-0.022413146152438390 -0.098218883665399506 0.261287943234391862
-0.015817896166176029 -0.056691635155624559 0.260627411569394229
-0.007312497512911475 -0.022696774513107670 0.259967871621566038
0.004285304940981204 0.011650716330992593 0.259309327370142229
0.023375711307020514 0.054526294499761055 0.258651782788349882
0.042449211397826453 0.088280078623971442 0.257995241843384959
0.064938664830969772 0.121065215645180663 0.257339708496387765
0.090797725999284401 0.152414829752023528 0.256685186702419799
0.127655007124955477 0.188868123266430266 0.256031680410439610
0.160493208596375864 0.215293738210555363 0.255379193563278428
0.195973010372677336 0.238840192502657978 0.254727730097616900
0.233704377962382637 0.259155316856218121 0.254077293943961557
0.283346260747198264 0.279587298068043832 0.253427889026620723
0.324439385798490409 0.291739121111946442 0.252779519263680752
0.366201376109674792 0.300068814409387707 0.252132188566982385
0.408120216478797981 0.304586459495625184 0.251485900842097765
0.449706444853033127 0.305388174206850938 0.250840659988306292
0.500540015274525629 0.301433715452488815 0.250196469898570972
0.539810565431749767 0.294600197141917319 0.249553334459515330
0.577486448766628357 0.284820302682912030 0.248911257551399867
0.613310562425139816 0.272417681145579627 0.248270243048098749
0.647090807684939429 0.257731021467564658 0.247630294817075935
0.678696793333295356 0.241101251091781071 0.246991416719362256
0.708054315823221980 0.222860873031796664 0.246353612609532258
0.741555360054021229 0.198274429281859205 0.245716886335680784
0.765825181555549683 0.177529674954584826 0.245081241739399380
0.787905648564586558 0.156111745827297366 0.244446682655753811
0.807879075780148614 0.134251197339350758 0.243813212913260191
0.825845769272053443 0.112149509903206823 0.243180836333862671
0.841918253108693615 0.089979943112114436 0.242549556732909621
0.856216392045348273 0.067889141213218374 0.241919377919131262
0.868863396108176422 0.045999222919658966 0.241290303694616182
0.879982646662173962 0.024410138894128186 0.240662337854788411
0.889695256550240510 0.003202129515604335 0.240035484188385162
0.900035735939518244 -0.022677527487961036 0.239409746477433349
0.907003095431533346 -0.042820466203090490 0.238785128497226773
0.912923396819932731 -0.062429067570308083 0.238161634016303414
0.917893760040899065 -0.081481328448324009 0.237539266796423398
0.922004391818111890 -0.099963883509878060 0.236918030592545070
0.925338615641021711 -0.117870497806531693 0.236297929152803232
0.927973041557870970 -0.135200755515643423 0.235678966218485830
0.929977834190025776 -0.151958930665402892 0.235061145524012804
0.931417045942252164 -0.168153023261252421 0.234444470796911636
0.932348989771510039 -0.183793943182661401 0.233828945757796114
0.932826631920367966 -0.198894824436237905 0.233214574120343354
0.932897990030108537 -0.213470453100204682 0.232601359591271956
0.932606526001701130 -0.227536793544293015 0.231989305870319185
0.931991526150001137 -0.241110598904476781 0.231378416650218466
0.931088463613585438 -0.254209093333788438 0.230768695616677788
0.929929339879772332 -0.266849714992783926 0.230160146448356639
0.928543003689658919 -0.279049910173268245 0.229552772816844636
0.927369878544421544 -0.287921438124797757 0.228946578386638622
0.925646898289563369 -0.299392328443946865 0.228341566815121244
0.923762113777490512 -0.310469604531451004 0.227737741752538220
0.921734996108495963 -0.321169561079747645 0.227135106841976964
0.919583066747253541 -0.331507997764665774 0.226533665719343968
0.917322090504057219 -0.341500178557139433 0.225933422013343488
0.914966250348674182 -0.351160805081521588 0.225334379345455083
0.912528305457043443 -0.360504001291612364 0.224736541329912165
0.910019733847669765 -0.369543307250162212 0.224139911573680239
0.907450860936859893 -0.378291680118107376 0.223544493676434614
0.905490257143295896 -0.384669504210352509 0.222950291230539055
0.902837642727301937 -0.392938195324041173 0.222357307821024419
0.900148082504121705 -0.400948649646130084 0.221765547025566445
0.897428518992305690 -0.408711730260464645 0.221175012414464467
0.894685196662781568 -0.416237780384721923 0.220585707550619681
0.891923731401756958 -0.423536643076345976 0.219997635989513968
0.889843783495238183 -0.428867348480317212 0.219410801279188383
0.887062409765711823 -0.435790887282806572 0.218825206960221313
0.884275581716819969 -0.442511897382746433 0.218240856565707519
0.881487062732143167 -0.449038532016232228 0.217657753621236849
0.878700231372880891 -0.455378543717342599 0.217075901644872893
0.876613050697340190 -0.460015529826885761 0.216495304147131529
0.873836275242904303 -0.466046473517409687 0.215915964630959911
0.871068783446204087 -0.471910212752573832 0.215337886591715516
0.868312811130442785 -0.477613174996219747 0.214761073517145018
0.866254600716180767 -0.481788578566926529 0.214185528887362697
0.863523459007203287 -0.487224727613891240 0.213611256174830066
0.860808814631602637 -0.492516233560507444 0.213038258844334860
0.858784533097754155 -0.496393172087567169 0.212466540352969940
0.856102133375138297 -0.501444289164850843 0.211896104150112174
0.853439808973948666 -0.506364901542120327 0.211326953677402479
0.850798578379375225 -0.511159715455018593 0.210759092368723977
0.848832037221492808 -0.514675982364769413 0.210192523650182150
0.846229786493627456 -0.519261345387907469 0.209627250940083665
0.843650792582663511 -0.523732799936634019 0.209063277648916135
0.841732165048152181 -0.527014036192998803 0.208500607179326947
0.839195222315581968 -0.531295614058037158 0.207939242926103607
0.836682926061113941 -0.535473813834900669 0.207379188276152232
0.834815089754432638 -0.538541752303762666 0.206820446608478120
0.832346715667417802 -0.542547453248138134 0.206263021294164489
0.830512112455151108 -0.545489862525003977 0.205706915696352854
0.828088345149703753 -0.549333128816996474 0.205152133170222351
0.825690246416474927 -0.553087826523560144 0.204598677062969414
0.823908556037683759 -0.555847500479737522 0.204046550713787689
0.821555494205125525 -0.559454213147044466 0.203495757453848236
0.819807578995972897 -0.562106110883655252 0.202946300606278940
0.817499484699826695 -0.565573256965102633 0.202398183486144662
0.815785206052095369 -0.568123484349307817 0.201851409400427062
0.813521788079967889 -0.571458940318694264 0.201305981648004950
0.811840853690310782 -0.573913214101332669 0.200761903519634410
0.809621631647037932 -0.577124359395017272 0.200219178297928596
0.807427385922472096 -0.580267605747190496 0.199677809257337857
0.805797951362452913 -0.582581795931051083 0.199137799664130727
0.803646832393614119 -0.585611417726692229 0.198599152776373439
0.802049437834816858 -0.587842779997040710 0.198061871843910497
0.800465573443609468 -0.590040057172682264 0.197525960108345194
0.798374577241804495 -0.592918145604453217 0.196991420803020012
0.796821772186507293 -0.595039026630383772 0.196458257152997223
0.794771687918149894 -0.597818079859882334 0.195926472375038851
0.793249178367368857 -0.599866743588800211 0.195396069677588241
0.791238953222260122 -0.602552166543221079 0.194867052260749796
0.789745926731832415 -0.604532545374715680 0.194339423316269994
0.787774451114717889 -0.607129424853172339 0.193813186027518514
0.786310058390111477 -0.609045220031208978 0.193288343569468529
0.784857670438227073 -0.610934415194285485 0.192764899108677640
0.782939546314895818 -0.613413039303130736 0.192242855803268775
0.781514535738833227 -0.615242564161538885 0.191722216802911405
0.779632318392131873 -0.617643788196742927 0.191202985248802360
0.778233788577945118 -0.619416836869408405 0.190685164273646623
0.776846331793786815 -0.621166611895932141 0.190168757001638655
0.775013328074040331 -0.623464368510192712 0.189653766548444014
0.773651065234702506 -0.625161903727269763 0.189140196021179541
0.772299325324494301 -0.626837902220721888 0.188628048518395514
0.770513091897165880 -0.629039913057719557 0.188117327130056300
0.769185271288026606 -0.630667548255394506 0.187608034937522289
0.767867432893207580 -0.632275234754948734 0.187100175013531100
0.766559417471333937 -0.633863421402458438 0.186593750422178684
0.764830405082215226 -0.635951423297036023 0.186088764218901248
0.763544700592123093 -0.637495787205904496 0.185585219450456806
0.762268301589714481 -0.639022059955592692 0.185083119154906633
0.760580651498931504 -0.641029633410323485 0.184582466361596864
0.759325383823712063 -0.642515218648953890 0.184083264091140619
0.758078929284678682 -0.643983993059857207 0.183585515355399187
0.756841145904570967 -0.645436316833477464 0.183089223157464454
0.755611894584165444 -0.646872539469703356 0.182594390491640279
0.753985930145241623 -0.648763041179656663 0.182101020343424957
0.752776063136930018 -0.650162994936385408 0.181609115689492451
0.751574286896162347 -0.651547937618256912 0.181118679497675406
0.750380476169853150 -0.652918174437804200 0.180629714726946222
0.749194509181555723 -0.654274000838486525 0.180142224327400208
0.747625217437489220 -0.656059845856222790 0.179656211240236729
0.746457099102819210 -0.657383143274525183 0.179171678397742395
0.745296444786498036 -0.658692946662326029 0.178688628723273041
0.744143148731228110 -0.659989511027838982 0.178207065131235742
0.742997109062976779 -0.661273082474934548 0.177726990527071554
0.741858227847139728 -0.662543898361476424 0.177248407807238162
0.740726411136902074 -0.663802187458710780 0.176771319859192089
0.739601569015122196 -0.665048170110653536 0.176295729561371350
0.738483615627988366 -0.666282058394908616 0.175821639783178052
0.737372469210392678 -0.667504056286230218 0.175349053384961262
0.735901395645643275 -0.669115228341941592 0.174877973217999694
0.734805837280692042 -0.670310230923743200 0.174408402124484219
0.733716843054368684 -0.671493966614931215 0.173940342937500991
0.732634349038207233 -0.672666606191728467 0.173473798481014518
0.731558295398755054 -0.673828313227676001 0.173008771569850284
0.730488626373152705 -0.674979244270351386 0.172545265009677762
0.729425290236371815 -0.676119549021123034 0.172083281596993737
0.728368239255013483 -0.677249370523232974 0.171622824119105372
0.727317429638432378 -0.678368845347048999 0.171163895354113277
0.726272821474918895 -0.679478103785254528 0.170706498070894802
0.725234378662302670 -0.680577270048335570 0.170250635029087161
0.724202068831246604 -0.681666462462280909 0.169796308979071303
0.723517255154322969 -0.682387105568613372 0.169343522661954737
0.722495104867697746 -0.683459922528078523 0.168892278809555235
0.721479018773963143 -0.684523053990721553 0.168442580144384513
0.720468977353775353 -0.685576598495688305 0.167994429379631272
0.719464964325483458 -0.686620649689895224 0.167547829219145628
0.718466966521893236 -0.687655296543252303 0.167102782357422014
0.717474973744235411 -0.688680623581829687 0.166659291479583554
0.716488978621487749 -0.689696711110387883 0.166217359261365216
0.715508976453890111 -0.690703635445835129 0.165776988369098488
0.714858969915933562 -0.691369863653356953 0.165338181459694394
0.713888952306853897 -0.692361675499231999 0.164900941180628258
0.712924926938370396 -0.693344509939606612 0.164465270169923072
0.711966897479451855 -0.694318430672226206 0.164031171056134129
0.711014869466873423 -0.695283498503350361 0.163598646458332858
0.710068850115099348 -0.696239771586871115 0.163167698986090987
0.709441512934544605 -0.696872428620900708 0.162738331239465017
0.708505528002318585 -0.697814166561044225 0.162310545808980133
0.707575577708915993 -0.698747253648088318 0.161884345275615377
0.706651673763404098 -0.699671740311150980 0.161459732210787160
0.706039103012024660 -0.700283310929160296 0.161036709176334170
0.705125304303896860 -0.701193571464926557 0.160615278724501848
0.704217586343143354 -0.702095358995597385 0.160195443397927406
0.703315962653010773 -0.702988719281329555 0.159777205729623673
0.702718272599483162 -0.703579633242356284 0.159360568242964351
0.701826836087337425 -0.704459047795899407 0.158945533451668869
0.700941529553927745 -0.705330153894005774 0.158532103859786916
0.700354737044200482 -0.705906297167026353 0.158120281961683429
0.699479675078036323 -0.706763653347434739 0.157710070242023437
0.698610775451468768 -0.707612818071023830 0.157301471175757601
0.698034937825544599 -0.708174398843169461 0.156894487228106394
0.697176331741250821 -0.709010009328330915 0.156489120854546221
0.696323913681569984 -0.709837546879529269 0.156085374500793544
0.695759076426714196 -0.710384776025320575 0.155683250602791229
0.694916987208650472 -0.711198960017880633 0.155282751586692802
0.694359040880555889 -0.711737329726577217 0.154883879868848662
0.693527293557960167 -0.712538290064162139 0.154486637855791142
0.692701754306274120 -0.713331380403749216 0.154091027944219749
0.692154843766267125 -0.713855759460268802 0.153697052520987060
0.691339650106968184 -0.714635843659863323 0.153304713963084344
0.690799634273225216 -0.715151599114841274 0.152914014637626994
0.689994776564110013 -0.715918820206896123 0.152524956901840314
0.689461645745837348 -0.716426049395381348 0.152137543103045308
0.688667104418728027 -0.717180556460610297 0.151751775578644582
0.688140842148342924 -0.717679360872237382 0.151367656656108324
0.687356587272976105 -0.718421309366168770 0.150985188652959929
0.686837170064412583 -0.718911794815741745 0.150604373876762149
0.686063161055755488 -0.719641346758062350 0.150225214625103520
0.685550558259920173 -0.720123623464383189 0.149847713185584097
0.684786743735356973 -0.720840947489004291 0.149471871835801767
0.684280917488885643 -0.721315130068265642 0.149097692843338375
0.683777789650791390 -0.721786108058561471 0.148725178465746399
0.683028140524178373 -0.722486608730625202 0.148354330950535129
0.682531724199899381 -0.722949660261869798 0.147985152535156927
0.681792102404694123 -0.723638364060207540 0.147617645446993906
0.681302342736605393 -0.724093613808267089 0.147251811903344576
0.680815228849271259 -0.724545778617448177 0.146887654111410415
0.680089496254486114 -0.725218287120817817 0.146525174268282266
0.679608950940256307 -0.725662831047512724 0.146164374560927651
0.679131013639905690 -0.726104363777363537 0.145805257166176955
0.678418972050770175 -0.726761064051308914 0.145447824250710761
0.677947502836913185 -0.727195163447646564 0.145092077971046479
0.677478599102056767 -0.727626327860161570 0.144738020473525603
0.676780025310161903 -0.728267619929239718 0.144385653894300470
0.676317477786785859 -0.728691544229846166 0.144034980359321579
0.675857448875087474 -0.729112611820391110 0.143686001984324796
0.675399924455420964 -0.729530845382229787 0.143338720874818359
0.674718302118608393 -0.730152931835211461 0.142993139126070229
0.674266975193724472 -0.730564180334915103 0.142649258823095815
0.673818101031237293 -0.730972675086979384 0.142307082040644906
0.673371664239072354 -0.731378439242881373 0.141966610843189456
0.672927649175679599 -0.731781496029660916 0.141627847284910818
0.672266132522375548 -0.732381055862227459 0.141290793409687837
0.671828101812180445 -0.732777446255421294 0.140955451251084163
0.671392436282478799 -0.733171211032290659 0.140621822832335985
0.670959119309388674 -0.733562373641611809 0.140289910166339848
0.670528134081833760 -0.733950957555550287 0.139959715255640799
0.670099463610895230 -0.734336986262255631 0.139631240092419895
0.669460760507645469 -0.734911289699251680 0.139304486658482385
0.669037801544238531 -0.735291033163844698 0.138979456925245687
0.668617096643057907 -0.735668303619725350 0.138656152853727538
0.668198628149105245 -0.736043124519108138 0.138334576394534364
0.667782378286818412 -0.736415519284668307 0.138014729487848986
0.667368329170936914 -0.736785511301088158 0.137696614063419348
0.666956462809414674 -0.737153123913527386 0.137380232040546862
0.666546761117472908 -0.737518380416441244 0.137065585328074641
0.666139205922915978 -0.737881304050035269 0.136752675824376058
0.665733778975074353 -0.738241917993612939 0.136441505417343317
0.665330461951149532 -0.738600245361183738 0.136132075984376016
0.664929236464889772 -0.738956309195090699 0.135824389392369904
0.664530084070555693 -0.739310132463764424 0.135518447497705474
0.664132986273251902 -0.739661738053928208 0.135214252146237057
0.663737924532699197 -0.740011148768577542 0.134911805173281107
0.663344880269210790 -0.740358387322996858 0.134611108403605934
0.662953834869959735 -0.740703476340589528 0.134312163651419847
0.662564769693049227 -0.741046438350572489 0.134014972720361059
0.662177666074915017 -0.741387295782871991 0.133719537403486022
0.661792505332400749 -0.741726070967537288 0.133425859483258913
0.661409268769136194 -0.742062786130515351 0.133133940731541361
0.661218366208652042 -0.742230378121169321 0.132843782909580932
0.660837980838582251 -0.742564044692928804 0.132555387768000910
0.660459472872519604 -0.742895706340365392 0.132268757046789781
0.660082823599246193 -0.743225384907890918 0.131983892475290826
0.659708014311053192 -0.743553102127033183 0.131700795772191348
0.659335026307684591 -0.743878879614325750 0.131419468645512461
0.658963840899275288 -0.744202738869994884 0.131139912792598762
0.658778918333023822 -0.744363955846095493 0.130862129900108481
0.658410401809930712 -0.744684977804258907 0.130586121644002573
0.658043641232868515 -0.745004134754806979 0.130311889689535138
0.657678617978761371 -0.745321447774620505 0.130039435691243210
0.657496752035240717 -0.745479419363029194 0.129768761292936907
0.657134299908101460 -0.745794005731359677 0.129499868127689266
0.656773538670919144 -0.746106800311439278 0.129232757817826449
0.656414449810960865 -0.746417823734550345 0.128967431974918306
0.656235526746077436 -0.746572677675188201 0.128703892199768077
0.655878911820682586 -0.746881082764722759 0.128442140082403289
0.655523923162338762 -0.747187767704196815 0.128182177202065650
0.655347032943011221 -0.747340471425064212 0.127924005127202034
0.654994449273156976 -0.747644613907298750 0.127667625415454483
0.654643446064405055 -0.747947086395196581 0.127413039613651358
0.654468531435762113 -0.748097702589472724 0.127160249257797620
0.654119864772354731 -0.748397707194183304 0.126909255873065646
0.653772733135677298 -0.748696091070706671 0.126660060973786071
0.653599737307756223 -0.748844681319248306 0.126412666063438650
0.653254874384227135 -0.749140670520994423 0.126167072634643274
0.653083002804497825 -0.749288074278579463 0.125923282169150691
0.652740368240710467 -0.749581712042363124 0.125681296137833798
0.652399196973474038 -0.749873805938174987 0.125441116000678810
0.652229154539354261 -0.750019279820035578 0.125202743206776296
0.651890145045911029 -0.750309093133444849 0.124966179194312452
0.651721173598129755 -0.750453437204378182 0.124731425390560466
0.651384286382376221 -0.750741011690323590 0.124498483211871971
0.651216366268101754 -0.750884246678854006 0.124267354063668414
0.650881562222957122 -0.751169623491444005 0.124038039340432532
0.650714673993025405 -0.751311769819613562 0.123810540425700069
0.650381914437937581 -0.751594989487184395 0.123584858692051325
0.650216038867515334 -0.751736067256543405 0.123360995501102993
0.650050496619075657 -0.751876793249856457 0.123138952203499741
0.649720403704210470 -0.752157198626987267 0.122918730138906251
0.649555848869882935 -0.752296882338353123 0.122700330635999083
0.649227712106063892 -0.752575222525588061 0.122483755012458659
0.649064126073447323 -0.752713883247469462 0.122269004574961190
0.648737908536811347 -0.752990196455942007 0.122056080619171087
0.648575273000454144 -0.753127853102804723 0.121844984429732739
0.648412950284836587 -0.753265179193495449 0.121635717280263234
0.648089235390691853 -0.753538847863034711 0.121428280433344166
0.647927839285933338 -0.753675194479370925 0.121222675140514505
0.647766748144684490 -0.753811218618541723 0.121018902642262602
0.647445473061511567 -0.754082307360555038 0.120816964168019139
0.647285285306825608 -0.754217375873517559 0.120616860936149317
0.647125394894422001 -0.754352129726025389 0.120418594153945749
0.646965799957084808 -0.754486570830674719 0.120222165017621091
0.646647489128100772 -0.754754522353047852 0.120027574712300855
0.646488769587252543 -0.754888036505868665 0.119834824412016289
0.646330338224512690 -0.755021245379923767 0.119643915279697144
0.646172193261011163 -0.755154150795500745 0.119454848467164781
0.645856755503270152 -0.755419058441953006 0.119267625115125314
0.645699459243353036 -0.755551064219015744 0.119082246353162544
0.645542442452738952 -0.755682773628947424 0.118898713299731174
0.645385703448146608 -0.755814188395091513 0.118717027062150135
0.645229240567399831 -0.755945310219931943 0.118537188736595883
0.644917136635361654 -0.756206681750824616 0.118359199408095833
0.644761492367804001 -0.756336934755983292 0.118183060150521657
0.644606117791217237 -0.756466901418440973 0.118008772026582914
0.644451011354855607 -0.756596583332421080 0.117836336087820667
0.644296171529409989 -0.756725982071346559 0.117665753374601195
0.644141596810716810 -0.756855099184887248 0.117497024916109374
0.643987285717415481 -0.756983936200917862 0.117330151730342946
0.643833236795267494 -0.757112494622067866 0.117165134824105996
0.643679448613201699 -0.757240775928985088 0.117001975193003135
0.643525919766209764 -0.757368781578061312 0.116840673821433358
0.643372648874932396 -0.757496513001805205 0.116681231682584041
0.643219634587279376 -0.757623971607613078 0.116523649738425272
0.643066875578699126 -0.757751158777580591 0.116367928939703880
0.642914370549529934 -0.757878075870743295 0.116214070225937813
0.642762118229953439 -0.758004724219107695 0.116062074525410328
0.642610117378279777 -0.758131105129095206 0.115911942755164490
0.642458366779033785 -0.758257219883183509 0.115763675820997711
0.642306865250106385 -0.758383069734144710 0.115617274617456051
0.642155611634458667 -0.758508655911855012 0.115472740027829104
0.642004604806245438 -0.758633979618388521 0.115330072924144461
0.641853843672536284 -0.758759042026683206 0.115189274167162514
0.641703327167716941 -0.758883844285162201 0.115050344606371285
0.641553054257946065 -0.759008387514170213 0.114913285079981331
0.641403023941384154 -0.759132672805870490 0.114778096414920497
0.641253235247579489 -0.759256701224794384 0.114644779426829185
0.641253235247579489 -0.759256701224794384 0.114513334920055415
0.641103687238529618 -0.759380473807073630 0.114383763687649603
0.640954379008220498 -0.759503991560852465 0.114256066511360263
0.640805309684545743 -0.759627255464837114 0.114130244161628980
0.640656478426942178 -0.759750266470255453 0.114006297397585929
0.640507884429290408 -0.759873025498585486 0.113884226967045130
0.640507884429290408 -0.759873025498585486 0.113764033606500142
0.640359526919538458 -0.759995533441931714 0.113645718041119337
0.640211405159277658 -0.760117791163446688 0.113529280984741868
0.640063518445107560 -0.760239799496292723 0.113414723139873122
0.640063518445107560 -0.760239799496292723 0.113302045197680529
0.639915866107182985 -0.760361559244878915 0.113191247837989437
0.639768447511976035 -0.760483071182714743 0.113082331729278909
0.639768447511976035 -0.760483071182714743 0.112975297528677909
0.639621262059997475 -0.760604336054317320 0.112870145881961009
0.639474309189186907 -0.760725354572556078 0.112766877423544909
0.639474309189186907 -0.760725354572556078 0.112665492776484119
0.639327588371048749 -0.760846127421822116 0.112565992552467672
0.639181099113221851 -0.760966655256045676 0.112468377351815099
0.639181099113221851 -0.760966655256045676 0.112372647763472971
0.639034840962178774 -0.761086938696590942 0.112278804365011281
0.638888813497952568 -0.761206978336568696 0.112186847722619942
0.638888813497952568 -0.761206978336568696 0.112096778391105545
0.638743016338324421 -0.761326774737543177 0.112008596913887773
0.638743016338324421 -0.761326774737543177 0.111922303822996186
0.638597449137574324 -0.761446328430606778 0.111837899639067123
0.638597449137574324 -0.761446328430606778 0.111755384871340541
0.638452111586922166 -0.761565639916136017 0.111674760017656721
0.638452111586922166 -0.761565639916136017 0.111596025564453569
0.638307003415037544 -0.761684709663349224 0.111519181986763555
0.638307003415037544 -0.761684709663349224 0.111444229748210735
0.638162124386911778 -0.761803538111414102 0.111371169301008127
0.638162124386911778 -0.761803538111414102 0.111300001085954892
0.638017474306248777 -0.761922125667526151 0.111230725532433697
0.638017474306248777 -0.761922125667526151 0.111163343058408165
0.637873053012594671 -0.762040472709281436 0.111097854070420235
0.637873053012594671 -0.762040472709281436 0.111034258963587817
0.637873053012594671 -0.762040472709281436 0.110972558121602394
0.637728860384046747 -0.762158579582624229 0.110912751916726629
0.637728860384046747 -0.762158579582624229 0.110854840709792277
0.637584896335665396 -0.762276446603153190 0.110798824850197819
0.637584896335665396 -0.762276446603153190 0.110744704675906469
0.637584896335665396 -0.762276446603153190 0.110692480513444172
0.637441160819607444 -0.762394074056059967 0.110642152677897440
0.637441160819607444 -0.762394074056059967 0.110593721472911730
0.637441160819607444 -0.762394074056059967 0.110547187190689372
0.637297653827764599 -0.762511462194181866 0.110502550111987896
0.637297653827764599 -0.762511462194181866 0.110459810506118417
0.637297653827764599 -0.762511462194181866 0.110418968630943887
0.637297653827764599 -0.762511462194181866 0.110380024732877557
0.637154375387239846 -0.762628611241610521 0.110342979046881562
0.637154375387239846 -0.762628611241610521 0.110307831796465444
0.637154375387239846 -0.762628611241610521 0.110274583193684828
0.637154375387239846 -0.762628611241610521 0.110243233439140137
0.637154375387239846 -0.762628611241610521 0.110213782721975392
0.637011325564373232 -0.762745521390542858 0.110186231219877029
0.637011325564373232 -0.762745521390542858 0.110160579099072869
0.637011325564373232 -0.762745521390542858 0.110136826514331099
0.637011325564373232 -0.762745521390542858 0.110114973608959388
0.637011325564373232 -0.762745521390542858 0.110095020514803896
0.637011325564373232 -0.762745521390542858 0.110076967352248589
0.637011325564373232 -0.762745521390542858 0.110060814230214563
0.637011325564373232 -0.762745521390542858 0.110046561246159164
0.636868504461820306 -0.762862192803752448 0.110034208486075674
0.636868504461820306 -0.762862192803752448 0.110023756024492547
0.636868504461820306 -0.762862192803752448 0.110015203924473198
0.636868504461820306 -0.762862192803752448 0.110008552237615381
0.636868504461820306 -0.762862192803752448 0.110003801004051049
0.636868504461820306 -0.762862192803752448 0.110000950252446050
0.636868504461820306 -0.762862192803752448 0.110000000000000001
