0.741644688093334170 -0.606876639223899339 0.739999999999999991
0.741644688093334170 -0.606876639223899339 0.739999049747553928
0.741644688093334170 -0.606876639223899339 0.739996198995948928
0.741644688093334170 -0.606876639223899339 0.739991447762384680
0.741644688093334170 -0.606876639223899339 0.739984796075526807
0.741644688093334170 -0.606876639223899339 0.739976243975507431
0.741644688093334170 -0.606876639223899339 0.739965791513924276
0.741644688093334170 -0.606876639223899339 0.739953438753840897
0.741644688093334170 -0.606876639223899339 0.739939185769785457
0.741644688093334170 -0.606876639223899339 0.739923032647751389
0.741644688093334170 -0.606876639223899339 0.739904979485196068
0.741644688093334170 -0.606876639223899339 0.739885026391040590
0.741644688093334170 -0.606876639223899339 0.739863173485668879
0.741644688093334170 -0.606876639223899339 0.739839420900927136
0.741644688093334170 -0.606876639223899339 0.739813768780122949
0.741644688093334170 -0.606876639223899339 0.739786217278024627
0.741644688093334170 -0.606876639223899339 0.739756766560859869
0.741644688093334170 -0.606876639223899339 0.739725416806315206
0.741644688093334170 -0.606876639223899339 0.739692168203534561
0.741644688093334170 -0.606876639223899339 0.739657020953118471
0.741644688093334170 -0.606876639223899339 0.739619975267122420
0.741644688093334170 -0.606876639223899339 0.739581031369056063
0.741644688093334170 -0.606876639223899339 0.739540189493881561
0.741644688093334170 -0.606876639223899339 0.739497449888012137
0.741644688093334170 -0.606876639223899339 0.739452812809310633
0.741644688093334170 -0.606876639223899339 0.739406278527088290
0.741644688093334170 -0.606876639223899339 0.739357847322102524
0.741644688093334170 -0.606876639223899339 0.739307519486555820
0.741644688093334170 -0.606876639223899339 0.739255295324093509
0.741644688093334170 -0.606876639223899339 0.739201175149802103
0.741644688093334170 -0.606876639223899339 0.739145159290207743
0.741644688093334170 -0.606876639223899339 0.739087248083273307
0.741644688093334170 -0.606876639223899339 0.739027441878397529
0.741644688093334170 -0.606876639223899339 0.738965741036412216
0.741644688093334170 -0.606876639223899339 0.738902145929579812
0.741644688093334170 -0.606876639223899339 0.738836656941591730
0.741644688093334170 -0.606876639223899339 0.738769274467566239
0.741644688093334170 -0.606876639223899339 0.738699998914045142
0.741644688093334170 -0.606876639223899339 0.738628830698991878
0.741644688093334170 -0.606876639223899339 0.738555770251789201
0.741644688093334170 -0.606876639223899339 0.738480818013236395
0.741644688093334170 -0.606876639223899339 0.738403974435546395
0.741644688093334170 -0.606876639223899339 0.738325239982343340
0.741644688093334170 -0.606876639223899339 0.738244615128659576
0.741644688093334170 -0.606876639223899339 0.738162100360932882
0.741644688093334170 -0.606876639223899339 0.738077696177003806
0.741644688093334170 -0.606876639223899339 0.737991403086112219
0.741644688093334170 -0.606876639223899339 0.737903221608894433
0.741644688093334170 -0.606876639223899339 0.737813152277379980
0.741644688093334170 -0.606876639223899339 0.737721195634988725
0.741644688093334170 -0.606876639223899339 0.737627352236526979
0.741644688093334170 -0.606876639223899339 0.737531622648184837
0.741644688093334170 -0.606876639223899339 0.737434007447532291
0.741644688093334170 -0.606876639223899339 0.737334507223515900
0.741644688093334170 -0.606876639223899339 0.737233122576455124
0.741644688093334170 -0.606876639223899339 0.737129854118038996
0.741644688093334170 -0.606876639223899339 0.737024702471322124
0.741644688093334170 -0.606876639223899339 0.736917668270721027
0.741644688093334170 -0.606876639223899339 0.736808752162010583
0.741644688093334170 -0.606876639223899339 0.736697954802319477
0.741644688093334170 -0.606876639223899339 0.736585276860126870
0.741644688093334170 -0.606876639223899339 0.736470719015258179
0.741644688093334170 -0.606876639223899339 0.736354281958880641
0.741644688093334170 -0.606876639223899339 0.736235966393499863
0.741644688093334170 -0.606876639223899339 0.736115773032954834
0.741644688093334170 -0.606876639223899339 0.735993702602414035
0.741644688093334170 -0.606876639223899339 0.735869755838370998
0.741644688093334170 -0.606876639223899339 0.735743933488639756
0.741644688093334170 -0.606876639223899339 0.735616236312350402
0.741644688093334170 -0.606876639223899339 0.735486665079944646
0.741644688093334170 -0.606876639223899339 0.735355220573170709
0.741644688093334170 -0.606876639223899339 0.735221903585079439
0.741644688093334170 -0.606876639223899339 0.735086714920018758
0.741644688093334170 -0.606876639223899339 0.734949655393628665
0.741644688093334170 -0.606876639223899339 0.734810725832837464
0.741644688093334170 -0.606876639223899339 0.734669927075855544
0.741644688093334170 -0.606876639223899339 0.734527259972170943
0.741644688093334170 -0.606876639223899339 0.734382725382543899
0.741644688093334170 -0.606876639223899339 0.734236324179002309
0.741644688093334170 -0.606876639223899339 0.734088057244835501
0.741644688093334170 -0.606876639223899339 0.733937925474589692
0.741644688093334170 -0.606876639223899339 0.733785929774062096
0.741644688093334170 -0.606876639223899339 0.733632071060296154
0.741644688093334170 -0.606876639223899339 0.733476350261574761
0.741644688093334170 -0.606876639223899339 0.733318768317415937
0.741644688093334170 -0.606876639223899339 0.733159326178566717
0.741644688093334170 -0.606876639223899339 0.732998024806996828
0.741644688093334170 -0.606876639223899339 0.732834865175894024
0.741644688093334170 -0.606876639223899339 0.732669848269657087
0.741644688093334170 -0.606876639223899339 0.732502975083890617
0.741644688093334170 -0.606876639223899339 0.732334246625398921
0.741644688093334170 -0.606876639223899339 0.732163663912179352
0.741644688093334170 -0.606876639223899339 0.731991227973417091
0.741644688093334170 -0.606876639223899339 0.731816939849478376
0.741644688093334170 -0.606876639223899339 0.731640800591904172
0.741644688093334170 -0.606876639223899339 0.731462811263404067
0.741644688093334170 -0.606876639223899339 0.731282972937849940
0.741644688093334170 -0.606876639223899339 0.731101286700268749
0.741644688093334170 -0.606876639223899339 0.730917753646837420
0.741644688093334170 -0.606876639223899339 0.730732374884874636
0.741644688093334170 -0.606876639223899339 0.730545151532835280
0.741644688093334170 -0.606876639223899339 0.730356084720302889
0.741644688093334170 -0.606876639223899339 0.730165175587983772
0.741644688093334170 -0.606876639223899339 0.729972425287699123
0.741644688093334170 -0.606876639223899339 0.729777834982378915
0.741644688093334170 -0.606876639223899339 0.729581405846054243
0.741644688093334170 -0.606876639223899339 0.729383139063850661
0.741644688093334170 -0.606876639223899339 0.729183035831980852
0.741644688093334170 -0.606876639223899339 0.728981097357737307
0.741644688093334170 -0.606876639223899339 0.728777324859485542
0.741644688093334170 -0.606876639223899339 0.728571719566655895
0.741644688093334170 -0.606876639223899339 0.728364282719736744
0.741644688093334170 -0.606876639223899339 0.728155015570267294
0.741644688093334170 -0.606876639223899339 0.727943919380828919
0.741644688093334170 -0.606876639223899339 0.727730995425038829
0.741644688093334170 -0.606876639223899339 0.727516244987541416
0.741644688093334170 -0.606876639223899339 0.727299669364000922
0.741644688093334170 -0.606876639223899339 0.727081269861093782
0.741644688093334170 -0.606876639223899339 0.726861047796500293
0.741644688093334170 -0.606876639223899339 0.726639004498896957
0.741644688093334170 -0.606876639223899339 0.726415141307948709
0.741644688093334170 -0.606876639223899339 0.726189459574299923
0.741644688093334170 -0.606876639223899339 0.725961960659567529
0.741644688093334170 -0.606876639223899339 0.725732645936331688
0.741644688093334170 -0.606876639223899339 0.725501516788128020
0.741644688093334170 -0.606876639223899339 0.725268574609439609
0.741644688093334170 -0.606876639223899339 0.725033820805687568
0.741644688093334170 -0.606876639223899339 0.724797256793223710
0.741644688093334170 -0.606876639223899339 0.724558883999321224
0.741644688093334170 -0.606876639223899339 0.724318703862166235
0.741644688093334170 -0.606876639223899339 0.724076717830849370
0.741644688093334170 -0.606876639223899339 0.723832927365356760
0.741644688093334170 -0.606876639223899339 0.723587333936561383
0.741644688093334170 -0.606876639223899339 0.723339939026213963
0.741644688093334170 -0.606876639223899339 0.723090744126934415
0.741644688093334170 -0.606876639223899339 0.722839750742202303
0.741644688093334170 -0.606876639223899339 0.722586960386348620
0.741644688093334170 -0.606876639223899339 0.722332374584545467
0.741644688093334170 -0.606876639223899339 0.722075994872797944
0.741644688093334170 -0.606876639223899339 0.721817822797934383
0.741644688093334170 -0.606876639223899339 0.721557859917596800
0.741644688093334170 -0.606876639223899339 0.721296107800231900
0.741644688093334170 -0.606876639223899339 0.721032568025081755
0.741644688093334170 -0.606876639223899339 0.720767242182173473
0.741644688093334170 -0.606876639223899339 0.720500131872310767
0.741644688093334170 -0.606876639223899339 0.720231238707063071
0.741644688093334170 -0.606876639223899339 0.719960564308756767
0.741644688093334170 -0.606876639223899339 0.719688110310464868
0.741644688093334170 -0.606876639223899339 0.719413878355997460
0.741644688093334170 -0.606876639223899339 0.719137870099891496
0.741644688093334170 -0.606876639223899339 0.718860087207401133
0.741644688093334170 -0.606876639223899339 0.718580531354487628
0.741644688093334170 -0.606876639223899339 0.718299204227808685
0.741644688093334170 -0.606876639223899339 0.718016107524709124
0.741644688093334170 -0.606876639223899339 0.717731242953210224
0.741644688093334170 -0.606876639223899339 0.717444612231999179
0.741644688093334170 -0.606876639223899339 0.717156217090419101
0.741644688093334170 -0.606876639223899339 0.716866059268458589
0.741644688093334170 -0.606876639223899339 0.716574140516741065
0.741644688093334170 -0.606876639223899339 0.716280462596514012
0.741644688093334170 -0.606876639223899339 0.715985027279638975
0.741644688093334170 -0.606876639223899339 0.715687836348580131
0.741644688093334170 -0.606876639223899339 0.715388891596394072
0.741644688093334170 -0.606876639223899339 0.715088194826718926
0.741644688093334170 -0.606876639223899339 0.714785747853762921
0.741644688093334170 -0.606876639223899339 0.714481552502294504
0.741644688093334170 -0.606876639223899339 0.714175610607630129
0.741644688093334170 -0.606876639223899339 0.713867924015623934
0.741644688093334170 -0.606876639223899339 0.713558494582656633
0.741644688093334170 -0.606876639223899339 0.713247324175623976
0.741644688093334170 -0.606876639223899339 0.712934414671925309
0.741644688093334170 -0.606876639223899339 0.712619767959453143
0.741644688093334170 -0.606876639223899339 0.712303385936580713
0.741644688093334170 -0.606876639223899339 0.711985270512151103
0.741644688093334170 -0.606876639223899339 0.711665423605465697
0.741644688093334170 -0.606876639223899339 0.711343847146272412
0.741644688093334170 -0.606876639223899339 0.711020543074754374
0.741644688093334170 -0.606876639223899339 0.710695513341517593
0.741644688093334170 -0.606876639223899339 0.710368759907580083
0.741644688093334170 -0.606876639223899339 0.710040284744359096
0.741644688093334170 -0.606876639223899339 0.709710089833660129
0.741644688093334170 -0.606876639223899339 0.709378177167664048
0.741644688093334170 -0.606876639223899339 0.709044548748915870
0.741644688093334170 -0.606876639223899339 0.708709206590312113
0.741644688093334170 -0.606876639223899339 0.708372152715089243
0.741644688093334170 -0.606876639223899339 0.708033389156810689
0.741644688093334170 -0.606876639223899339 0.707692917959355072
0.741644688093334170 -0.606876639223899339 0.707350741176904108
0.741644688093334170 -0.606876639223899339 0.707006860873929721
0.741644688093334170 -0.606876639223899339 0.706661279125181618
0.741644688093334170 -0.606876639223899339 0.706313998015675182
0.741644688093334170 -0.606876639223899339 0.705965019640678482
0.741644688093334170 -0.606876639223899339 0.705614346105699508
0.741644688093334170 -0.606876639223899339 0.705261979526474403
0.741644688093334170 -0.606876639223899339 0.704907922028953582
0.741644688093334170 -0.606876639223899339 0.704552175749289300
0.741644688093334170 -0.606876639223899339 0.704194742833822995
0.741644688093334170 -0.606876639223899339 0.703835625439072410
0.741644688093334170 -0.606876639223899339 0.703474825731717712
0.741644688093334170 -0.606876639223899339 0.703112345888589618
0.741644688093334170 -0.606876639223899339 0.702748188096655402
0.741644688093334170 -0.606876639223899339 0.702382354553006127
0.741644688093334170 -0.606876639223899339 0.702014847464843106
0.741644688093334170 -0.606876639223899339 0.701645669049464793
0.741644688093334170 -0.606876639223899339 0.701274821534253578
0.741644688093334170 -0.606876639223899339 0.700902307156661686
0.741644688093334170 -0.606876639223899339 0.700528128164198294
0.741644688093334170 -0.606876639223899339 0.700152286814415881
0.741644688093334170 -0.606876639223899339 0.699774785374896457
0.741644688093334170 -0.606876639223899339 0.699395626123237801
0.741644688093334170 -0.606876639223899339 0.699014811347040133
0.741644688093334170 -0.606876639223899339 0.698632343343891682
0.741644688093334170 -0.606876639223899339 0.698248224421355368
0.741644688093334170 -0.606876639223899339 0.697862456896954697
0.741644688093334170 -0.606876639223899339 0.697475043098159664
0.741644688093334170 -0.606876639223899339 0.697085985362372984
0.741644688093334170 -0.606876639223899339 0.696695286036915662
0.741644688093334170 -0.606876639223899339 0.696302947479013001
0.741644688093334170 -0.606876639223899339 0.695908972055780284
0.741644688093334170 -0.606876639223899339 0.695513362144208891
0.741644688093334170 -0.606876639223899339 0.695116120131151316
0.741644688093334170 -0.606876639223899339 0.694717248413307176
0.741644688093334170 -0.606876639223899339 0.694316749397208888
0.741644688093334170 -0.606876639223899339 0.693914625499206461
0.741644688093334170 -0.606876639223899339 0.693510879145453840
0.741644688093334170 -0.606876639223899339 0.693105512771893584
0.741644688093334170 -0.606876639223899339 0.692698528824242432
0.741644688093334170 -0.606876639223899339 0.692289929757976541
0.741644688093334170 -0.606876639223899339 0.691879718038316605
0.741644688093334170 -0.606876639223899339 0.691467896140213090
0.741644688093334170 -0.606876639223899339 0.691054466548331137
0.741644688093334170 -0.606876639223899339 0.690639431757035682
0.741644688093334170 -0.606876639223899339 0.690222794270376361
0.739628778132755738 -0.609140056923219708 0.689804556602072627
0.736618816596051329 -0.612479587386615454 0.689384721275498102
0.733622959303029343 -0.615757497698711687 0.688963290823665919
0.730638552719170109 -0.618978959784284299 0.688540267789212845
0.727663181482704036 -0.622148615006735461 0.688115654724384629
0.724694638960884374 -0.625270645786575208 0.687689454191019900
0.721730902983686029 -0.628348834935385403 0.687261668760535072
0.718770115676782506 -0.631386615253908268 0.686832301013909019
0.714824049108979676 -0.635379491513622607 0.686401353541667092
0.711863718414076918 -0.638334669049464343 0.685968828943865794
0.708901131605644608 -0.641258844830562724 0.685534729830076905
0.705934977438486988 -0.644154345928924732 0.685099058819371831
0.702964043297026997 -0.647023313259886490 0.684661818540305611
0.699987207590788474 -0.649867720708796059 0.684223011630901601
0.696007131603115892 -0.653625192124321575 0.683782640738634817
0.693012626047486813 -0.656419153864471805 0.683340708520416507
0.690009056153846556 -0.659194132224687479 0.682897217642577936
0.686995624983016140 -0.661951550233080610 0.682452170780854406
0.683971597283990707 -0.664692735495400533 0.682005570620368706
0.679921913103727737 -0.668324533269552434 0.681557419855615576
0.676870615975868062 -0.671032539272039541 0.681107721190444715
0.673806663935389016 -0.673728166020421848 0.680656477338045240
0.670729542283929780 -0.676412428794736620 0.680203691020928702
0.666605413784031042 -0.679975425968580849 0.679749364970912762
0.663495784088180107 -0.682636838335782481 0.679293501929105314
0.660371543724667109 -0.685289926873011490 0.678836104645886729
0.656182536832283780 -0.688815862605441365 0.678377175880894634
0.653022832284635424 -0.691452713664043817 0.677916718403006269
0.649847394780659116 -0.694083910924623404 0.677454734990322271
0.645588496302645143 -0.697584683701153674 0.676991228430149805
0.642375221378206351 -0.700205606231382394 0.676526201518985459
0.638064867844268857 -0.703695350682667642 0.676059657062499042
0.634812262570493835 -0.706309986485409547 0.675591597875515815
0.631542348904860273 -0.708923138179604173 0.675122026782000395
0.627155054816365354 -0.712406292938859931 0.674650946615038660
0.623843646478693614 -0.715018828307549925 0.674178360216821981
0.619399921194932701 -0.718503856313840394 0.673704270438628683
0.616045300117185723 -0.721119851199626627 0.673228680140807945
0.612671557698761804 -0.723738617598132516 0.672751592192761816
0.608142780319807730 -0.727235999139169587 0.672273009472928451
0.604722768427404467 -0.729864369600413232 0.671792934868764235
0.600130549579815709 -0.733377586913275148 0.671311371276726909
0.596661496591880058 -0.736020177956302701 0.670828321602257471
0.592001695628967428 -0.739555595110745645 0.670343788759763304
0.588480120642644433 -0.742217349859410014 0.669857775672599853
0.583747531438121303 -0.745781804519464520 0.669370285273053756
0.578970512416093652 -0.749366131591543527 0.668881320502324628
0.575357147851880968 -0.752068934621459073 0.668390884310507527
0.570496360727579477 -0.755694199967016589 0.667898979656575076
0.566816895028489087 -0.758430805738276037 0.667405609508359698
0.561863073474138552 -0.762105480467671348 0.666910776842535635
0.558109753244324547 -0.764882554514505930 0.666414484644600846
0.553051358946928473 -0.768615994272949909 0.665916735908859470
0.547926961504941579 -0.772387637322736520 0.665417533638403169
0.544037172717709572 -0.775243644241472962 0.664916880845093483
0.538784012808020463 -0.779091192083957940 0.664414780549543171
0.533448330322326747 -0.782987876566417662 0.663911235781098785
0.529387809940864540 -0.785945468704363659 0.663406249577821461
0.523888404880722525 -0.789939897046995521 0.662899824986468933
0.518282144710279891 -0.793997989251728598 0.662391965062477772
0.514000308796705996 -0.797087357828943022 0.661882672869943733
0.508177345061834096 -0.801273796956577966 0.661371951481604547
0.502209317532846033 -0.805545509166063933 0.660859803978820493
0.497626420007153403 -0.808811773692117875 0.660346233451555964
0.491354336758027477 -0.813260721822380406 0.659831242998361267
0.484870476362342984 -0.817832162266959206 0.659314835726353410
0.478137102145761883 -0.822547177054588796 0.658797014751197674
0.472893809865892911 -0.826194156727569462 0.658277783197088628
0.465592420900741821 -0.831233789747458318 0.657757144196731369
0.457853133885082531 -0.836521843997448999 0.657235100891322421
0.449545214433998030 -0.842129909934732135 0.656711656430531421
0.442823551812824401 -0.846609098968781892 0.656186813972481464
0.432958546815809531 -0.853074968230129072 0.655660576683730012
0.421575103425909536 -0.860346959297444203 0.655132947739250349
0.407657138916925121 -0.868895616490942713 0.654603930322411820
0.388803596338228585 -0.879709390526170032 0.654073527624961182
0.357033894040509447 -0.895436723856653294 0.653541742847002838
0.236804951550848797 -0.926845865811866565 0.653008579196979855
0.459358691302611699 -0.858761784203324385 0.652474039891654756
0.206262344362213246 -0.969246545504859780 0.651938128156089536
0.586977892352168795 -0.403976684404842579 0.651400847223626678
0.506048509075007424 -0.758897981305942659 0.650862200335869279
0.461223714990459221 -0.812600703523483792 0.650322190742662065
0.436155247320183070 -0.835947153196162640 0.649780821702071409
0.418263862422423638 -0.850329773924803689 0.649238096480365567
0.403693599208520437 -0.860866108961900744 0.648694018351995028
0.390879478807424130 -0.869392450932682137 0.648148590599572971
0.379063683848460453 -0.876727661376711542 0.647601816513855399
0.367832459305190873 -0.883290078161663494 0.647053699393721038
0.356939163884464450 -0.889313917441317603 0.646504242546151686
0.346226407788708390 -0.894938893184156203 0.645953449286212344
0.335588029680623234 -0.900252007476782135 0.645401322937030675
0.324948974593090634 -0.905308861164642709 0.644847866829777683
0.314253937020312069 -0.910145308538629960 0.644293084303647068
0.303460598785424474 -0.914784199298453560 0.643736978705835461
0.292535411131379264 -0.919239461402627800 0.643179553391521885
0.281450848153706579 -0.923518668295538969 0.642620811723847774
0.270183538720006389 -0.927624703163199116 0.642060757073896426
0.258712931731157669 -0.931556863667101331 0.641499392820673031
0.247020281865176217 -0.935311606976300336 0.640936722351083898
0.235087814040561560 -0.938883054661563854 0.640372749059916258
0.222897960665703443 -0.942263330017710010 0.639807476349817827
0.210432578042629159 -0.945442771212162247 0.639240907631276056
0.197672040554864481 -0.948410043784879697 0.638673046322597582
0.181272008015241681 -0.951800823570661203 0.638103895849887803
0.167759260220564588 -0.954240567759064184 0.637533459647030010
0.153859665761888642 -0.956419238029409868 0.636961741155665062
0.139526223680960959 -0.958317086571334853 0.636388743825169967
0.124693223061684400 -0.959910931852370419 0.635814471112637336
0.109263786158226628 -0.961172447756985404 0.635238926482855071
0.093086421308352651 -0.962064736862606740 0.634662113408284490
0.071408932242388923 -0.962577426570850658 0.634084035369040122
0.052279207138069661 -0.962389036047188728 0.633504695852868616
0.030343374648809596 -0.961443889154582454 0.632924098355127196
0.002600839035735436 -0.959133042116738777 0.632342246378763129
-0.041698047692495910 -0.952704970806879325 0.631759143434292514
-0.331333876694819729 -0.783219644207474142 0.631174793039778748
0.146964937852638922 -0.945563040919540576 0.630589198720811650
0.044483611918989696 -0.956937425577440437 0.630002364010486038
0.004292744352448974 -0.954940957200308693 0.629414292449380408
-0.029596991273028950 -0.950388919773145213 0.628824987585535511
-0.052301854746207965 -0.945902608566197900 0.628234452974433477
-0.073325522949684141 -0.940734765561146435 0.627642692178975614
-0.098416731401373914 -0.933281507954728085 0.627049708769460978
-0.117982591229432943 -0.926474533201959494 0.626455506323565503
-0.137299379081244122 -0.918865742364549654 0.625860088426319683
-0.161239398155206770 -0.908148414202996523 0.625263458670087813
-0.180284846890857331 -0.898541670322424824 0.624665620654545006
-0.199255671419878044 -0.887951799177455925 0.624066577986656545
-0.222860665857642248 -0.873232184859613958 0.623466334280656009
-0.241636812093618647 -0.860183268329107076 0.622864893158023070
-0.260284703846241805 -0.845916686387519157 0.622262258247461841
-0.283349539024058794 -0.826235046626722980 0.621658433184878789
-0.301538750274014777 -0.808887536587514222 0.621053421613361412
-0.319420525013633272 -0.789989535441111279 0.620447227183155481
-0.341210095496942423 -0.763976599240629772 0.619839853551643394
-0.358062095445528583 -0.741053095371843606 0.619231304383322301
-0.378179558020762197 -0.709423179776902835 0.618621583349781567
-0.393298758990254516 -0.681424837620865587 0.618010694129680793
-0.410583162289413994 -0.642508826279620138 0.617398640408728050
-0.422703381562481106 -0.607696440499483348 0.616785425879656679
-0.432769742615517705 -0.568961104911503535 0.616171054242203975
-0.441278784764116971 -0.513736484841567198 0.615555529203088425
-0.443282729543064802 -0.462663291525358733 0.614938854475987173
-0.436037469800835464 -0.387389823102005537 0.614321033781514036
-0.417079647397163633 -0.315123756891940054 0.613702070847196968
-0.361680291217053307 -0.205420072623430261 0.613081969407454963
-0.266952754493703370 -0.103154352006679564 0.612460733203576524
-0.015836731348499528 -0.001259019314540836 0.611838365983696564
0.320868917446432533 -0.098329129224320841 0.611214871502773316
0.477226265945704553 -0.643067543159137167 0.610590253522566684
0.189522421659198970 -0.928295928871535447 0.609964515811614816
-0.134507123390885885 -0.929305059981031745 0.609337662145211567
-0.302900319070851465 -0.827693956140824971 0.608709696305383963
-0.374421056537922126 -0.744847614013923298 0.608080622080868771
-0.423758175854682062 -0.653231598458928753 0.607450443267090412
-0.444931699741048847 -0.589208651784350335 0.606819163666137418
-0.457636221680550570 -0.518466096389468056 0.606186787086739787
-0.460308502671586850 -0.467791285016532887 0.605553317344246333
-0.456963103520856118 -0.410368854471942990 0.604918758260600598
-0.447947770903006359 -0.358414329365664197 0.604283113664319305
-0.437482129088970939 -0.320244100006159882 0.603646387390467831
-0.421049581529739925 -0.276322862345375453 0.603008583280637778
-0.405626429806926203 -0.243991362461346395 0.602369705182924098
-0.383940744967435243 -0.206870680629613057 0.601729756951901340
-0.359994055934571511 -0.173242278033095998 0.601088742448600111
-0.339472742865043919 -0.148761977235504550 0.600446665540484759
-0.312414970911700896 -0.121095259230669258 0.599803530101429061
-0.284100403641456223 -0.096593066821855991 0.599159340011693797
-0.260748425616193824 -0.079202359124527610 0.598514099157902213
-0.230919762936528050 -0.060140391962540798 0.597867811433017704
-0.200623669623742923 -0.043948834765251230 0.597220480736319392
-0.176210261546686564 -0.032982881183658164 0.596572110973379255
-0.145653436343690962 -0.021653963505890231 0.595922706056038476
-0.115230737751144813 -0.012844632809924691 0.595272269902383133
-0.085109715478889292 -0.006418457671375506 0.594620806436721661
-0.061326689380826208 -0.002900233483057287 0.593968319589560312
-0.032091148308549249 -0.000414702954271842 0.593314813297580179
-0.003494539066214749 0.000072331771465922 0.592660291503612213
0.024387761568625523 -0.001309622393104001 0.592004758156615130
0.046142767080404407 -0.003679435954388105 0.591348217211650096
0.072619012201916994 -0.008129557544053513 0.590690672629857860
0.098283294814697830 -0.014143129085045780 0.590032128378433995
0.123137397781647798 -0.021641016374077143 0.589372588430605804
0.142449664402608034 -0.028668489324958975 0.588712056765608116
0.165904718611947055 -0.038710310165414513 0.588050537368658643
0.188643809056308287 -0.050144615521173719 0.587388034230934886
0.210729741351324856 -0.063002468941493930 0.586724551349549261
0.232239473450291473 -0.077362523993446064 0.586060092727525461
0.249092582141984764 -0.090023864760320704 0.585394662373774133
0.269800187207835551 -0.107495606429100693 0.584728264303068901
0.290210520124033144 -0.127089315162614763 0.584060902536021609
0.310433158804332976 -0.149263161398769106 0.583392581099058893
0.330562506864181260 -0.174691603416364388 0.582723304024396649
0.350640601470998403 -0.204373945274984842 0.582053075350017379
0.370572566810497439 -0.239813036403817154 0.581381899119644441
0.386145782582255792 -0.273820517797317975 0.580709779382718061
0.404221992686975895 -0.326287817053282858 0.580036720194371247
0.418160208176592496 -0.394793661681084540 0.579362725615404806
0.421029347696820655 -0.487458595054775179 0.578687799712263029
0.394796175071824185 -0.615127711795993459 0.578011946557009382
0.294357662625258198 -0.780945601910561171 0.577335170227301964
0.037783026147792276 -0.923183698947669162 0.576657474806368309
-0.347352774084259242 -0.827943497542443785 0.575978864382981293
-0.523256790366608104 -0.466717219055462484 0.575299343051434375
-0.429811449443962323 -0.180579461729157675 0.574618914911516843
-0.309012917809440568 -0.068222089922544735 0.573937584068489048
-0.180046837782761704 -0.011082238822076124 0.573255354633057546
-0.084587505787696124 0.003954359762954524 0.572572230721350661
-0.014845649836334119 0.001883435900254319 0.571888216454893183
0.037145016197914091 -0.007047665236321290 0.571203315960581826
0.076934456987732602 -0.018560826546009671 0.570517533370660246
0.108152341104906596 -0.030813569391136011 0.569830872822694068
0.133177985428420964 -0.043000271571304156 0.569143338459545789
0.153603893891642584 -0.054775853631431067 0.568454934429350356
0.170523543597778188 -0.066006364324158226 0.567765664885489074
0.184707215697784199 -0.076656086188303690 0.567075533986565739
0.196710660948276911 -0.086734550188468332 0.566384545896380986
0.206943654006408018 -0.096271022725585131 0.565692704783906763
0.215714255861584436 -0.105302061369301203 0.565000014823262009
0.223258058969124068 -0.113865468173114714 0.564306480193686899
0.229757937012055963 -0.121997437584437554 0.563612105079517756
0.235357653578442766 -0.129731314600945891 0.562916893670161955
0.240171411096684939 -0.137097160692100900 0.562220850160072394
0.244290658802592070 -0.144121713882162245 0.561523978748722397
0.247789011799071146 -0.150828527323578820 0.560826283640580292
0.251250208488408566 -0.158486055445196339 0.560127769045084101
0.253575379749323149 -0.164562367624742772 0.559428439176616110
0.255431469914463971 -0.170377273680944713 0.558728298254477340
0.256846772816356206 -0.175943064784596481 0.558027350502862229
0.257842449809976115 -0.181269681237129776 0.557325600150833100
0.258433109260074401 -0.186364718564789256 0.556623051432294513
0.258627091048608926 -0.191233353367083470 0.555919708585968286
0.258426467739341970 -0.195878170499805743 0.555215575855366850
0.257826748926408444 -0.200298863952318024 0.554510657488768932
0.256816247168815959 -0.204491769368051413 0.553804957739192694
0.255375028236412671 -0.208449163636115514 0.553098480864371078
0.253034274927115499 -0.212868674115290507 0.552391231126725279
0.250523312649520491 -0.216253365548988163 0.551683212793339983
0.247438632067468078 -0.219334961566078762 0.550974430135936832
0.243697332373906533 -0.222069764419307314 0.550264887430848670
0.239186867402101405 -0.224394992146021516 0.549554588958994228
0.233753119518453900 -0.226219371394196150 0.548843539005852032
0.227181952555634420 -0.227407483553442785 0.548131741861434318
0.217358873207480680 -0.227694597407235910 0.547419201820261936
0.207017868075415057 -0.226579065126758461 0.546705923181337261
0.193963434816624286 -0.223598518099461907 0.545991910248119217
0.177068342654850025 -0.217664895149742604 0.545277167328497070
0.154498478713208875 -0.206660742916909335 0.544561698734763899
0.123185789310829463 -0.185995689222014093 0.543845508783591502
0.067135967190485438 -0.131080115673943010 0.543128601796003752
0.004056265832595854 -0.013483980336676043 0.542410982097350503
0.039083850620230398 0.298255191277298215 0.541692654017281949
0.638993987364816496 0.389661210733692087 0.540973621889721756
0.704609240426058547 -0.121531200991079391 0.540253890052841745
0.584063168241061637 -0.241894830417288265 0.539533462849035028
0.508596488567208738 -0.281247903194574600 0.538812344624890471
0.461060168409862303 -0.297837518323577466 0.538090539731165718
0.428819846812248717 -0.306454321827482778 0.537368052522761430
0.401545471083364525 -0.312608933295887681 0.536644887358695422
0.384578856881223397 -0.316168308186708769 0.535921048602074901
0.370974874881031758 -0.319020925967914148 0.535196540620071826
0.359701047493865056 -0.321472572583956118 0.534471367783895701
0.348336805760065871 -0.324098852134986515 0.533745534468767047
0.340172652482053972 -0.326116900696789502 0.533019045053891527
0.332888392899435948 -0.328025109554662297 0.532291903922433307
0.326281976693615083 -0.329846604877902405 0.531564115461488407
0.319043198598907396 -0.331935973346510815 0.530835684062058610
0.313458102911638337 -0.333604907739959378 0.530106614119024488
0.308192587182897826 -0.335211975532362261 0.529376910031119641
0.302208725085027607 -0.337060866800007575 0.528646576200903162
0.297444476818955250 -0.338535665236807060 0.527915617034733886
0.292841582119021671 -0.339950131553095114 0.527184036942743628
0.287488468509132844 -0.341566765841685660 0.526451840338810095
0.283140719884517056 -0.342845526182542715 0.525719031640530909
0.278874450916431760 -0.344060888355513184 0.524985615269196515
0.274673094830604259 -0.345211684738803481 0.524251595649763980
0.269697710463620899 -0.346505741888046448 0.523516977210829459
0.265593150980800830 -0.347510314424581246 0.522781764384602554
0.261515936121023806 -0.348446532215096860 0.522045961606878439
0.256647677060402479 -0.349478125116246707 0.521309573317012220
0.252602748664309151 -0.350259873727511606 0.520572603957891289
0.248562093189121008 -0.350969566195433291 0.519835057975908787
0.243711399304566173 -0.351724458813868768 0.519096939820936853
0.239662030989095554 -0.352271552224121376 0.518358253946300196
0.234788016139481442 -0.352827901873915328 0.517619004808748007
0.230709681198866229 -0.353206616463198675 0.516879196868428425
0.226612638101876929 -0.353506777839270647 0.516138834588860784
0.221667220620098970 -0.353761391134128300 0.515397922436909073
0.217518627027969591 -0.353883919779214851 0.514656464882754738
0.213342349765706513 -0.353923337095975676 0.513914466399869707
0.208290866402569552 -0.353858643023140240 0.513171931464990072
0.204045317748123289 -0.353709348048641792 0.512428864558087671
0.198904221174754980 -0.353412888749543685 0.511685270162344774
0.194578816003264571 -0.353065651242536083 0.510941152764125550
0.190213824708417467 -0.352624923263724077 0.510196516852949977
0.184920785373104690 -0.351969152789285145 0.509451366921466198
0.180461752779490975 -0.351313747992004655 0.508705707465423762
0.175050226362958194 -0.350392081152302026 0.507959542983646317
0.170487799931486023 -0.349507514779823170 0.507212877978004517
0.165875317798812649 -0.348513175935604824 0.506465716953388712
0.160271581603058377 -0.347169452721502070 0.505718064417682078
0.155542267716957588 -0.345919103531698191 0.504969924881733090
0.149792802521596824 -0.344254727594995869 0.504221302859328868
0.144937446729743319 -0.342724815251853443 0.503472202867166985
0.140021773673914718 -0.341058649968664584 0.502722629424828926
0.134040722421703284 -0.338870160812476007 0.501972587054753117
0.128985832379602317 -0.336880346955645837 0.501222080282206495
0.122832502747007313 -0.334281256320092424 0.500471113635258535
0.117629872115081704 -0.331928774412625416 0.499719691644752828
0.111294563520258044 -0.328867050697373930 0.498967818844280431
0.105936727257886887 -0.326103689268631813 0.498215499770152170
0.099411519795371162 -0.322514914383275508 0.497462738961371664
0.093893040816135712 -0.319280858381108423 0.496709540959607176
0.088300643419277070 -0.315809228748255288 0.495955910309165471
0.081492352089436393 -0.311305626890384934 0.495201851556962724
0.075738514265013032 -0.307248928152111689 0.494447369252498770
0.068740116592887257 -0.301984539973364219 0.493692467947828284
0.062833297774986169 -0.297239170569149724 0.492937152197534589
0.055661830955502450 -0.291074430495680825 0.492181426558700674
0.049623551486190923 -0.285509743021728324 0.491425295590883215
0.042316206339147011 -0.278268301749114322 0.490668763856084045
0.036189514459328997 -0.271718952534620362 0.489911835918723060
0.028816635699084395 -0.263177401496985985 0.489154516345610635
0.022679965318668865 -0.255433878831133776 0.488396809705919865
0.015366395757026752 -0.245309402342371863 0.487638720571159257
0.009356381147418477 -0.236107141081838001 0.486880253515145078
0.002316673589539256 -0.224044312894195630 0.486121413113973777
-0.003334179570129450 -0.213053385708278586 0.485362203945993942
-0.009737676893670166 -0.198614399920298917 0.484602630591779604
-0.014639063917017595 -0.185435818625947380 0.483842697634101593
-0.019801428782134561 -0.168106029315128469 0.483082409657900780
-0.023305466881925141 -0.152290372532918578 0.482321771250259546
-0.026229705764674503 -0.131528615697811019 0.481560787000374912
-0.027278634387269095 -0.112654378214952167 0.480799461499530345
-0.026359408431102196 -0.088055100660890812 0.480037799341068050
-0.023283311878732279 -0.065947449762615989 0.479275805120361664
-0.016060714149615581 -0.037649126368850698 0.478513483434788112
-0.006408909418460413 -0.012885024307810206 0.477750838883700013
0.010494705865456108 0.017570973823328631 0.476987876068398153
0.029764953606731995 0.042712327800433700 0.476224599592103282
0.059891545354138098 0.071003799110438373 0.475461014059928577
0.098016822503904685 0.094908902278377588 0.474697124078852117
0.135542474833927423 0.109350110163349112 0.473932934257688454
0.185944728531168668 0.117464716092126345 0.473168449207061581
0.230290068615310067 0.114845564939783859 0.472403673539376345
0.282640817890080609 0.099387400384234798 0.471638611868791302
0.322386762574031982 0.076645760936738097 0.470873268811190182
0.361894111114732742 0.039649022613296198 0.470107648984154913
0.386170996515208809 0.003306962423254761 0.469341757006936922
0.404136311337328302 -0.043243031467180615 0.468575597500429597
0.410266462453417080 -0.081864294329345583 0.467809175087140594
0.408531406428687738 -0.125467136468524365 0.467042494391163687
0.398996078462178660 -0.164367434624549724 0.466275560038151071
0.386706380963785512 -0.192565186102705455 0.465508376655285161
0.368434624585632697 -0.221210527365359788 0.464740948871250947
0.351334967879253390 -0.240946385738269014 0.463973281316208130
0.329591987523728036 -0.260106275813229926 0.463205378621762642
0.311030831943206687 -0.272708263207196100 0.462437245420939558
0.288734240453123459 -0.284310402643496274 0.461668886348154228
0.270395693275577942 -0.291420869406215144 0.460900306039185248
0.248887097298155835 -0.297305306741503406 0.460131509131145422
0.228047044299230006 -0.300689026516157920 0.459362500262455065
0.211237134731963483 -0.301844000549833180 0.458593284072812746
0.191747600355780062 -0.301467923905106461 0.457823865203168145
0.176066782803367711 -0.299831532356720998 0.457054248295693633
0.157897757164351310 -0.296421088523859899 0.456284437993756620
0.140401099310370869 -0.291540932085583182 0.455514438941891142
0.126306863322926732 -0.286404861618828444 0.454744255785770268
0.109948000952651115 -0.278988613513803163 0.453973893172177512
0.096760052446016376 -0.271763960426796680 0.453203355748979131
0.081456702345398313 -0.261810965827945608 0.452432648165096596
0.069142386999377026 -0.252400400529435909 0.451661775070477334
0.054916557867889057 -0.239677703173047874 0.450890741116067750
0.041352031431951153 -0.225259954283002495 0.450119550953784642
0.030631196438310554 -0.211819123420950217 0.449348209236487384
0.018613971217400271 -0.193784915211117570 0.448576720617949509
0.009478763870534160 -0.176989503939124965 0.447805089752831120
-0.000109707532395475 -0.154455961648450962 0.447033321296650354
-0.007697777550166145 -0.129024430874435936 0.446261419905755630
-0.011957885241505345 -0.105394143776539440 0.445489390237297223
-0.013700265303173337 -0.073910182733399041 0.444717236949199513
-0.011404907520447607 -0.045032975613401513 0.443944964700132727
-0.002604197746413527 -0.007492000460540100 0.443172578149484575
0.014867817651036815 0.032230108891307702 0.442400081957332769
0.037783162502491030 0.065479817507254706 0.441627480784416215
0.077099163212672642 0.102371104784850064 0.440854779292107424
0.120238630188144111 0.126951584499107650 0.440081982142383921
0.182848524233304749 0.143378008572136895 0.439309093997800659
0.251896463442081220 0.139891523009360641 0.438536119521461376
0.307848463417104257 0.119713615540383900 0.437763063376990780
0.364530150366009109 0.076907033383087631 0.436989930228506185
0.398135397213703335 0.030623754821878457 0.436216724740589701
0.419996263946472492 -0.029726010561090838 0.435443451578259699
0.423737081758033096 -0.087832332728623869 0.434670115406943058
0.416280578397267176 -0.130875200011883436 0.433896720892446575
0.398924552580036340 -0.174241248937516746 0.433123272700929207
0.380292328417824510 -0.203386835153661405 0.432349775498873712
0.355585650025142808 -0.230771286595683467 0.431576233953058608
0.330210401699485678 -0.251142096969111495 0.430802652730529700
0.309442046531411163 -0.263745495624855608 0.430029036498572770
0.285558961217959983 -0.274676154681872953 0.429255389924684039
0.266750416443205240 -0.280983240587410754 0.428481717676543417
0.245604049435433125 -0.285905262091212364 0.427708024421985300
0.226012359494844939 -0.288554523962718468 0.426934314828971262
0.210826675522218759 -0.289395542293926111 0.426160593565560908
0.193886540329831686 -0.289108474012999661 0.425386865299884787
0.180762157804649243 -0.288000297015069795 0.424613134700115247
0.166104683016616128 -0.285839571782539437 0.423839406434439070
0.152534452405283016 -0.282952815096729426 0.423065685171028827
0.141982569049534935 -0.280101871495425370 0.422291975578014622
0.130147528537142620 -0.276249882085236376 0.421518282323456672
0.120917118249033492 -0.272746002692446310 0.420744610075315939
0.110533708802424468 -0.268255887653116032 0.419970963501427319
0.100842908124465502 -0.263513557588164360 0.419197347269470222
0.093253085047029394 -0.259406101276946632 0.418423766046941481
0.084682332628778861 -0.254327162671327489 0.417650224501126266
0.077955425488860919 -0.249993749131796172 0.416876727299070882
0.070345009999816549 -0.244698394490368898 0.416103279107553403
0.063202920389482595 -0.239323090844472092 0.415329884593057030
0.057584572389015029 -0.234798423341396112 0.414556548421740223
0.051216441075544017 -0.229331034445393156 0.413783275259410332
0.046202675375787372 -0.224754857972885302 0.413010069771493848
0.040516280358312354 -0.219252554150573431 0.412236936623009365
0.035168717666615903 -0.213751346044221385 0.411463880478538657
0.030956313843454417 -0.209176986789207375 0.410690906002199319
0.026177625408250457 -0.203709960505946863 0.409918017857616057
0.022413534347254835 -0.199180211869092683 0.409145220707892665
0.018144062217833073 -0.193785152104908653 0.408372519215583762
0.014129795061672432 -0.188444298154190476 0.407599918042667209
0.010968812615185772 -0.184042428757146936 0.406827421850515403
0.007384398973987072 -0.178827703448668218 0.406055035299867251
0.004561978680733103 -0.174545426905426515 0.405282763050800465
0.001360850102362379 -0.169491906026528388 0.404510609762702811
-0.001650316124037571 -0.164541779318816167 0.403738580094244404
-0.004024265065300348 -0.160504018484616595 0.402966678703349568
-0.006722512525423871 -0.155774205060089488 0.402194910247168913
-0.008855319857318383 -0.151937952198709425 0.401423279382050524
-0.011288761643214740 -0.147473257997719792 0.400651790763512761
-0.013599947001774429 -0.143175078591020050 0.399880449046215336
-0.015445076813822595 -0.139733310821729684 0.399109258883932283
-0.017578889601359435 -0.135788745466770666 0.398338224929522700
-0.019304836788248764 -0.132671913133669078 0.397567351834903382
-0.021334822938832460 -0.129159196774589480 0.396796644251020736
-0.023347570388215132 -0.125924378998213654 0.396026106827822577
-0.025036882240718317 -0.123467901351645495 0.395255744214229765
-0.027115601781540349 -0.120846259863605615 0.394485561058108725
-0.028926993525554709 -0.118970589025885851 0.393715562006243303
-0.031254238004863079 -0.117149154929873864 0.392945751704306401
-0.033381277847945798 -0.116046382882207200 0.392176134796831943
-0.036260324435251665 -0.115313679638964411 0.391406715927187232
-0.039649169705232870 -0.115356502861575033 0.390637499737544969
-0.043027745487117318 -0.116115302152853289 0.389868490868854556
-0.048040699314421176 -0.118103628554737064 0.389099693960814785
-0.053364062563971582 -0.120878971565894874 0.388331113651845694
-0.061827141286273514 -0.125929204987140220 0.387562754579060531
-0.071517575862891647 -0.131963045573229437 0.386794621378237391
-0.088359219877982231 -0.142007879287712135 0.386026718683791847
-0.115246887934699616 -0.155664788479446703 0.385259051128749030
-0.152088913727563280 -0.169155456074735949 0.384491623344714872
-0.231214147543278570 -0.179296717150625923 0.383724439961849018
-0.348134434335923892 -0.147657124085699837 0.382957505608836291
-0.479969515173074623 0.074129521641624341 0.382190824912859439
-0.337821096515004915 0.303146051595354460 0.381424402499570547
-0.116811352502367030 0.304119970550509933 0.380658242993063167
-0.037062211216042543 0.244203147600769110 0.379892351015845064
0.000765654419112638 0.188529633434517008 0.379126731188809796
0.015750544112876325 0.152096148276059412 0.378361388131208842
0.021654816440556598 0.131363848982868681 0.377596326460623632
0.025430060259524455 0.113773862833279352 0.376831550792938397
0.027282044998636595 0.103151623512604623 0.376067065742311524
0.028790341797825858 0.093650566594456253 0.375302875921148027
0.029763622893751344 0.087645706877836960 0.374538985940071401
0.030789806190985473 0.082070730525907812 0.373775400407896752
0.031605902367669025 0.078430604833924139 0.373012123931601880
0.032589862380785831 0.074953367695515111 0.372249161116299909
0.033433307197856421 0.072620115920143807 0.371486516565211977
0.034484259406202512 0.070330283349703371 0.370724194879638425
0.035394376027740128 0.068748630690520354 0.369962200658932039
0.036525652413500580 0.067146283051161784 0.369200538500469633
0.037497317159007101 0.065998720951796611 0.368439212999625065
0.038691856716777148 0.064787942996137687 0.367678228749740488
0.039705583541858450 0.063880658125243767 0.366917590342099198
0.040936517621201526 0.062876031861899384 0.366157302365898329
0.041968312538057814 0.062084779222905812 0.365397369408220485
0.043205905875250389 0.061165188399929162 0.364637796054006091
0.044230659099135858 0.060407544557288174 0.363878586886026256
0.045444729225977407 0.059491716803105617 0.363119746484854844
0.046437408645235101 0.058711948396236689 0.362361279428840721
0.047598188464541447 0.057744765869058357 0.361603190294080168
0.048534279436284439 0.056905155322739306 0.360845483654389343
0.049612761374805296 0.055849638884633492 0.360088164081276974
0.050468472518244073 0.054925304204395856 0.359331236143916044
0.051436614315608781 0.053757740724059824 0.358574704409116762
0.052189041266757628 0.052733433174714635 0.357818573441299359
0.053019973514259168 0.051440315770974042 0.357062847802465555
0.053647290362158838 0.050308377804957463 0.356307532052171694
0.054315575084851374 0.048884424882729524 0.355552630747501208
0.054797276666775571 0.047643446947680870 0.354798148443037253
0.055279231957195855 0.046090277187392698 0.354044089690834618
0.055596433181228873 0.044744182333505550 0.353290459040392801
0.055870527205208458 0.043069392340454239 0.352537261038628369
0.056006320535723332 0.041626782930008481 0.351784500229847863
0.056053635793324764 0.039843269405770113 0.351032181155719714
0.055993507961182631 0.038316929995592261 0.350280308355247205
0.055840285021089668 0.036757791414714448 0.349528886364741498
0.055530588677945421 0.034848836869905774 0.348777919717793483
0.055165607903156430 0.033231189213304049 0.348027412945247028
0.054597339149522195 0.031264396619367654 0.347277370575171052
0.054014132489625812 0.029609591823030183 0.346527797132833160
0.053182035354415930 0.027612325640024339 0.345778697140671221
0.052378479296326795 0.025944511372217000 0.345030075118266999
0.051475407507110257 0.024279410865544554 0.344281935582318011
0.050261993918581639 0.022292840720798887 0.343534283046611377
0.049144775522535794 0.020653811795872584 0.342787122021995572
0.047680509392855890 0.018715592177858561 0.342040457016353661
0.046360992082403761 0.017131311565408026 0.341294292534576271
0.044664305852761058 0.015276294481110038 0.340548633078533836
0.043161604753116187 0.013775931927630712 0.339803483147050112
0.041584163595039941 0.012323233513112070 0.339058847235874428
0.039601799020433204 0.010651009409192990 0.338314729837655315
0.037884101117775106 0.009323133479024880 0.337571135441912362
0.036115725418763796 0.008060463533477150 0.336828068535010128
0.033940324126490493 0.006637998882560893 0.336085533600130215
0.032095629164125603 0.005534814161410617 0.335343535117245406
0.029861662269949754 0.004314855537687332 0.334602077563091016
0.027998624245181014 0.003387865881087566 0.333861165411139194
0.026149806767908818 0.002544132949494876 0.333120803131571552
0.023972395529821992 0.001642162885613866 0.332380995191252027
0.022212456861932336 0.000981512943589381 0.331641746053699893
0.020522033562589123 0.000400883434787485 0.330903060179063069
0.018613647887125349 -0.000196541921676969 0.330164942024091357
0.017148734119990516 -0.000619385070871304 0.329427396042108855
0.015822344007632015 -0.000983717093588299 0.328690426682987813
0.014447937886671100 -0.001360627637072611 0.327954038393121539
0.013513892321235999 -0.001642400253199876 0.327218235615397535
0.012800755875930110 -0.001915009952834127 0.326483022789170574
0.012276291223297341 -0.002262930888357451 0.325748404350236054
0.012149499438656872 -0.002603205457031178 0.325014384730803463
0.012336575415998769 -0.003025033045067471 0.324280968359469235
0.013017887662992642 -0.003695186070417901 0.323548159661190049
0.014001656423396427 -0.004445384266576780 0.322815963057256461
0.015395033568019773 -0.005428363858839184 0.322084382965266092
0.017647164807045604 -0.007005495575642422 0.321353423799096927
0.020037368740090926 -0.008738053241686746 0.320623089968880448
0.022917785453595838 -0.010941896658275229 0.319893385880975489
0.026305267786489037 -0.013714861644764416 0.319164315937941478
0.031053180925945292 -0.017951004674033946 0.318435884538511682
0.035578847268830413 -0.022387376159075632 0.317708096077566726
0.040608098168893839 -0.027800975404528257 0.316980954946108506
0.047264690020086229 -0.035816227674722437 0.316254465531233042
0.053267665953603320 -0.043974488204566169 0.315528632216104443
0.059598236198400566 -0.053691594868550241 0.314803459379928152
0.066138984213246682 -0.065187431939776955 0.314078951397925132
0.074035725862173773 -0.081663664902928174 0.313355112641304667
0.080398475389277663 -0.097920832682175704 0.312631947477238548
0.086255073084975570 -0.116747016611107632 0.311909460268834315
0.091233682466948254 -0.138390798799578801 0.311187655375109562
0.094869822602304116 -0.163078302098486283 0.310466537150965005
0.096651787289069285 -0.196970855337462059 0.309746109947158288
0.095170921254169399 -0.228881919303000447 0.309026378110278277
0.090124460527229014 -0.264092198017661706 0.308307345982718140
0.080588914498181619 -0.302388247539638111 0.307589017902649531
0.061816677096780182 -0.351772893721328583 0.306871398203996282
0.038881766825877795 -0.394892001094593770 0.306154491216408586
0.008331917784555248 -0.438613501340633649 0.305438301265236245
-0.030546287632440078 -0.481463053326189439 0.304722832671503130
-0.078122788568100676 -0.521654371255274918 0.304008089751880761
-0.134288725221957589 -0.557185011313278467 0.303294076818662772
-0.212009852232659918 -0.590779328294158024 0.302580798179738097
-0.283774305595689780 -0.609042687492424295 0.301868258138565604
-0.359827710824821179 -0.616916172871305513 0.301156460994148056
-0.437832168305980485 -0.613582774783820062 0.300445411041005861
-0.515317315553646460 -0.598929707814321310 0.299735112569151418
-0.589935296366973505 -0.573538278669589174 0.299025569864063145
-0.672901856383979258 -0.530563786869336806 0.298316787206659995
-0.734844287518952921 -0.486199424307868611 0.297608768873274754
-0.789291795791389750 -0.435956809506685361 0.296901519135629122
-0.835886110360752332 -0.381602305729341618 0.296195042260807340
-0.874689574044889229 -0.324752183357270352 0.295489342511231157
-0.906076483126974974 -0.266793517864780894 0.294784424144633184
-0.930625295758612636 -0.208852027800332074 0.294080291414031747
-0.949025701972059044 -0.151794795947155725 0.293376948567705464
-0.962006599891621406 -0.096254816813246880 0.292674399849167044
-0.970285349355437310 -0.042666318523765290 0.291972649497137970
-0.974957128001347595 0.018687793205353187 0.291271701745522582
-0.975174552713955145 0.067192860436634638 0.290571560823383868
-0.972617995905689536 0.113265014351248861 0.289872230954915933
-0.967746701894431016 0.156925673192320758 0.289173716359419908
-0.960954730225961118 0.198238904493702295 0.288476021251277581
-0.952577087451632609 0.237296403571225945 0.287779149839927695
-0.942896629813746001 0.274206334594032319 0.287083106329838189
-0.932150991497964321 0.309085252738006633 0.286387894920482278
-0.920539109236201858 0.342052411411812363 0.285693519806313190
-0.908227125708527927 0.373225871968088652 0.284999985176738024
-0.895353589000413619 0.402719948119205307 0.284307295216093381
-0.882033946446314499 0.430643620286625728 0.283615454103619102
-0.868364376344770816 0.457099641858292660 0.282924466013434350
-0.854425023047770793 0.482184129132663730 0.282234335114511015
-0.840282708736969308 0.505986481414261280 0.281545065570649733
-0.825993194683860565 0.528589519507171701 0.280856661540454244
-0.811603059819047123 0.550069762444728383 0.280169127177306077
-0.797151257351615739 0.570497785680992298 0.279482466629339732
-0.782670402446189462 0.589938621199526780 0.278796684039418097
-0.768187836424138903 0.608452172537120251 0.278111783545106850
-0.753726505922013512 0.626093626753451482 0.277427769278649428
-0.739305689284517564 0.642913851809252979 0.276744645366942488
-0.724941597029109763 0.658959772369573038 0.276062415931510929
-0.710647868660918558 0.674274720214722234 0.275381085088483135
-0.696435984188703450 0.688898757623340519 0.274700656948565658
-0.682315605504227540 0.702868973503897876 0.274021135617018741
-0.671090693672748428 0.713597586040683574 0.273342525193631669
-0.657154627180417727 0.726475913661793982 0.272664829772698014
-0.643329685127700168 0.738790650302983076 0.271988053442990652
-0.629620834399144513 0.750569837589839195 0.271312200287737060
-0.616032217849779684 0.761839623324293114 0.270637274384595228
-0.602567274548248322 0.772624426451000712 0.269963279805628786
-0.589228841096281264 0.782947085467198711 0.269290220617281972
-0.576019237268492024 0.792828991920216719 0.268618100880355593
-0.562940338607145985 0.802290210555443251 0.267946924649982543
-0.552572342195239319 0.809568993248430901 0.267276695975603384
-0.539732252103281906 0.818319709723752675 0.266607418900941251
-0.527026247029589001 0.826699742009136096 0.265939097463978480
-0.514455005666437093 0.834725013506981250 0.265271735696931188
-0.502018987543514594 0.842410552466979379 0.264605337626225900
-0.489718462523569320 0.849770558665641884 0.263939907272474572
-0.479975673480330101 0.855433230633725672 0.263275448650450827
-0.467919206049846048 0.862240645552621698 0.262611965769065092
-0.455998181989445917 0.868758374918110476 0.261949462631341390
-0.444212354832697831 0.874997978918099828 0.261287943234391862
-0.432561382772252256 0.880970435381904449 0.260627411569394229
-0.423337417947280414 0.885563083845704258 0.259967871621566038
-0.411928066270214499 0.891080628838205824 0.259309327370142229
-0.400652205342582723 0.896358989235187087 0.258651782788349882
-0.389509230860992040 0.901407263158612082 0.257995241843384959
-0.380690091415958443 0.905286065315114241 0.257339708496387765
-0.369784633966311671 0.909941788131632734 0.256685186702419799
-0.359010122507124274 0.914390750191058199 0.256031680410439610
-0.348365789473485454 0.918640590535640289 0.255379193563278428
-0.339943514017817749 0.921902018569167647 0.254727730097616900
-0.329531461150470217 0.925811655413689705 0.254077293943961557
-0.319247263902564027 0.929541876822079782 0.253427889026620723
-0.311111367349120982 0.932401247545552203 0.252779519263680752
-0.301055056839365509 0.935824710769484258 0.252132188566982385
-0.291124047585670231 0.939086297509310386 0.251485900842097765
-0.283268808605954048 0.941582923831003060 0.250840659988306292
-0.273560886827685534 0.944567611342731928 0.250196469898570972
-0.263975487224767769 0.947406127533640396 0.249553334459515330
-0.256394679811023818 0.949575209598964243 0.248911257551399867
-0.247027156814805804 0.952163637803822849 0.248270243048098749
-0.237779141765198987 0.954620033664193568 0.247630294817075935
-0.230466012740661697 0.956493259107800142 0.246991416719362256
-0.221430225710466111 0.958723760480576281 0.246353612609532258
-0.212510681033094617 0.960835014680691657 0.245716886335680784
-0.205457914436284361 0.962441035090354724 0.245081241739399380
-0.196744483713955476 0.964348309813817028 0.244446682655753811
-0.189854955284497251 0.965796434040331442 0.243813212913260191
-0.181343454197487985 0.967512740189782061 0.243180836333862671
-0.172942254790386163 0.969128287720822823 0.242549556732909621
-0.166299781719268014 0.970350636433136460 0.241919377919131262
-0.158093608508594996 0.971793934352348177 0.241290303694616182
-0.151605302230686356 0.972883004774823812 0.240662337854788411
-0.143589471301188765 0.974165179941689829 0.240035484188385162
-0.137251510859681181 0.975129604592155808 0.239409746477433349
-0.129421156664640769 0.976261120703578067 0.238785128497226773
-0.123229580593626098 0.977109015417487403 0.238161634016303414
-0.115579668622194653 0.978099706514296341 0.237539266796423398
-0.109530386040369521 0.978838695636467193 0.236918030592545070
-0.102055727668775964 0.979697795836160790 0.236297929152803232
-0.096144530784572524 0.980335034772360281 0.235678966218485830
-0.088839799432647359 0.981071205122029055 0.235061145524012804
-0.083062376706391494 0.981613400887832666 0.234444470796911636
-0.075922124389764478 0.982234754037097701 0.233828945757796114
-0.070274073705234086 0.982688184281826693 0.233214574120343354
-0.063292747199899246 0.983202307480217530 0.232601359591271956
-0.057769588440528596 0.983572838323475085 0.231989305870319185
-0.050941544432330788 0.983986815086147271 0.231378416650218466
-0.045538731062267468 0.984279917986668806 0.230768695616677788
-0.040187930148115059 0.984540265143587501 0.230160146448356639
-0.033571179334045409 0.984821116404675845 0.229552772816844636
-0.028334060079833967 0.985011274376186963 0.228946578386638622
-0.021856499924567618 0.985207299626486677 0.228341566815121244
-0.016728394605366848 0.985331840983960205 0.227737741752538220
-0.011647232067308888 0.985428596999637918 0.227135106841976964
-0.005360372357078202 0.985511694205983391 0.226533665719343968
-0.000381420396837473 0.985548836857776944 0.225933422013343488
0.004553625710401854 0.985560709800881507 0.225334379345455083
0.010662121068152897 0.985541101494344818 0.224736541329912165
0.015501813842065948 0.985498689014839169 0.224139911573680239
0.020300657276332623 0.985433230730905496 0.223544493676434614
0.026243203946301419 0.985319954099327822 0.222950291230539055
0.030953585550407614 0.985204900110372650 0.222357307821024419
0.035626185126069743 0.985068748407054162 0.221765547025566445
0.040261947220482874 0.984912045252845592 0.221175012414464467
0.046006285859206908 0.984688058783190545 0.220585707550619681
0.050562616011980199 0.984486987117170864 0.219997635989513968
0.055085176147573522 0.984266973913834997 0.219410801279188383
0.059574908366670620 0.984028465157877674 0.218825206960221313
0.065142342523904495 0.983704962843578223 0.218240856565707519
0.069561649465158137 0.983426353696533306 0.217657753621236849
0.073951180253946314 0.983130544938916273 0.217075901644872893
0.078311869989207805 0.982817889552241697 0.216495304147131529
0.083723595537324780 0.982403883750493812 0.215915964630959911
0.088022800658638323 0.982054506572268782 0.215337886591715516
0.092296188623667841 0.981689287787758769 0.214761073517145018
0.096544685037134592 0.981308494245074159 0.214185528887362697
0.100769213337942920 0.980912373450693487 0.213611256174830066
0.104970694978742674 0.980501153890731336 0.213038258844334860
0.110191538705779690 0.979966214611527775 0.212466540352969940
0.114344526190062967 0.979521761730496321 0.211896104150112174
0.118477452059017108 0.979062824798072828 0.211326953677402479
0.122591233687059431 0.978589554530884365 0.210759092368723977
0.126686789160763202 0.978102083900064923 0.210192523650182150
0.130765038200205130 0.977600528262301260 0.209627250940083665
0.134826903226293704 0.977084985436547426 0.209063277648916135
0.138873310612507794 0.976555535726928658 0.208500607179326947
0.142905192090106381 0.976012241881264342 0.207939242926103607
0.146923486357459721 0.975455148976828945 0.207379188276152232
0.150929140868825529 0.974884284227818809 0.206820446608478120
0.154923113836819448 0.974299656703475403 0.206263021294164489
0.159900633861581376 0.973549502185577231 0.205706915696352854
0.163871898024072149 0.972933844816840532 0.205152133170222351
0.167834697499549157 0.972304323477810151 0.204598677062969414
0.171790063767833345 0.971660864489228504 0.204046550713787689
0.175739053353516195 0.971003372680036447 0.203495757453848236
0.179682751357364612 0.970331730303704676 0.202946300606278940
0.182637723166701960 0.969818627976970160 0.202398183486144662
0.186574871640014683 0.969121866273311428 0.201851409400427062
0.190509892081494325 0.968410502805574724 0.201305981648004950
0.194444013181839515 0.967684322302630573 0.200761903519634410
0.198378513114624011 0.966943079056450050 0.200219178297928596
0.202314724901172693 0.966186494571133814 0.199677809257337857
0.206254042193124099 0.965414254912153713 0.199137799664130727
0.210197925445240352 0.964626007733830781 0.198599152776373439
0.214147908542165755 0.963821358947023588 0.198061871843910497
0.218105605884430009 0.962999868996441855 0.197525960108345194
0.222072719998429424 0.962161048702190214 0.196991420803020012
0.226051049693001882 0.961304354621435708 0.196458257152997223
0.229043298261285888 0.960649744114033810 0.195926472375038851
0.233045904832264394 0.959760281250615077 0.195396069677588241
0.237065244038334566 0.958851125972975837 0.194867052260749796
0.241103559339033935 0.957921480212139631 0.194339423316269994
0.245163238489806645 0.956970461197227285 0.193813186027518514
0.248223542326935387 0.956242587296117552 0.193288343569468529
0.252326833065386780 0.955251754578111845 0.192764899108677640
0.256458904115936692 0.954236609580250916 0.192242855803268775
0.260622804998559776 0.953195865647676221 0.191722216802911405
0.264821799515509437 0.952128099819730234 0.191202985248802360
0.267996169860230837 0.951308601476994031 0.190685164273646623
0.272265144376837576 0.950189658847155449 0.190168757001638655
0.276579452909077095 0.949038949123649944 0.189653766548444014
0.280943345853480630 0.947854388185620955 0.189140196021179541
0.284251542837713811 0.946942371629414081 0.188628048518395514
0.288713420434966894 0.945692858303234019 0.188117327130056300
0.293238321349216402 0.944402508596785983 0.187608034937522289
0.296676720573983477 0.943406103428856335 0.187100175013531100
0.301325706568498441 0.942036653998785556 0.186593750422178684
0.306054285314448837 0.940617010871955705 0.186088764218901248
0.309657124959161534 0.939516853229025228 0.185585219450456806
0.314542119407048515 0.937999063766274288 0.185083119154906633
0.319527329759975609 0.936418413468123378 0.184582466361596864
0.323337232231470817 0.935188281235017405 0.184083264091140619
0.328519307903207713 0.933483534021137817 0.183585515355399187
0.332488065818701051 0.932152730314307343 0.183089223157464454
0.337898127743825105 0.930302448143115690 0.182594390491640279
0.343454397647713572 0.928357472549670271 0.182101020343424957
0.347725299114922337 0.926830757484767065 0.181609115689492451
0.353569363182332286 0.924695715164469245 0.181118679497675406
0.358072891523242842 0.923013159912843051 0.180629714726946222
0.364251521176565396 0.920650333517113562 0.180142224327400208
0.369025793098262611 0.918780161180630328 0.179656211240236729
0.375594308862437332 0.916141797870372976 0.179171678397742395
0.380684529099372837 0.914043568234160664 0.178688628723273041
0.387708714100744867 0.911068559773493769 0.178207065131235742
0.393168776324712255 0.908690224736594110 0.177726990527071554
0.400727255001893434 0.905299439238600900 0.177248407807238162
0.406621724319135625 0.902573169916013329 0.176771319859192089
0.414808890281557208 0.898662781574998348 0.176295729561371350
0.421215422338771073 0.895498955744570280 0.175821639783178052
0.427869024584516366 0.892112989177790805 0.175349053384961262
0.437157168209275637 0.887209132221713714 0.174877973217999694
0.444462224883645063 0.883201416362638492 0.174408402124484219
0.454696736629232379 0.877352710429406990 0.173940342937500991
0.462775124479841149 0.872534826143360642 0.173473798481014518
0.471227905313721496 0.867294461861289001 0.173008771569850284
0.483130171642498163 0.859552330368532846 0.172545265009677762
0.492570447500509434 0.853092750787197263 0.172083281596993737
0.502486834292448226 0.845985159939707243 0.171622824119105372
0.516507398888671476 0.835334067955121662 0.171163895354113277
0.527665801460867723 0.826315320306052370 0.170706498070894802
0.539411676169501697 0.816258676749745504 0.170250635029087161
0.556036249004320360 0.800939437685303623 0.169796308979071303
0.569254224831002742 0.787747047404911749 0.169343522661954737
0.583122317680028979 0.772812143712632849 0.168892278809555235
0.602591441397340444 0.749640738327871148 0.168442580144384513
0.617850543834643662 0.729314452248875367 0.167994429379631272
0.633537443343315743 0.705932224866353542 0.167547829219145628
0.649432307229805272 0.678913621766652708 0.167102782357422014
0.665176907375473192 0.647568413402632492 0.166659291479583554
0.684921639683147787 0.597635057907296097 0.166217359261365216
0.697589557398459292 0.552880887205096871 0.165776988369098488
0.706834889665977739 0.500785736098042444 0.165338181459694394
0.710528145466849503 0.440484745331560679 0.164900941180628258
0.705693414641500705 0.371504215538123572 0.164465270169923072
0.688388073608493967 0.294253532910462745 0.164031171056134129
0.637585709985663884 0.182269990405208748 0.163598646458332858
0.572419788565931342 0.098207214576232021 0.163167698986090987
0.480804793924311413 0.023731441342612514 0.162738331239465017
0.364520337473105638 -0.029792951739946977 0.162310545808980133
0.231694785031307138 -0.051634656077180027 0.161884345275615377
0.096005722994139134 -0.036037851850259400 0.161459732210787160
-0.027427669002067889 0.014835253710043550 0.161036709176334170
-0.127229656749775044 0.091773347653802642 0.160615278724501848
-0.198646202404217820 0.182553308891424793 0.160195443397927406
-0.242945257262232261 0.276155562190537163 0.159777205729623673
-0.264869532193004187 0.364965882663644103 0.159360568242964351
-0.270149036370454454 0.444909350387790947 0.158945533451668869
-0.263995707328968543 0.514547675320999542 0.158532103859786916
-0.250525645376035500 0.574029611550870844 0.158120281961683429
-0.232727483264288992 0.624287827650275795 0.157710070242023437
-0.212654397371279225 0.666538557012623878 0.157301471175757601
-0.191660425642060650 0.702012611970419087 0.156894487228106394
-0.170607142967644121 0.731831462610058270 0.156489120854546221
-0.150021725157466090 0.756963742157325092 0.156085374500793544
-0.130209849235185193 0.778221909053907202 0.155683250602791229
-0.111333280411850588 0.796276495581291099 0.155282751586692802
-0.093461972337216037 0.811676262420805150 0.154883879868848662
-0.076608541715024236 0.824868693189449775 0.154486637855791142
-0.060750843762839291 0.836218483793170098 0.154091027944219749
-0.050711881164520356 0.842910658344825481 0.153697052520987060
-0.036414288768194636 0.851823664634296041 0.153304713963084344
-0.022979060823156872 0.859572898920721418 0.152914014637626994
-0.010347592965218810 0.866334176967942460 0.152524956901840314
0.001538053991217592 0.872252882098107030 0.152137543103045308
0.009075096914143599 0.875791087403453572 0.151751775578644582
0.019839940906176801 0.880563802393147466 0.151367656656108324
0.030000306836728496 0.884773350669531666 0.150985188652959929
0.039602770819158695 0.888494975674397947 0.150604373876762149
0.048690250676376223 0.891792205968605867 0.150225214625103520
0.054482055389098449 0.893781531706855814 0.149847713185584097
0.062797078318208022 0.896487136839620113 0.149471871835801767
0.070694806645272501 0.898894895323567922 0.149097692843338375
0.075743536752334362 0.900352292249219310 0.148725178465746399
0.083013244978123180 0.902339836988250932 0.148354330950535129
0.089942325758582020 0.904113356587593509 0.147985152535156927
0.094384537516178812 0.905188740035998585 0.147617645446993906
0.100798730197795616 0.906657103635855499 0.147251811903344576
0.106932345650851190 0.907968450347688805 0.146887654111410415
0.110875015233859398 0.908763707303339441 0.146525174268282266
0.116582494691587935 0.909849098487084396 0.146164374560927651
0.122056626806692159 0.910817182342092524 0.145805257166176955
0.125583891438325379 0.911403239771950258 0.145447824250710761
0.130701918885573087 0.912201138704870851 0.145092077971046479
0.134004321529966330 0.912683059799036522 0.144738020473525603
0.138802500223796477 0.913337304843529818 0.144385653894300470
0.141902565323833385 0.913731082951011797 0.144034980359321579
0.146412419676906713 0.914263421972748791 0.143686001984324796
0.149329765817695359 0.914582213394809718 0.143338720874818359
0.153578800494665713 0.915010596780817087 0.142993139126070229
0.156330574473452055 0.915265296599906852 0.142649258823095815
0.160342870350460076 0.915604636709535291 0.142307082040644906
0.162944110712577861 0.915804324319083207 0.141966610843189456
0.166740824260377063 0.916067085439019824 0.141627847284910818
0.169204766138013718 0.916219372013109545 0.141290793409687837
0.172804548542443315 0.916416032209022680 0.140955451251084163
0.175142879766461979 0.916527333743288430 0.140621822832335985
0.178562229458169131 0.916666749081127774 0.140289910166339848
0.180785306246131483 0.916742502478374410 0.139959715255640799
0.182964918062385629 0.916805373247305377 0.139631240092419895
0.186155895240490254 0.916877031492860928 0.139304486658482385
0.188232855542069422 0.916910642049216684 0.138979456925245687
0.190271001886642921 0.916933622948480354 0.138656152853727538
0.193258056930162347 0.916949380000917413 0.138334576394534364
0.195204308214793565 0.916948166765760297 0.138014729487848986
0.197115727625449100 0.916938146823031763 0.137696614063419348
0.199919792484915371 0.916907593933274923 0.137380232040546862
0.201748554129906221 0.916877495114925334 0.137065585328074641
0.203545914029922503 0.916840076167095841 0.136752675824376058
0.205312764477805831 0.916795710399685215 0.136441505417343317
0.207907700198097567 0.916716903643629344 0.136132075984376016
0.209601953000262076 0.916656674500153867 0.135824389392369904
0.211268552237062202 0.916590654038522912 0.135518447497705474
0.212908244396164570 0.916519134012617975 0.135214252146237057
0.214521747841353583 0.916442390995655054 0.134911805173281107
0.216894405070237883 0.916318053449958425 0.134611108403605934
0.218445407152224436 0.916229371361698797 0.134312163651419847
0.219972532382933961 0.916136327293132213 0.134014972720361059
0.221476388410674352 0.916039139874997299 0.133719537403486022
0.222957561386211256 0.915938016837881230 0.133425859483258913
0.224416616952811898 0.915833155630382256 0.133133940731541361
0.225854101191627743 0.915724743993131307 0.132843782909580932
0.227971030105918404 0.915555857725297795 0.132555387768000910
0.229356854621051875 0.915439332439151210 0.132268757046789781
0.230722877423912121 0.915319844833513696 0.131983892475290826
0.232069566884991862 0.915197545145558511 0.131700795772191348
0.233397376142267243 0.915072576469875054 0.131419468645512461
0.234706743762095216 0.914945075132093333 0.131139912792598762
0.235998094358304156 0.914815171043776187 0.130862129900108481
0.237271839184579780 0.914682988032555211 0.130586121644002573
0.238528376692403177 0.914548644153928336 0.130311889689535138
0.239768093064721410 0.914412251983625080 0.130039435691243210
0.240991362717860702 0.914273918894015658 0.129768761292936907
0.242198548781829337 0.914133747312919742 0.129499868127689266
0.243390003553498602 0.913991834968795325 0.129232757817826449
0.244566068928739611 0.913848275121039832 0.128967431974918306
0.245148434693241435 0.913775905358562235 0.128703892199768077
0.246302035283996690 0.913630039873075894 0.128442140082403289
0.247441058361538901 0.913482741878466786 0.128182177202065650
0.248565812524014162 0.913334090627396900 0.127924005127202034
0.249676597663461675 0.913184161792071514 0.127667625415454483
0.250773705297450022 0.913033027631600658 0.127413039613651358
0.251857418879416595 0.912880757151953937 0.127160249257797620
0.252394339349488128 0.912804216504390697 0.126909255873065646
0.253458476422902368 0.912650364184629859 0.126660060973786071
0.254509894727904085 0.912495534797506891 0.126412666063438650
0.255548851756917383 0.912339787099568422 0.126167072634643274
0.256575598179390962 0.912183177212390728 0.125923282169150691
0.257084468941069122 0.912104565794654487 0.125681296137833798
0.258093355122519796 0.911946762378813558 0.125441116000678810
0.259090629074539391 0.911788226314692363 0.125202743206776296
0.260076519416409191 0.911629005397260661 0.124966179194312452
0.260565265581004679 0.911549152464768642 0.124731425390560466
0.261534496499598090 0.911388989212010170 0.124498483211871971
0.262492890341069152 0.911228251403199407 0.124267354063668414
0.262968088908082820 0.911147679825656476 0.124038039340432532
0.263910617595818076 0.910986155880217030 0.123810540425700069
0.264842822363700492 0.910824155654694878 0.123584858692051325
0.265305114880304227 0.910742988323655966 0.123360995501102993
0.266222200776092266 0.910580341087229406 0.123138952203499741
0.266677041520661628 0.910498869625684937 0.122918730138906251
0.267579434894787305 0.910335651396391943 0.122700330635999083
0.268472262619464774 0.910172092171192881 0.122483755012458659
0.268915145295274993 0.910090194123978069 0.122269004574961190
0.269793957844194965 0.909926179271103308 0.122056080619171087
0.270229930780971128 0.909844069454535997 0.121844984429732739
0.271095115769368344 0.909679661899601921 0.121635717280263234
0.271524369409093524 0.909597370664454785 0.121428280433344166
0.272376301168823221 0.909432628959080835 0.121222675140514505
0.272799019467905468 0.909350184535969497 0.121018902642262602
0.273638059659608412 0.909185163120562967 0.120816964168019139
0.274054420389413134 0.909102591745378552 0.120616860936149317
0.274468700405676114 0.909019983555704458 0.120418594153945749
0.275291093617631377 0.908854667223079504 0.120222165017621091
0.275699243957380269 0.908771964162190526 0.120027574712300855
0.276509543432228555 0.908606480486304657 0.119834824412016289
0.276911728506254284 0.908523704579596747 0.119643915279697144
0.277311960773040100 0.908440908999653352 0.119454848467164781
0.278106636642835803 0.908275267590500368 0.119267625115125314
0.278501114660926030 0.908192426004160058 0.119082246353162544
0.279284435532123232 0.908026711261893604 0.118898713299731174
0.279673311717101414 0.907943842022215675 0.118717027062150135
0.280060353663982353 0.907860967394170437 0.118537188736595883
0.280445577605804852 0.907778089206391914 0.118359199408095833
0.281210635556347233 0.907612329220568448 0.118183060150521657
0.281590501197611698 0.907529450833463702 0.118008772026582914
0.281968612097368010 0.907446575712522518 0.117836336087820667
0.282344983668502303 0.907363705445765723 0.117665753374601195
0.283092569690123308 0.907197985601597479 0.117497024916109374
0.283463814189337582 0.907115138976363422 0.117330151730342946
0.283833379463380830 0.907032303110775429 0.117165134824105996
0.284201280159301850 0.906949479374593248 0.117001975193003135
0.284567530782120270 0.906866669094476663 0.116840673821433358
0.285295139102436368 0.906701094009427111 0.116681231682584041
0.285656525095812963 0.906618331657670917 0.116523649738425272
0.286016317609140480 0.906535587670927456 0.116367928939703880
0.286374530445474063 0.906452863179797452 0.116214070225937813
0.286731177273942206 0.906370159277462006 0.116062074525410328
0.287086271630287548 0.906287477020892629 0.115911942755164490
0.287439826919938413 0.906204817430915632 0.115763675820997711
0.287791856419083669 0.906122181493250300 0.115617274617456051
0.288142373277212649 0.906039570158660990 0.115472740027829104
0.288491390516073420 0.905956984344740368 0.115330072924144461
0.288838921036636609 0.905874424934344891 0.115189274167162514
0.289184977614060978 0.905791892779037378 0.115050344606371285
0.289529572905982080 0.905709388696711359 0.114913285079981331
0.289872719447285376 0.905626913475064521 0.114778096414920497
0.290214429657555228 0.905544467869739522 0.114644779426829185
0.290554715839460354 0.905462052606099244 0.114513334920055415
0.290893590179598704 0.905379668380102087 0.114383763687649603
0.291231064752452196 0.905297315857729656 0.114256066511360263
0.291567151520296386 0.905214995676193901 0.114130244161628980
0.291901862332529627 0.905132708445125278 0.114006297397585929
0.292235208932537960 0.905050454745189525 0.113884226967045130
0.292567202952389749 0.904968235130890308 0.113764033606500142
0.292897855917793382 0.904886050129719788 0.113645718041119337
0.292897855917793382 0.904886050129719788 0.113529280984741868
0.293227179250098724 0.904803900242539760 0.113414723139873122
0.293555184264566227 0.904721785944896273 0.113302045197680529
0.293881882172892905 0.904639707687265870 0.113191247837989437
0.294207284085586607 0.904557665894941132 0.113082331729278909
0.294207284085586607 0.904557665894941132 0.112975297528677909
0.294531401011212335 0.904475660969227269 0.112870145881961009
0.294854243857443521 0.904393693287926848 0.112766877423544909
0.295175823434174589 0.904311763205056574 0.112665492776484119
0.295175823434174589 0.904311763205056574 0.112565992552467672
0.295496150450276329 0.904229871052937728 0.112468377351815099
0.295815235521811049 0.904148017139846050 0.112372647763472971
0.295815235521811049 0.904148017139846050 0.112278804365011281
0.296133089163601260 0.904066201754187282 0.112186847722619942
0.296449721799693089 0.903984425161073357 0.112096778391105545
0.296449721799693089 0.903984425161073357 0.112008596913887773
0.296765143756352323 0.903902687606148558 0.111922303822996186
0.297079365265579931 0.903820989314679135 0.111837899639067123
0.297079365265579931 0.903820989314679135 0.111755384871340541
0.297392396469213727 0.903739330491055037 0.111674760017656721
0.297392396469213727 0.903739330491055037 0.111596025564453569
0.297704247415767675 0.903657711320516643 0.111519181986763555
0.298014928061978601 0.903576131969465068 0.111444229748210735
0.298014928061978601 0.903576131969465068 0.111371169301008127
0.298324448275236020 0.903494592585248002 0.111300001085954892
0.298324448275236020 0.903494592585248002 0.111230725532433697
0.298632817829982578 0.903413093298207515 0.111163343058408165
0.298632817829982578 0.903413093298207515 0.111097854070420235
0.298632817829982578 0.903413093298207515 0.111034258963587817
0.298940046415910210 0.903331634219297408 0.110972558121602394
0.298940046415910210 0.903331634219297408 0.110912751916726629
0.299246143629806782 0.903250215443912929 0.110854840709792277
0.299246143629806782 0.903250215443912929 0.110798824850197819
0.299551118985012133 0.903168837048915707 0.110744704675906469
0.299551118985012133 0.903168837048915707 0.110692480513444172
0.299551118985012133 0.903168837048915707 0.110642152677897440
0.299854981902332340 0.903087499096875801 0.110593721472911730
0.299854981902332340 0.903087499096875801 0.110547187190689372
0.299854981902332340 0.903087499096875801 0.110502550111987896
0.300157741719565163 0.903006201633015593 0.110459810506118417
0.300157741719565163 0.903006201633015593 0.110418968630943887
0.300157741719565163 0.903006201633015593 0.110380024732877557
0.300157741719565163 0.903006201633015593 0.110342979046881562
0.300459407686616053 0.902924944687760633 0.110307831796465444
0.300459407686616053 0.902924944687760633 0.110274583193684828
0.300459407686616053 0.902924944687760633 0.110243233439140137
0.300459407686616053 0.902924944687760633 0.110213782721975392
0.300759988970002501 0.902843728275713797 0.110186231219877029
0.300759988970002501 0.902843728275713797 0.110160579099072869
0.300759988970002501 0.902843728275713797 0.110136826514331099
0.300759988970002501 0.902843728275713797 0.110114973608959388
0.300759988970002501 0.902843728275713797 0.110095020514803896
0.300759988970002501 0.902843728275713797 0.110076967352248589
0.301059494647595516 0.902762552398222451 0.110060814230214563
0.301059494647595516 0.902762552398222451 0.110046561246159164
0.301059494647595516 0.902762552398222451 0.110034208486075674
0.301059494647595516 0.902762552398222451 0.110023756024492547
0.301059494647595516 0.902762552398222451 0.110015203924473198
0.301059494647595516 0.902762552398222451 0.110008552237615381
0.301059494647595516 0.902762552398222451 0.110003801004051049
0.301059494647595516 0.902762552398222451 0.110000950252446050
0.301059494647595516 0.902762552398222451 0.110000000000000001
