-0.092377163508595539 0.883056924352742634 0.739999999999999991
-0.092377163508595539 0.883056924352742634 0.739999049747553928
-0.092377163508595539 0.883056924352742634 0.739996198995948928
-0.092377163508595539 0.883056924352742634 0.739991447762384680
-0.092377163508595539 0.883056924352742634 0.739984796075526807
-0.092377163508595539 0.883056924352742634 0.739976243975507431
-0.089539102416408500 0.883443839733830893 0.739965791513924276
-0.089539102416408500 0.883443839733830893 0.739953438753840897
-0.089539102416408500 0.883443839733830893 0.739939185769785457
-0.089539102416408500 0.883443839733830893 0.739923032647751389
-0.089539102416408500 0.883443839733830893 0.739904979485196068
-0.089539102416408500 0.883443839733830893 0.739885026391040590
-0.089539102416408500 0.883443839733830893 0.739863173485668879
-0.089539102416408500 0.883443839733830893 0.739839420900927136
-0.089539102416408500 0.883443839733830893 0.739813768780122949
-0.086763852668406360 0.883801552270128021 0.739786217278024627
-0.086763852668406360 0.883801552270128021 0.739756766560859869
-0.086763852668406360 0.883801552270128021 0.739725416806315206
-0.086763852668406360 0.883801552270128021 0.739692168203534561
-0.084047705255776706 0.884132197406007903 0.739657020953118471
-0.084047705255776706 0.884132197406007903 0.739619975267122420
-0.084047705255776706 0.884132197406007903 0.739581031369056063
-0.084047705255776706 0.884132197406007903 0.739540189493881561
-0.081387215324989992 0.884437716236790017 0.739497449888012137
-0.081387215324989992 0.884437716236790017 0.739452812809310633
-0.081387215324989992 0.884437716236790017 0.739406278527088290
-0.081387215324989992 0.884437716236790017 0.739357847322102524
-0.078779177563632230 0.884719876414371775 0.739307519486555820
-0.078779177563632230 0.884719876414371775 0.739255295324093509
-0.078779177563632230 0.884719876414371775 0.739201175149802103
-0.076220604227387967 0.884980290437576977 0.739145159290207743
-0.076220604227387967 0.884980290437576977 0.739087248083273307
-0.073708705456356605 0.885220431692178344 0.739027441878397529
-0.073708705456356605 0.885220431692178344 0.738965741036412216
-0.073708705456356605 0.885220431692178344 0.738902145929579812
-0.071240871619904056 0.885441648557524164 0.738836656941591730
-0.071240871619904056 0.885441648557524164 0.738769274467566239
-0.068814657424718151 0.885645176839393145 0.738699998914045142
-0.068814657424718151 0.885645176839393145 0.738628830698991878
-0.066427767591600295 0.885832150756625358 0.738555770251789201
-0.066427767591600295 0.885832150756625358 0.738480818013236395
-0.064078043900081261 0.886003612668068263 0.738403974435546395
-0.064078043900081261 0.886003612668068263 0.738325239982343340
-0.061763453447820860 0.886160521704274950 0.738244615128659576
-0.061763453447820860 0.886160521704274950 0.738162100360932882
-0.059482077980347436 0.886303761442554516 0.738077696177003806
-0.059482077980347436 0.886303761442554516 0.737991403086112219
-0.057232104165593267 0.886434146743801499 0.737903221608894433
-0.057232104165593267 0.886434146743801499 0.737813152277379980
-0.055011814704976958 0.886552429854113866 0.737721195634988725
-0.052819580178758763 0.886659305858505498 0.737627352236526979
-0.052819580178758763 0.886659305858505498 0.737531622648184837
-0.050653851545504225 0.886755417564458082 0.737434007447532291
-0.048513153208247894 0.886841359879181002 0.737334507223515900
-0.048513153208247894 0.886841359879181002 0.737233122576455124
-0.046396076590456414 0.886917683740984009 0.737129854118038996
-0.044301274141336444 0.886984899650432146 0.737024702471322124
-0.044301274141336444 0.886984899650432146 0.736917668270721027
-0.042227453725755981 0.887043480848058619 0.736808752162010583
-0.040173373338336038 0.887093866174508028 0.736697954802319477
-0.040173373338336038 0.887093866174508028 0.736585276860126870
-0.038137836091218180 0.887136462646479940 0.736470719015258179
-0.036119685425962944 0.887171647775737648 0.736354281958880641
-0.034117800512019847 0.887199771659685776 0.736235966393499863
-0.032131091770452036 0.887221158860152403 0.736115773032954834
-0.032131091770452036 0.887221158860152403 0.735993702602414035
-0.030158496493234266 0.887236110093310382 0.735869755838370998
-0.028198974500499796 0.887244903744821567 0.735743933488639756
-0.026251503794872788 0.887247797224923973 0.735616236312350402
-0.024315076154936388 0.887245028174395989 0.735486665079944646
-0.024315076154936388 0.887245028174395989 0.735355220573170709
-0.022388692616916228 0.887236815532326251 0.735221903585079439
-0.020471358786027682 0.887223360474798328 0.735086714920018758
-0.018562079895035000 0.887204847224049908 0.734949655393628665
-0.016659855550717362 0.887181443745518550 0.734810725832837464
-0.014763674059958598 0.887153302323042792 0.734669927075855544
-0.012872506242882942 0.887120560017222837 0.734527259972170943
-0.010985298595156623 0.887083339014181127 0.734382725382543899
-0.009100965652000914 0.887041746850617985 0.734236324179002309
-0.007218381379444583 0.886995876517237991 0.734088057244835501
-0.005336369354630610 0.886945806434564998 0.733937925474589692
-0.003453691469102516 0.886891600286963455 0.733785929774062096
-0.001569034820122217 0.886833306710291258 0.733632071060296154
0.000319003652116789 0.886770958809222742 0.733476350261574761
0.002211935298496948 0.886704573493875881 0.733318768317415937
0.004111401363614986 0.886634150606483429 0.733159326178566717
0.006019198919998414 0.886559671814237338 0.732998024806996828
0.007937312270008712 0.886481099233959791 0.732834865175894024
0.009867951280588205 0.886398373754382241 0.732669848269657087
0.011813598598473141 0.886311413011919735 0.732502975083890617
0.013777068327002540 0.886220108978417187 0.732334246625398921
0.015761579642146362 0.886124325119970635 0.732163663912179352
0.017770850095024771 0.886023893095797987 0.731991227973417091
0.019809215150072113 0.885918608995784451 0.731816939849478376
0.023994638715089889 0.885692465855577815 0.731640800591904172
0.026155113703996424 0.885570982923524541 0.731462811263404067
0.028372153392641764 0.885443392733140877 0.731282972937849940
0.030656820392191808 0.885309255645488458 0.731101286700268749
0.033023001404700492 0.885168085587258680 0.730917753646837420
0.035488420633115192 0.885019368135165019 0.730732374884874636
0.040816766224606893 0.884697404109278440 0.730545151532835280
0.043752087887382884 0.884523690692950559 0.730356084720302889
0.046940755759816155 0.884342123649657585 0.730165175587983772
0.050468264892588544 0.884155024417030311 0.729972425287699123
0.059142998024747206 0.883797299157777605 0.729777834982378915
0.064874731481707970 0.883678423873003549 0.729581405846054243
0.072401610189549159 0.883710545941570613 0.729383139063850661
0.104426808674973837 0.886383866839004053 0.729183035831980852
0.195354064183240972 0.898393123361676649 0.728981097357737307
0.013146804086367481 0.829025065738642430 0.728777324859485542
0.093648431015875444 0.841629847924199481 0.728571719566655895
-0.414851826328778206 0.765683416038127396 0.728364282719736744
-0.072449467967315606 0.899402896763341952 0.728155015570267294
0.003520236588500314 0.892486237713179920 0.727943919380828919
0.016451352582794065 0.890639102198627519 0.727730995425038829
0.025257918397368295 0.889382455941566286 0.727516244987541416
0.037237468841053001 0.887766762216329441 0.727299669364000922
0.041767701327822926 0.887206131985061153 0.727081269861093782
0.049402765549473482 0.886360284005596410 0.726861047796500293
0.052906116754080745 0.886051281043728434 0.726639004498896957
0.057033947729457024 0.885921746191265180 0.726415141307948709
0.059769929869213645 0.884884140427709687 0.726189459574299923
0.062764015879661239 0.884701719334487824 0.725961960659567529
0.067973877716261566 0.884280994488966687 0.725732645936331688
0.070425429988641541 0.884073655496577571 0.725501516788128020
0.075170387687504003 0.883672762176403781 0.725268574609439609
0.077490762571299998 0.883478586281401190 0.725033820805687568
0.082070547080725587 0.883100159658207762 0.724797256793223710
0.086609090056988303 0.882731708387652247 0.724558883999321224
0.088874859419116381 0.882550188590672580 0.724318703862166235
0.093419064922488804 0.882190902343472194 0.724076717830849370
0.095704501488864890 0.882012588482952387 0.723832927365356760
0.100318322844832053 0.881657476315266697 0.723587333936561383
0.102652977549613666 0.881480291411970596 0.723339939026213963
0.107393412455448867 0.881125825956226127 0.723090744126934415
0.112250239481093139 0.880770250647501918 0.722839750742202303
0.114730846813935472 0.880591702375035146 0.722586960386348620
0.119815185453989281 0.880232405702110254 0.722332374584545467
0.125091798644252794 0.879869206241292279 0.722075994872797944
0.127814067130964271 0.879685731863105502 0.721817822797934383
0.133454212528275107 0.879314017420239624 0.721557859917596800
0.139399063494647479 0.878934161008143255 0.721296107800231900
0.142505083035430524 0.878740299090368993 0.721032568025081755
0.149031596270567168 0.878342211428008168 0.720767242182173473
0.156055892216653336 0.877925436023303307 0.720500131872310767
0.163697417531521783 0.877481189961211494 0.720231238707063071
0.167797502315530089 0.877244623379574984 0.719960564308756767
0.176681693111452376 0.876729768033333912 0.719688110310464868
0.186702248227876566 0.876131981728005771 0.719413878355997460
0.198230761399970312 0.875397188214998012 0.719137870099891496
0.211820254000779529 0.874426824528237612 0.718860087207401133
0.219639237019397748 0.873799941098730937 0.718580531354487628
0.238090036135156113 0.872066671024439133 0.718299204227808685
0.261928437741331732 0.869175969658399827 0.718016107524709124
0.294537466944516491 0.863765936782636801 0.717731242953210224
0.342701894884164748 0.852112842166526496 0.717444612231999179
0.421531838960708616 0.821685664703667329 0.717156217090419101
0.482047698697954941 0.786436424814093482 0.716866059268458589
0.658589034261545692 0.557003526337980781 0.716574140516741065
0.216675447697641410 -0.058397132054331446 0.716280462596514012
-0.229317723774823790 0.471194435288957714 0.715985027279638975
-0.125313152669401962 0.695930405751722159 0.715687836348580131
-0.047123227770627496 0.766859688363313419 0.715388891596394072
0.002675243887965140 0.796793028917510693 0.715088194826718926
0.036918856375117992 0.811914938850171186 0.714785747853762921
0.062323003464914761 0.820359216287706250 0.714481552502294504
0.082364498568038902 0.825291790759540067 0.714175610607630129
0.098975858359718227 0.828151252373332314 0.713867924015623934
0.113311205697150474 0.829665207616068545 0.713558494582656633
0.126105991613353008 0.830228942254593094 0.713247324175623976
0.137857942725101656 0.830065485571180650 0.712934414671925309
0.148924564127099868 0.829299743308393400 0.712619767959453143
0.159579343852729816 0.827994842364777384 0.712303385936580713
0.170046592586290068 0.826170015176364014 0.711985270512151103
0.180525061295384259 0.823808262178577611 0.711665423605465697
0.191205984545630592 0.820857195490258928 0.711343847146272412
0.202289151131898715 0.817223920405761639 0.711020543074754374
0.220172847472709710 0.810156928705986989 0.710695513341517593
0.233355774915551817 0.804007108545143900 0.710368759907580083
0.247997015477236793 0.796242158204365835 0.710040284744359096
0.264638647191101195 0.786201572452196906 0.709710089833660129
0.284045269120143773 0.772790722772571659 0.709378177167664048
0.307319612154946964 0.754084391749963112 0.709044548748915870
0.336037516263554381 0.726428029728022340 0.708709206590312113
0.393400474356909058 0.648989425798449426 0.708372152715089243
0.437802867681837071 0.538607667104736176 0.708033389156810689
0.430825624911021832 0.305361366361133590 0.707692917959355072
0.048449980316811206 0.001026924262080942 0.707350741176904108
-0.379546427006960729 0.623442391833807341 0.707006860873929721
-0.214125524101620057 0.808873005206882878 0.706661279125181618
-0.098723307803295079 0.859427081616846777 0.706313998015675182
-0.025181583947698205 0.873327457917150940 0.705965019640678482
0.044663072909064683 0.875209970331521703 0.705614346105699508
0.076956684646223517 0.872498857696956343 0.705261979526474403
0.102850934777581338 0.868689048764200278 0.704907922028953582
0.124624742444879588 0.864335946310790137 0.704552175749289300
0.152534198768215890 0.857152099329520301 0.704194742833822995
0.169259221861308262 0.851925532228375859 0.703835625439072410
0.185215536992539176 0.846239348714930895 0.703474825731717712
0.208814929114245040 0.836449365898416231 0.703112345888589618
0.225032990201223415 0.828662969975914487 0.702748188096655402
0.251483117793230349 0.813872346770281974 0.702382354553006127
0.271626404450638403 0.800658707547134529 0.702014847464843106
0.295049402481331491 0.782876875719974663 0.701645669049464793
0.340179423881524778 0.739636659075959768 0.701274821534253578
0.380498147218895189 0.686798909014963765 0.700902307156661686
0.448110528564722443 0.494903792791400843 0.700528128164198294
0.342497886963062936 0.156406969458946998 0.700152286814415881
-0.348313264431105607 0.167251555601470647 0.699774785374896457
-0.249645093718112998 0.825364749570107525 0.699395626123237801
-0.100184995646934893 0.891648824302743392 0.699014811347040133
0.016901381318126407 0.905177119707358924 0.698632343343891682
0.062436543122890709 0.902830434670761850 0.698248224421355368
0.108840620687464973 0.896435968813514950 0.697862456896954697
0.131589556976757782 0.891949781431754962 0.697475043098159664
0.158729181392867513 0.885580937505526911 0.697085985362372984
0.173790551407835447 0.881632911922216267 0.696695286036915662
0.193463211474788566 0.876106850162465145 0.696302947479013001
0.210804965432987101 0.870949137291692654 0.695908972055780284
0.221512488608180402 0.867654276833839111 0.695513362144208891
0.236771453912130947 0.862837412792261116 0.695116120131151316
0.246652545508069365 0.859652971952950429 0.694717248413307176
0.261532480771706322 0.854780498937409705 0.694316749397208888
0.277801608157812741 0.849393237702371628 0.693914625499206461
0.292633952243313011 0.844485869186767601 0.693510879145453840
0.230912166374221239 0.856775522875496520 0.693105512771893584
0.287844314991431538 0.844298086280607540 0.692698528824242432
0.308305469385637465 0.837537927722359798 0.692289929757976541
0.324102749581222815 0.831778955878143655 0.691879718038316605
0.334208939249360959 0.827929395780955923 0.691467896140213090
0.349420282126373660 0.821916404491656483 0.691054466548331137
0.365058259783456407 0.815457440036093439 0.690639431757035682
0.375858276400813596 0.810823586028297738 0.690222794270376361
0.392795659215552984 0.803249876957038422 0.689804556602072627
0.410829645284489176 0.794738255767873603 0.689384721275498102
0.430223708539546057 0.785014547383033889 0.688963290823665919
0.444059969330302007 0.777679834002362846 0.688540267789212845
0.466447949253907646 0.765032649996388536 0.688115654724384629
0.491200190282459093 0.749788307854904690 0.687689454191019900
0.518883437667359559 0.730915357373767560 0.687261668760535072
0.539314370039373325 0.715546087399907327 0.686832301013909019
0.573547787952575883 0.686469725866482361 0.686401353541667092
0.612863025549786888 0.646436368140286710 0.685968828943865794
0.657601995657142391 0.587861351916302399 0.685534729830076905
0.704794247124307827 0.495384959717257989 0.685099058819371831
0.734906548451928598 0.337188002267371334 0.684661818540305611
0.705275771207160673 0.171491391719776676 0.684223011630901601
0.398308604466559468 -0.099827593602225873 0.683782640738634817
-0.105529866188580776 0.143738698780719210 0.683340708520416507
-0.064061923472823579 0.580152497603801165 0.682897217642577936
0.140418626806330382 0.738902261527154991 0.682452170780854406
0.306119518616647990 0.771010514001176372 0.682005570620368706
0.436832466106782558 0.757264380848932661 0.681557419855615576
0.549913608625804073 0.719915124755977964 0.681107721190444715
0.656340113941645042 0.661917270452488049 0.680656477338045240
0.761314327792792622 0.577673377107305264 0.680203691020928702
0.830115042263611325 0.501221249947023328 0.679749364970912762
0.923263088656848696 0.343762008171723532 0.679293501929105314
0.976924645079390253 0.121198960898852848 0.678836104645886729
0.934500761628726528 -0.157355676782333920 0.678377175880894634
0.745518154415912626 -0.416176918728152434 0.677916718403006269
0.456649192451295816 -0.543055190998163240 0.677454734990322271
0.195485629272501876 -0.524633529530362908 0.676991228430149805
0.023085147737787054 -0.448166244120315471 0.676526201518985459
-0.087034467151906270 -0.383087474515133364 0.676059657062499042
-0.181591213223039671 -0.345974174593486228 0.675591597875515815
-0.336361542674808001 -0.308673166509185193 0.675122026782000395
-0.478364098773231938 -0.248918574062780062 0.674650946615038660
-0.614411032697194437 -0.137721255266337994 0.674178360216821981
-0.709772747750160415 0.016220401641993343 0.673704270438628683
-0.748730120639591434 0.182699062070361407 0.673228680140807945
-0.739608556514076754 0.334073950086546501 0.672751592192761816
-0.700654986934044377 0.457774936287690670 0.672273009472928451
-0.647766729147796205 0.553251330151779297 0.671792934868764235
-0.590957749140308408 0.625137122072329299 0.671311371276726909
-0.535423180277057820 0.678953073339785940 0.670828321602257471
-0.466970399042505924 0.730635493027253391 0.670343788759763304
-0.420447570651014180 0.758835176455025406 0.669857775672599853
-0.377700359403557506 0.780726651791647130 0.669370285273053756
-0.337947001809577596 0.798068062131333189 0.668881320502324628
-0.299928140923476083 0.812201305472109669 0.668390884310507527
-0.261283145554699392 0.824271595390476897 0.667898979656575076
-0.195770685888221552 0.839289661455003166 0.667405609508359698
-0.061727214799419061 0.843290219461598767 0.666910776842535635
-0.438672548155986997 0.694632797868687590 0.666414484644600846
-0.271296111483375957 0.814568848977006432 0.665916735908859470
-0.212241647026124913 0.833842446558821893 0.665417533638403169
-0.185675996982395619 0.840068920994809343 0.664916880845093483
-0.164478451497723943 0.844184244201924727 0.664414780549543171
-0.146326225657729958 0.847184140156929555 0.663911235781098785
-0.125186925099345092 0.850127999674307411 0.663406249577821461
-0.110989846744104115 0.851797042498070311 0.662899824986468933
-0.097890520064333297 0.853129786702726989 0.662391965062477772
-0.085699272333647936 0.854198769465714713 0.661882672869943733
-0.070623260659889053 0.855301221095546849 0.661371951481604547
-0.060068913768385357 0.855933823497262214 0.660859803978820493
-0.050071555045068994 0.856430970996045038 0.660346233451555964
-0.037499208946571605 0.856919921159769338 0.659831242998361267
-0.028570339163021041 0.857178108912136527 0.659314835726353410
-0.017249551082534287 0.857403164413192198 0.658797014751197674
-0.009149387438849743 0.857496533088306423 0.658277783197088628
-0.001348226540715258 0.857535135318041930 0.657757144196731369
0.008636482689217240 0.857514026549248021 0.657235100891322421
0.015844554620191409 0.857451692525390774 0.656711656430531421
0.022836949086358083 0.857355227034871104 0.656186813972481464
0.031859171003575382 0.857180959498742068 0.655660576683730012
0.038423769472128111 0.857020768652505316 0.655132947739250349
0.046938967646133645 0.856773713009124416 0.654603930322411820
0.053167289818931929 0.856566674192268618 0.654073527624961182
0.061288689999383139 0.856265754593120265 0.653541742847002838
0.067260489156740821 0.856023760412462420 0.653008579196979855
0.075089486444330555 0.855682198989052623 0.652474039891654756
0.080878381592080384 0.855413410277828579 0.651938128156089536
0.088511800168303678 0.855039973774363249 0.651400847223626678
0.094190788168094342 0.854749472265409205 0.650862200335869279
0.101728728588022621 0.854348987481514888 0.650322190742662065
0.107376774512179307 0.854038889350056118 0.649780821702071409
0.114932966798016345 0.853611982148840043 0.649238096480365567
0.120644522878756433 0.853280865210091166 0.648694018351995028
0.128362569168410601 0.852822518074541680 0.648148590599572971
0.134263634725356129 0.852463629409276225 0.647601816513855399
0.142346313224281484 0.851959346605176582 0.647053699393721038
0.148625232027737586 0.851556068002840227 0.646504242546151686
0.157394241820780489 0.850972139442592646 0.645953449286212344
0.166788445153458087 0.850312036276727801 0.645401322937030675
0.174402779350798731 0.849742609955821848 0.644847866829777683
0.185632193454910333 0.848828482219002423 0.644293084303647068
0.195196339424611176 0.847960485531614072 0.643736978705835461
0.210277601873047448 0.846376260343175923 0.643179553391521885
0.229726487082311859 0.843842840146322937 0.642620811723847774
0.249370848695507630 0.840605188346646548 0.642060757073896426
0.289314961495107936 0.831541145506782708 0.641499392820673031
0.342746235044470438 0.813417878884542089 0.640936722351083898
0.517570002472714230 0.684491797089369469 0.640372749059916258
-0.240107598430971320 0.260092038712522622 0.639807476349817827
-0.046203914244904942 0.784432049994907343 0.639240907631276056
0.038813801703534823 0.822735848538970860 0.638673046322597582
0.093843866132540310 0.836961075809001365 0.638103895849887803
0.125193321621667797 0.841847116836039300 0.637533459647030010
0.141890395602767061 0.843586978029140289 0.636961741155665062
0.159378412891225063 0.844838527078783375 0.636388743825169967
0.173670995823325569 0.845490235445154559 0.635814471112637336
0.183105222332292317 0.845771320711863006 0.635238926482855071
0.194597742659431139 0.845989684871164549 0.634662113408284490
0.205311108592133251 0.846105165612058840 0.634084035369040122
0.215614808505671274 0.846170665659794263 0.633504695852868616
0.225834184599891852 0.846228899052435812 0.632924098355127196
0.233679790162736545 0.846299462112287348 0.632342246378763129
0.244966029471938684 0.846513609052878868 0.631759143434292514
0.259346179580157987 0.847181152452542552 0.631174793039778748
0.301071275344442890 0.850971516259104943 0.630589198720811650
0.216329696936620852 0.833742739006815281 0.630002364010486038
0.260129275166080864 0.841908826557551171 0.629414292449380408
0.275338075191076115 0.842660190658615749 0.628824987585535511
0.287763759132697083 0.842683867041098988 0.628234452974433477
0.299660914646037280 0.842425661181205765 0.627642692178975614
0.311673765075278164 0.841974149488587509 0.627049708769460978
0.324109927154289046 0.841338482082476524 0.626455506323565503
0.333842757351507979 0.840727657310253340 0.625860088426319683
0.347508946137775554 0.839699843371673027 0.625263458670087813
0.362131794938660490 0.838369713252636872 0.624665620654545006
0.377911044981388944 0.836649100277415902 0.624066577986656545
0.395074831962630935 0.834416046335148542 0.623466334280656009
0.413891564763225528 0.831502031894917226 0.622864893158023070
0.434682539815367086 0.827672507519136902 0.622262258247461841
0.457836026679702468 0.822597277871507604 0.621658433184878789
0.483822535536859388 0.815804988387843544 0.621053421613361412
0.513209043728928282 0.806612213670792277 0.620447227183155481
0.537879566190183622 0.797552942391810848 0.619839853551643394
0.574881085652693802 0.781442143599048622 0.619231304383322301
0.617281215419206220 0.758785063839243490 0.618621583349781567
0.665680616095320477 0.726412691197447780 0.618010694129680793
0.719989327836345505 0.679458594468036026 0.617398640408728050
0.778153370602004402 0.610619693364584659 0.616785425879656679
0.833313177899796975 0.509808350545654432 0.616171054242203975
0.868453978173874486 0.366357332973238081 0.615555529203088425
0.850432297255143688 0.179340164813124259 0.614938854475987173
0.737207797589589431 -0.019494245575080504 0.614321033781514036
0.520969559144281669 -0.154909513834582818 0.613702070847196968
0.269236344042188602 -0.164753757073313106 0.613081969407454963
0.070027747632879389 -0.068962351740756100 0.612460733203576524
-0.046500337174843254 0.066864131865034940 0.611838365983696564
-0.098081634888519703 0.196783830613108390 0.611214871502773316
-0.110341652680027671 0.328126935128460140 0.610590253522566684
-0.099563454538736468 0.408526823409516626 0.609964515811614816
-0.080542555427801310 0.471729175349778096 0.609337662145211567
-0.057467449795494591 0.522447511110307183 0.608709696305383963
-0.031159646862986445 0.565500691769281305 0.608080622080868771
0.006002259848130465 0.611278549352921585 0.607450443267090412
-0.097187699256727156 0.445091213031138522 0.606819163666137418
0.002196607325067879 0.610470738317306250 0.606186787086739787
0.030887555128288946 0.638849652902577558 0.605553317344246333
0.054394476681174420 0.658764144949689934 0.604918758260600598
0.076892882964091969 0.675456714025167271 0.604283113664319305
0.106036977912554120 0.694245586719682839 0.603646387390467831
0.132116258361524297 0.708854723839036138 0.603008583280637778
0.163453162888513526 0.724167874711822313 0.602369705182924098
0.205412175659631657 0.741388429440971386 0.601729756951901340
0.271323259920761228 0.761485061790883044 0.601088742448600111
0.404783568945963457 0.777049002051516169 0.600446665540484759
0.899415749893433203 0.369708359918093477 0.599803530101429061
-0.031499610450042917 0.055824349360348205 0.599159340011693797
-0.051682519187188053 0.420090350879896102 0.598514099157902213
0.006479030174825373 0.522042940100393205 0.597867811433017704
0.051355279578645885 0.557490442760542826 0.597220480736319392
0.103727709378616390 0.549261425297945971 0.596572110973379255
0.162739502207981251 0.404259376756538891 0.595922706056038476
-0.239747457617661641 0.869465906558124724 0.595272269902383133
0.022618534677137925 0.763741997432510034 0.594620806436721661
0.070552569793378095 0.736711827273474729 0.593968319589560312
0.100299826927244595 0.726022826736785531 0.593314813297580179
0.116803799199708791 0.723029073430241254 0.592660291503612213
0.130416759592577036 0.721937128894449609 0.592004758156615130
0.142363172140204386 0.721750913693644969 0.591348217211650096
0.155866133107076088 0.722125333452783069 0.590690672629857860
0.165941832477091600 0.722651860171580784 0.590032128378433995
0.175610696628748286 0.723260488325230488 0.589372588430605804
0.187361957361252329 0.724046872663451690 0.588712056765608116
0.196646229165038322 0.724654259739569984 0.588050537368658643
0.205943757673288930 0.725218738963470555 0.587388034230934886
0.215357119505058869 0.725724869048812060 0.586724551349549261
0.227447979298924408 0.726255073629645476 0.586060092727525461
0.237522883034455345 0.726579554626631929 0.585394662373774133
0.248104928932407626 0.726794894671625724 0.584728264303068901
0.262311515214033675 0.726867188012640719 0.584060902536021609
0.274739410467052636 0.726712871027330731 0.583392581099058893
0.288453671557153124 0.726290108855560779 0.582723304024396649
0.308118538970921285 0.725183444852798065 0.582053075350017379
0.326746065612142200 0.723540668101824491 0.581381899119644441
0.355664944979940945 0.719714607316085164 0.580709779382718061
0.386085334482133669 0.713822780412204261 0.580036720194371247
0.427926580595519412 0.702190138848764134 0.579362725615404806
0.513176069681029801 0.663334414313386689 0.578687799712263029
0.639085298402900737 0.548307723516513024 0.578011946557009382
0.601752546123034859 0.008656931115926747 0.577335170227301964
-0.077925049518284578 0.500096504904703920 0.576657474806368309
0.099697156736727410 0.679835130269052401 0.575978864382981293
0.227522553098353786 0.727608189820092122 0.575299343051434375
0.302321582309642234 0.739799034865635474 0.574618914911516843
0.395317353468915889 0.742926575210795748 0.573937584068489048
0.487311988126754136 0.733032890311204777 0.573255354633057546
0.615727935169438911 0.693463317815027902 0.572572230721350661
0.850168054166221654 0.487730371080938530 0.571888216454893183
0.859447352751535165 -0.014754984759427492 0.571203315960581826
0.142628190339880473 -0.170569964103078203 0.570517533370660246
-0.042301808173446552 0.130831556470616367 0.569830872822694068
-0.027160839258710129 0.339200330495697422 0.569143338459545789
0.010559332610950822 0.419958601036270529 0.568454934429350356
0.053642378410751146 0.473238826971987658 0.567765664885489074
0.082631874450739412 0.495832195290966005 0.567075533986565739
0.113337453289655471 0.509417742492205172 0.566384545896380986
0.134644371929617701 0.511885050409349507 0.565692704783906763
0.158403825903157491 0.506068007646495177 0.565000014823262009
0.175673115835233457 0.494038090191400103 0.564306480193686899
0.195239068016768325 0.467429314276388563 0.563612105079517756
0.208451380503353600 0.432868414491810349 0.562916893670161955
0.216884682920406135 0.361587743891709779 0.562220850160072394
0.202721879640396119 0.264100695261294427 0.561523978748722397
0.070427864627116366 0.052779083709348348 0.560826283640580292
-0.364541470109203070 -0.058562018561976237 0.560127769045084101
-0.689096357595578857 0.660322280025426922 0.559428439176616110
-0.357002425964035308 0.917572441090225399 0.558728298254477340
-0.114857132898381786 0.919326011613703198 0.558027350502862229
-0.017787576256259319 0.888731689840428052 0.557325600150833100
0.053349595880458511 0.854360076901067744 0.556623051432294513
0.090714834443393566 0.832313437199172057 0.555919708585968286
0.124853229778900177 0.810032899684444807 0.555215575855366850
0.151164064695454459 0.791664256497322194 0.554510657488768932
0.169040668918030990 0.778598091256473612 0.553804957739192694
0.189437654024678548 0.762891400002307263 0.553098480864371078
0.205562716948746227 0.749471824878209181 0.552391231126725279
0.228174427497552235 0.728005036903129010 0.551683212793339983
0.261521656294998350 0.687042735878077515 0.550974430135936832
0.319000344331438701 0.562749263679439005 0.550264887430848670
-0.027331847351364069 0.895453776607943119 0.549554588958994228
0.154274600292948094 0.816257684386534788 0.548843539005852032
0.202245008704132034 0.780437811873818887 0.548131741861434318
0.226680280273699242 0.760927384655304184 0.547419201820261936
0.242025514307898426 0.748421648585970267 0.546705923181337261
0.260708121953476812 0.732228199093683862 0.545991910248119217
0.284285462407925793 0.708102386665191430 0.545277167328497070
0.320385798804342647 0.657552995111942318 0.544561698734763899
-0.071558021184625842 0.888348429977549925 0.543845508783591502
0.232806726887033577 0.777902504943398632 0.543128601796003752
0.262917457994051751 0.753122019743177606 0.542410982097350503
0.285505934705552078 0.734206696063608111 0.541692654017281949
0.304759283643136536 0.717636514260996283 0.540973621889721756
0.320768276459964197 0.702775229852384165 0.540253890052841745
0.344350844897693686 0.677623411057294067 0.539533462849035028
0.376571467814086180 0.633403801298026869 0.538812344624890471
0.413400730406608519 0.555529416673842591 0.538090539731165718
0.360605443991646513 0.182496188125701841 0.537368052522761430
-0.218452370985196820 0.785872597868780609 0.536644887358695422
0.080846402114208793 0.850826384361237364 0.535921048602074901
0.192642668786670412 0.821023102887718181 0.535196540620071826
0.241540265047159142 0.799797039219308004 0.534471367783895701
0.266319856099523744 0.787908615354244057 0.533745534468767047
0.289594731143403672 0.776747774694553361 0.533019045053891527
0.308612204575527627 0.768070791570927058 0.532291903922433307
0.325552006018036688 0.760896034073839767 0.531564115461488407
0.338411164132941589 0.755839198352097563 0.530835684062058610
0.354264855235679799 0.750037932234211224 0.530106614119024488
0.370412813255072582 0.744533417032802403 0.529376910031119641
0.387360437670793478 0.739062775780300774 0.528646576200903162
0.401833559845885757 0.734531172170843738 0.527915617034733886
0.421542515278857499 0.728408201332212402 0.527184036942743628
0.443687236006885755 0.721383810200207920 0.526451840338810095
0.469147021505847472 0.712842624950043691 0.525719031640530909
0.492688573859986656 0.704272209936874449 0.524985615269196515
0.527425586134517177 0.690046418290579444 0.524251595649763980
0.570107637535920753 0.669285148745374148 0.523516977210829459
0.623599326288719835 0.636683281277884427 0.522781764384602554
0.676212536784247309 0.595091232123951763 0.522045961606878439
0.753964973290722540 0.505839056449196689 0.521309573317012220
0.825607407025565010 0.336612130198694237 0.520572603957891289
0.791163440285298170 0.045779883964167545 0.519835057975908787
0.465666462879579912 -0.206494943801565356 0.519096939820936853
0.131914386292623781 -0.138315820104600973 0.518358253946300196
-0.049628470445632115 0.118338301861070389 0.517619004808748007
-0.053427425472616447 0.314563918163227707 0.516879196868428425
-0.008736982904252177 0.430407678249136449 0.516138834588860784
0.042341445468665306 0.498307433077386952 0.515397922436909073
0.082570697836933660 0.532810551532531984 0.514656464882754738
0.137212359250178245 0.560370665141539659 0.513914466399869707
0.238273235830618241 0.563644633485770319 0.513171931464990072
-0.111402757521684742 0.437889227864014186 0.512428864558087671
0.087966110763443628 0.587415300317598144 0.511685270162344774
0.137057730164024089 0.600798998572763088 0.510941152764125550
0.160674995392337400 0.605625842781201240 0.510196516852949977
0.182918976141948270 0.608924384610068925 0.509451366921466198
0.200848823358980827 0.610409549118206551 0.508705707465423762
0.216138155794958847 0.610636081965737820 0.507959542983646317
0.229612750580896113 0.609894042743625131 0.507212877978004517
0.241750690893721892 0.608357669338090989 0.506465716953388712
0.250708764690962538 0.606632800282016826 0.505718064417682078
0.261149921542196184 0.603919905405260193 0.504969924881733090
0.270900696589988499 0.600633481295349436 0.504221302859328868
0.280083326230712693 0.596802270469293239 0.503472202867166985
0.288791590784511831 0.592438712042916205 0.502722629424828926
0.297098738519679162 0.587541652812845427 0.501972587054753117
0.305062539220415152 0.582097785807317636 0.501222080282206495
0.312728568904791726 0.576082145640541943 0.500471113635258535
0.318671148760369560 0.570833568462195684 0.499719691644752828
0.325884650427985700 0.563686984021513071 0.498967818844280431
0.332877820502708088 0.555831124277683997 0.498215499770152170
0.339662209789723668 0.547186994485721723 0.497462738961371664
0.346240137608056830 0.537654247252947415 0.496709540959607176
0.352602868398784741 0.527105224954681595 0.495955910309165471
0.358727315036204308 0.515376256456944737 0.495201851556962724
0.364570397248029088 0.502254758138983570 0.494447369252498770
0.370059414710210366 0.487459688200124475 0.493692467947828284
0.374117883986069932 0.474167765793395479 0.492937152197534589
0.378619348912903497 0.455305663870417265 0.492181426558700674
0.382201970266464131 0.433279490189736216 0.491425295590883215
0.384346302993298417 0.407047572303778860 0.490668763856084045
0.384089139599573248 0.374996936917654455 0.489911835918723060
0.379495234437863427 0.334501424862423236 0.489154516345610635
0.366238530938388429 0.281066925281133639 0.488396809705919865
0.333182752963188888 0.206869022000190972 0.487638720571159257
0.246113955292283054 0.101297701660604630 0.486880253515145078
-0.011829850044474819 -0.000641142378980809 0.486121413113973777
-0.448853904479635635 0.370922667116621252 0.485362203945993942
-0.075852668197561812 0.845633238211350169 0.484602630591779604
0.185604552678181933 0.792549202162190825 0.483842697634101593
0.317984810796275774 0.675452097139213059 0.483082409657900780
0.371053348042389375 0.581492319988309969 0.482321771250259546
0.394231488640868877 0.505155800844093394 0.481560787000374912
0.402366380564599058 0.437977560546353950 0.480799461499530345
0.400072259379775697 0.374715054607544951 0.480037799341068050
0.388134368673217323 0.312330188831757671 0.479275805120361664
0.365388379141115882 0.249290623211813223 0.478513483434788112
0.329330102357512200 0.185461578315747277 0.477750838883700013
0.276432800511409782 0.122487810981666750 0.476987876068398153
0.202701701583450855 0.064598543338999226 0.476224599592103282
0.105024215893275888 0.019605190145469145 0.475461014059928577
-0.016135422263960631 -0.000703172635618318 0.474697124078852117
-0.152916336584260321 0.017548510985816335 0.473932934257688454
-0.287565065021145205 0.084479601071237587 0.473168449207061581
-0.395807812744363940 0.198336877680307666 0.472403673539376345
-0.457329932350275303 0.342174929664303462 0.471638611868791302
-0.465750324458785336 0.490842357252827599 0.470873268811190182
-0.428909457021363016 0.622850977547491302 0.470107648984154913
-0.360764751420242946 0.726844371345741536 0.469341757006936922
-0.272875939564282632 0.800006259944651799 0.468575597500429597
-0.168860595447464179 0.841995294543213424 0.467809175087140594
-0.036745738481279877 0.842746304474872532 0.467042494391163687
0.178455908012987885 0.702623452552807670 0.466275560038151071
-0.572661526872981996 0.110464140219865059 0.465508376655285161
-0.401924169818028365 0.914065965959833693 0.464740948871250947
-0.236496460030254485 0.966887553387372423 0.463973281316208130
-0.126158857833194249 0.978583138999551738 0.463205378621762642
-0.054489847533221281 0.978432137295460413 0.462437245420939558
-0.000623645174149423 0.974601523305630102 0.461668886348154228
0.042985018432991740 0.969137939387500369 0.460900306039185248
0.079836048085986822 0.962822861259520990 0.460131509131145422
0.111849915539781741 0.956040978186276202 0.459362500262455065
0.140211800268225384 0.949010042633547268 0.458593284072812746
0.165717099991852690 0.941861809253745852 0.457823865203168145
0.188933172647410386 0.934677565904250551 0.457054248295693633
0.210283489486211783 0.927506480497992891 0.456284437993756620
0.230095327161583041 0.920376176363518983 0.455514438941891142
0.248628765572985744 0.913299259323196111 0.454744255785770268
0.266095384235802979 0.906277497697673962 0.453973893172177512
0.282670933470824837 0.899304526854375563 0.453203355748979131
0.298504307919219503 0.892367562449867813 0.452432648165096596
0.313724167091362804 0.885448402933435852 0.451661775070477334
0.328444025463704492 0.878523882168281256 0.450890741116067750
0.342766346305289960 0.871565853376119470 0.450119550953784642
0.356786011523064051 0.864540723823079116 0.449348209236487384
0.370593451859441425 0.857408501694859493 0.448576720617949509
0.384277682197274484 0.850121250407458229 0.447805089752831120
0.397929484782094556 0.842620756792311965 0.447033321296650354
0.411645018184464861 0.834835086577140673 0.446261419905755630
0.428337938186138301 0.824986319124727085 0.445489390237297223
0.442588805389646067 0.816215770893344628 0.444717236949199513
0.457307808631410906 0.806759459785751365 0.443944964700132727
0.472682052465759672 0.796390597811898582 0.443172578149484575
0.488952618155537311 0.784786883932604429 0.442400081957332769
0.506440456438505660 0.771472282673663301 0.441627480784416215
0.525585859877421901 0.755711343806740876 0.440854779292107424
0.547007968896783714 0.736305141855571277 0.440081982142383921
0.571586867196172355 0.711166559303408774 0.439309093997800659
0.600530581095527705 0.676351317079261105 0.438536119521461376
0.635127533967097535 0.623586356192107782 0.437763063376990780
0.674124488174474013 0.533131380462301241 0.436989930228506185
0.692615194907200360 0.352263403249132523 0.436216724740589701
0.476051859810087186 0.004876617362667063 0.435443451578259699
-0.203557373806970615 0.251637926871071393 0.434670115406943058
-0.057180512153198804 0.755868393127160365 0.433896720892446575
0.151644261425779137 0.852797716892752966 0.433123272700929207
0.269218627133817001 0.859947873381184280 0.432349775498873712
0.341371793166254101 0.849985051972242833 0.431576233953058608
0.391006209658555148 0.836772608950920316 0.430802652730529700
0.428362937324042237 0.823357665791894400 0.430029036498572770
0.458460488803877131 0.810372256202915975 0.429255389924684039
0.484002332065214147 0.797834827119473289 0.428481717676543417
0.506567133299690830 0.785604633502878791 0.427708024421985300
0.527142302157063036 0.773505607718959931 0.426934314828971262
0.546384474772823037 0.761357842153205011 0.426160593565560908
0.564756609641970941 0.748980677776653780 0.425386865299884787
0.582605252742319557 0.736185907685250829 0.424613134700115247
0.600207164304381813 0.722766062200451476 0.423839406434439070
0.617799730442689765 0.708477920815619666 0.423065685171028827
0.635602818479935161 0.693018763121092563 0.422291975578014622
0.653836429049491352 0.675989963810083472 0.421518282323456672
0.672736592486274931 0.656837424862241059 0.420744610075315939
0.692569952181222637 0.634747651068714114 0.419970963501427319
0.713642541797454566 0.608453844578116687 0.419197347269470222
0.736280743346905076 0.575845686786711108 0.418423766046941481
0.760691687669811101 0.533110700840180529 0.417650224501126266
0.786285840540839720 0.472632256711062682 0.416876727299070882
0.808256353939202699 0.377204337190960026 0.416103279107553403
0.796579923336934947 0.203590512758776598 0.415329884593057030
0.543002155775213047 -0.101711987823028593 0.414556548421740223
-0.129679272371503174 0.299974943360800550 0.413783275259410332
0.222242247205853727 0.786250888307320928 0.413010069771493848
0.478882939851702161 0.786376625027775722 0.412236936623009365
0.606148364843195120 0.733662605234949972 0.411463880478538657
0.684693045049258875 0.679491525946476438 0.410690906002199319
0.742696174559187905 0.625795115480278774 0.409918017857616057
0.791059795167792790 0.568955270872176788 0.409145220707892665
0.834308127474089001 0.503852360470915861 0.408372519215583762
0.880269047923492698 0.404180807132404007 0.407599918042667209
0.907312559506818772 0.288581938845888564 0.406827421850515403
0.900507415063153571 0.122466735448866160 0.406055035299867251
0.786906479543797222 -0.105012767579649668 0.405282763050800465
0.427811333672750205 -0.267670208232812679 0.404510609762702811
0.006186234793991599 -0.012399462077427493 0.403738580094244404
-0.002621411871065099 0.399933300335890196 0.402966678703349568
0.174464760109661138 0.598195753342350645 0.402194910247168913
0.332614930079458748 0.657973479583908061 0.401423279382050524
0.449183614268018949 0.663142242641884261 0.400651790763512761
0.535642950006222085 0.647214707865206740 0.399880449046215336
0.602554774476913080 0.622383011852139845 0.399109258883932283
0.656799250654194089 0.593122155074350177 0.398338224929522700
0.702832592631099540 0.560861865622713673 0.397567351834903382
0.744093222061733783 0.525246473761792787 0.396796644251020736
0.785873924191422990 0.481972991939657813 0.396026106827822577
0.895366117060750533 0.309300055595543133 0.395255744214229765
0.797624116494618729 0.457431571380485180 0.394485561058108725
0.837757478657426558 0.403659430949901199 0.393715562006243303
0.864845201325799673 0.357600375478379195 0.392945751704306401
0.887594029235223791 0.310976009211003268 0.392176134796831943
0.907394017315315438 0.261931080874598265 0.391406715927187232
0.924505377594380451 0.209502863583217402 0.390637499737544969
0.938769713891979274 0.152909729645342218 0.389868490868854556
0.949742181961969467 0.091369211541796724 0.389099693960814785
0.956683951594195392 0.024026078622750746 0.388331113651845694
0.958484455652711231 -0.050086217103774144 0.387562754579060531
0.953512703641160808 -0.132063574041214105 0.386794621378237391
0.939366477985693726 -0.223113911091623762 0.386026718683791847
0.912458156887697047 -0.324450769351191881 0.385259051128749030
0.867340894487657277 -0.436954638032840237 0.384491623344714872
0.795673127552861681 -0.560239345798096866 0.383724439961849018
0.684932198927437397 -0.690259564643119883 0.382957505608836291
0.556874773352913799 -0.790759892002895093 0.382190824912859439
0.333606006109145481 -0.886802469694634721 0.381424402499570547
0.043821880888050113 -0.898238425840277799 0.380658242993063167
-0.251044915429732729 -0.766992826113924053 0.379892351015845064
-0.438407481437423752 -0.512381632296426193 0.379126731188809796
-0.473067431502392333 -0.250156005786794200 0.378361388131208842
-0.420341135560970969 -0.063809084453465198 0.377596326460623632
-0.353265836066398831 0.050191627887999107 0.376831550792938397
-0.299813341736937577 0.125529953715984910 0.376067065742311524
-0.259349291557787798 0.186653125658473584 0.375302875921148027
-0.223354325479656224 0.243779454377109212 0.374538985940071401
-0.184685872222854791 0.298144667176533096 0.373775400407896752
-0.139931623612347955 0.347153807537508352 0.373012123931601880
-0.088949579581795862 0.387605020479547147 0.372249161116299909
-0.033592102101416305 0.417213236954270483 0.371486516565211977
0.023489918637906532 0.435008876686141854 0.370724194879638425
0.079648114143064663 0.441158237377697326 0.369962200658932039
0.132639112578912477 0.436594214265361713 0.369200538500469633
0.180747076079309149 0.422666839041629661 0.368439212999625065
0.222754006470503696 0.400889959625064740 0.367678228749740488
0.257849687169299013 0.372788006470493483 0.366917590342099198
0.285533325644881653 0.339819289122420487 0.366157302365898329
0.305530272372583067 0.303348573693133394 0.365397369408220485
0.315915173825617512 0.272507673248938931 0.364637796054006091
0.321883638672453842 0.232881869063209013 0.363878586886026256
0.320154579366885295 0.193120211387744434 0.363119746484854844
0.310914645951653246 0.154306785425493226 0.362361279428840721
0.294436182530142421 0.117484534705881744 0.361603190294080168
0.271077614888725171 0.083662851205595495 0.360845483654389343
0.241286411484134516 0.053821299964983055 0.360088164081276974
0.205602842457808854 0.028910590508762934 0.359331236143916044
0.164663691182216465 0.009852399395318623 0.358574704409116762
0.119206095523304967 -0.002460073147610431 0.357818573441299359
0.070072885083474035 -0.007158869771905572 0.357062847802465555
0.018222232308395508 -0.003393645222852307 0.356307532052171694
-0.024486196285863654 0.006280734272796285 0.355552630747501208
-0.078364405539657733 0.027421236435731688 0.354798148443037253
-0.131436780390147834 0.059442521137479144 0.354044089690834618
-0.181956532231362988 0.103276412088685252 0.353290459040392801
-0.227717272131155446 0.159896784940291026 0.352537261038628369
-0.265819139459155751 0.230258933862640541 0.351784500229847863
-0.292328104327563176 0.315110762837472136 0.351032181155719714
-0.301829460402502692 0.414538044199865396 0.350280308355247205
-0.286974956088248856 0.527005019818554410 0.349528886364741498
-0.251310194686173882 0.623222664733042553 0.348777919717793483
-0.168397976151987705 0.742620589148794696 0.348027412945247028
-0.035782542088887148 0.843520448713812820 0.347277370575171052
0.144059798016319796 0.898446185661630037 0.346527797132833160
0.348585117990574678 0.878781628458763731 0.345778697140671221
0.534715697115683897 0.773462727868595823 0.345030075118266999
0.658448707892628882 0.603798010207302949 0.344281935582318011
0.698800233604274457 0.451168851093785905 0.343534283046611377
0.684012034066720731 0.274176487782538336 0.342787122021995572
0.620485869872204332 0.133936072768079090 0.342040457016353661
0.533441944261213830 0.035493695896008148 0.341294292534576271
0.440434191719005608 -0.026465815519402414 0.340548633078533836
0.351207465937322938 -0.060284061510255837 0.339803483147050112
0.270185639110337217 -0.073746389827582484 0.339058847235874428
0.212288967202517193 -0.074046534826617827 0.338314729837655315
0.148579922773343587 -0.065241926367194683 0.337571135441912362
0.093871186677189078 -0.049378865398560547 0.336828068535010128
0.047240883226014246 -0.028861822240701763 0.336085533600130215
0.007722055524029838 -0.005366709820320210 0.335343535117245406
-0.019385594453685338 0.014776015538892556 0.334602077563091016
-0.048324227383115551 0.040929933798182834 0.333861165411139194
-0.072437797108410876 0.067608343814762856 0.333120803131571552
-0.092347798464334663 0.094385172249390484 0.332380995191252027
-0.108583653540346214 0.120965949120578328 0.331641746053699893
-0.119230997174551809 0.141952977471282549 0.330903060179063069
-0.129937195712117509 0.167726942843570370 0.330164942024091357
-0.138056031845733368 0.192914990481828308 0.329427396042108855
-0.143861702458106505 0.217482373880490215 0.328690426682987813
-0.147577130505909926 0.241440022353024503 0.327954038393121539
-0.149161669577231148 0.260206913502471937 0.327218235615397535
-0.149508256780811311 0.283270390867089938 0.326483022789170574
-0.148083173464795520 0.306105935286245634 0.325748404350236054
-0.144813499121407452 0.329129765115609541 0.325014384730803463
-0.140660584403302480 0.348226498701292297 0.324280968359469235
-0.132770125083707058 0.374437691913519610 0.323548159661190049
-0.118968246995492966 0.407781226789968199 0.322815963057256461
-0.082059985003859554 0.467976740057753027 0.322084382965266092
0.176244677807375821 0.597652124200421464 0.321353423799096927
-0.142978522610705344 0.234595586373976039 0.320623089968880448
-0.135763298683081901 0.340083438269733973 0.319893385880975489
-0.122858039050389445 0.377171647385712683 0.319164315937941478
-0.113311374351821731 0.395777233991214228 0.318435884538511682
-0.101721372563429224 0.413188964782736923 0.317708096077566726
-0.090097952579723972 0.426849161109009168 0.316980954946108506
-0.078210105169904481 0.437946739695000087 0.316254465531233042
-0.068424003624096424 0.445335241063596121 0.315528632216104443
-0.055781501696567953 0.452909318356725321 0.314803459379928152
-0.042634702829519061 0.458715839617827248 0.314078951397925132
-0.031727969423752250 0.462081481665041760 0.313355112641304667
-0.017583164845446198 0.464615547616894720 0.312631947477238548
-0.002850901871402439 0.465143408031250760 0.311909460268834315
0.012477478690179067 0.463433078359782702 0.311187655375109562
0.025162442871801111 0.460239995169510419 0.310466537150965005
0.041510561233341514 0.453612643779525260 0.309746109947158288
0.058313204992880091 0.443536889988341287 0.309026378110278277
0.071956665189262331 0.432509959839374625 0.308307345982718140
0.088972977400359254 0.414228054556099567 0.307589017902649531
0.105372435186360969 0.389804197743126801 0.306871398203996282
0.117344335335192174 0.364796927717095265 0.306154491216408586
0.129349142955308027 0.325067276367679403 0.305438301265236245
0.134691783412099697 0.285093698185601818 0.304722832671503130
0.131814252180265351 0.222995286229819234 0.304008089751880761
0.110559725265601705 0.146352169932136705 0.303294076818662772
0.071945452255677861 0.076212408387456743 0.302580798179738097
-0.016822505212450045 -0.012723226212084599 0.301868258138565604
-0.161626303833714458 -0.076880262333920063 0.301156460994148056
-0.311305268881571562 -0.081716673458633163 0.300445411041005861
-0.500027460093553588 -0.002706821853947355 0.299735112569151418
-0.611468932034317403 0.119740575159679979 0.299025569864063145
-0.673413807007881560 0.300045802178986576 0.298316787206659995
-0.663386154013341223 0.462495541514271080 0.297608768873274754
-0.625698074809215243 0.564753948754420199 0.296901519135629122
-0.563909742819467374 0.658739500214846840 0.296195042260807340
-0.512265289167309956 0.712342026438223419 0.295489342511231157
-0.450916136284772451 0.760013911493489402 0.294784424144633184
-0.395409030989668620 0.792823249389548623 0.294080291414031747
-0.355470913722581661 0.811767850424157000 0.293376948567705464
-0.310712719742859189 0.829175963584437903 0.292674399849167044
-0.278558395323882713 0.839523552211788981 0.291972649497137970
-0.242264646044552723 0.849305508332263592 0.291271701745522582
-0.215895447435526577 0.855281041358243455 0.290571560823383868
-0.185735899967499063 0.861065608535430349 0.289872230954915933
-0.163515941330907577 0.864671347632322784 0.289173716359419908
-0.137748659168459631 0.868211908815942790 0.288476021251277581
-0.118507088846775466 0.870435552439118188 0.287779149839927695
-0.095907014460939077 0.872613317354879570 0.287083106329838189
-0.074676653694566664 0.874247669684489859 0.286387894920482278
-0.058530391648957958 0.875228771087593671 0.285693519806313190
-0.039238725703228783 0.876103810582094522 0.284999985176738024
-0.024418397632763877 0.876551979615914467 0.284307295216093381
-0.006542098925076623 0.876823336188911728 0.283615454103619102
0.007316436683243277 0.876820633952358208 0.282924466013434350
0.020843215689848982 0.876626950243959424 0.282234335114511015
0.037364317104044753 0.876114933442426747 0.281545065570649733
0.050330735116441649 0.875482918144562472 0.280856661540454244
0.066302484676452778 0.874398323434153579 0.280169127177306077
0.078947306820143337 0.873276287424417319 0.279482466629339732
0.094665442182656045 0.871520522161800093 0.278796684039418097
0.107231020199405447 0.869797904638153874 0.278111783545106850
0.123018044942318439 0.867183269218439690 0.277427769278649428
0.135789310835495114 0.864659004287250621 0.276744645366942488
0.152054777905674010 0.860847320068224953 0.276062415931510929
0.165421961006746387 0.857154996418125870 0.275381085088483135
0.179231439613432020 0.852746982189037772 0.274700656948565658
0.197349872176414809 0.845938460304775486 0.274021135617018741
0.212780211874293967 0.839112565866178328 0.273342525193631669
0.233709411747598517 0.828145397213803203 0.272664829772698014
0.252269681667368795 0.816567150308430967 0.271988053442990652
0.273091317064003358 0.801222679354439693 0.271312200287737060
0.303650461801983129 0.773400336742141925 0.270637274384595228
0.333214077666489361 0.738918272492588346 0.269963279805628786
0.378193448044226277 0.663544413338988504 0.269290220617281972
0.414062177001974674 0.542928465455181475 0.268618100880355593
0.380014822326598223 0.285982902151740159 0.267946924649982543
-0.355128237186444373 0.092915680375134951 0.267276695975603384
-0.465866524985496078 0.761937393916023220 0.266607418900941251
-0.214454091240553701 0.953753033028647446 0.265939097463978480
-0.042844559714552921 0.982509956829349940 0.265271735696931188
0.032852971973515499 0.977861444182049344 0.264605337626225900
0.083413254366291822 0.969571147782727349 0.263939907272474572
0.128033015259609639 0.959257283783474524 0.263275448650450827
0.155159654435205019 0.951861733986539393 0.262611965769065092
0.177561096381684769 0.945260333200007130 0.261949462631341390
0.196733277927899908 0.939341462664928351 0.261287943234391862
0.217542923898528306 0.932712016892468965 0.260627411569394229
0.232375929904327594 0.927889665723215407 0.259967871621566038
0.246017972109992045 0.923397042183256467 0.259309327370142229
0.261801241655802708 0.918134905355606268 0.258651782788349882
0.273647552951417627 0.914136626921387530 0.257995241843384959
0.284956598073142331 0.910273959706801583 0.257339708496387765
0.295839736330044734 0.906506278464800586 0.256685186702419799
0.308980403791169866 0.901876641554635206 0.256031680410439610
0.319212046329614141 0.898198534683468663 0.255379193563278428
0.329262307334436233 0.894511519594740068 0.254727730097616900
0.339187304515452703 0.890787327381292626 0.254077293943961557
0.351496863014662375 0.886036250342198572 0.253427889026620723
0.361328804665183578 0.882121942220996047 0.252779519263680752
0.371202226420004278 0.878070858250541653 0.252132188566982385
0.381171068679870495 0.873845149447074698 0.251485900842097765
0.391294088456828226 0.869400556579212891 0.250840659988306292
0.404266202942480057 0.863454840769571241 0.250196469898570972
0.414993595761175005 0.858303926397610883 0.249553334459515330
0.426133426414285421 0.852708359770575464 0.248911257551399867
0.437801298886622225 0.846553612693548785 0.248270243048098749
0.450141192095874498 0.839687250955310494 0.247630294817075935
0.463335989575656082 0.831901237354007561 0.246991416719362256
0.477622404077921392 0.822903767849669343 0.246353612609532258
0.497500181887711390 0.809291988310245070 0.245716886335680784
0.515547967504280114 0.795692932555473242 0.245081241739399380
0.536152863927292000 0.778510895408585091 0.244446682655753811
0.560137735964830297 0.755899504762879149 0.243813212913260191
0.588555286575724979 0.724598634178323153 0.243180836333862671
0.622460543294877766 0.678419372248773134 0.242549556732909621
0.661415223684454490 0.604620188690049076 0.241919377919131262
0.695401875200117314 0.475253625890499354 0.241290303694616182
0.661875380353040277 0.237046645473253909 0.240662337854788411
0.312292448993922389 -0.046917870266111245 0.240035484188385162
-0.249998335487276180 0.366603372143240736 0.239409746477433349
-0.147925858852520853 0.719040338382665567 0.238785128497226773
0.001708682129014538 0.842244052624441464 0.238161634016303414
0.106321820017249768 0.882440035370101405 0.237539266796423398
0.177560583487484602 0.894979529995953316 0.236918030592545070
0.228365830034833239 0.897347381058383409 0.236297929152803232
0.266457381478835409 0.895643201483977691 0.235678966218485830
0.296279372983193179 0.892237433381723566 0.235061145524012804
0.320478798415949451 0.888130587886356460 0.234444470796911636
0.340703705684945624 0.883768631694681006 0.233828945757796114
0.358024403525311952 0.879355445148745529 0.233214574120343354
0.373162519856063690 0.874983116780562842 0.232601359591271956
0.386620732519813826 0.870690065934479396 0.231989305870319185
0.398759278749749480 0.866488378687581440 0.231378416650218466
0.409842793949876660 0.862377192359134348 0.230768695616677788
0.420069965949926516 0.858349438437092216 0.230160146448356639
0.429592881155792472 0.854395295428668322 0.229552772816844636
0.436345149487818218 0.851471504897858833 0.228946578386638622
0.444905495516093596 0.847620111173911228 0.228341566815121244
0.453031613094928010 0.843812662751042941 0.227737741752538220
0.460787836293189867 0.840038962598707695 0.227135106841976964
0.468226988441509950 0.836289348551078282 0.226533665719343968
0.475392970904745193 0.832554669887096699 0.225933422013343488
0.482322701964893685 0.828826219248633755 0.225334379345455083
0.489047590913650798 0.825095641370430788 0.224736541329912165
0.495594675294922737 0.821354829722813595 0.224139911573680239
0.501987511200493453 0.817595816283836596 0.223544493676434614
0.506693501903069388 0.814759834444171438 0.222950291230539055
0.512865066926428970 0.810949796509760290 0.222357307821024419
0.518934520992455628 0.807099396644727296 0.221765547025566445
0.524917674327625594 0.803200107164425914 0.221175012414464467
0.530829257083242134 0.799242923820891793 0.220585707550619681
0.536683226382921985 0.795218200072133508 0.219997635989513968
0.541044003387322170 0.792149068043067617 0.219410801279188383
0.546829386397180039 0.787980313590470938 0.218825206960221313
0.552593748765216719 0.783712522348837037 0.218240856565707519
0.558350492892812023 0.779331672927094932 0.217657753621236849
0.564113471458374205 0.774821847401928832 0.217075901644872893
0.568448528297039291 0.771343958575848476 0.216495304147131529
0.574258084308932437 0.766562786978591260 0.215915964630959911
0.580116598901576297 0.761595087874574306 0.215337886591715516
0.586042277280302559 0.756412905885631148 0.214761073517145018
0.590542716384011346 0.752365764932742320 0.214185528887362697
0.596636246494401279 0.746724370008503557 0.213611256174830066
0.602859276234548824 0.740760097652756744 0.213038258844334860
0.607628779731827384 0.736041676589537230 0.212466540352969940
0.614150819906000400 0.729369412164864284 0.211896104150112174
0.620893692707744305 0.722185624819613237 0.211326953677402479
0.627901707677704479 0.714386985436268107 0.210759092368723977
0.633362868188780404 0.708056335774342904 0.210192523650182150
0.640966651819761202 0.698840262754374608 0.209627250940083665
0.649004005209436574 0.688541206208456047 0.209063277648916135
0.655366075643040280 0.679939060331400391 0.208500607179326947
0.664370369334746913 0.667000431731200938 0.207939242926103607
0.674067989891233510 0.651915033888696427 0.207379188276152232
0.681862890800261745 0.638771617913437173 0.206820446608478120
0.693030224862727140 0.618001979930468681 0.206263021294164489
0.702010681445763507 0.599199809438987985 0.205706915696352854
0.714701348072092069 0.568100304810020273 0.205152133170222351
0.727695571170113409 0.526965634134240468 0.204598677062969414
0.736649449491050934 0.486244616469831803 0.204046550713787689
0.743684564012152771 0.411382074183520463 0.203495757453848236
0.738210933107706024 0.331651333367590506 0.202946300606278940
0.687003963408736262 0.177849164135466198 0.202398183486144662
0.562276735560319318 0.028069966039547534 0.201851409400427062
0.162115662363383789 -0.066674612013190027 0.201305981648004950
-0.163472420086684306 0.176854420484517050 0.200761903519634410
-0.164439501840017877 0.633456917330142311 0.200219178297928596
0.033347869182094980 0.831997862344098671 0.199677809257337857
0.154890854541367751 0.877669687755968431 0.199137799664130727
0.267885295609943452 0.889940115212229821 0.198599152776373439
0.326896765521400290 0.885843979871007603 0.198061871843910497
0.371533755447245095 0.877910396632551548 0.197525960108345194
0.416169895306231274 0.865617660405563871 0.196991420803020012
0.442031762645244186 0.856386945044017356 0.196458257152997223
0.469600728603332740 0.844736227363622860 0.195926472375038851
0.486504619017708528 0.836619798982173313 0.195396069677588241
0.505390670614068727 0.826631278422414906 0.194867052260749796
0.517457313183652956 0.819719630091587215 0.194339423316269994
0.531412771643522630 0.811190034135225613 0.193813186027518514
0.540605460362734713 0.805247144507586943 0.193288343569468529
0.548916881025350079 0.799645751887062883 0.192764899108677640
0.558874331349217157 0.792642270286652573 0.192242855803268775
0.565643325732105406 0.787694785089227856 0.191722216802911405
0.573901092919916422 0.781449682675059654 0.191202985248802360
0.579607117047875375 0.776997086564272021 0.190685164273646623
0.584956890003103913 0.772718515463767797 0.190168757001638655
0.591612938334738159 0.767252034376239012 0.189653766548444014
0.596295201829937227 0.763309620363349928 0.189140196021179541
0.600746284191720825 0.759486171057448645 0.188628048518395514
0.606365857070557901 0.754551588115487504 0.188117327130056300
0.610372424112879730 0.750958746732526161 0.187608034937522289
0.614221338194071098 0.747447567942155500 0.187100175013531100
0.617928646127694825 0.744009212152905941 0.186593750422178684
0.622675481771447048 0.739524284659673126 0.186088764218901248
0.626104133057892143 0.736225944852897385 0.185585219450456806
0.629431881332444210 0.732976383220414252 0.185083119154906633
0.633727915126059083 0.728709296815473584 0.184582466361596864
0.636854841492400903 0.725551191244888871 0.184083264091140619
0.639908354933138912 0.722423693056852945 0.183585515355399187
0.642894969190069721 0.719322143844991491 0.183089223157464454
0.645820580381107012 0.716242167555642739 0.182594390491640279
0.649635691192957387 0.712161979539640666 0.182101020343424957
0.652438985976859898 0.709116629880309546 0.181609115689492451
0.655197394604441818 0.706079844731427042 0.181118679497675406
0.657914908497603701 0.703048079435390494 0.180629714726946222
0.660595208787582933 0.700017909256146265 0.180142224327400208
0.664116905963219706 0.695974425326686519 0.179656211240236729
0.666723201797923215 0.692935171574036057 0.179171678397742395
0.669302732896656538 0.689886694081169649 0.178688628723273041
0.671858189093764380 0.686825854234294431 0.178207065131235742
0.674392092943224220 0.683749532507565538 0.177726990527071554
0.676906817086153301 0.680654612545356086 0.177248407807238162
0.679404599574601198 0.677537965659515184 0.176771319859192089
0.681887557404413647 0.674396435566607444 0.176295729561371350
0.684357698465321684 0.671226823203590617 0.175821639783178052
0.686816932086957266 0.668025871457331166 0.175349053384961262
0.690082077093201018 0.663703416315558070 0.174877973217999694
0.692522798917153737 0.660416229596705540 0.174408402124484219
0.694958376917340415 0.657086224513727002 0.173940342937500991
0.697390386779353166 0.653709706592993878 0.173473798481014518
0.699820343085821528 0.650282833724952436 0.173008771569850284
0.702249703348373999 0.646801596535447443 0.172545265009677762
0.704679871156812743 0.643261797405017655 0.172083281596993737
0.707112198430910999 0.639659027915048695 0.171622824119105372
0.709547986736854486 0.635988644482482490 0.171163895354113277
0.711988487606093234 0.632245741919752025 0.170706498070894802
0.714434901775969688 0.628425124618088304 0.170250635029087161
0.716888377230860518 0.624521275032913326 0.169796308979071303
0.718528492132813890 0.621869583510053059 0.169343522661954737
0.720996133067319800 0.617813766807185027 0.168892278809555235
0.723473608563982129 0.613658156210380001 0.168442580144384513
0.725961832451227806 0.609395729814953491 0.167994429379631272
0.728461635278019770 0.605018948750841501 0.167547829219145628
0.730973751380634695 0.600519701757586399 0.167102782357422014
0.733498802745534251 0.595889243443031957 0.166659291479583554
0.736037279068460504 0.591118125332189326 0.166217359261365216
0.738589513246582841 0.586196118723761206 0.165776988369098488
0.740298726849092703 0.582825513336644341 0.165338181459694394
0.742874106920994981 0.577626897722134602 0.164900941180628258
0.745463116475600263 0.572245610267813398 0.164465270169923072
0.748065202195179357 0.566667735146258678 0.164031171056134129
0.750679445927589173 0.560878068812375785 0.163598646458332858
0.753304489301302893 0.554859968648676039 0.163167698986090987
0.755059609573009660 0.550712052253858664 0.162738331239465017
0.757698138440920821 0.544271783768570216 0.162310545808980133
0.760340927380367071 0.537550286878081707 0.161884345275615377
0.762984048075475485 0.530523988442851424 0.161459732210787160
0.764743889857380510 0.525657707704157540 0.161036709176334170
0.767375788909331225 0.518064187607718551 0.160615278724501848
0.769991585416044733 0.510090086250119867 0.160195443397927406
0.772582068650802478 0.501701143678841777 0.159777205729623673
0.774289437705933503 0.495859405241807161 0.159360568242964351
0.776810893801304192 0.486692267045549354 0.158945533451668869
0.779269959501913911 0.476998745355061093 0.158532103859786916
0.780864792456923418 0.470219016547847424 0.158120281961683429
0.783172182945569340 0.459531896429923370 0.157710070242023437
0.785351363660586776 0.448168565025669874 0.157301471175757601
0.786715381240921774 0.440183635648625282 0.156894487228106394
0.788596160997862450 0.427536052955628298 0.156489120854546221
0.790231572888325573 0.414009451171968967 0.156085374500793544
0.791154111965239326 0.404457692146304337 0.155683250602791229
0.792228554034430488 0.389253064757605627 0.155282751586692802
0.792698006355548435 0.378483426727623473 0.154883879868848662
0.792947787278551863 0.361288134922305160 0.154486637855791142
0.792527677531574826 0.342723991188454535 0.154091027944219749
0.791791487221511936 0.329515435067412654 0.153697052520987060
0.789847064198654358 0.308337483335360152 0.153304713963084344
0.787880053607071584 0.293237031719962626 0.152914014637626994
0.783692139778934371 0.268986378206180987 0.152524956901840314
0.779910853032384277 0.251678023466356926 0.152137543103045308
0.772410923217719425 0.223881496210346698 0.151751775578644582
0.765948037571207330 0.204065328754526265 0.151367656656108324
0.753550120987775962 0.172336456962849938 0.150985188652959929
0.743123397774322791 0.149832391841063284 0.150604373876762149
0.723501949958243129 0.114107198266491627 0.150225214625103520
0.707255440989567719 0.089085728670217412 0.149847713185584097
0.677116612447070221 0.050123657280011835 0.149471871835801767
0.652503586038409633 0.023574233693770597 0.149097692843338375
0.623692249780067209 -0.002975951163361024 0.148725178465746399
0.571494032760051285 -0.041513229972303223 0.148354330950535129
0.530032862464471233 -0.065164904373688021 0.147985152535156927
0.457050643219899966 -0.094850005058474213 0.147617645446993906
0.401143284465479200 -0.108761460356833289 0.147251811903344576
0.339855422442971622 -0.116107643697263174 0.146887654111410415
0.239980281158253539 -0.111143302179763620 0.146525174268282266
0.170499656684700157 -0.094971883959553804 0.146164374560927651
0.101380561361992874 -0.067290462467889389 0.145805257166176955
0.004504448410575025 -0.003848910355956013 0.145447824250710761
-0.051371078803696194 0.051787935233586477 0.145092077971046479
-0.097404043771586096 0.115894139132062118 0.144738020473525603
-0.144645307465979783 0.222008970379704934 0.144385653894300470
-0.160920003589008653 0.295055642799250006 0.144034980359321579
-0.165662024098830685 0.366707948998252653 0.143686001984324796
-0.160197688944730243 0.434736645803753097 0.143338720874818359
-0.136664519925622036 0.526680566677175110 0.142993139126070229
-0.113430656610550518 0.580063607823871785 0.142649258823095815
-0.086156361972170414 0.626850380006106822 0.142307082040644906
-0.056295866574110232 0.667232586360396063 0.141966610843189456
-0.025033077999559561 0.701635055342776814 0.141627847284910818
0.022543734794238601 0.743254196288908764 0.141290793409687837
0.053792557782482431 0.765229236087455300 0.140955451251084163
0.084169757151245750 0.783281252974791675 0.140621822832335985
0.113410513622525966 0.797959130547807316 0.140289910166339848
0.141355619015423484 0.809756857502922811 0.139959715255640799
0.167923834328045363 0.819109790609270361 0.139631240092419895
0.205150328712779106 0.829367305726559811 0.139304486658482385
0.228247735595850931 0.834146690479578568 0.138979456925245687
0.250023778711081779 0.837582719799496056 0.138656152853727538
0.270541149608164555 0.839890899172201610 0.138334576394534364
0.289869919601595250 0.841252857186855163 0.138014729487848986
0.308083463441616690 0.841821311373987413 0.137696614063419348
0.325255647498433997 0.841724459893986365 0.137380232040546862
0.341458943917470947 0.841069793545744515 0.137065585328074641
0.356763214859838251 0.839947361846230978 0.136752675824376058
0.371234975928345257 0.838432545798545981 0.136441505417343317
0.384936997858529861 0.836588396588026528 0.136132075984376016
0.397928143397927703 0.834467599077151734 0.135824389392369904
0.410263364548321130 0.832114114928018678 0.135518447497705474
0.421993806330302035 0.829564554443388502 0.135214252146237057
0.433166978647005818 0.826849319981390884 0.134911805173281107
0.443826969105813152 0.823993557707153768 0.134611108403605934
0.454014677889820750 0.821017948820210508 0.134312163651419847
0.463768061684234734 0.817939366410311841 0.134014972720361059
0.473122377988562215 0.814771419731147972 0.133719537403486022
0.482110424206074195 0.811524903950517462 0.133425859483258913
0.490762768076619615 0.808208170269955284 0.133133940731541361
0.494972048733480330 0.806525488899987986 0.132843782909580932
0.503173814685226373 0.803114471250976569 0.132555387768000910
0.511107958422410524 0.799645268184658531 0.132268757046789781
0.518798901961510461 0.796119702542976482 0.131983892475290826
0.526269739777442958 0.792538110952753172 0.131700795772191348
0.533542411032463693 0.788899440528694318 0.131419468645512461
0.540637863709714894 0.785201312510535487 0.131139912792598762
0.544125447157431608 0.783328854641302752 0.130862129900108481
0.550992567344496198 0.779534252603531819 0.130586121644002573
0.557731523199703871 0.775668585715117764 0.130311889689535138
0.564361003036367936 0.771724894690708041 0.130039435691243210
0.567640439891290871 0.769721230498718212 0.129768761292936907
0.574140101210196985 0.765644325204955289 0.129499868127689266
0.580575958943763348 0.761465547519787345 0.129232757817826449
0.586966253939176119 0.757172414406825256 0.128967431974918306
0.590150070382956637 0.754978529024861955 0.128703892199768077
0.596506740679305980 0.750486050940354477 0.128442140082403289
0.602864758675558665 0.745838726795209128 0.128182177202065650
0.606050410897417846 0.743450629371187444 0.127924005127202034
0.612447713561533047 0.738531097260427205 0.127667625415454483
0.618897343697310975 0.733398486740959199 0.127413039613651358
0.622148675028747267 0.730743056522621726 0.127160249257797620
0.628718885960759200 0.725232854680738281 0.126909255873065646
0.635399644077915826 0.719424569127844693 0.126660060973786071
0.638789568727917922 0.716394971690290205 0.126412666063438650
0.645685756009362399 0.710053246493103085 0.126167072634643274
0.649199320501662624 0.706726746592658772 0.125923282169150691
0.656376741991258283 0.699721439412142820 0.125681296137833798
0.663782174791477497 0.692182215109877319 0.125441116000678810
0.667581363530378780 0.688184679830069812 0.125202743206776296
0.675396050537899528 0.679668120521820462 0.124966179194312452
0.679421359485725240 0.675118595728045112 0.124731425390560466
0.687733415043217389 0.665347867862135511 0.124498483211871971
0.692030634248753329 0.660084802453654418 0.124267354063668414
0.700933702252201418 0.648679515692182740 0.124038039340432532
0.705549726647339948 0.642478555813172703 0.123810540425700069
0.715133787110234231 0.628904265276407748 0.123584858692051325
0.720109197094497944 0.621446499572226307 0.123360995501102993
0.725210036733650587 0.613475720917787570 0.123138952203499741
0.735787267547873713 0.595754338196928135 0.122918730138906251
0.741256548745997779 0.585861103071380507 0.122700330635999083
0.752506930651076100 0.563569475338994486 0.122483755012458659
0.758248670710111372 0.550953238670417567 0.122269004574961190
0.769786989951879885 0.522099967545721411 0.122056080619171087
0.775463247505673303 0.505523291372151462 0.121844984429732739
0.780955812387221116 0.487240321450528036 0.121635717280263234
0.790792421566983816 0.444533214327420212 0.121428280433344166
0.794688422378901471 0.419498917406076810 0.121222675140514505
0.797459048039795615 0.391533340595375923 0.121018902642262602
0.797478774184560923 0.325150018177333799 0.120816964168019139
0.793136907650742295 0.285868282614952562 0.120616860936149317
0.784344693032836271 0.242018787115968859 0.120418594153945749
0.769442518869281611 0.193414664551492921 0.120222165017621091
0.712118317105652987 0.083359986245354567 0.120027574712300855
0.663854236435911682 0.024776592636979122 0.119834824412016289
0.598302159751973539 -0.031803870794256839 0.119643915279697144
0.513161233793695049 -0.080467508006552807 0.119454848467164781
0.288690195547428474 -0.120566173934482879 0.119267625115125314
0.163188998088445808 -0.095499031755298863 0.119082246353162544
0.045488751293880497 -0.035854584391184829 0.118898713299731174
-0.050996845546611623 0.053008008712525798 0.118717027062150135
-0.117577287164509048 0.159751095392615977 0.118537188736595883
-0.160067175402079154 0.376954856869092636 0.118359199408095833
-0.147073681393139560 0.470337300742087461 0.118183060150521657
-0.120702498228477451 0.549012627317810198 0.118008772026582914
-0.086797610794859814 0.613211033253831195 0.117836336087820667
-0.049549768972529606 0.664523103002819582 0.117665753374601195
-0.011688501262232254 0.705004631370384383 0.117497024916109374
0.025150623826828922 0.736684786729420837 0.117330151730342946
0.060076405637017938 0.761350267523577262 0.117165134824105996
0.092672587657082750 0.780483917081683853 0.117001975193003135
0.122810710040175519 0.795276788789073152 0.116840673821433358
0.150527803376913072 0.806668393121031668 0.116681231682584041
0.175949653929953098 0.815392869940529508 0.116523649738425272
0.199244181803474141 0.822021563851523362 0.116367928939703880
0.220593989313940475 0.826998833632921038 0.116214070225937813
0.240180810231147290 0.830670793654287198 0.116062074525410328
0.258177202171909870 0.833307802351821891 0.115911942755164490
0.274742563375426352 0.835121816560787655 0.115763675820997711
0.290021672245806383 0.836279691245999324 0.115617274617456051
0.304144650686050788 0.836913345009554721 0.115472740027829104
0.317227688751322623 0.837127530777350359 0.115330072924144461
0.329374136820388852 0.837005787120157496 0.115189274167162514
0.340675735938128721 0.836615010119327929 0.115050344606371285
0.351213856727009333 0.836008978948099446 0.114913285079981331
0.361060677466523205 0.835231086251277732 0.114778096414920497
0.370280267667865037 0.834316462315016882 0.114644779426829185
0.370280267667865037 0.834316462315016882 0.114513334920055415
0.378929564315182266 0.833293635388091536 0.114383763687649603
0.387059239832834634 0.832185835555378617 0.114256066511360263
0.394714467090043264 0.831012023514318576 0.114130244161628980
0.401935589907052915 0.829787706035345352 0.114006297397585929
0.408758708667286030 0.828525585250161178 0.113884226967045130
0.408758708667286030 0.828525585250161178 0.113764033606500142
0.415216190755197001 0.827236077884644150 0.113645718041119337
0.421337115020901209 0.825927732246475532 0.113529280984741868
0.427147658743615821 0.824607564447886188 0.113414723139873122
0.427147658743615821 0.824607564447886188 0.113302045197680529
0.432671434649359976 0.823281330565057146 0.113191247837989437
0.437929784643803388 0.821953747772189103 0.113082331729278909
0.437929784643803388 0.821953747772189103 0.112975297528677909
0.442942036163437636 0.820628674617641773 0.112870145881961009
0.447725726115782041 0.819309258538735929 0.112766877423544909
0.447725726115782041 0.819309258538735929 0.112665492776484119
0.452296796892775299 0.817998056901504178 0.112565992552467672
0.456669768142927146 0.816697136665536449 0.112468377351815099
0.456669768142927146 0.816697136665536449 0.112372647763472971
0.460857887636755559 0.815408156635173409 0.112278804365011281
0.464873263924023838 0.814132435574573599 0.112186847722619942
0.464873263924023838 0.814132435574573599 0.112096778391105545
0.468726983268406505 0.812871008711685050 0.112008596913887773
0.468726983268406505 0.812871008711685050 0.111922303822996186
0.472429212864049819 0.811624674751107444 0.111837899639067123
0.472429212864049819 0.811624674751107444 0.111755384871340541
0.475989292131082431 0.810394035064535667 0.111674760017656721
0.475989292131082431 0.810394035064535667 0.111596025564453569
0.479415813614698927 0.809179526427808549 0.111519181986763555
0.479415813614698927 0.809179526427808549 0.111444229748210735
0.482716694803205337 0.807981448417837034 0.111371169301008127
0.482716694803205337 0.807981448417837034 0.111300001085954892
0.485899241995673581 0.806799986382477075 0.111230725532433697
0.485899241995673581 0.806799986382477075 0.111163343058408165
0.488970207214775132 0.805635230719771611 0.111097854070420235
0.488970207214775132 0.805635230719771611 0.111034258963587817
0.488970207214775132 0.805635230719771611 0.110972558121602394
0.491935838975839812 0.804487193104890141 0.110912751916726629
0.491935838975839812 0.804487193104890141 0.110854840709792277
0.494801927715629919 0.803355820124234676 0.110798824850197819
0.494801927715629919 0.803355820124234676 0.110744704675906469
0.494801927715629919 0.803355820124234676 0.110692480513444172
0.497573846452733726 0.802241004779837841 0.110642152677897440
0.497573846452733726 0.802241004779837841 0.110593721472911730
0.497573846452733726 0.802241004779837841 0.110547187190689372
0.500256587275767162 0.801142596182966349 0.110502550111987896
0.500256587275767162 0.801142596182966349 0.110459810506118417
0.500256587275767162 0.801142596182966349 0.110418968630943887
0.500256587275767162 0.801142596182966349 0.110380024732877557
0.502854794119868553 0.800060407740290414 0.110342979046881562
0.502854794119868553 0.800060407740290414 0.110307831796465444
0.502854794119868553 0.800060407740290414 0.110274583193684828
0.502854794119868553 0.800060407740290414 0.110243233439140137
0.502854794119868553 0.800060407740290414 0.110213782721975392
0.505372792274971672 0.798994224058482083 0.110186231219877029
0.505372792274971672 0.798994224058482083 0.110160579099072869
0.505372792274971672 0.798994224058482083 0.110136826514331099
0.505372792274971672 0.798994224058482083 0.110114973608959388
0.505372792274971672 0.798994224058482083 0.110095020514803896
0.505372792274971672 0.798994224058482083 0.110076967352248589
0.505372792274971672 0.798994224058482083 0.110060814230214563
0.505372792274971672 0.798994224058482083 0.110046561246159164
0.507814614990299229 0.797943806767889008 0.110034208486075674
0.507814614990299229 0.797943806767889008 0.110023756024492547
0.507814614990299229 0.797943806767889008 0.110015203924473198
0.507814614990299229 0.797943806767889008 0.110008552237615381
0.507814614990299229 0.797943806767889008 0.110003801004051049
0.507814614990299229 0.797943806767889008 0.110000950252446050
0.507814614990299229 0.797943806767889008 0.110000000000000001
