0.418696581038587534 -0.880097690281094414 0.739999999999999991
0.418696581038587534 -0.880097690281094414 0.739999049747553928
0.418696581038587534 -0.880097690281094414 0.739996198995948928
0.418696581038587534 -0.880097690281094414 0.739991447762384680
0.418696581038587534 -0.880097690281094414 0.739984796075526807
0.418696581038587534 -0.880097690281094414 0.739976243975507431
0.416712768904324737 -0.880956880639965356 0.739965791513924276
0.416712768904324737 -0.880956880639965356 0.739953438753840897
0.416712768904324737 -0.880956880639965356 0.739939185769785457
0.416712768904324737 -0.880956880639965356 0.739923032647751389
0.416712768904324737 -0.880956880639965356 0.739904979485196068
0.416712768904324737 -0.880956880639965356 0.739885026391040590
0.416712768904324737 -0.880956880639965356 0.739863173485668879
0.416712768904324737 -0.880956880639965356 0.739839420900927136
0.416712768904324737 -0.880956880639965356 0.739813768780122949
0.414729620592335424 -0.881807615055927085 0.739786217278024627
0.414729620592335424 -0.881807615055927085 0.739756766560859869
0.414729620592335424 -0.881807615055927085 0.739725416806315206
0.414729620592335424 -0.881807615055927085 0.739692168203534561
0.412744410643683834 -0.882651142943446931 0.739657020953118471
0.412744410643683834 -0.882651142943446931 0.739619975267122420
0.412744410643683834 -0.882651142943446931 0.739581031369056063
0.412744410643683834 -0.882651142943446931 0.739540189493881561
0.410754367968157508 -0.883488625369465042 0.739497449888012137
0.410754367968157508 -0.883488625369465042 0.739452812809310633
0.410754367968157508 -0.883488625369465042 0.739406278527088290
0.410754367968157508 -0.883488625369465042 0.739357847322102524
0.408756623494606619 -0.884321158419283826 0.739307519486555820
0.408756623494606619 -0.884321158419283826 0.739255295324093509
0.408756623494606619 -0.884321158419283826 0.739201175149802103
0.406748155169991077 -0.885149794049722494 0.739145159290207743
0.406748155169991077 -0.885149794049722494 0.739087248083273307
0.404725727828312565 -0.885975559389697631 0.739027441878397529
0.404725727828312565 -0.885975559389697631 0.738965741036412216
0.404725727828312565 -0.885975559389697631 0.738902145929579812
0.402685825132043207 -0.886799475337731957 0.738836656941591730
0.402685825132043207 -0.886799475337731957 0.738769274467566239
0.400624570282955783 -0.887622575249726431 0.738699998914045142
0.400624570282955783 -0.887622575249726431 0.738628830698991878
0.398537631356223221 -0.888445924530485431 0.738555770251789201
0.398537631356223221 -0.888445924530485431 0.738480818013236395
0.396420105951408308 -0.889270642003853196 0.738403974435546395
0.396420105951408308 -0.889270642003853196 0.738325239982343340
0.394266378123674821 -0.890097924080479275 0.738244615128659576
0.394266378123674821 -0.890097924080479275 0.738162100360932882
0.392069938094929515 -0.890929072964172564 0.738077696177003806
0.392069938094929515 -0.890929072964172564 0.737991403086112219
0.389823151673096335 -0.891765530468906831 0.737903221608894433
0.389823151673096335 -0.891765530468906831 0.737813152277379980
0.387516961057230325 -0.892608919504954801 0.737721195634988725
0.385140490929670565 -0.893461095983082876 0.737627352236526979
0.385140490929670565 -0.893461095983082876 0.737531622648184837
0.382680521927129647 -0.894324214889314684 0.737434007447532291
0.380120775429675595 -0.895200815713911524 0.737334507223515900
0.380120775429675595 -0.895200815713911524 0.737233122576455124
0.377440924931761068 -0.896093934504020972 0.737129854118038996
0.374615202985545404 -0.897007252823246559 0.737024702471322124
0.374615202985545404 -0.897007252823246559 0.736917668270721027
0.371610395877501831 -0.897945298263227443 0.736808752162010583
0.368382886665865161 -0.898913717369444809 0.736697954802319477
0.368382886665865161 -0.898913717369444809 0.736585276860126870
0.364874174015178854 -0.899919650330926135 0.736470719015258179
0.361003863997461094 -0.900972247077390098 0.736354281958880641
0.356658300647471449 -0.902083372249092186 0.736235966393499863
0.351671305494676734 -0.903268533481799918 0.736115773032954834
0.351671305494676734 -0.903268533481799918 0.735993702602414035
0.345789810059924707 -0.904547963536959543 0.735869755838370998
0.338608507135478187 -0.905947325326331598 0.735743933488639756
0.329435275903364411 -0.907495608029378675 0.735616236312350402
0.316983882478374279 -0.909209527604278311 0.735486665079944646
0.316983882478374279 -0.909209527604278311 0.735355220573170709
0.298567013186963492 -0.911012569341980716 0.735221903585079439
0.267505075009985493 -0.912275516107528661 0.735086714920018758
0.201690708968625565 -0.908133736016399795 0.734949655393628665
-0.023065244162995047 -0.818421120779438516 0.734810725832837464
0.763982263190087330 -0.403899626663216493 0.734669927075855544
0.559634754556937231 -0.818992315792388514 0.734527259972170943
0.482409553394128943 -0.865361665833512483 0.734382725382543899
0.447687233901210790 -0.880749338689922112 0.734236324179002309
0.427691693726659716 -0.888387041626484297 0.734088057244835501
0.414420035585450930 -0.893056791860097787 0.733937925474589692
0.404763929200585570 -0.896303530145896477 0.733785929774062096
0.397271133122987286 -0.898765812559637944 0.733632071060296154
0.391173625643671863 -0.900752502263135746 0.733476350261574761
0.386027440236946129 -0.902430311315809530 0.733318768317415937
0.381558115776767848 -0.903896833826406954 0.733159326178566717
0.377586815665171327 -0.905212903153120307 0.732998024806996828
0.373991950615742752 -0.906418395194159343 0.732834865175894024
0.370687881562125288 -0.907540561026013437 0.732669848269657087
0.367612444117211501 -0.908598702329703967 0.732502975083890617
0.364719300429189208 -0.909606935293493235 0.732334246625398921
0.361973061423417564 -0.910575900938559890 0.732163663912179352
0.359346061648864290 -0.911513869836299784 0.731991227973417091
0.356816149413991646 -0.912427488344804694 0.731816939849478376
0.351977487409237400 -0.914203208004068735 0.731640800591904172
0.349639616527214869 -0.915074718106447138 0.731462811263404067
0.347338765683544159 -0.915941393578895369 0.731282972937849940
0.345062215922645077 -0.916808211622875846 0.731101286700268749
0.342796108520905640 -0.917681143873466998 0.730917753646837420
0.340523726900163692 -0.918568063165279947 0.730732374884874636
0.335858550945532242 -0.920436081668374428 0.730545151532835280
0.333373756551343658 -0.921466913742403637 0.730356084720302889
0.330655012770585732 -0.922635475236586511 0.730165175587983772
0.327438969954813253 -0.924087687370983235 0.729972425287699123
0.312851607924803654 -0.931420945039488024 0.729777834982378915
0.512699177323537203 -0.734060376197678721 0.729581405846054243
0.338434856930122652 -0.915937713907772122 0.729383139063850661
0.325792324864100535 -0.922761583526232498 0.729183035831980852
0.322755155982720809 -0.924161027453437312 0.728981097357737307
0.320185145200161558 -0.925282876157129008 0.728777324859485542
0.317853540504231036 -0.926264048865321210 0.728571719566655895
0.313555495273811213 -0.928011536052131270 0.728364282719736744
0.311509776866131849 -0.928824237884301684 0.728155015570267294
0.307532631860363115 -0.930380737001237801 0.727943919380828919
0.305582144786510024 -0.931135281254346969 0.727730995425038829
0.303648982483252616 -0.931878471667702213 0.727516244987541416
0.299819463274234921 -0.933338895848499828 0.727299669364000922
0.297917670878542262 -0.934058943834894961 0.727081269861093782
0.294130437909240428 -0.935483458471786378 0.726861047796500293
0.292242196582407132 -0.936189239880704682 0.726639004498896957
0.290356053007193304 -0.936891367065990410 0.726415141307948709
0.286586561455151545 -0.938286116917983026 0.726189459574299923
0.284701750378178797 -0.938979312311411185 0.725961960659567529
0.280928974270394483 -0.940358432336890759 0.725732645936331688
0.279039990869981380 -0.941044689907860610 0.725501516788128020
0.275254640410293627 -0.942411245093848104 0.725268574609439609
0.273357506509513959 -0.943091742435372971 0.725033820805687568
0.269552615825142838 -0.944447564620714664 0.724797256793223710
0.265731544110097861 -0.945796872052815707 0.724558883999321224
0.263814248803962093 -0.946469191460559522 0.724318703862166235
0.259964876440417714 -0.947809314110778844 0.724076717830849370
0.258032327039653342 -0.948477160131082409 0.723832927365356760
0.254150386401050310 -0.949808490726360644 0.723587333936561383
0.252200570455505257 -0.950471989986535482 0.723339939026213963
0.248282227915270381 -0.951794665559588804 0.723090744126934415
0.244337630054904997 -0.953111552415945029 0.722839750742202303
0.242355007476557416 -0.953767805456552376 0.722586960386348620
0.238368180410981734 -0.955075870336474453 0.722332374584545467
0.234351349034933709 -0.956377908304360647 0.722075994872797944
0.232331224089864674 -0.957026620560146313 0.721817822797934383
0.228266641779440782 -0.958319323201215711 0.721557859917596800
0.224168391679184453 -0.959605567127577053 0.721296107800231900
0.222106177948785011 -0.960246200522624993 0.721032568025081755
0.217954632453387254 -0.961522345108494436 0.720767242182173473
0.213765649579950201 -0.962791451633515760 0.720500131872310767
0.209537654262804240 -0.964053252721026821 0.720231238707063071
0.207408520247225669 -0.964681324943266416 0.719960564308756767
0.203118931958396032 -0.965931624939124212 0.719688110310464868
0.198786133897522754 -0.967173868369809009 0.719413878355997460
0.194408314540610971 -0.968407722096085832 0.719137870099891496
0.189983569010193087 -0.969632833889091050 0.718860087207401133
0.187752974991098054 -0.970241996105033477 0.718580531354487628
0.183254032491757035 -0.971453291025559107 0.718299204227808685
0.178702906273215334 -0.972654874580806461 0.718016107524709124
0.174097256060159244 -0.973846320111065200 0.717731242953210224
0.169434580519151168 -0.975027176053312239 0.717444612231999179
0.164712197673812788 -0.976196963559208597 0.717156217090419101
0.162327723161544979 -0.976777548847269195 0.716866059268458589
0.157510300909628365 -0.977929768906945274 0.716574140516741065
0.152625525445851618 -0.979069583566706814 0.716280462596514012
0.147669890807823556 -0.980196391554670532 0.715985027279638975
0.142639586825657361 -0.981309545907043557 0.715687836348580131
0.137530460434295010 -0.982408347438472163 0.715388891596394072
0.132337971205344018 -0.983492036927447577 0.715088194826718926
0.127057139997376389 -0.984559785741713434 0.714785747853762921
0.121682489383210912 -0.985610684559682593 0.714481552502294504
0.116207974213079490 -0.986643729749274168 0.714175610607630129
0.110626900271862727 -0.987657806847118014 0.713867924015623934
0.104931828529735871 -0.988651670421824669 0.713558494582656633
0.099114461815393573 -0.989623919397504048 0.713247324175623976
0.093165509974323213 -0.990572966633230800 0.712934414671925309
0.087074528486205616 -0.991497001180719595 0.712619767959453143
0.080829724160018546 -0.992393941131621493 0.712303385936580713
0.074417719694049811 -0.993261374267440655 0.711985270512151103
0.067823266458108822 -0.994096482757450328 0.711665423605465697
0.061028891606251690 -0.994895946792316410 0.711343847146272412
0.054014461176694839 -0.995655820121244428 0.711020543074754374
0.043028112059503298 -0.996710772631796083 0.710695513341517593
0.035352680127098357 -0.997348684137776109 0.710368759907580083
0.027356494919326901 -0.997925394219784767 0.710040284744359096
0.018998208691713037 -0.998431179465072871 0.709710089833660129
0.010228246125935592 -0.998853779758769544 0.709378177167664048
0.000986606632140896 -0.999177529928356956 0.709044548748915870
-0.008800078484979101 -0.999382123738973727 0.708709206590312113
-0.024706615064838622 -0.999404716898802947 0.708372152715089243
-0.036304981839897166 -0.999173515278664381 0.708033389156810689
-0.048883926852326398 -0.998680465073287671 0.707692917959355072
-0.062655995007105170 -0.997844218391370053 0.707350741176904108
-0.086192726662402963 -0.995673648345355988 0.707006860873929721
-0.104407241237802095 -0.993327672231787195 0.706661279125181618
-0.125341801877935533 -0.989882750362004682 0.706313998015675182
-0.149894538645854503 -0.984777409998452091 0.705965019640678482
-0.196599548463834761 -0.971677550214666952 0.705614346105699508
-0.237665931755427384 -0.956151981102267623 0.705261979526474403
-0.291079671814247654 -0.929553782899475878 0.704907922028953582
-0.362638985331822483 -0.879907698309581709 0.704552175749289300
-0.507188496743018691 -0.682137114482923468 0.704194742833822995
-0.515363433290156547 -0.330578433074171563 0.703835625439072410
-0.021998360532294550 0.001558515512444516 0.703474825731717712
0.448498300539259709 -0.540437002792987120 0.703112345888589618
0.372184324297305469 -0.761922627585123746 0.702748188096655402
0.251169947378416969 -0.891452641711908522 0.702382354553006127
0.192757313493245708 -0.928688861442982794 0.702014847464843106
0.147219230334389273 -0.950395565718128665 0.701645669049464793
0.094410948370331205 -0.968793323170079490 0.701274821534253578
0.065874981299056834 -0.975990942582691812 0.700902307156661686
0.029317111404432994 -0.982583187804417557 0.700528128164198294
0.007761311564569440 -0.985138833761844745 0.700152286814415881
-0.012270776138148809 -0.986653352645448845 0.699774785374896457
-0.040392700513892987 -0.987408349702639687 0.699395626123237801
-0.058316311158459366 -0.987065390797700504 0.699014811347040133
-0.084559194826318684 -0.985415206332163063 0.698632343343891682
-0.101900227448786296 -0.983576351951332084 0.698248224421355368
-0.128074484617682227 -0.979663895126960615 0.697862456896954697
-0.145835005072559254 -0.976218786028029584 0.697475043098159664
-0.173264058040385971 -0.969609797037822796 0.697085985362372984
-0.192256213641868845 -0.964087890474472076 0.696695286036915662
-0.222110049499233964 -0.953767445003648517 0.696302947479013001
-0.253969743611613896 -0.940397622776114495 0.695908972055780284
-0.276524020858335717 -0.929341536058011508 0.695513362144208891
-0.312599220924105803 -0.908615579591956379 0.695116120131151316
-0.338263368169722967 -0.891311060939895539 0.694717248413307176
-0.379222092568145652 -0.858442953747880266 0.694316749397208888
-0.422731794517730686 -0.814483851806164338 0.693914625499206461
-0.452476338541484724 -0.776949898880930134 0.693510879145453840
-0.495737365045075928 -0.704222417614926988 0.693105512771893584
-0.520845771792342482 -0.641950990161243462 0.692698528824242432
-0.543998035596806706 -0.523170169610770786 0.692289929757976541
-0.531234940768103181 -0.372461744086646784 0.691879718038316605
-0.488590635218505986 -0.259665783107049797 0.691467896140213090
-0.353937487571410858 -0.099413590221449979 0.691054466548331137
-0.139336999746682899 -0.004540164681047579 0.690639431757035682
0.021675709913908964 -0.002882148514635750 0.690222794270376361
0.232104497782850749 -0.088950792211510754 0.689804556602072627
0.365822565657762777 -0.233460751546525846 0.689384721275498102
0.425525242296070194 -0.383220008317227023 0.688963290823665919
0.436479268556491995 -0.471898452929866596 0.688540267789212845
0.427406545360235812 -0.582528786469576731 0.688115654724384629
0.402189869397362565 -0.668151030112467570 0.687689454191019900
0.370404039456668110 -0.733657159618833710 0.687261668760535072
0.348097573293417950 -0.768599855815378152 0.686832301013909019
0.314886528972595836 -0.810952004322423647 0.686401353541667092
0.283065200150692475 -0.844023901594471826 0.685968828943865794
0.253143265023752506 -0.870170451476359852 0.685534729830076905
0.225227783248552860 -0.891091942170457396 0.685099058819371831
0.199239728563174234 -0.908018877995164342 0.684661818540305611
0.182909112870575596 -0.917538234214039461 0.684223011630901601
0.159771874127906943 -0.929683472056490379 0.683782640738634817
0.138103243019224775 -0.939739347697745253 0.683340708520416507
0.117730765500244361 -0.948115430421235361 0.682897217642577936
0.098497685569139293 -0.955123576451535006 0.682452170780854406
0.080264556391894837 -0.961003929330684237 0.682005570620368706
0.062908748584995011 -0.965943371236970605 0.681557419855615576
0.046323046367635679 -0.970088760669931216 0.681107721190444715
0.030413933720710939 -0.973556536929977900 0.680656477338045240
0.015099865517463007 -0.976439766764547246 0.680203691020928702
0.005185532981221819 -0.978074791360616702 0.679749364970912762
-0.009290517900052808 -0.980143110478041923 0.679293501929105314
-0.023342137318986822 -0.981796547752413873 0.678836104645886729
-0.037019403936111417 -0.983078317298610282 0.678377175880894634
-0.050366431581940596 -0.984023850292851998 0.677916718403006269
-0.063422195243386770 -0.984662271730033289 0.677454734990322271
-0.076221231862341865 -0.985017555211705753 0.676991228430149805
-0.088794234201564848 -0.985109433000272761 0.676526201518985459
-0.101168554043040704 -0.984954118494608011 0.676059657062499042
-0.113368628782436309 -0.984564883803264013 0.675591597875515815
-0.129401844518012177 -0.983700378796098729 0.675122026782000395
-0.141276614174581649 -0.982803728963771217 0.674650946615038660
-0.153041805221733662 -0.981701499590772464 0.674178360216821981
-0.164712770960821042 -0.980398585238562159 0.673704270438628683
-0.176303351034192535 -0.978898606889981648 0.673228680140807945
-0.187826025125350127 -0.977204073744117552 0.672751592192761816
-0.199292044163976667 -0.975316518482864825 0.672273009472928451
-0.210711542339403646 -0.973236611067797242 0.671792934868764235
-0.222093632678513175 -0.970964255109171059 0.671311371276726909
-0.233446488527361884 -0.968498670059163347 0.670828321602257471
-0.248550658439674665 -0.964908154650127026 0.670343788759763304
-0.259862306086031669 -0.961985333713983648 0.669857775672599853
-0.271165992370049624 -0.958862580889327187 0.669370285273053756
-0.282466496473039619 -0.955536859178341413 0.668881320502324628
-0.293767924102685152 -0.952004735938398960 0.668390884310507527
-0.305073735371067800 -0.948262420135713824 0.667898979656575076
-0.320159786732993168 -0.942938544368054243 0.667405609508359698
-0.331485821178293116 -0.938689275826273040 0.666910776842535635
-0.342823378137463719 -0.934215014488097184 0.666414484644600846
-0.354173339811019061 -0.929510787908546909 0.665916735908859470
-0.369326392371380097 -0.922871806144669238 0.665417533638403169
-0.380705588668823147 -0.917610613290011701 0.664916880845093483
-0.392096115580360671 -0.912101627308412710 0.664414780549543171
-0.403496471354052977 -0.906339230025009268 0.663911235781098785
-0.418708637862553468 -0.898251990443564852 0.663406249577821461
-0.430123089825005023 -0.891876081727286163 0.662899824986468933
-0.441538526122528752 -0.885227650113917686 0.662391965062477772
-0.452951161386920875 -0.878300957494181134 0.661882672869943733
-0.468156151715171498 -0.868622697024460155 0.661371951481604547
-0.479544671642058162 -0.861024752708605234 0.660859803978820493
-0.490914125078305341 -0.853129953448944711 0.660346233451555964
-0.506033409996789474 -0.842132644074157111 0.659831242998361267
-0.517334488610061261 -0.833524889639219113 0.659314835726353410
-0.532338116540295836 -0.821559013515335779 0.658797014751197674
-0.543532777412223722 -0.812212085195177069 0.658277783197088628
-0.554668881250727330 -0.802541169797452492 0.657757144196731369
-0.569411521352204297 -0.789135995738597829 0.657235100891322421
-0.580378107391584241 -0.778694660015669671 0.656711656430531421
-0.591257199490959451 -0.767917821807980960 0.656186813972481464
-0.605610472789548715 -0.753022328042647127 0.655660576683730012
-0.616248944636571094 -0.741453149738816708 0.655132947739250349
-0.630246486770734693 -0.725494390126021793 0.654603930322411820
-0.640591609587683464 -0.713123977005329035 0.654073527624961182
-0.654162338313530989 -0.696093828067487319 0.653541742847002838
-0.664160592448899023 -0.682918908851415707 0.653008579196979855
-0.677233456603843265 -0.664816731655820226 0.652474039891654756
-0.686832206393152789 -0.650839541057883442 0.651938128156089536
-0.699338541485176268 -0.631671734112018379 0.651400847223626678
-0.708487882061917928 -0.616899434766859267 0.650862200335869279
-0.720363958725248943 -0.596678301430095481 0.650322190742662065
-0.729018675163384033 -0.581121835763634520 0.649780821702071409
-0.740208346629182667 -0.559863612797878107 0.649238096480365567
-0.748329903757757542 -0.543535863209817838 0.648694018351995028
-0.758787227334431047 -0.521257737418011069 0.648148590599572971
-0.766345683280570289 -0.504170854830105375 0.647601816513855399
-0.776037353344143255 -0.480886763588776800 0.647053699393721038
-0.783013057635978282 -0.463048494475551353 0.646504242546151686
-0.791920436453781296 -0.438763454806176290 0.645953449286212344
-0.800377413780807512 -0.413902756921617376 0.645401322937030675
-0.806425779816367316 -0.394874876164758026 0.644847866829777683
-0.814101657139214341 -0.368984334531305525 0.644293084303647068
-0.819571122761736937 -0.349166228266135859 0.643736978705835461
-0.826488194565400902 -0.322187880639331015 0.643179553391521885
-0.832986724345523788 -0.294544259699881406 0.642620811723847774
-0.837593741739887432 -0.273347943976452790 0.642060757073896426
-0.843391423019729580 -0.244421746557026809 0.641499392820673031
-0.847487995520507797 -0.222189475743534426 0.640936722351083898
-0.852623196814327966 -0.191758701781647167 0.640372749059916258
-0.857390656767940129 -0.160327544000643696 0.639807476349817827
-0.861789149618056416 -0.127762339033762551 0.639240907631276056
-0.864838134106765910 -0.102496715838773511 0.638673046322597582
-0.868545957522578460 -0.067530375742411997 0.638103895849887803
-0.871794252385153623 -0.030888520445801870 0.637533459647030010
-0.873875628280122996 -0.002142774797482760 0.636961741155665062
-0.876067500059250714 0.038129313228161599 0.636388743825169967
-0.877404665683162666 0.080967814156100049 0.635814471112637336
-0.877671664879897451 0.115037957227673016 0.635238926482855071
-0.876714216404925750 0.163439287042351666 0.634662113408284490
-0.873723121205620901 0.215722434544809605 0.634084035369040122
-0.867895364581969586 0.272435392651373010 0.633504695852868616
-0.858119086140618936 0.334099464388256828 0.632924098355127196
-0.847307039729375600 0.383845826632424947 0.632342246378763129
-0.826714638640082988 0.454975078219159279 0.631759143434292514
-0.796865044479444173 0.531327947799101974 0.631174793039778748
-0.754912799254387923 0.611857830813872128 0.630589198720811650
-0.713631776091573244 0.673694187268969014 0.630002364010486038
-0.643131468206686097 0.755117759592414894 0.629414292449380408
-0.553105688554394459 0.830417864728408173 0.628824987585535511
-0.443510244201046067 0.892676370427569088 0.628234452974433477
-0.317519756316515189 0.934372016706714215 0.627642692178975614
-0.181998786192570705 0.949290048101481876 0.627049708769460978
-0.046578543614255119 0.934682595680278450 0.626455506323565503
0.048791580850212235 0.905355718910570095 0.625860088426319683
0.161020402578141597 0.846362441288336820 0.625263458670087813
0.251784517840867306 0.772054200434547866 0.624665620654545006
0.320043782018893719 0.690739353658607058 0.624066577986656545
0.367825254123210543 0.609265713994710079 0.623466334280656009
0.398776484736452386 0.532269570615238941 0.622864893158023070
0.416929739584085579 0.462284132371572454 0.622262258247461841
0.425951507091616000 0.400256411695748215 0.621658433184878789
0.428827272648317381 0.346119759528154547 0.621053421613361412
0.427820885997407030 0.299254273828070461 0.620447227183155481
0.425520570958268840 0.268362047642032309 0.619839853551643394
0.421342691303651651 0.232111983502410690 0.619231304383322301
0.416644570244834034 0.200696653501127364 0.618621583349781567
0.411973724212767289 0.173311908469166054 0.618010694129680793
0.407671093623192093 0.149257025858660297 0.617398640408728050
0.403935185204606362 0.127935803248304641 0.616785425879656679
0.400868122406587368 0.108848416833651873 0.616171054242203975
0.398508031826973974 0.091579672017007452 0.615555529203088425
0.396851498198981967 0.075786604298051813 0.614938854475987173
0.395868967166369878 0.061186853178525569 0.614321033781514036
0.395515212993992171 0.047548389438810401 0.613702070847196968
0.395736385026854431 0.034680737810071471 0.613081969407454963
0.396474697405834742 0.022427625482621477 0.612460733203576524
0.397671502901397078 0.010660898160883031 0.611838365983696564
0.399269263427347698 -0.000724479938136902 0.611214871502773316
0.401746483813405497 -0.014549429092452965 0.610590253522566684
0.404049212497447408 -0.025367635502831526 0.609964515811614816
0.406585141514687443 -0.036030831510683481 0.609337662145211567
0.409309982277575868 -0.046583338641443650 0.608709696305383963
0.412182995218263459 -0.057061022835731279 0.608080622080868771
0.415166879634298325 -0.067492733893483897 0.607450443267090412
0.418227613397737619 -0.077901493055639121 0.606819163666137418
0.421334264814142490 -0.088305475742155470 0.606186787086739787
0.424458791498381838 -0.098718827266384285 0.605553317344246333
0.427575836071701465 -0.109152342010888304 0.604918758260600598
0.430662524960407689 -0.119614030600664778 0.604283113664319305
0.434447042930130034 -0.132739260400204839 0.603646387390467831
0.437393360975668721 -0.143282310893917048 0.603008583280637778
0.440249855956791780 -0.153865589916090895 0.602369705182924098
0.443002162948964995 -0.164489740937160595 0.601729756951901340
0.445637494656027977 -0.175154409896093599 0.601088742448600111
0.448144502018558377 -0.185858439538886089 0.600446665540484759
0.451082624291442302 -0.199291042430531973 0.599803530101429061
0.453265992800091388 -0.210076318750629376 0.599159340011693797
0.455292584477330453 -0.220893472502042887 0.598514099157902213
0.457155828852251367 -0.231739489867386433 0.597867811433017704
0.458850012023899967 -0.242611178855368814 0.597220480736319392
0.460722533500172893 -0.256231853824580025 0.596572110973379255
0.462019295715825840 -0.267149151541084096 0.595922706056038476
0.463133337052589189 -0.278081260792937601 0.595272269902383133
0.464061690875882338 -0.289024861915661901 0.594620806436721661
0.464801857797399243 -0.299976704134436001 0.593968319589560312
0.465459279121102854 -0.313673294019718829 0.593314813297580179
0.465768920874934711 -0.324632297943796444 0.592660291503612213
0.465884808637986814 -0.335589697497919115 0.592004758156615130
0.465805833319077489 -0.346542731573870610 0.591348217211650096
0.465431732701053591 -0.360223901298960925 0.590690672629857860
0.464911279158037316 -0.371157730947045794 0.590032128378433995
0.464193606659556446 -0.382079172064819894 0.589372588430605804
0.463018469696619750 -0.395710239442243206 0.588712056765608116
0.461855442316519316 -0.406596017721563063 0.588050537368658643
0.460493883359011036 -0.417462761840423302 0.587388034230934886
0.458933455846102456 -0.428308666423720397 0.586724551349549261
0.456702737463577924 -0.441834143696710313 0.586060092727525461
0.454693561760929899 -0.452627030293286603 0.585394662373774133
0.452484288296638282 -0.463393802141822853 0.584728264303068901
0.449440573940965149 -0.476813280411807594 0.584060902536021609
0.446779225066896435 -0.487515913676465740 0.583392581099058893
0.443915954864784745 -0.498187721531261118 0.582723304024396649
0.440051781156279465 -0.511481985585542587 0.582053075350017379
0.436731340537387935 -0.522079272403461414 0.581381899119644441
0.432292833118105013 -0.535275856593084520 0.580709779382718061
0.428510342531041366 -0.545791291639982412 0.580036720194371247
0.424520611844929785 -0.556267868766898710 0.579362725615404806
0.419240002679818757 -0.569306474314436817 0.578687799712263029
0.414779004466658607 -0.579689580177671582 0.578011946557009382
0.410106089374144112 -0.590028250131862553 0.577335170227301964
0.403964384317414160 -0.602886144475509256 0.576657474806368309
0.398808394009826706 -0.613117580321073885 0.575978864382981293
0.392057007169266336 -0.625834623043596605 0.575299343051434375
0.386408332435197788 -0.635947537078953795 0.574618914911516843
0.379034573109350514 -0.648508551586418402 0.573937584068489048
0.372882547548685217 -0.658489882164225770 0.573255354633057546
0.366503140429040641 -0.668408014019047370 0.572572230721350661
0.358205522137365229 -0.680711949341037625 0.571888216454893183
0.351305774698069451 -0.690475963121165104 0.571203315960581826
0.342349930364963029 -0.702576077450194125 0.570517533370660246
0.334917221046872493 -0.712167492722277973 0.569830872822694068
0.325287041169582292 -0.724039084667105426 0.569143338459545789
0.317308265414842250 -0.733436807814868863 0.568454934429350356
0.306987167225704183 -0.745051776869602556 0.567765664885489074
0.298448950759390597 -0.754231891498641671 0.567075533986565739
0.287420156547739225 -0.765558482287189257 0.566384545896380986
0.278309087530530075 -0.774494048770054233 0.565692704783906763
0.266555927111146618 -0.785496604570892876 0.565000014823262009
0.256858808393209070 -0.794157465396214679 0.564306480193686899
0.244365048096390286 -0.804796187083539616 0.563612105079517756
0.234069172136053438 -0.813148775208234253 0.562916893670161955
0.220819374374390809 -0.823379482523300843 0.562220850160072394
0.209912824698292255 -0.831386630681254291 0.561523978748722397
0.195892743693538540 -0.841160523897383827 0.560826283640580292
0.184364727951351726 -0.848781273858911334 0.560127769045084101
0.169561748623983211 -0.858044695367799592 0.559428439176616110
0.157402969340946552 -0.865234107473368264 0.558728298254477340
0.141806597578006843 -0.873928304643780129 0.558027350502862229
0.129009667613497581 -0.880637269521225452 0.557325600150833100
0.112612081125984531 -0.888698162377543177 0.556623051432294513
0.099171991486021627 -0.894873218693419403 0.555919708585968286
0.081968661091004980 -0.902231178581117232 0.555215575855366850
0.064317177299013983 -0.909166424662832817 0.554510657488768932
0.049873700361979079 -0.914393991398598116 0.553804957739192694
0.031417654853506671 -0.920506500970830532 0.553098480864371078
0.016332850584318936 -0.925042649726094957 0.552391231126725279
-0.002920468392592468 -0.930247783441868537 0.551683212793339983
-0.022611322726813210 -0.934910012475275831 0.550974430135936832
-0.038675479340021135 -0.938229423115796157 0.550264887430848670
-0.059139540032984272 -0.941840539521267450 0.549554588958994228
-0.075813026475757772 -0.944279630803721126 0.548843539005852032
-0.097025010514310672 -0.946739516483764643 0.548131741861434318
-0.118638292131470757 -0.948514407237180279 0.547419201820261936
-0.136209642593502933 -0.949418528584708099 0.546705923181337261
-0.158513009679333905 -0.949874960970478410 0.545991910248119217
-0.181178476972550462 -0.949549841017943264 0.545277167328497070
-0.199559679527578193 -0.948702790378466387 0.544561698734763899
-0.222830622404491918 -0.946879387142129714 0.543845508783591502
-0.246408244688011702 -0.944171512729154339 0.543128601796003752
-0.265474959043218106 -0.941342890637604235 0.542410982097350503
-0.289541894561236024 -0.936946935803076641 0.541692654017281949
-0.313841341553767195 -0.931559023628409810 0.540973621889721756
-0.333427285954401076 -0.926508246752105302 0.540253890052841745
-0.358064282879721252 -0.919236282617840184 0.539533462849035028
-0.382839050795996838 -0.910862681677313990 0.538812344624890471
-0.402731976298257854 -0.903344265532925572 0.538090539731165718
-0.427654811830863735 -0.892888986480007030 0.537368052522761430
-0.452599804792381433 -0.881222664798086086 0.536644887358695422
-0.472540915737907796 -0.870991651229931607 0.535921048602074901
-0.497408410747618990 -0.857048093122277255 0.535196540620071826
-0.522164023750522066 -0.841785577288249542 0.534471367783895701
-0.541853592759935276 -0.828600028970644109 0.533745534468767047
-0.566278086445564210 -0.810865942584564792 0.533019045053891527
-0.590445168205753435 -0.791703284320835698 0.532291903922433307
-0.614302441800390620 -0.771070286387971593 0.531564115461488407
-0.633130673581795644 -0.753475199028277420 0.530835684062058610
-0.656302506181965395 -0.730079050936824570 0.530106614119024488
-0.679027373372257825 -0.705072265395150777 0.529376910031119641
-0.701263597773264968 -0.678388243510636313 0.528646576200903162
-0.718676786545744961 -0.655778742123341640 0.527915617034733886
-0.739950063928037971 -0.625852799836876028 0.527184036942743628
-0.760658151595991594 -0.593953570114039375 0.526451840338810095
-0.780793866730341124 -0.559903816968118084 0.525719031640530909
-0.796493780747840496 -0.530954412416224542 0.524985615269196515
-0.815622201870476404 -0.492352384607131599 0.524251595649763980
-0.834222292116933106 -0.450631526794229909 0.523516977210829459
-0.852314306985195502 -0.405122500692874365 0.522781764384602554
-0.866412694181463272 -0.365332857684075085 0.522045961606878439
-0.883465702617350690 -0.310148793694237979 0.521309573317012220
-0.899514718154375004 -0.246847800141835882 0.520572603957891289
-0.913470799490887608 -0.171982591081630165 0.519835057975908787
-0.922417449261597300 -0.080013695322847467 0.519096939820936853
-0.921092305140378764 0.011561731852047730 0.518358253946300196
-0.893471086371468770 0.157837447350974824 0.517619004808748007
-0.795731640470229484 0.342644998958219649 0.516879196868428425
-0.550387447600589441 0.509382392631138270 0.516138834588860784
-0.180081330703300235 0.462122151061818420 0.515397922436909073
-0.000141593920581176 0.231521408001610030 0.514656464882754738
-0.014845707262803480 -0.038406416349119968 0.513914466399869707
-0.121631530170297000 -0.169314425434944654 0.513171931464990072
-0.216877347249179980 -0.210848668829803992 0.512428864558087671
-0.283976686400315592 -0.211900369615532630 0.511685270162344774
-0.327686285940388289 -0.195888107726566119 0.510941152764125550
-0.350129534686424437 -0.177870730263435584 0.510196516852949977
-0.366654910847072579 -0.152925420975675908 0.509451366921466198
-0.373567321721054557 -0.127497275075225347 0.508705707465423762
-0.373237798678806909 -0.102806719531082960 0.507959542983646317
-0.367302150710532904 -0.079490479541550113 0.507212877978004517
-0.356922987052869511 -0.057901418604258181 0.506465716953388712
-0.346002188212831019 -0.042016825766559740 0.505718064417682078
-0.329639205168726912 -0.024009629052489850 0.504969924881733090
-0.310757505421050628 -0.008144383355981222 0.504221302859328868
-0.289791726496627766 0.005510165003092093 0.503472202867166985
-0.267105303649005477 0.016902372587925416 0.502722629424828926
-0.243011176262159484 0.025992155200954645 0.501972587054753117
-0.217785977820742882 0.032748063975824318 0.501222080282206495
-0.191679938870098376 0.037145780722735375 0.500471113635258535
-0.170316553493000178 0.038953814199706727 0.499719691644752828
-0.143197026151009016 0.039065774211207133 0.498967818844280431
-0.115809573714528574 0.036784814859512550 0.498215499770152170
-0.088353756102983488 0.032110224550325223 0.497462738961371664
-0.061023045945903284 0.025047700107985488 0.496709540959607176
-0.034006512262349631 0.015609640309278409 0.495955910309165471
-0.007490115987870150 0.003815506166620213 0.495201851556962724
0.018342288333295400 -0.010307756041766706 0.494447369252498770
0.043308180585794442 -0.026725227862506355 0.493692467947828284
0.062534842408195637 -0.041482143227443855 0.492937152197534589
0.085483180903870581 -0.061913582376769791 0.492181426558700674
0.107056679079258144 -0.084494046976319084 0.491425295590883215
0.127073871209716305 -0.109152632036014927 0.490668763856084045
0.145353192664618186 -0.135807098925823599 0.489911835918723060
0.161713103797908458 -0.164362935873097804 0.489154516345610635
0.175972374878444193 -0.194712333105966390 0.488396809705919865
0.187950549484481338 -0.226733076150568896 0.487638720571159257
0.197468608054601286 -0.260287364457045034 0.486880253515145078
0.204349857061765033 -0.295220567125674571 0.486121413113973777
0.208421072438421950 -0.331359933039075738 0.485362203945993942
0.209513928349577550 -0.368513279387970072 0.484602630591779604
0.208134869798271560 -0.398823672059327061 0.483842697634101593
0.203465037824405615 -0.437250903273205649 0.483082409657900780
0.195387824145992040 -0.476039779631849957 0.482321771250259546
0.183772551385420313 -0.514913053684717625 0.481560787000374912
0.168505277559780703 -0.553568753038888084 0.480799461499530345
0.149492474158390259 -0.591679697349994038 0.480037799341068050
0.126665150272602473 -0.628893425448660115 0.479275805120361664
0.099983409279690849 -0.664832643738052287 0.478513483434788112
0.069441403909385468 -0.699096317673363332 0.477750838883700013
0.035072630280994999 -0.731261535785330707 0.476987876068398153
-0.003044528311203998 -0.760886279213230488 0.476224599592103282
-0.044781130812529824 -0.787513227233072599 0.475461014059928577
-0.089952040758648322 -0.810674719425330981 0.474697124078852117
-0.138310519526790521 -0.829898976352343998 0.473932934257688454
-0.189543285989893173 -0.844717651749428811 0.473168449207061581
-0.243266312338418500 -0.854674749683401958 0.472403673539376345
-0.299021653915834795 -0.859336890024856581 0.471638611868791302
-0.356275629312117315 -0.858304845904523828 0.470873268811190182
-0.414418673392315695 -0.851226209879184070 0.470107648984154913
-0.472767177493852608 -0.837808974241067039 0.469341757006936922
-0.530567607033038624 -0.817835739387203331 0.468575597500429597
-0.587003147242891932 -0.791178196533550926 0.467809175087140594
-0.641203074814085339 -0.757811471339644216 0.467042494391163687
-0.692254990174529627 -0.717827865988542091 0.466275560038151071
-0.739219976743416218 -0.671449499792533544 0.465508376655285161
-0.781150684080871960 -0.619039320740696786 0.464740948871250947
-0.810441340490868134 -0.573107545656094897 0.463973281316208130
-0.840977967966560547 -0.511236414928817329 0.463205378621762642
-0.863971374106737411 -0.445163200393079272 0.462437245420939558
-0.878655427324845473 -0.375840758857964974 0.461668886348154228
-0.884378816369892351 -0.304374684113427885 0.460900306039185248
-0.880636390202733210 -0.232012882696469025 0.460131509131145422
-0.867101174111867712 -0.160128894622392770 0.459362500262455065
-0.843656003383291941 -0.090198053928842392 0.458593284072812746
-0.810423293622455798 -0.023765637227670167 0.457823865203168145
-0.767790955905816697 0.037593638451207889 0.457054248295693633
-0.716431916686180670 0.092324959278535512 0.456284437993756620
-0.657314215875676178 0.138951044107110733 0.455514438941891142
-0.591698379868246027 0.176136435505356820 0.454744255785770268
-0.521118882146423767 0.202755484974117411 0.453973893172177512
-0.447347194420252614 0.217959597731904459 0.453203355748979131
-0.372335318279241156 0.221237973638096302 0.452432648165096596
-0.298140763508605466 0.212465241534332328 0.451661775070477334
-0.226836506115377784 0.191929403157476558 0.450890741116067750
-0.160412110983569389 0.160334653908353081 0.450119550953784642
-0.100674381368569738 0.118775986596372798 0.449348209236487384
-0.049157020228093769 0.068685761222972319 0.448576720617949509
-0.007048436135489722 0.011756086682064038 0.447805089752831120
0.024855097018822096 -0.050155829585619822 0.447033321296650354
0.046166911418375103 -0.115129970306316859 0.446261419905755630
0.057801202836588329 -0.194497805639699872 0.445489390237297223
0.056351516728967196 -0.259762387718913190 0.444717236949199513
0.045527326367225091 -0.322601731796759106 0.443944964700132727
0.026269281083737189 -0.381748779846252551 0.443172578149484575
-0.000338977601598428 -0.436206900085049920 0.442400081957332769
-0.033140593924934680 -0.485250349989779450 0.441627480784416215
-0.070966423678126278 -0.528408634306999248 0.440854779292107424
-0.112684339362973202 -0.565439495543191173 0.440081982142383921
-0.157235971499171429 -0.596295198197210663 0.439309093997800659
-0.203661366668831528 -0.621086157072713085 0.438536119521461376
-0.251112988732488995 -0.640045068960853891 0.437763063376990780
-0.298860986232225678 -0.653493748539678454 0.436989930228506185
-0.346291785936119867 -0.661813990824629439 0.436216724740589701
-0.392901959797258504 -0.665423063846888763 0.435443451578259699
-0.438289054204613726 -0.664753903132128898 0.434670115406943058
-0.482140748967207489 -0.660239724486690216 0.433896720892446575
-0.524223387155408727 -0.652302564971566357 0.433123272700929207
-0.564370620549650037 -0.641345168311395319 0.432349775498873712
-0.602472666473892193 -0.627745616091116121 0.431576233953058608
-0.638466474679637241 -0.611854140962241444 0.430802652730529700
-0.672326955197275034 -0.593991620386119079 0.430029036498572770
-0.704059312803777648 -0.574449323359848329 0.429255389924684039
-0.733692463099424264 -0.553489557682572020 0.428481717676543417
-0.761273461113704641 -0.531346935415577093 0.427708024421985300
-0.786862848877124543 -0.508230036135081664 0.426934314828971262
-0.810530817795005465 -0.484323300083591424 0.426160593565560908
-0.832354080258573714 -0.459789026584260518 0.425386865299884787
-0.852413349475629301 -0.434769387736088864 0.424613134700115247
-0.870791334388471450 -0.409388394613147799 0.423839406434439070
-0.887571166146720492 -0.383753774116070923 0.423065685171028827
-0.902835182712454443 -0.357958730383336032 0.422291975578014622
-0.916664008085154691 -0.332083576330680030 0.421518282323456672
-0.929135871897202370 -0.306197229295909312 0.420744610075315939
-0.940326123528232971 -0.280358570699421272 0.419970963501427319
-0.950306902325850689 -0.254617673636426012 0.419197347269470222
-0.959146931985533802 -0.229016904954511213 0.418423766046941481
-0.966911412713506779 -0.203591909893112488 0.417650224501126266
-0.973661989512953352 -0.178372488197258039 0.416876727299070882
-0.979456778906726222 -0.153383370907713923 0.416103279107553403
-0.984350439753147843 -0.128644906882711296 0.415329884593057030
-0.988394276554701245 -0.104173667865152086 0.414556548421740223
-0.991636365964136957 -0.079982980336110066 0.413783275259410332
-0.994121699061317754 -0.056083391900599910 0.413010069771493848
-0.995892333524168505 -0.032483079299078899 0.412236936623009365
-0.996987551074363765 -0.009188204533440825 0.411463880478538657
-0.997444016603938111 0.013796774972166248 0.410690906002199319
-0.997295936225125468 0.036468836892240897 0.409918017857616057
-0.996575212156468604 0.058826160390690385 0.409145220707892665
-0.995311592903395992 0.080867924117776879 0.408372519215583762
-0.993117551643904140 0.106901556231153660 0.407599918042667209
-0.990754578998734425 0.128250043807384584 0.406827421850515403
-0.987931072272724364 0.149285181677054957 0.406055035299867251
-0.984669231696285951 0.170008708428254607 0.405282763050800465
-0.980989778591700778 0.190422688842661614 0.404510609762702811
-0.976912062665635683 0.210529436912500201 0.403738580094244404
-0.972454162163550073 0.230331450764645673 0.402966678703349568
-0.967632977130157834 0.249831357871491244 0.402194910247168913
-0.962464316072445092 0.269031869147419223 0.401423279382050524
-0.956962976360442363 0.287935740669015783 0.400651790763512761
-0.951142818719412642 0.306545741949404704 0.399880449046215336
-0.945016836186657327 0.324864629792193160 0.399109258883932283
-0.938597217903490044 0.342895126908338621 0.398338224929522700
-0.931895408112912271 0.360639904569492797 0.397567351834903382
-0.924922160726035836 0.378101568669587940 0.396796644251020736
-0.917687589804063508 0.395282648659810942 0.396026106827822577
-0.910201216289220794 0.412185588894308841 0.395255744214229765
-0.902472011300057941 0.428812741986113799 0.394485561058108725
-0.894508436285549435 0.445166363840931945 0.393715562006243303
-0.886318480310979373 0.461248610083929089 0.392945751704306401
-0.877909694732598833 0.477061533633139134 0.392176134796831943
-0.869289225491407080 0.492607083225836684 0.391406715927187232
-0.860463843239656190 0.507887102725289585 0.390637499737544969
-0.851439971495247860 0.522903331070432520 0.389868490868854556
-0.842223712998582341 0.537657402752807601 0.389099693960814785
-0.832820874431744240 0.552150848728450439 0.388331113651845694
-0.823236989641615846 0.566385097688858030 0.387562754579060531
-0.813477341501346873 0.580361477622491462 0.386794621378237391
-0.803546982514151020 0.594081217634842562 0.386026718683791847
-0.793450754284118043 0.607545449959896122 0.385259051128749030
-0.783193305923577165 0.620755212164768810 0.384491623344714872
-0.772779111505373928 0.633711449495868551 0.383724439961849018
-0.762212486616837714 0.646415017370237210 0.382957505608836291
-0.753652245327568582 0.656396468745820139 0.382190824912859439
-0.742821674808919252 0.668647110561105262 0.381424402499570547
-0.731850045413750094 0.680647022825601855 0.380658242993063167
-0.720741207768671677 0.692396744351608473 0.379892351015845064
-0.709498923085030930 0.703896737668212258 0.379126731188809796
-0.698126875725340934 0.715147392151945560 0.378361388131208842
-0.686628685215461720 0.726149027292087190 0.377596326460623632
-0.675007917759404386 0.736901896063019590 0.376831550792938397
-0.663268097263253309 0.747406188436311347 0.376067065742311524
-0.651412715904396755 0.757662035022704128 0.375302875921148027
-0.639445244254634670 0.767669510865363502 0.374538985940071401
-0.627369140969822880 0.777428639390091325 0.373775400407896752
-0.615187862058683255 0.786939396518148593 0.373012123931601880
-0.602904869724228853 0.796201714958591267 0.372249161116299909
-0.590523640784757942 0.805215488681467084 0.371486516565211977
-0.578047674663295319 0.813980577579415443 0.370724194879638425
-0.565480500928057794 0.822496812333375904 0.369962200658932039
-0.552825686377353076 0.830763999470440773 0.369200538500469633
-0.540086841641759796 0.838781926627836572 0.368439212999625065
-0.527267627278073081 0.846550368017666144 0.367678228749740488
-0.514371759331240241 0.854069090083877658 0.366917590342099198
-0.501403014322579610 0.861337857352251546 0.366157302365898329
-0.488365233640512431 0.868356438452106083 0.365397369408220485
-0.477887928543738405 0.873791020215649694 0.364637796054006091
-0.464735784937532315 0.880358720026567121 0.363878586886026256
-0.451525735897077507 0.886675660811137578 0.363119746484854844
-0.438261897531345646 0.892741684265719537 0.362361279428840721
-0.424948462254688852 0.898556666902463386 0.361603190294080168
-0.411589698911909829 0.904120526622171572 0.360845483654389343
-0.398189952036863415 0.909433229261091158 0.360088164081276974
-0.384753640218154835 0.914494795058211407 0.359331236143916044
-0.371285253549052174 0.919305304989485039 0.358574704409116762
-0.357789350151910268 0.923864906908643646 0.357818573441299359
-0.344270551751789777 0.928173821437176527 0.357062847802465555
-0.330733538309509967 0.932232347536448125 0.356307532052171694
-0.319893991003340705 0.935299142846021225 0.355552630747501208
-0.306336145231573265 0.938907992793631019 0.354798148443037253
-0.292773441119165090 0.942267750521208369 0.354044089690834618
-0.279210714951277306 0.945379055845871452 0.353290459040392801
-0.265652823105968938 0.948242647102953917 0.352537261038628369
-0.252104631828708625 0.950859363546664005 0.351784500229847863
-0.238571006380718986 0.953230146994279215 0.351032181155719714
-0.225056799669530183 0.955356042657924620 0.350280308355247205
-0.211566840453874638 0.957238199126169365 0.349528886364741498
-0.200795553381727998 0.958569269390670886 0.348777919717793483
-0.187361284635166936 0.960015915700520694 0.348027412945247028
-0.173964551972348669 0.961222577618939589 0.347277370575171052
-0.160609981219332565 0.962190780509149635 0.346527797132833160
-0.147302115663071442 0.962922140390046533 0.345778697140671221
-0.134045404425272185 0.963418358638913563 0.345030075118266999
-0.120844191352225017 0.963681215828446458 0.344281935582318011
-0.110326025003946060 0.963724724456724413 0.343534283046611377
-0.097235279500318572 0.963572244355260121 0.342787122021995572
-0.084211548927493218 0.963191747784636565 0.342040457016353661
-0.071258688859279884 0.962585246317781418 0.341294292534576271
-0.058380407564221026 0.961754790824115302 0.340548633078533836
-0.045580260348222823 0.960702461491884985 0.339803483147050112
-0.032861645156511410 0.959430357475519191 0.339058847235874428
-0.022747637102232099 0.958255852720381829 0.338314729837655315
-0.010183829093673824 0.956593463858297688 0.337571135441912362
0.002289790855801832 0.954717187743680862 0.336828068535010128
0.014670439307107597 0.952629097509402945 0.336085533600130215
0.026955492543114301 0.950331233417810228 0.335343535117245406
0.036713043320967587 0.948343248522564575 0.334602077563091016
0.048819909250321591 0.945672787482200072 0.333861165411139194
0.060824649056160196 0.942798001026755816 0.333120803131571552
0.072725203796380755 0.939720710050482966 0.332380995191252027
0.084519646464605414 0.936442654492633197 0.331641746053699893
0.093877583662515807 0.933676771693670249 0.330903060179063069
0.105476554450850635 0.930041432701060877 0.330164942024091357
0.116964638894998696 0.926209697318009839 0.329427396042108855
0.128340321179293337 0.922182922092352531 0.328690426682987813
0.139602166200361977 0.917962345336538976 0.327954038393121539
0.148528758730984145 0.914447099742722092 0.327218235615397535
0.159582288757974478 0.909880400355911667 0.326483022789170574
0.170518282317263625 0.905122687987988006 0.325748404350236054
0.181335490818147482 0.900174700928863869 0.325014384730803463
0.189902903635360443 0.896079718866623187 0.324280968359469235
0.200503193009132885 0.890790641347309453 0.323548159661190049
0.210981237571062907 0.885312588497510822 0.322815963057256461
0.221335769941233107 0.879645740953971744 0.322084382965266092
0.229529589824474856 0.874976354520789812 0.321353423799096927
0.239658467076805992 0.868969642310820189 0.320623089968880448
0.249660018875647316 0.862773821911821059 0.319893385880975489
0.259532742475086342 0.856388484257214699 0.319164315937941478
0.267337092511233443 0.851143385960424381 0.318435884538511682
0.276973812972962641 0.844415381627001693 0.317708096077566726
0.286476921664530482 0.837495872199562230 0.316980954946108506
0.295844456347730433 0.830383845586528113 0.316254465531233042
0.303239450779345721 0.824554830154711205 0.315528632216104443
0.312357487626072627 0.817093214044974259 0.314803459379928152
0.321333554109621000 0.809435400553135009 0.314078951397925132
0.328410409525873748 0.803166807250876746 0.313355112641304667
0.337124078945621297 0.795151661188888248 0.312631947477238548
0.345687753235000672 0.786935397516938528 0.311909460268834315
0.354098094446981371 0.778515961890744790 0.311187655375109562
0.360713546009278629 0.771632650530056141 0.310466537150965005
0.368838567175723886 0.762841837153166891 0.309746109947158288
0.376799347593263556 0.753841285087686330 0.309026378110278277
0.383046691921308136 0.746488069641467078 0.308307345982718140
0.390700196040090542 0.737103265228349014 0.307589017902649531
0.398175848942856625 0.727500999566428774 0.306871398203996282
0.404024553055050695 0.719660588843983318 0.306154491216408586
0.411165596975775482 0.709659191509165344 0.305438301265236245
0.416738533914223552 0.701495339322663058 0.304722832671503130
0.423524023916897696 0.691084291176449650 0.304008089751880761
0.430101822338553763 0.680440875876309526 0.303294076818662772
0.435209180341778246 0.671756466319582080 0.302580798179738097
0.441392606326729831 0.660685831003905322 0.301868258138565604
0.447344401007388870 0.649372756034522158 0.301156460994148056
0.451932480029951567 0.640145259899408514 0.300445411041005861
0.457442058015172570 0.628386486283493806 0.299735112569151418
0.461662300727025632 0.618797645885023284 0.299025569864063145
0.466693261581563823 0.606581263614142996 0.298316787206659995
0.471440745244407378 0.594105644441954572 0.297608768873274754
0.475025420421854472 0.583936196757448012 0.296901519135629122
0.479227304805945664 0.570985471671396017 0.296195042260807340
0.482355889329685761 0.560431875968842141 0.295489342511231157
0.485961475470908788 0.546996318919848346 0.294784424144633184
0.489211404451714404 0.533287943555963206 0.294080291414031747
0.491542554246867103 0.522123530564246208 0.293376948567705464
0.494103543173148030 0.507919740122004804 0.292674399849167044
0.495856601456618251 0.496357641946928219 0.291972649497137970
0.497659162640886943 0.481656215010533129 0.291271701745522582
0.498775175971099549 0.469696594884025320 0.290571560823383868
0.499741250113483804 0.454500583918811540 0.289872230954915933
0.500154166861386029 0.442148511558980994 0.289173716359419908
0.500196556274366877 0.426468058308765163 0.288476021251277581
0.499832836368545086 0.413735116416244608 0.287779149839927695
0.498854820699851043 0.397589664689141420 0.287083106329838189
0.497264573831033729 0.381198560095275085 0.286387894920482278
0.495528476290124531 0.367916837829370513 0.285693519806313190
0.492748363186416682 0.351115867083566457 0.284999985176738024
0.490013075757551875 0.337526840520742111 0.284307295216093381
0.485922704192006394 0.320372356539259495 0.283615454103619102
0.482088748086719421 0.306529016737196125 0.282924466013434350
0.477733149609511742 0.292594318249588314 0.282234335114511015
0.471523060980207520 0.275071810474703193 0.281545065570649733
0.465916636900658265 0.260992520628832603 0.280856661540454244
0.458075728264131954 0.243350370291158358 0.280169127177306077
0.451110906808867784 0.229230270217448184 0.279482466629339732
0.441505645072771624 0.211614401582346262 0.278796684039418097
0.433077468158904633 0.197583988132897737 0.278111783545106850
0.421580736793444655 0.180175719530135670 0.277427769278649428
0.411592254964679438 0.166395265969049300 0.276744645366942488
0.398091040779040173 0.149414698033139171 0.276062415931510929
0.386460238831917990 0.136076490205796707 0.275381085088483135
0.374078968762871167 0.123005164914379239 0.274700656948565658
0.357533535733915442 0.107113686488855511 0.274021135617018741
0.343435335609254544 0.094820099453016671 0.273342525193631669
0.324732735488952651 0.080065091820593348 0.272664829772698014
0.308910438747784566 0.068818861409537149 0.271988053442990652
0.292331960309103245 0.058131382913068158 0.271312200287737060
0.270565900885267108 0.045649099581946878 0.270637274384595228
0.252342024417234245 0.036439468498812494 0.269963279805628786
0.228590515326957955 0.025999088297884609 0.269290220617281972
0.208851672606705507 0.018579341173903391 0.268618100880355593
0.188499787059237867 0.012054469570975709 0.267946924649982543
0.162269001980269917 0.005246742114662625 0.267276695975603384
0.140717091341011180 0.000947981494016772 0.266607418900941251
0.118726608991104335 -0.002273618448926006 0.265939097463978480
0.090724905379248641 -0.004712730024848878 0.265271735696931188
0.068002840918744381 -0.005341959227225086 0.264605337626225900
0.045082107982260256 -0.004757018431380745 0.263939907272474572
0.016281448290450612 -0.002275421752021085 0.263275448650450827
-0.006770084843415531 0.001134650327532930 0.262611965769065092
-0.029731230825444828 0.005823410866476423 0.261949462631341390
-0.052507404953659416 0.011792811306896422 0.261287943234391862
-0.080572053025610213 0.021043695199441482 0.260627411569394229
-0.102583370221843634 0.029854309030491577 0.259967871621566038
-0.124101893207347311 0.039888527172444559 0.259309327370142229
-0.150169266637496912 0.054094872476325155 0.258651782788349882
-0.170253404346641712 0.066733996306605287 0.257995241843384959
-0.189565603480480516 0.080445895102549375 0.257339708496387765
-0.208031227578911682 0.095167722365689600 0.256685186702419799
-0.229820088127121791 0.114884173842410994 0.256031680410439610
-0.246144193403877110 0.131616856266558419 0.255379193563278428
-0.261429113344072483 0.149115843394637793 0.254727730097616900
-0.275632741111253021 0.167297750352541574 0.254077293943961557
-0.291816307844156131 0.190855093166415579 0.253427889026620723
-0.303477043949277825 0.210259337947474034 0.252779519263680752
-0.313978044004882939 0.230066115386433734 0.252132188566982385
-0.323312553960212579 0.250189944926423768 0.251485900842097765
-0.331481382303288274 0.270547272949114126 0.250840659988306292
-0.340065778697527576 0.296199389960267290 0.250196469898570972
-0.345650360985606975 0.316791509766498558 0.249553334459515330
-0.350117489540403337 0.337367261060874890 0.248911257551399867
-0.353493669920010301 0.357858395368265636 0.248270243048098749
-0.355809705441849033 0.378201357304497721 0.247630294817075935
-0.357100008565903904 0.398337484236190364 0.246991416719362256
-0.357401928281970704 0.418213112569450096 0.246353612609532258
-0.356449971615322714 0.442617691747602626 0.245716886335680784
-0.354675471574051659 0.461736904326220166 0.245081241739399380
-0.352046712444138044 0.480455504791905241 0.244446682655753811
-0.348606806883940967 0.498740479377291768 0.243813212913260191
-0.344398890840269645 0.516563213188374504 0.243180836333862671
-0.339465721682532362 0.533899230605586528 0.242549556732909621
-0.333849327895722414 0.550727911593531849 0.241919377919131262
-0.327590708693907606 0.567032191593699775 0.241290303694616182
-0.320729581048799450 0.582798251726685868 0.240662337854788411
-0.313304170989916253 0.598015205096378955 0.240035484188385162
-0.303284424979658462 0.616251844424636541 0.239409746477433349
-0.294720340814074944 0.630206570666481225 0.238785128497226773
-0.285704124949005323 0.643593312973044784 0.238161634016303414
-0.276266210659798617 0.656410231153537693 0.237539266796423398
-0.266435021433176933 0.668656857702858876 0.236918030592545070
-0.256236952839520638 0.680333833571318713 0.236297929152803232
-0.245696371576641037 0.691442656083723128 0.235678966218485830
-0.234835628570607136 0.701985438661570815 0.235061145524012804
-0.223675083377278122 0.711964681422187162 0.234444470796911636
-0.212233137410831912 0.721383051461889746 0.233828945757796114
-0.200526273882673411 0.730243171217391795 0.233214574120343354
-0.188569102624642382 0.738547413058617375 0.232601359591271956
-0.176374408351646417 0.746297697904384161 0.231989305870319185
-0.163953201188936526 0.753495295450012259 0.231378416650218466
-0.151314768710986092 0.760140623218746314 0.230768695616677788
-0.138466728996515853 0.766233041447766605 0.230160146448356639
-0.125415084712234504 0.771770640342202552 0.229552772816844636
-0.115495465579924628 0.775557754490047158 0.228946578386638622
-0.102097297404719622 0.780115195479146539 0.228341566815121244
-0.088504163497960919 0.784104128947086254 0.227737741752538220
-0.074716525609966666 0.787515742133912067 0.227135106841976964
-0.060733526903001267 0.790338707929656215 0.226533665719343968
-0.046553076489980527 0.792558838968702717 0.225933422013343488
-0.032171950391935378 0.794158697081189913 0.225334379345455083
-0.017585915463431134 0.795117149253953159 0.224736541329912165
-0.002789884910989027 0.795408859939821578 0.224139911573680239
0.012221883268951683 0.795003708056914005 0.223544493676434614
0.023625975279819134 0.794221351902589134 0.222950291230539055
0.039030115806597876 0.792507363460891012 0.222357307821024419
0.054666781748137661 0.789983140811964302 0.221765547025566445
0.070541163977848986 0.786593725898552143 0.221175012414464467
0.086656964768509315 0.782275114856616272 0.220585707550619681
0.103015471917056733 0.776952928305889245 0.219997635989513968
0.115442396065549735 0.772251283950390333 0.219410801279188383
0.132216914302942301 0.764957093421796852 0.218825206960221313
0.149213823730352912 0.756388060281564689 0.218240856565707519
0.166410871624441070 0.746415534952235893 0.217657753621236849
0.183773000210985915 0.734891314545534469 0.217075901644872893
0.196872235717652500 0.725128344409407433 0.216495304147131529
0.214383546165315075 0.710464380152415531 0.215915964630959911
0.231855483974114152 0.693720188398468274 0.215337886591715516
0.249151856904731989 0.674652926587289370 0.214761073517145018
0.261898978126292703 0.658665489601407361 0.214185528887362697
0.278400071910468783 0.634861686067633046 0.213611256174830066
0.294041913964544821 0.607922272447608325 0.213038258844334860
0.304962460260947810 0.585458621137256663 0.212466540352969940
0.318016459928909978 0.552223966098508212 0.211896104150112174
0.328726296297654208 0.514945415083363112 0.211326953677402479
0.336235222764386776 0.473360615352926173 0.210759092368723977
0.339127809781825329 0.439252652238193930 0.210192523650182150
0.338301096461643080 0.389905765220457223 0.209627250940083665
0.330738153487509234 0.336426647108571730 0.209063277648916135
0.319631525911662773 0.294027097148023553 0.208500607179326947
0.296146897470701276 0.235445445873547737 0.207939242926103607
0.261187152680196211 0.176305720726835286 0.207379188276152232
0.226605903003226555 0.133193118856170412 0.206820446608478120
0.168796350348593832 0.080119086464124273 0.206263021294164489
0.116837487567339637 0.045789275683067912 0.205706915696352854
0.037401125014935838 0.010621402656269173 0.205152133170222351
-0.050730866943604937 -0.009050929074947422 0.204598677062969414
-0.119853931763970273 -0.012048356816952085 0.204046550713787689
-0.211795018170227778 0.000399683431800218 0.203495757453848236
-0.277644312930090842 0.021602107407978188 0.202946300606278940
-0.357541387893950569 0.063674933124586497 0.202398183486144662
-0.409648129857182852 0.103543501752381473 0.201851409400427062
-0.467132100562729580 0.164345668050556643 0.201305981648004950
-0.500970884557543572 0.213350273522231432 0.200761903519634410
-0.534244122677885902 0.280208580297567567 0.200219178297928596
-0.555337852589695702 0.346085094926494419 0.199677809257337857
-0.564300078581153719 0.393550155522049472 0.199137799664130727
-0.568714857151583875 0.453149224453774369 0.198599152776373439
-0.567424389952977948 0.494663728726878360 0.198061871843910497
-0.563004657244662976 0.533289486084035924 0.197525960108345194
-0.553335402768735718 0.580289313097275272 0.196991420803020012
-0.543942840949021456 0.612268849444587038 0.196458257152997223
-0.529391214771665286 0.650810878584213159 0.195926472375038851
-0.517405503944045497 0.676863814239134221 0.195396069677588241
-0.500512716288319504 0.708140721036656706 0.194867052260749796
-0.487432126632780682 0.729238234948310859 0.194339423316269994
-0.469749311295065197 0.754552012384858584 0.193813186027518514
-0.456462767729151064 0.771635707506451829 0.193288343569468529
-0.443257437812359045 0.787255951008801858 0.192764899108677640
-0.425892761806227205 0.806041058527907861 0.192242855803268775
-0.413114896762655837 0.818757640938512776 0.191722216802911405
-0.396470353491657157 0.834091701236780780 0.191202985248802360
-0.384310797796224679 0.844502319348041985 0.190685164273646623
-0.372444903042852049 0.854075272124920515 0.190168757001638655
-0.357093892380444256 0.865668963464386598 0.189653766548444014
-0.345937200873949080 0.873575304492155702 0.189140196021179541
-0.335085532362767502 0.880873189621921626 0.188628048518395514
-0.321085268054895789 0.889750311070764077 0.188117327130056300
-0.310929674815628665 0.895830356810590644 0.187608034937522289
-0.301062041293542137 0.901462744014469353 0.187100175013531100
-0.291474730459334253 0.906685710081508667 0.186593750422178684
-0.279113430763186676 0.913071885364459601 0.186088764218901248
-0.270147595090231563 0.917467856665121317 0.185585219450456806
-0.261433499726154372 0.921556878134220159 0.185083119154906633
-0.250190976044687041 0.926573618209581840 0.184582466361596864
-0.242029889532640596 0.930038148715260693 0.184083264091140619
-0.234091325397896177 0.933269170506639711 0.183585515355399187
-0.226366857421410328 0.936284478513556451 0.183089223157464454
-0.218848292277490586 0.939100263230541632 0.182594390491640279
-0.209130154465152318 0.942569576817692933 0.182101020343424957
-0.202061640504955675 0.944974944985412124 0.181609115689492451
-0.195173654494587123 0.947225136370773768 0.181118679497675406
-0.188459200313421726 0.949331059475422512 0.180629714726946222
-0.181911569568098230 0.951302705846881369 0.180142224327400208
-0.173429835762624052 0.953738420423636990 0.179656211240236729
-0.167246959826537533 0.955431102187452197 0.179171678397742395
-0.161210568692379153 0.957017255216676577 0.178688628723273041
-0.155315141145371316 0.958503805003087406 0.178207065131235742
-0.149555408823272395 0.959897135331370110 0.177726990527071554
-0.143926346917406134 0.961203137386703155 0.177248407807238162
-0.138423164615852301 0.962427253904464042 0.176771319859192089
-0.133041295449180419 0.963574518908630440 0.176295729561371350
-0.127776387720049789 0.964649593526390126 0.175821639783178052
-0.122624294994045813 0.965656798294094454 0.175349053384961262
-0.115923527182333175 0.966901050491563163 0.174877973217999694
-0.111019628406949178 0.967764994171836146 0.174408402124484219
-0.106216088246050389 0.968573364280179261 0.173940342937500991
-0.101509545695042058 0.969329308905431120 0.173473798481014518
-0.096896798550192509 0.970035762404160673 0.173008771569850284
-0.092374795696930356 0.970695462676665510 0.172545265009677762
-0.087940629673012971 0.971310966871179460 0.172083281596993737
-0.083591529534893128 0.971884665674692227 0.171622824119105372
-0.079324854016893542 0.972418796331455226 0.171163895354113277
-0.075138085236865659 0.972915454552512271 0.170706498070894802
-0.071028822145520920 0.973376605304113296 0.170250635029087161
-0.066994775034123155 0.973804092783456920 0.169796308979071303
-0.064346114061457571 0.974071242475949006 0.169343522661954737
-0.060432622475764974 0.974446422926833700 0.168892278809555235
-0.056588741911352214 0.974792333785304610 0.168442580144384513
-0.052812543722698113 0.975110448149201448 0.167994429379631272
-0.049102186263746017 0.975402154531734511 0.167547829219145628
-0.045455910309687930 0.975668762875623319 0.167102782357422014
-0.041872034805262637 0.975911510097091428 0.166659291479583554
-0.038348952729602703 0.976131565165218484 0.166217359261365216
-0.034885127212677391 0.976330033780293816 0.165776988369098488
-0.032608101730734196 0.976450872924757851 0.165338181459694394
-0.029239800619583978 0.976615662862147182 0.164900941180628258
-0.025926972816938676 0.976761537184819284 0.164465270169923072
-0.022668308001536908 0.976889403874453999 0.164031171056134129
-0.019462549999681444 0.977000124989048868 0.163598646458332858
-0.016308493807909830 0.977094519596536593 0.163167698986090987
-0.014233939795892436 0.977148765215990700 0.162738331239465017
-0.011163505485797087 0.977217660834452384 0.162310545808980133
-0.008141788522400550 0.977272223841505583 0.161884345275615377
-0.005167748115196269 0.977313137254135489 0.161459732210787160
-0.003211045234288668 0.977333152487213308 0.161036709176334170
-0.000314257723616818 0.977352748217752643 0.160615278724501848
0.002537444242337372 0.977360364086745870 0.160195443397927406
0.005344969341676442 0.977356574361633701 0.159777205729623673
0.007192544597716066 0.977347983272717991 0.159360568242964351
0.009928377033919022 0.977326390754034380 0.158945533451668869
0.012622308343865130 0.977294801319945283 0.158532103859786916
0.014395381844700739 0.977268428739607509 0.158120281961683429
0.017021250616715611 0.977221247258961201 0.157710070242023437
0.019607305930442465 0.977165318254361592 0.157301471175757601
0.021309590778096799 0.977123386505930225 0.156894487228106394
0.023830925543178949 0.977053828579751205 0.156489120854546221
0.026314375775247756 0.976976633737339784 0.156085374500793544
0.027949302614172000 0.976921118208210704 0.155683250602791229
0.030371131319031186 0.976832040950395886 0.155282751586692802
0.031965594115153539 0.976768941234194221 0.154883879868848662
0.034327632036498634 0.976668974708481130 0.154486637855791142
0.036654644054150642 0.976562922368330866 0.154091027944219749
0.038186832708266005 0.976488997633861988 0.153697052520987060
0.040456836701661059 0.976373503307883972 0.153304713963084344
0.041951577946535201 0.976293563628847227 0.152914014637626994
0.044166232305095143 0.976169450592300869 0.152524956901840314
0.045624612882668392 0.976084025301590441 0.152137543103045308
0.047785520873643794 0.975952059322645504 0.151751775578644582
0.049208592503410253 0.975861640694134502 0.151367656656108324
0.051317307251048605 0.975722533780549961 0.150985188652959929
0.052706089711978543 0.975627579416887158 0.150604373876762149
0.054764118481230084 0.975481993244780465 0.150225214625103520
0.056119602240337574 0.975382928270451699 0.149847713185584097
0.058128410056569102 0.975231477346357400 0.149471871835801767
0.059451558486394218 0.975128696433867459 0.149097692843338375
0.060762036818164555 0.975024533194876253 0.148725178465746399
0.062704322398010992 0.974865820275869543 0.148354330950535129
0.063983772050589915 0.974758446042571336 0.147985152535156927
0.065880197506434868 0.974595167840010990 0.147617645446993906
0.067129523733197027 0.974484911649112773 0.147251811903344576
0.068367049080605702 0.974373589259003636 0.146887654111410415
0.070201516166318201 0.974204709408210912 0.146525174268282266
0.071410148535110241 0.974090924847555772 0.146164374560927651
0.072607463894605595 0.973976232981892509 0.145805257166176955
0.074382513096837355 0.973802586031882189 0.145447824250710761
0.075552124931968279 0.973685807811872861 0.145092077971046479
0.076710887588217314 0.973568264372711933 0.144738020473525603
0.078428975146119573 0.973390596598906921 0.144385653894300470
0.079561184369335292 0.973271302463942889 0.144034980359321579
0.080682996749636582 0.973151369854148296 0.143686001984324796
0.081794538732449351 0.973030832358136255 0.143338720874818359
0.083442868299805240 0.972848962700496700 0.142993139126070229
0.084529279458472495 0.972727052722817231 0.142649258823095815
0.085605853159088141 0.972604646866273903 0.142307082040644906
0.086672710366198336 0.972481773952648121 0.141966610843189456
0.087729970845117189 0.972358461820482689 0.141627847284910818
0.089298126725361748 0.972172728642211048 0.141290793409687837
0.090331911481832228 0.972048434056388744 0.140955451251084163
0.091356509259174046 0.971923790337510418 0.140621822832335985
0.092372034455466101 0.971798821228266552 0.140289910166339848
0.093378600285719648 0.971673549629729072 0.139959715255640799
0.094376318790786007 0.971547997623613768 0.139631240092419895
0.095856550015612774 0.971359190202354172 0.139304486658482385
0.096832632698230947 0.971233028619594485 0.138979456925245687
0.097800250994674209 0.971106657795091310 0.138656152853727538
0.098759511707357639 0.970980096402170867 0.138334576394534364
0.099710520493294041 0.970853362413543364 0.138014729487848986
0.100653381861801283 0.970726473123034284 0.137696614063419348
0.101588199189445283 0.970599445162660723 0.137380232040546862
0.102515074721455435 0.970472294522628953 0.137065585328074641
0.103434109579581768 0.970345036569346675 0.136752675824376058
0.104345403772663770 0.970217686062148754 0.136441505417343317
0.105249056198534585 0.970090257172001036 0.136132075984376016
0.106145164656394009 0.969962763496935221 0.135824389392369904
0.107033825855906484 0.969835218078003436 0.135518447497705474
0.107915135419991759 0.969707633416532988 0.135214252146237057
0.108789187901139839 0.969580021487258636 0.134911805173281107
0.109656076785882073 0.969452393754384301 0.134611108403605934
0.110515894504034207 0.969324761185999195 0.134312163651419847
0.111368732442676366 0.969197134266593707 0.134014972720361059
0.112214680950318224 0.969069523012188294 0.133719537403486022
0.113053829351530744 0.968941936982114727 0.133425859483258913
0.113886265953730248 0.968814385292553482 0.133133940731541361
0.114299994650384762 0.968750625056169601 0.132843782909580932
0.115122526935875824 0.968623141029511081 0.132555387768000910
0.115938563814589779 0.968495712273040432 0.132268757046789781
0.116748190119412065 0.968368346445221517 0.131983892475290826
0.117551489714170787 0.968241050813382076 0.131700795772191348
0.118348545501986313 0.968113832265234064 0.131419468645512461
0.119139439435367867 0.967986697319305534 0.131139912792598762
0.119532601059841426 0.967923163135679276 0.130862129900108481
0.120314403819685056 0.967796165032425604 0.130586121644002573
0.121090245516377482 0.967669265278382040 0.130311889689535138
0.121860204851709231 0.967542469179482056 0.130039435691243210
0.122243002980138071 0.967479111569655603 0.129768761292936907
0.123004284359685356 0.967352480193423792 0.129499868127689266
0.123759876181346040 0.967225964336568378 0.129232757817826449
0.124509854007722354 0.967099568208839244 0.128967431974918306
0.124882761044377510 0.967036416278914679 0.128703892199768077
0.125624457630110042 0.966910207001915989 0.128442140082403289
0.126360725284921260 0.966784126720022785 0.128182177202065650
0.126726845956608214 0.966721135970326495 0.127924005127202034
0.127455105901019439 0.966595255146685650 0.127667625415454483
0.128178116577322865 0.966469510894332196 0.127413039613651358
0.128537675463321510 0.966406690800725610 0.127160249257797620
0.129252943917166685 0.966281156182174139 0.126909255873065646
0.129963137437784149 0.966155764157953900 0.126660060973786071
0.130316352462277130 0.966093122253287584 0.126412666063438650
0.131019061301934858 0.965967947809121652 0.126167072634643274
0.131368571866259443 0.965905415689214841 0.125923282169150691
0.132063946761468987 0.965780462606506296 0.125681296137833798
0.132754514703386506 0.965655658858044719 0.125441116000678810
0.133098016379827044 0.965593313360706196 0.125202743206776296
0.133781495305689946 0.965468735772557540 0.124966179194312452
0.134121488465391903 0.965406503908472380 0.124731425390560466
0.134798021549584479 0.965282154529330860 0.124498483211871971
0.135134577066726269 0.965220037178135870 0.124267354063668414
0.135804304631821138 0.965095917489095845 0.124038039340432532
0.136137491952269873 0.965033915257513364 0.123810540425700069
0.136800551452097630 0.964910026217495331 0.123584858692051325
0.137130438582270253 0.964848139462538334 0.123360995501102993
0.137459240510371783 0.964786291239451144 0.123138952203499741
0.138113618071224131 0.964662710406999135 0.122918730138906251
0.138439208220862364 0.964600977788771408 0.122700330635999083
0.139087227145058501 0.964477628072521576 0.122483755012458659
0.139409670107146499 0.964416010924942002 0.122269004574961190
0.140051458086446035 0.964292891880629832 0.122056080619171087
0.140370816956288225 0.964231389899286473 0.121844984429732739
0.140689161555581310 0.964169926212983475 0.121635717280263234
0.141322835025011972 0.964047113501482533 0.121428280433344166
0.141638177294553358 0.963985764353128438 0.121222675140514505
0.141952532090718231 0.963924453254324742 0.121018902642262602
0.142578305423359031 0.963801944918373676 0.120816964168019139
0.142889736894023567 0.963740747529886921 0.120616860936149317
0.143200206757858495 0.963679587889197720 0.120418594153945749
0.143509721333993812 0.963618465914317102 0.120222165017621091
0.144125909596886426 0.963496334625318696 0.120027574712300855
0.144432595618879833 0.963435325139308962 0.119834824412016289
0.144738351024347567 0.963374352975567394 0.119643915279697144
0.145043181827113177 0.963313418046115144 0.119454848467164781
0.145650093372025669 0.963191659536423828 0.119267625115125314
0.145952185831958237 0.963130835779663297 0.119082246353162544
0.146253377123963302 0.963070048904773879 0.118898713299731174
0.146553672947323022 0.963009298825771132 0.118717027062150135
0.146853078938213311 0.962948585457743533 0.118537188736595883
0.147449243644309447 0.962827268523805735 0.118359199408095833
0.147746013307391233 0.962766664797899629 0.118183060150521657
0.148041915032110505 0.962706097463903676 0.118008772026582914
0.148336954128629850 0.962645566448415702 0.117836336087820667
0.148631135837169692 0.962585071682326987 0.117665753374601195
0.148924465334393075 0.962524613099208115 0.117497024916109374
0.149216947726217630 0.962464190637545514 0.117330151730342946
0.149508588052588764 0.962403804239582938 0.117165134824105996
0.149799391285692529 0.962343453852093522 0.117001975193003135
0.150089362324891451 0.962283139427935641 0.116840673821433358
0.150378506005212187 0.962222860923946932 0.116681231682584041
0.150666827087620525 0.962162618303855854 0.116523649738425272
0.150954330266708903 0.962102411536330360 0.116367928939703880
0.151241020164706697 0.962042240596843623 0.116214070225937813
0.151526901332789343 0.961982105467588777 0.116062074525410328
0.151811978251610802 0.961922006137472696 0.115911942755164490
0.152096255330540775 0.961861942602551423 0.115763675820997711
0.152379736905175311 0.961801914866979857 0.115617274617456051
0.152662427241291365 0.961741922942044747 0.115472740027829104
0.152944330530164319 0.961681966847732550 0.115330072924144461
0.153225450891491199 0.961622046612132908 0.115189274167162514
0.153505792370456917 0.961562162272395105 0.115050344606371285
0.153785358939007355 0.961502313874710302 0.114913285079981331
0.154064154496292238 0.961442501474232825 0.114778096414920497
0.154342182866529010 0.961382725135992988 0.114644779426829185
0.154342182866529010 0.961382725135992988 0.114513334920055415
0.154619447797578025 0.961322984935536695 0.114383763687649603
0.154895952968085560 0.961263280957004529 0.114256066511360263
0.155171701976436760 0.961203613296553461 0.114130244161628980
0.155446698347616097 0.961143982060581492 0.114006297397585929
0.155720945531590993 0.961084387366410331 0.113884226967045130
0.155720945531590993 0.961084387366410331 0.113764033606500142
0.155994446904114958 0.961024829342249642 0.113645718041119337
0.156267205764312356 0.960965308128102103 0.113529280984741868
0.156539225334921539 0.960905823875865761 0.113414723139873122
0.156539225334921539 0.960905823875865761 0.113302045197680529
0.156810508764113399 0.960846376749081577 0.113191247837989437
0.157081059123455713 0.960786966923653285 0.113082331729278909
0.157081059123455713 0.960786966923653285 0.112975297528677909
0.157350879408105715 0.960727594588055456 0.112870145881961009
0.157619972538138142 0.960668259943094349 0.112766877423544909
0.157619972538138142 0.960668259943094349 0.112665492776484119
0.157888341357143913 0.960608963202572053 0.112565992552467672
0.158155988633172706 0.960549704593167020 0.112468377351815099
0.158155988633172706 0.960549704593167020 0.112372647763472971
0.158422917056523060 0.960490484355316587 0.112278804365011281
0.158689129243579030 0.960431302742284165 0.112186847722619942
0.158689129243579030 0.960431302742284165 0.112096778391105545
0.158954627733576770 0.960372160021264687 0.112008596913887773
0.158954627733576770 0.960372160021264687 0.111922303822996186
0.159219414989611563 0.960313056473376836 0.111837899639067123
0.159219414989611563 0.960313056473376836 0.111755384871340541
0.159483493400297882 0.960253992393298006 0.111674760017656721
0.159483493400297882 0.960253992393298006 0.111596025564453569
0.159746865277132000 0.960194968090249179 0.111519181986763555
0.159746865277132000 0.960194968090249179 0.111444229748210735
0.160009532856807524 0.960135983887560718 0.111371169301008127
0.160009532856807524 0.960135983887560718 0.111300001085954892
0.160271498300624482 0.960077040122971570 0.111230725532433697
0.160271498300624482 0.960077040122971570 0.111163343058408165
0.160532763695596103 0.960018137148553663 0.111097854070420235
0.160532763695596103 0.960018137148553663 0.111034258963587817
0.160532763695596103 0.960018137148553663 0.110972558121602394
0.160793331051906851 0.959959275331616846 0.110912751916726629
0.160793331051906851 0.959959275331616846 0.110854840709792277
0.161053202307248677 0.959900455053660284 0.110798824850197819
0.161053202307248677 0.959900455053660284 0.110744704675906469
0.161053202307248677 0.959900455053660284 0.110692480513444172
0.161312379324708710 0.959841676711163938 0.110642152677897440
0.161312379324708710 0.959841676711163938 0.110593721472911730
0.161312379324708710 0.959841676711163938 0.110547187190689372
0.161570863891015548 0.959782940716284338 0.110502550111987896
0.161570863891015548 0.959782940716284338 0.110459810506118417
0.161570863891015548 0.959782940716284338 0.110418968630943887
0.161570863891015548 0.959782940716284338 0.110380024732877557
0.161828657722705382 0.959724247495274518 0.110342979046881562
0.161828657722705382 0.959724247495274518 0.110307831796465444
0.161828657722705382 0.959724247495274518 0.110274583193684828
0.161828657722705382 0.959724247495274518 0.110243233439140137
0.161828657722705382 0.959724247495274518 0.110213782721975392
0.162085762461033844 0.959665597490115152 0.110186231219877029
0.162085762461033844 0.959665597490115152 0.110160579099072869
0.162085762461033844 0.959665597490115152 0.110136826514331099
0.162085762461033844 0.959665597490115152 0.110114973608959388
0.162085762461033844 0.959665597490115152 0.110095020514803896
0.162085762461033844 0.959665597490115152 0.110076967352248589
0.162085762461033844 0.959665597490115152 0.110060814230214563
0.162085762461033844 0.959665597490115152 0.110046561246159164
0.162342179674453579 0.959606991158007294 0.110034208486075674
0.162342179674453579 0.959606991158007294 0.110023756024492547
0.162342179674453579 0.959606991158007294 0.110015203924473198
0.162342179674453579 0.959606991158007294 0.110008552237615381
0.162342179674453579 0.959606991158007294 0.110003801004051049
0.162342179674453579 0.959606991158007294 0.110000950252446050
0.162342179674453579 0.959606991158007294 0.110000000000000001
