-0.159480559686890261 -0.460477868608962948 0.739999999999999991
-0.159480559686890261 -0.460477868608962948 0.739999049747553928
-0.159480559686890261 -0.460477868608962948 0.739996198995948928
-0.159480559686890261 -0.460477868608962948 0.739991447762384680
-0.159480559686890261 -0.460477868608962948 0.739984796075526807
-0.159480559686890261 -0.460477868608962948 0.739976243975507431
-0.159480559686890261 -0.460477868608962948 0.739965791513924276
-0.159480559686890261 -0.460477868608962948 0.739953438753840897
-0.159480559686890261 -0.460477868608962948 0.739939185769785457
-0.159480559686890261 -0.460477868608962948 0.739923032647751389
-0.159480559686890261 -0.460477868608962948 0.739904979485196068
-0.159480559686890261 -0.460477868608962948 0.739885026391040590
-0.159480559686890261 -0.460477868608962948 0.739863173485668879
-0.159480559686890261 -0.460477868608962948 0.739839420900927136
-0.159480559686890261 -0.460477868608962948 0.739813768780122949
-0.159480559686890261 -0.460477868608962948 0.739786217278024627
-0.159480559686890261 -0.460477868608962948 0.739756766560859869
-0.159480559686890261 -0.460477868608962948 0.739725416806315206
-0.159480559686890261 -0.460477868608962948 0.739692168203534561
-0.159480559686890261 -0.460477868608962948 0.739657020953118471
-0.159480559686890261 -0.460477868608962948 0.739619975267122420
-0.159480559686890261 -0.460477868608962948 0.739581031369056063
-0.159480559686890261 -0.460477868608962948 0.739540189493881561
-0.159480559686890261 -0.460477868608962948 0.739497449888012137
-0.159480559686890261 -0.460477868608962948 0.739452812809310633
-0.159480559686890261 -0.460477868608962948 0.739406278527088290
-0.159480559686890261 -0.460477868608962948 0.739357847322102524
-0.159480559686890261 -0.460477868608962948 0.739307519486555820
-0.159480559686890261 -0.460477868608962948 0.739255295324093509
-0.159480559686890261 -0.460477868608962948 0.739201175149802103
-0.159480559686890261 -0.460477868608962948 0.739145159290207743
-0.159480559686890261 -0.460477868608962948 0.739087248083273307
-0.159480559686890261 -0.460477868608962948 0.739027441878397529
-0.159480559686890261 -0.460477868608962948 0.738965741036412216
-0.159480559686890261 -0.460477868608962948 0.738902145929579812
-0.159480559686890261 -0.460477868608962948 0.738836656941591730
-0.159480559686890261 -0.460477868608962948 0.738769274467566239
-0.159480559686890261 -0.460477868608962948 0.738699998914045142
-0.159480559686890261 -0.460477868608962948 0.738628830698991878
-0.159480559686890261 -0.460477868608962948 0.738555770251789201
-0.159480559686890261 -0.460477868608962948 0.738480818013236395
-0.159480559686890261 -0.460477868608962948 0.738403974435546395
-0.159480559686890261 -0.460477868608962948 0.738325239982343340
-0.159480559686890261 -0.460477868608962948 0.738244615128659576
-0.159480559686890261 -0.460477868608962948 0.738162100360932882
-0.159480559686890261 -0.460477868608962948 0.738077696177003806
-0.159480559686890261 -0.460477868608962948 0.737991403086112219
-0.159480559686890261 -0.460477868608962948 0.737903221608894433
-0.159480559686890261 -0.460477868608962948 0.737813152277379980
-0.159480559686890261 -0.460477868608962948 0.737721195634988725
-0.159480559686890261 -0.460477868608962948 0.737627352236526979
-0.159480559686890261 -0.460477868608962948 0.737531622648184837
-0.159480559686890261 -0.460477868608962948 0.737434007447532291
-0.159480559686890261 -0.460477868608962948 0.737334507223515900
-0.159480559686890261 -0.460477868608962948 0.737233122576455124
-0.159480559686890261 -0.460477868608962948 0.737129854118038996
-0.159480559686890261 -0.460477868608962948 0.737024702471322124
-0.159480559686890261 -0.460477868608962948 0.736917668270721027
-0.159480559686890261 -0.460477868608962948 0.736808752162010583
-0.159480559686890261 -0.460477868608962948 0.736697954802319477
-0.159480559686890261 -0.460477868608962948 0.736585276860126870
-0.159480559686890261 -0.460477868608962948 0.736470719015258179
-0.159480559686890261 -0.460477868608962948 0.736354281958880641
-0.159480559686890261 -0.460477868608962948 0.736235966393499863
-0.159480559686890261 -0.460477868608962948 0.736115773032954834
-0.159480559686890261 -0.460477868608962948 0.735993702602414035
-0.159480559686890261 -0.460477868608962948 0.735869755838370998
-0.159480559686890261 -0.460477868608962948 0.735743933488639756
-0.159480559686890261 -0.460477868608962948 0.735616236312350402
-0.159480559686890261 -0.460477868608962948 0.735486665079944646
-0.159480559686890261 -0.460477868608962948 0.735355220573170709
-0.159480559686890261 -0.460477868608962948 0.735221903585079439
-0.159480559686890261 -0.460477868608962948 0.735086714920018758
-0.159480559686890261 -0.460477868608962948 0.734949655393628665
-0.159480559686890261 -0.460477868608962948 0.734810725832837464
-0.159480559686890261 -0.460477868608962948 0.734669927075855544
-0.159480559686890261 -0.460477868608962948 0.734527259972170943
-0.159480559686890261 -0.460477868608962948 0.734382725382543899
-0.159480559686890261 -0.460477868608962948 0.734236324179002309
-0.159480559686890261 -0.460477868608962948 0.734088057244835501
-0.159480559686890261 -0.460477868608962948 0.733937925474589692
-0.159480559686890261 -0.460477868608962948 0.733785929774062096
-0.159480559686890261 -0.460477868608962948 0.733632071060296154
-0.159480559686890261 -0.460477868608962948 0.733476350261574761
-0.159480559686890261 -0.460477868608962948 0.733318768317415937
-0.159480559686890261 -0.460477868608962948 0.733159326178566717
-0.159480559686890261 -0.460477868608962948 0.732998024806996828
-0.159480559686890261 -0.460477868608962948 0.732834865175894024
-0.159480559686890261 -0.460477868608962948 0.732669848269657087
-0.159480559686890261 -0.460477868608962948 0.732502975083890617
-0.159480559686890261 -0.460477868608962948 0.732334246625398921
-0.159480559686890261 -0.460477868608962948 0.732163663912179352
-0.159480559686890261 -0.460477868608962948 0.731991227973417091
-0.159480559686890261 -0.460477868608962948 0.731816939849478376
-0.159480559686890261 -0.460477868608962948 0.731640800591904172
-0.159480559686890261 -0.460477868608962948 0.731462811263404067
-0.159480559686890261 -0.460477868608962948 0.731282972937849940
-0.159480559686890261 -0.460477868608962948 0.731101286700268749
-0.159480559686890261 -0.460477868608962948 0.730917753646837420
-0.159480559686890261 -0.460477868608962948 0.730732374884874636
-0.159480559686890261 -0.460477868608962948 0.730545151532835280
-0.159480559686890261 -0.460477868608962948 0.730356084720302889
-0.159480559686890261 -0.460477868608962948 0.730165175587983772
-0.159480559686890261 -0.460477868608962948 0.729972425287699123
-0.159480559686890261 -0.460477868608962948 0.729777834982378915
-0.159480559686890261 -0.460477868608962948 0.729581405846054243
-0.159480559686890261 -0.460477868608962948 0.729383139063850661
-0.159480559686890261 -0.460477868608962948 0.729183035831980852
-0.159480559686890261 -0.460477868608962948 0.728981097357737307
-0.159480559686890261 -0.460477868608962948 0.728777324859485542
-0.159480559686890261 -0.460477868608962948 0.728571719566655895
-0.159480559686890261 -0.460477868608962948 0.728364282719736744
-0.159480559686890261 -0.460477868608962948 0.728155015570267294
-0.159480559686890261 -0.460477868608962948 0.727943919380828919
-0.159480559686890261 -0.460477868608962948 0.727730995425038829
-0.159480559686890261 -0.460477868608962948 0.727516244987541416
-0.159480559686890261 -0.460477868608962948 0.727299669364000922
-0.159480559686890261 -0.460477868608962948 0.727081269861093782
-0.159480559686890261 -0.460477868608962948 0.726861047796500293
-0.159480559686890261 -0.460477868608962948 0.726639004498896957
-0.159480559686890261 -0.460477868608962948 0.726415141307948709
-0.159480559686890261 -0.460477868608962948 0.726189459574299923
-0.159480559686890261 -0.460477868608962948 0.725961960659567529
-0.159480559686890261 -0.460477868608962948 0.725732645936331688
-0.159480559686890261 -0.460477868608962948 0.725501516788128020
-0.159480559686890261 -0.460477868608962948 0.725268574609439609
-0.159480559686890261 -0.460477868608962948 0.725033820805687568
-0.159480559686890261 -0.460477868608962948 0.724797256793223710
-0.159480559686890261 -0.460477868608962948 0.724558883999321224
-0.159480559686890261 -0.460477868608962948 0.724318703862166235
-0.159480559686890261 -0.460477868608962948 0.724076717830849370
-0.159480559686890261 -0.460477868608962948 0.723832927365356760
-0.159480559686890261 -0.460477868608962948 0.723587333936561383
-0.159480559686890261 -0.460477868608962948 0.723339939026213963
-0.159480559686890261 -0.460477868608962948 0.723090744126934415
-0.159480559686890261 -0.460477868608962948 0.722839750742202303
-0.159480559686890261 -0.460477868608962948 0.722586960386348620
-0.159480559686890261 -0.460477868608962948 0.722332374584545467
-0.159480559686890261 -0.460477868608962948 0.722075994872797944
-0.159480559686890261 -0.460477868608962948 0.721817822797934383
-0.159480559686890261 -0.460477868608962948 0.721557859917596800
-0.159480559686890261 -0.460477868608962948 0.721296107800231900
-0.159480559686890261 -0.460477868608962948 0.721032568025081755
-0.159480559686890261 -0.460477868608962948 0.720767242182173473
-0.159480559686890261 -0.460477868608962948 0.720500131872310767
-0.159480559686890261 -0.460477868608962948 0.720231238707063071
-0.159480559686890261 -0.460477868608962948 0.719960564308756767
-0.159480559686890261 -0.460477868608962948 0.719688110310464868
-0.159480559686890261 -0.460477868608962948 0.719413878355997460
-0.159480559686890261 -0.460477868608962948 0.719137870099891496
-0.159480559686890261 -0.460477868608962948 0.718860087207401133
-0.159480559686890261 -0.460477868608962948 0.718580531354487628
-0.159480559686890261 -0.460477868608962948 0.718299204227808685
-0.159480559686890261 -0.460477868608962948 0.718016107524709124
-0.159480559686890261 -0.460477868608962948 0.717731242953210224
-0.159480559686890261 -0.460477868608962948 0.717444612231999179
-0.159480559686890261 -0.460477868608962948 0.717156217090419101
-0.159480559686890261 -0.460477868608962948 0.716866059268458589
-0.159480559686890261 -0.460477868608962948 0.716574140516741065
-0.159480559686890261 -0.460477868608962948 0.716280462596514012
-0.159480559686890261 -0.460477868608962948 0.715985027279638975
-0.159480559686890261 -0.460477868608962948 0.715687836348580131
-0.159480559686890261 -0.460477868608962948 0.715388891596394072
-0.159480559686890261 -0.460477868608962948 0.715088194826718926
-0.159480559686890261 -0.460477868608962948 0.714785747853762921
-0.159480559686890261 -0.460477868608962948 0.714481552502294504
-0.159480559686890261 -0.460477868608962948 0.714175610607630129
-0.159480559686890261 -0.460477868608962948 0.713867924015623934
-0.159480559686890261 -0.460477868608962948 0.713558494582656633
-0.159480559686890261 -0.460477868608962948 0.713247324175623976
-0.159480559686890261 -0.460477868608962948 0.712934414671925309
-0.159480559686890261 -0.460477868608962948 0.712619767959453143
-0.159480559686890261 -0.460477868608962948 0.712303385936580713
-0.159480559686890261 -0.460477868608962948 0.711985270512151103
-0.159480559686890261 -0.460477868608962948 0.711665423605465697
-0.159480559686890261 -0.460477868608962948 0.711343847146272412
-0.159480559686890261 -0.460477868608962948 0.711020543074754374
-0.159480559686890261 -0.460477868608962948 0.710695513341517593
-0.159480559686890261 -0.460477868608962948 0.710368759907580083
-0.159480559686890261 -0.460477868608962948 0.710040284744359096
-0.159480559686890261 -0.460477868608962948 0.709710089833660129
-0.159480559686890261 -0.460477868608962948 0.709378177167664048
-0.159480559686890261 -0.460477868608962948 0.709044548748915870
-0.159480559686890261 -0.460477868608962948 0.708709206590312113
-0.159480559686890261 -0.460477868608962948 0.708372152715089243
-0.159480559686890261 -0.460477868608962948 0.708033389156810689
-0.159480559686890261 -0.460477868608962948 0.707692917959355072
-0.159480559686890261 -0.460477868608962948 0.707350741176904108
-0.159480559686890261 -0.460477868608962948 0.707006860873929721
-0.159480559686890261 -0.460477868608962948 0.706661279125181618
-0.159480559686890261 -0.460477868608962948 0.706313998015675182
-0.159480559686890261 -0.460477868608962948 0.705965019640678482
-0.159480559686890261 -0.460477868608962948 0.705614346105699508
-0.159480559686890261 -0.460477868608962948 0.705261979526474403
-0.159480559686890261 -0.460477868608962948 0.704907922028953582
-0.159480559686890261 -0.460477868608962948 0.704552175749289300
-0.159480559686890261 -0.460477868608962948 0.704194742833822995
-0.159480559686890261 -0.460477868608962948 0.703835625439072410
-0.159480559686890261 -0.460477868608962948 0.703474825731717712
-0.159480559686890261 -0.460477868608962948 0.703112345888589618
-0.159480559686890261 -0.460477868608962948 0.702748188096655402
-0.159480559686890261 -0.460477868608962948 0.702382354553006127
-0.159480559686890261 -0.460477868608962948 0.702014847464843106
-0.159480559686890261 -0.460477868608962948 0.701645669049464793
-0.159480559686890261 -0.460477868608962948 0.701274821534253578
-0.159480559686890261 -0.460477868608962948 0.700902307156661686
-0.159480559686890261 -0.460477868608962948 0.700528128164198294
-0.159480559686890261 -0.460477868608962948 0.700152286814415881
-0.159480559686890261 -0.460477868608962948 0.699774785374896457
-0.159480559686890261 -0.460477868608962948 0.699395626123237801
-0.159480559686890261 -0.460477868608962948 0.699014811347040133
-0.159480559686890261 -0.460477868608962948 0.698632343343891682
-0.159480559686890261 -0.460477868608962948 0.698248224421355368
-0.159480559686890261 -0.460477868608962948 0.697862456896954697
-0.159480559686890261 -0.460477868608962948 0.697475043098159664
-0.159480559686890261 -0.460477868608962948 0.697085985362372984
-0.159480559686890261 -0.460477868608962948 0.696695286036915662
-0.159480559686890261 -0.460477868608962948 0.696302947479013001
-0.159480559686890261 -0.460477868608962948 0.695908972055780284
-0.159480559686890261 -0.460477868608962948 0.695513362144208891
-0.159480559686890261 -0.460477868608962948 0.695116120131151316
-0.159480559686890261 -0.460477868608962948 0.694717248413307176
-0.159480559686890261 -0.460477868608962948 0.694316749397208888
-0.159480559686890261 -0.460477868608962948 0.693914625499206461
-0.159480559686890261 -0.460477868608962948 0.693510879145453840
-0.159480559686890261 -0.460477868608962948 0.693105512771893584
-0.159480559686890261 -0.460477868608962948 0.692698528824242432
-0.159480559686890261 -0.460477868608962948 0.692289929757976541
-0.159480559686890261 -0.460477868608962948 0.691879718038316605
-0.159480559686890261 -0.460477868608962948 0.691467896140213090
-0.159480559686890261 -0.460477868608962948 0.691054466548331137
-0.159480559686890261 -0.460477868608962948 0.690639431757035682
-0.159480559686890261 -0.460477868608962948 0.690222794270376361
-0.160878194172521138 -0.461075640593567537 0.689804556602072627
-0.163064431560644235 -0.461828103341611285 0.689384721275498102
-0.165496254517986024 -0.461665296587937424 0.688963290823665919
-0.165884676533103681 -0.473472352511778216 0.688540267789212845
-0.169527585982123141 -0.468101040651641376 0.688115654724384629
-0.172186982846483400 -0.468819201290128551 0.687689454191019900
-0.174926899133009822 -0.470056058092565232 0.687261668760535072
-0.177829921073087649 -0.471532247327581200 0.686832301013909019
-0.182039731473373850 -0.473799404198573249 0.686401353541667092
-0.185520459802821003 -0.475733517672969175 0.685968828943865794
-0.189353718298036294 -0.477900655808888131 0.685534729830076905
-0.193633906472520212 -0.480350198423256491 0.685099058819371831
-0.198483272433300828 -0.483146143637360637 0.684661818540305611
-0.204160515013405763 -0.486437872565931573 0.684223011630901601
-0.219911933697636897 -0.495944683403011510 0.683782640738634817
-0.219631970461450721 -0.495155363405601012 0.683340708520416507
-0.230075770635805921 -0.500988298014740874 0.682897217642577936
-0.243019266040136156 -0.507917044762835057 0.682452170780854406
-0.260234790169152297 -0.516591581554534551 0.682005570620368706
-0.295271517778795345 -0.532192313051303212 0.681557419855615576
-0.339871491943542159 -0.548021495452573726 0.681107721190444715
-0.421929963557492571 -0.565919377942994295 0.680656477338045240
-0.608437024623386891 -0.555768820504819239 0.680203691020928702
-0.843423296217669538 0.276362696371502958 0.679749364970912762
-0.032736302801701180 0.118423878653874312 0.679293501929105314
-0.002605855901097076 -0.158480128504710133 0.678836104645886729
-0.043670696459600686 -0.284406736985124531 0.678377175880894634
-0.067024253449223414 -0.326544927115533956 0.677916718403006269
-0.084230619630694017 -0.351982351751884526 0.677454734990322271
-0.101009308625178887 -0.373326451482614896 0.676991228430149805
-0.110604251137652959 -0.384163985248787532 0.676526201518985459
-0.120824300797836778 -0.394638753801297038 0.676059657062499042
-0.127140878833110260 -0.400544607668442521 0.675591597875515815
-0.132627700304637969 -0.405302051884199821 0.675122026782000395
-0.138988662124293866 -0.410352987997546881 0.674650946615038660
-0.143222481991693185 -0.413416322267175951 0.674178360216821981
-0.148343068546474416 -0.416769260207281333 0.673704270438628683
-0.151893062221140795 -0.418835391125216561 0.673228680140807945
-0.155283797818387637 -0.420544003288310153 0.672751592192761816
-0.161033654713722940 -0.419990463693735383 0.672273009472928451
-0.162269869488964658 -0.424196940504479203 0.671792934868764235
-0.166795602230265627 -0.422572213393770157 0.671311371276726909
-0.169260788009627794 -0.430966934308798733 0.670828321602257471
-0.174237241542576748 -0.430899742258437080 0.670343788759763304
-0.179012572240087597 -0.432907911329198869 0.669857775672599853
-0.195903207485217834 -0.443452303539683568 0.669370285273053756
-0.156967951146574164 -0.409682964333001554 0.668881320502324628
-0.172220555664247515 -0.421033564479862843 0.668390884310507527
-0.179120743629420653 -0.424145464580662934 0.667898979656575076
-0.182655986499866307 -0.424979892900665734 0.667405609508359698
-0.186741281925333291 -0.425390862666514991 0.666910776842535635
-0.189642514710126248 -0.425412338310633131 0.666414484644600846
-0.193553914890089496 -0.425240028798157421 0.665916735908859470
-0.197923679508340139 -0.425107997543738569 0.665417533638403169
-0.202377668247758852 -0.425625261240781760 0.664916880845093483
-0.231158326859461083 -0.441247029869814456 0.664414780549543171
-0.196133644327693701 -0.412821032882629169 0.663911235781098785
-0.202252813623561067 -0.413852286766530408 0.663406249577821461
-0.207099936698134257 -0.412240010078555541 0.662899824986468933
-0.211117040489137764 -0.409374849394668672 0.662391965062477772
-0.213946705644688595 -0.406596449411012584 0.661882672869943733
-0.217611963687090237 -0.402016021265263868 0.661371951481604547
-0.221212648272060275 -0.396262432844572132 0.660859803978820493
-0.223898971278359643 -0.390999850139483851 0.660346233451555964
-0.227630065962839911 -0.382404661736741980 0.659831242998361267
-0.236952913500976914 -0.373014087874955824 0.659314835726353410
-0.229218766574898231 -0.354739983928532898 0.658797014751197674
-0.230648916832750850 -0.339831173803279651 0.658277783197088628
-0.229035770615871964 -0.311568297465444177 0.657757144196731369
-0.219807128471310703 -0.266609048218836853 0.657235100891322421
-0.186385852005376607 -0.185442826483769085 0.656711656430531421
-0.097449339200723212 -0.070814102647650617 0.656186813972481464
0.560696171264720156 -0.058891026146212416 0.655660576683730012
0.072290023077168974 -0.916014307267942751 0.655132947739250349
-0.198183646511437106 -0.710594092319872583 0.654603930322411820
-0.256136249721286124 -0.604073199741459232 0.654073527624961182
-0.280146124956330955 -0.540532166092125288 0.653541742847002838
-0.294513166961171524 -0.491917911621173043 0.653008579196979855
-0.302221952440780373 -0.457548903493536996 0.652474039891654756
-0.308640558860822201 -0.407215185130817170 0.651938128156089536
-0.306895574076338107 -0.341997286416296731 0.651400847223626678
-0.281703980477119476 -0.244656111741618998 0.650862200335869279
-0.170105697392724686 -0.090017812703527239 0.650322190742662065
0.258630189350400608 -0.009248364804396697 0.649780821702071409
0.497900586717207827 -0.668378359110583853 0.649238096480365567
0.091195770767045770 -0.898260632646595836 0.648694018351995028
-0.114209092149024805 -0.855289101448392319 0.648148590599572971
-0.211814540813846708 -0.803349451042507434 0.647601816513855399
-0.269152132820562218 -0.764493995258923364 0.647053699393721038
-0.309376663964039622 -0.735962255352347494 0.646504242546151686
-0.341558837043051788 -0.714276378849347138 0.645953449286212344
-0.369865422765407903 -0.696994001276006081 0.645401322937030675
-0.396510524575807266 -0.682413424208825004 0.644847866829777683
-0.422862608188506350 -0.669208373913461552 0.644293084303647068
-0.449947480112917075 -0.656097329086578362 0.643736978705835461
-0.478788960277231557 -0.641355746338439059 0.643179553391521885
-0.510943489225868852 -0.621416155016718541 0.642620811723847774
-0.550488306507186609 -0.583298430066325424 0.642060757073896426
-0.595615128537226424 -0.350704732238920125 0.641499392820673031
-0.515025072976487697 -0.733771363162801338 0.640936722351083898
-0.598766494559167639 -0.658781914370285993 0.640372749059916258
-0.648860398683567263 -0.623594581398264292 0.639807476349817827
-0.696023080477280343 -0.592622879322932006 0.639240907631276056
-0.744072313077547620 -0.558624374335173868 0.638673046322597582
-0.806156476053282112 -0.506346590877090885 0.638103895849887803
-0.856386807721027488 -0.453030859886214388 0.637533459647030010
-0.904723051963975844 -0.386321306645922347 0.636961741155665062
-0.947219116998228916 -0.303557064568980073 0.636388743825169967
-0.977882603096576042 -0.203065881927267378 0.635814471112637336
-0.988613654647104712 -0.085428863095422136 0.635238926482855071
-0.969982172014019262 0.044913031298315531 0.634662113408284490
-0.892187273548600501 0.210867292007141438 0.634084035369040122
-0.779089788371405634 0.328918884214768559 0.633504695852868616
-0.609963574027377553 0.417116299140944280 0.632924098355127196
-0.269580776963475099 0.410509060092938471 0.632342246378763129
-0.726701668064954398 0.234563767850895721 0.631759143434292514
-0.397073439173809273 0.386021587337357697 0.631174793039778748
-0.261069344870083875 0.350912929837846721 0.630589198720811650
-0.163643529253739095 0.291311888265170960 0.630002364010486038
-0.091089611977610188 0.217970112236457875 0.629414292449380408
-0.023645950943464132 0.098228627575471988 0.628824987585535511
-0.006165116247080167 -0.127823652155432510 0.628234452974433477
-0.270790858359683584 0.320673236779236592 0.627642692178975614
-0.035087900062878305 0.115291367968595432 0.627049708769460978
-0.008503324957784109 0.041654412727859677 0.626455506323565503
0.001655957956429729 -0.012001892045309770 0.625860088426319683
0.004894115218172394 -0.065811131352992797 0.625263458670087813
0.003256742143054568 -0.102197475708557403 0.624665620654545006
-0.000780664650656987 -0.134298726561106585 0.624066577986656545
-0.008158361790519139 -0.169709901717908784 0.623466334280656009
-0.015400335119795577 -0.194982360399046650 0.622864893158023070
-0.023529202010956846 -0.218014940609689567 0.622262258247461841
-0.034673528705080336 -0.244201050018785171 0.621658433184878789
-0.044276330397850283 -0.263485878179192334 0.621053421613361412
-0.054576941213261912 -0.281817881207529430 0.620447227183155481
-0.070327344414724630 -0.306747422930105040 0.619839853551643394
-0.064618573249486680 -0.294776031333869704 0.619231304383322301
-0.086949847292249874 -0.327242976717795786 0.618621583349781567
-0.098768133966659150 -0.341378811421095385 0.618010694129680793
-0.113263601003404268 -0.356959001869685932 0.617398640408728050
-0.125004324520883336 -0.368408707059387941 0.616785425879656679
-0.136989383890715188 -0.379161187288371115 0.616171054242203975
-0.152429759782942265 -0.391776954902656294 0.615555529203088425
-0.165249946414951332 -0.401299007698406762 0.614938854475987173
-0.182038660539267316 -0.412585671855726144 0.614321033781514036
-0.196270909576457236 -0.421186343867153701 0.613702070847196968
-0.215456949897174677 -0.431483049531902363 0.613081969407454963
-0.232399675433742736 -0.439415939189913674 0.612460733203576524
-0.256714561462884128 -0.449018446693295437 0.611838365983696564
-0.280339198348230179 -0.456447995953699004 0.611214871502773316
-0.320266483549415337 -0.465017817892334873 0.610590253522566684
-0.371456431243716800 -0.469171624540051679 0.609964515811614816
-0.524403057064740330 -0.437390680594322900 0.609337662145211567
-0.151353846011916204 0.220308866272868137 0.608709696305383963
-0.083158023154260782 -0.343769426464210381 0.608080622080868771
-0.196079387156360030 -0.433850560331851154 0.607450443267090412
-0.247427546439227736 -0.458140661849330610 0.606819163666137418
-0.316671383971290243 -0.483425044045344587 0.606186787086739787
0.000155412634537222 -0.023084679539256199 0.605553317344246333
-0.279690302771019916 -0.456794167085888270 0.604918758260600598
-0.321653686662492277 -0.469750103610281855 0.604283113664319305
-0.346342706979683279 -0.474248345810950489 0.603646387390467831
-0.374356250623783027 -0.476934792048763823 0.603008583280637778
-0.396308928720062958 -0.477328422893781079 0.602369705182924098
-0.424810109758142151 -0.475512523332034087 0.601729756951901340
-0.457340201861157536 -0.469761247236936075 0.601088742448600111
-0.493130047453188114 -0.457715984511735896 0.600446665540484759
-0.670918774230615078 -0.230885290031046769 0.599803530101429061
-0.449632046513790296 -0.491836721346837313 0.599159340011693797
-0.500194452389011945 -0.474984203523211024 0.598514099157902213
-0.540768873078476764 -0.458455354181603214 0.597867811433017704
-0.577153092900302811 -0.439899043942169610 0.597220480736319392
-0.606240455144857915 -0.421433842386205293 0.596572110973379255
-0.643799348258071502 -0.391105136567008183 0.595922706056038476
-0.682939366532254288 -0.348112308289149519 0.595272269902383133
-0.721905931942601997 -0.283597140642605994 0.594620806436721661
-0.747437905956812476 -0.205095796580444245 0.593968319589560312
-0.743466176625354747 -0.046971044238466986 0.593314813297580179
-0.570203468822275905 0.186541878863690225 0.592660291503612213
-0.071386543840108979 0.110987809393772521 0.592004758156615130
0.003013699370434164 -0.318299997072192919 0.591348217211650096
-0.245511385912813129 -0.557960309588884651 0.590690672629857860
-0.442518271946154174 -0.586265386699715840 0.590032128378433995
-0.574041060023873007 -0.560221193986387589 0.589372588430605804
-0.652936341191858949 -0.527380262762655261 0.588712056765608116
-0.733007006476657841 -0.478942211326851719 0.588050537368658643
-0.800173155933649349 -0.423554494463809439 0.587388034230934886
-0.858141604782888368 -0.360347356197699920 0.586724551349549261
-0.907833950308693183 -0.287622120262477743 0.586060092727525461
-0.940961300407038514 -0.221168430780543046 0.585394662373774133
-0.971661106868112467 -0.125482448863180940 0.584728264303068901
-0.985006981844438245 -0.011191314695090271 0.584060902536021609
-0.963738479814001625 0.140396952692320498 0.583392581099058893
-0.210509306864859108 0.394997352964303716 0.582723304024396649
-0.971049258451960329 0.162033941381194146 0.582053075350017379
-0.881245305081579167 0.332686919597379172 0.581381899119644441
-0.792809543567114083 0.422859858647753273 0.580709779382718061
-0.662790850844982904 0.499728775781424384 0.580036720194371247
-0.519498841417212698 0.535707403869553511 0.579362725615404806
-0.375477151262769204 0.529780688651509180 0.578687799712263029
-0.243108737871526676 0.484977694158725214 0.578011946557009382
-0.131548645710738293 0.406896404053834426 0.577335170227301964
-0.046058502486722969 0.298470522062996568 0.576657474806368309
0.006308287431147669 0.145130336807852284 0.575978864382981293
-0.089530044358744607 -0.172236836025273538 0.575299343051434375
-0.335915084901103445 0.463432604949835514 0.574618914911516843
-0.045476312903329916 0.278497513183518952 0.573937584068489048
0.005640275386175814 0.133277003074540684 0.573255354633057546
0.006836615083841618 0.039638112764047800 0.572572230721350661
-0.008445793858770603 -0.030004599455896827 0.571888216454893183
-0.032224024794300171 -0.083917062224666980 0.571203315960581826
-0.061087410248351001 -0.125332642841134906 0.570517533370660246
-0.093014213768892975 -0.155553281078933070 0.569830872822694068
-0.126425398003579798 -0.174676913728204125 0.569143338459545789
-0.159540448172624333 -0.181503566510411801 0.568454934429350356
-0.189211580954836617 -0.172723372923435564 0.567765664885489074
-0.207151381623399938 -0.140825302166664890 0.567075533986565739
-0.182960948777820098 -0.071480928735443622 0.566384545896380986
0.017555159651573463 -0.001888102910793159 0.565692704783906763
0.210488207807783601 -0.455682559246151586 0.565000014823262009
-0.173982098998038737 -0.605022182880493586 0.564306480193686899
-0.351087110004085212 -0.525700940312557097 0.563612105079517756
-0.447665929196078394 -0.449759314617942385 0.562916893670161955
-0.525069649006877137 -0.367346637526611675 0.562220850160072394
-0.598577332143277685 -0.220914176790472760 0.561523978748722397
-0.257277157609482054 0.180953386495582291 0.560826283640580292
-0.332205620166594273 -0.455805556219074204 0.560127769045084101
-0.487220778053951198 -0.397565317837153709 0.559428439176616110
-0.557223354196989540 -0.337962627246991554 0.558728298254477340
-0.601174110622882951 -0.282251286627908216 0.558027350502862229
-0.631618578800896335 -0.227508375850046907 0.557325600150833100
-0.652225985712939993 -0.172286351795550796 0.556623051432294513
-0.664066012576203457 -0.116115909832709197 0.555919708585968286
-0.667232654253557156 -0.059139649860732835 0.555215575855366850
-0.661413420491884785 -0.001952543723705846 0.554510657488768932
-0.646149071077733561 0.054463364762264488 0.553804957739192694
-0.620987543546681620 0.108764737872401901 0.553098480864371078
-0.577279145264464111 0.168724755290703549 0.552391231126725279
-0.529501570370384478 0.211918844935311490 0.551683212793339983
-0.471691841035906112 0.246342331720869112 0.550974430135936832
-0.404594452103100022 0.269144736495519510 0.550264887430848670
-0.329568581953888662 0.277030758107249697 0.549554588958994228
-0.248859022429332249 0.266145928977144619 0.548843539005852032
-0.166114462875071783 0.231919259231451513 0.548131741861434318
-0.072974755112233780 0.152424270130192996 0.547419201820261936
-0.013599926632533930 0.047510969434044002 0.546705923181337261
0.007957331959758653 -0.095625284508858391 0.545991910248119217
-0.040542223703113250 -0.267110922815109231 0.545277167328497070
-0.195065466691348360 -0.424319438581401753 0.544561698734763899
-0.452181816790521551 -0.479375409271376840 0.543845508783591502
-0.753092221297240072 -0.317206358652425302 0.543128601796003752
-0.855508055327315775 -0.064204762423177186 0.542410982097350503
-0.816835278193837278 0.168000056743729809 0.541692654017281949
-0.705070858581620552 0.326511034681767010 0.540973621889721756
-0.548161059528773476 0.427579296050493163 0.540253890052841745
-0.425509772632786665 0.461269364262798076 0.539533462849035028
-0.317202541469380928 0.467032211798275976 0.538812344624890471
-0.222843360252351380 0.456098278816093772 0.538090539731165718
-0.139299149578579584 0.435689886170097018 0.537368052522761430
-0.045731852199198619 0.404552893401709468 0.536644887358695422
0.037922712260254621 0.372829853320804205 0.535921048602074901
0.144271146066643541 0.318037654030194128 0.535196540620071826
0.252438137693756559 0.168436167835783857 0.534471367783895701
0.159540201637280110 -0.043712645842605938 0.533745534468767047
0.066823224079988211 -0.059352561209701553 0.533019045053891527
0.037608378502523673 -0.057275310148798483 0.532291903922433307
0.029208887324095371 -0.067566761432034189 0.531564115461488407
0.024029935012640197 -0.091873909404746879 0.530835684062058610
0.018097468236584237 -0.118014907871762720 0.530106614119024488
0.008727431221073473 -0.147674930499543167 0.529376910031119641
-0.008975637146640889 -0.187426415434123250 0.528646576200903162
-0.031796442297822358 -0.225068699186335930 0.527915617034733886
-0.068019669967958996 -0.269751770810059632 0.527184036942743628
-0.158275123896330416 -0.340964842706123761 0.526451840338810095
-0.398088094390109615 -0.387328507594844107 0.525719031640530909
-0.495324780736286552 0.301296176539776916 0.524985615269196515
-0.014133409173657234 0.083755592532953338 0.524251595649763980
-0.010221129986245206 -0.091245931044083017 0.523516977210829459
-0.036669648274634828 -0.154573356516024940 0.522781764384602554
-0.064830311813465755 -0.192717600028802227 0.522045961606878439
-0.098810253003951937 -0.222212494148108342 0.521309573317012220
-0.127435946701945690 -0.238279450575638430 0.520572603957891289
-0.156597355980381575 -0.248407717558866259 0.519835057975908787
-0.192520854086333071 -0.253447061485939318 0.519096939820936853
-0.223287781096751292 -0.251568815041126437 0.518358253946300196
-0.261012402881790617 -0.241003643023026903 0.517619004808748007
-0.292573990790454930 -0.223749390323598640 0.516879196868428425
-0.323013936860401918 -0.196601803425255184 0.516138834588860784
-0.354066351551295067 -0.146589046096072317 0.515397922436909073
-0.367686396365272117 -0.085915268898362152 0.514656464882754738
-0.354906389305769621 -0.006412055729108967 0.513914466399869707
-0.269744900809595012 0.092327709683475881 0.513171931464990072
-0.131859453545996458 0.113162219048942844 0.512428864558087671
-0.000418417689482387 0.001108599514562770 0.511685270162344774
-0.001239804622502783 -0.116672947000091218 0.510941152764125550
-0.057315836882485767 -0.174499430872850220 0.510196516852949977
-0.114106272008404327 -0.152289770169044630 0.509451366921466198
-0.067561275392431022 -0.045786763287117525 0.508705707465423762
0.550017098475934718 -0.634497642930297756 0.507959542983646317
-0.380115103754945838 -0.584636810990929567 0.507212877978004517
-0.446218356221053825 -0.281781816172956390 0.506465716953388712
-0.039632988383325352 -0.578583036043318955 0.505718064417682078
-0.460594741523715434 -0.336496753801144965 0.504969924881733090
-0.472584624029790512 -0.174037882949686973 0.504221302859328868
-0.446114291260835349 -0.079216675898583694 0.503472202867166985
-0.397924510580145663 -0.003576580637567578 0.502722629424828926
-0.315932776976491803 0.060468591837021621 0.501972587054753117
-0.233654132863397979 0.086612092548466496 0.501222080282206495
-0.130641845418302038 0.080814251215375790 0.500471113635258535
-0.052769245869202973 0.046040797715917986 0.499719691644752828
0.018504376735674503 -0.023662834179959544 0.498967818844280431
0.053837659266990592 -0.095535248446179472 0.498215499770152170
0.066455324866237009 -0.185890414413340699 0.497462738961371664
0.054988343736445053 -0.256823716738065089 0.496709540959607176
0.027529052771914142 -0.319047939275285630 0.495955910309165471
-0.021148460276881553 -0.378626206362854600 0.495201851556962724
-0.071051108105770727 -0.413798016146973868 0.494447369252498770
-0.138657804420626668 -0.435627777070157984 0.493692467947828284
-0.199532171420504223 -0.430576854315665059 0.492937152197534589
-0.271436554758564597 -0.362846065367353254 0.492181426558700674
-0.167961161699582806 -0.073623144307797372 0.491425295590883215
-0.145576015215209353 -0.763219740205952735 0.490668763856084045
-0.351731395934820779 -0.648584430693952552 0.489911835918723060
-0.458217215158097158 -0.571747705358714553 0.489154516345610635
-0.525743288886762694 -0.517031509843873915 0.488396809705919865
-0.595455597949386517 -0.446365197173675954 0.487638720571159257
-0.644879060766221368 -0.378056344216839035 0.486880253515145078
-0.690328548479273163 -0.281046181483284419 0.486121413113973777
-0.711272872273786771 -0.186554264365687617 0.485362203945993942
-0.706078065984452219 -0.059246202866966746 0.484602630591779604
-0.667396758165115900 0.051142128682444499 0.483842697634101593
-0.571776997068161319 0.169835662671027454 0.483082409657900780
-0.454391659383287572 0.236362615295859890 0.482321771250259546
-0.291190873216048696 0.254189235573723360 0.481560787000374912
-0.164505351498353602 0.213745364296473755 0.480799461499530345
-0.053756656790318984 0.117003626797241064 0.480037799341068050
-0.004966158517607710 0.018899586584057118 0.479275805120361664
0.006280713489460396 -0.095385171150152492 0.478513483434788112
-0.014634193399003695 -0.176658061912815689 0.477750838883700013
-0.066047314529913206 -0.251088028563596244 0.476987876068398153
-0.127883038766998136 -0.290108159355823569 0.476224599592103282
-0.231974316762508764 -0.290094671111676972 0.475461014059928577
-0.328386962707340357 -0.092297973324137667 0.474697124078852117
0.051124257865692121 -0.072847883678612085 0.473932934257688454
-0.026052090203006667 -0.341258357738408180 0.473168449207061581
-0.115592421666713838 -0.384588773741322498 0.472403673539376345
-0.189391263357125111 -0.391202388798975342 0.471638611868791302
-0.235066003478664576 -0.379954282607734228 0.470873268811190182
-0.275764369261918163 -0.348772361897325411 0.470107648984154913
-0.294720406098640364 -0.301105178001459195 0.469341757006936922
-0.267141002955138762 -0.185678163875705432 0.468575597500429597
0.018379722285906723 0.003543992180848239 0.467809175087140594
0.019839241766194060 -0.981172566235597232 0.467042494391163687
-0.399808598636700319 -0.721174880137918861 0.466275560038151071
-0.465190263023702699 -0.613355278327395670 0.465508376655285161
-0.504630303957523729 -0.541629225126192049 0.464740948871250947
-0.528153306325564342 -0.500760109112127427 0.463973281316208130
-0.551510874449663180 -0.461904736009880967 0.463205378621762642
-0.568435720288110291 -0.434007370991107699 0.462437245420939558
-0.586465353461195105 -0.403403611063557432 0.461668886348154228
-0.599851645128306021 -0.379195904273934292 0.460900306039185248
-0.614074079904384229 -0.350774442867320735 0.460131509131145422
-0.626243539057501297 -0.322204041184717127 0.459362500262455065
-0.634609928895467967 -0.297559258367425139 0.458593284072812746
-0.641828369957980316 -0.265586562264916615 0.457823865203168145
-0.644031572180825074 -0.234633111295829783 0.457054248295693633
-0.635454045912294374 -0.183609381373047914 0.456284437993756620
-0.555477508182773194 -0.065050648128087279 0.455514438941891142
-0.524675163922168175 -0.844974358634649758 0.454744255785770268
-0.741057557782272114 -0.311526680353760799 0.453973893172177512
-0.733508945522359346 -0.241829563070942444 0.453203355748979131
-0.731018976678906141 -0.195076486138070049 0.452432648165096596
-0.731017781013162948 -0.165228741060057471 0.451661775070477334
-0.731870127679415061 -0.133682808516186247 0.450890741116067750
-0.732989728103323523 -0.104227221317451157 0.450119550953784642
-0.733942816473605042 -0.080296562401352356 0.449348209236487384
-0.735115100613799477 -0.051535261141503141 0.448576720617949509
-0.736269879249704773 -0.026930730664824598 0.447805089752831120
-0.738348038691159836 0.004431647038904973 0.447033321296650354
-0.742396641600471474 0.040107673916579878 0.446261419905755630
-0.757164441463411553 0.088755734607213255 0.445489390237297223
-0.767844375809859314 0.146465756871717034 0.444717236949199513
-0.805810638715578564 0.312969462811597210 0.443944964700132727
-0.114046758419839855 -0.062288956672191691 0.443172578149484575
-0.547059303852766243 -0.003486029783911548 0.442400081957332769
-0.589387997801255170 0.051233357341716079 0.441627480784416215
-0.600829821699475519 0.094622776855490115 0.440854779292107424
-0.599211180236876473 0.123575808206379534 0.440081982142383921
-0.590463049639799009 0.154328825642158191 0.439309093997800659
-0.576469153913171772 0.182690346930858172 0.438536119521461376
-0.561290981731626171 0.205186542034578007 0.437763063376990780
-0.538739209851342160 0.231169200043555262 0.436989930228506185
-0.515854596880182537 0.252028029193653635 0.436216724740589701
-0.482340809858833985 0.275874602694698268 0.435443451578259699
-0.440101981556416666 0.297632649704127727 0.434670115406943058
-0.395559176863027773 0.312728580801171385 0.433896720892446575
-0.325316242992767679 0.322841720521136244 0.433123272700929207
-0.245368949702471834 0.315473295675680943 0.432349775498873712
-0.111929430493884166 0.250774069008639855 0.431576233953058608
-0.000614607065152451 -0.009186016669540865 0.430802652730529700
-0.314025057021034115 -0.274180612396062451 0.430029036498572770
-0.531923751986914550 0.095374685869993869 0.429255389924684039
-0.292207024805704929 0.237112959718352750 0.428481717676543417
0.015876406170641441 -0.106528123630408575 0.427708024421985300
-0.542817799314124549 -0.462693992945063193 0.426934314828971262
-0.796668511192442530 -0.150643349880503097 0.426160593565560908
-0.778644776371876124 0.102634553280759211 0.425386865299884787
-0.720444516736323592 0.218252319185766708 0.424613134700115247
-0.649121673838978785 0.304120328193943745 0.423839406434439070
-0.582272699977958830 0.360459726633198918 0.423065685171028827
-0.529483718248431434 0.394220956178843840 0.422291975578014622
-0.468327973205348747 0.423979550673325378 0.421518282323456672
-0.418359502998450927 0.441733445629892030 0.420744610075315939
-0.358893614932843275 0.455707441055386686 0.419970963501427319
-0.299609877848680484 0.462070318221466381 0.419197347269470222
-0.250358095579394202 0.461495060692003523 0.418423766046941481
-0.191823951350409250 0.453423820377387488 0.417650224501126266
-0.144119252922035146 0.440222399225811301 0.416876727299070882
-0.089324713733108796 0.416268335524551003 0.416103279107553403
-0.038908570500589129 0.383378823235694388 0.415329884593057030
-0.001795814193527423 0.349454505844669860 0.414556548421740223
0.034853328246125304 0.301961828257821419 0.413783275259410332
0.057363516359522387 0.258138564929145831 0.413010069771493848
0.073380751455051602 0.202990791487360517 0.412236936623009365
0.076898734624345780 0.148424525958296111 0.411463880478538657
0.070808798993205010 0.106093587022466629 0.410690906002199319
0.054465513657141668 0.061939109151225073 0.409918017857616057
0.035407296582419166 0.032311206290145257 0.409145220707892665
0.009133992894712895 0.006383329920450565 0.408372519215583762
-0.017446526391244058 -0.009152576677580668 0.407599918042667209
-0.037535585296022286 -0.014989352048833920 0.406827421850515403
-0.056995760848996102 -0.015092601254947491 0.406055035299867251
-0.068079707482191137 -0.010964935203722024 0.405282763050800465
-0.074024501960998357 -0.003055917894857138 0.404510609762702811
-0.070744918864166312 0.005642746300425723 0.403738580094244404
-0.059636596231661815 0.011262434937143202 0.402966678703349568
-0.032736756840065766 0.011409046176211303 0.402194910247168913
0.007983220970456627 -0.004407858487849784 0.401423279382050524
0.088667154952425484 -0.118412002588227261 0.400651790763512761
-0.278368730714156243 -0.246902002328072995 0.399880449046215336
-0.221915299440759300 -0.002511708155066086 0.399109258883932283
-0.126567589646567891 0.035546515365352152 0.398338224929522700
-0.076300205045882252 0.033366477861556915 0.397567351834903382
-0.028825218691919029 0.017358844928334560 0.396796644251020736
0.012233726546410129 -0.009422957896863305 0.396026106827822577
0.043392592079925484 -0.040235148197379583 0.395255744214229765
0.077197880137752251 -0.089373410455606372 0.394485561058108725
0.101194895096704152 -0.143252696839570925 0.393715562006243303
0.120875960164546783 -0.229531670015698602 0.392945751704306401
0.121619727271099848 -0.327696876929610914 0.392176134796831943
0.074596775266484810 -0.493829147336867336 0.391406715927187232
-0.129791035533080357 -0.715507963906274358 0.390637499737544969
-0.591390631525814170 -0.749707944425518691 0.389868490868854556
-0.870525795980552908 -0.055716395647858241 0.389099693960814785
-0.487960413377574009 0.237167120796780068 0.388331113651845694
-0.175979152556022200 0.182354998955249148 0.387562754579060531
-0.051799574550245059 0.079240505784106255 0.386794621378237391
0.018178865415974715 -0.042306074882748790 0.386026718683791847
0.040897898998713413 -0.153711135006461108 0.385259051128749030
0.035791987194608396 -0.239303270003501600 0.384491623344714872
0.006570817928884642 -0.333724207943416562 0.383724439961849018
-0.035121821410111415 -0.404768192562002138 0.382957505608836291
-0.104708946480969511 -0.478528243928200370 0.382190824912859439
-0.178008523151135439 -0.527602124629941160 0.381424402499570547
-0.282165783052692132 -0.567036170748181023 0.380658242993063167
-0.379451061893721242 -0.579708211250024696 0.379892351015845064
-0.502713844077648742 -0.566016817057574340 0.379126731188809796
-0.623829534012744102 -0.517600939841546204 0.378361388131208842
-0.714659342147860421 -0.450821977187278788 0.377596326460623632
-0.801256083783362771 -0.343290654841781340 0.376831550792938397
-0.848239798491847941 -0.237399129864483971 0.376067065742311524
-0.869963218524960613 -0.101868791883208243 0.375302875921148027
-0.859393821855805595 0.008964864537921891 0.374538985940071401
-0.816782567934848380 0.129415306719161627 0.373775400407896752
-0.761993788584046206 0.213902221485528649 0.373012123931601880
-0.681242542895966086 0.292788480211811586 0.372249161116299909
-0.607415908925937775 0.339450653937001412 0.371486516565211977
-0.517218553880090748 0.374227443496711276 0.370724194879638425
-0.444319269318089294 0.387765219777424841 0.369962200658932039
-0.362617651916479822 0.388770463348370010 0.369200538500469633
-0.300761497076065032 0.379465280336054978 0.368439212999625065
-0.234881277499010388 0.359093465167758252 0.367678228749740488
-0.187113429228375955 0.336460403828325316 0.366917590342099198
-0.138157896170747391 0.304674676321321281 0.366157302365898329
-0.103980641786552766 0.275740679250407572 0.365397369408220485
-0.070317970492145859 0.239587323624973647 0.364637796054006091
-0.047866435566999196 0.209280166387473210 0.363878586886026256
-0.026935487087398194 0.173890227691882976 0.363119746484854844
-0.013911106539438001 0.146189599763445005 0.362361279428840721
-0.002725807399680487 0.116661160643237283 0.361603190294080168
0.003801529820468337 0.097061115350290397 0.360845483654389343
0.010474069615451026 0.084421921493107205 0.360088164081276974
0.020098828340906441 0.092669235767074115 0.359331236143916044
0.074348835620343501 0.170499669997256964 0.358574704409116762
0.617786742957040169 0.271448998485816662 0.357818573441299359
0.087598915191737875 -0.445889917730877938 0.357062847802465555
-0.012554084583708325 -0.327876856330316269 0.356307532052171694
-0.046930013655949232 -0.291919807774929874 0.355552630747501208
-0.066250488541924973 -0.286771583700494714 0.354798148443037253
-0.087699901619160955 -0.290904707582091027 0.354044089690834618
-0.105680550408891114 -0.297892783417617990 0.353290459040392801
-0.127931194647367269 -0.307780551180769191 0.352537261038628369
-0.147140490262915341 -0.316218273357808499 0.351784500229847863
-0.170992820913694804 -0.325847316040057677 0.351032181155719714
-0.191500313206148937 -0.333122018148441279 0.350280308355247205
-0.212537285408037901 -0.339521481662592273 0.349528886364741498
-0.238422017838017863 -0.345877117535985434 0.348777919717793483
-0.260481702255420167 -0.349969975681141743 0.348027412945247028
-0.287492288318726585 -0.353338846517064153 0.347277370575171052
-0.310421125111235374 -0.354794528157795497 0.346527797132833160
-0.338414810796905385 -0.354836615445143444 0.345778697140671221
-0.362133101935280755 -0.353379798553485946 0.345030075118266999
-0.386208052321838025 -0.350489504883586211 0.344281935582318011
-0.415586962191417109 -0.344998878707515777 0.343534283046611377
-0.440506183933531137 -0.338595949669127205 0.342787122021995572
-0.470992710278155646 -0.328471384897645380 0.342040457016353661
-0.496950975350800073 -0.317727058692514219 0.341294292534576271
-0.528879115599363292 -0.301561326836415622 0.340548633078533836
-0.556250265095650231 -0.284771913234929341 0.339803483147050112
-0.584441436393071445 -0.264143315173723248 0.339058847235874428
-0.619515833926387094 -0.232516654821815910 0.338314729837655315
-0.649812590351366293 -0.197799968315026470 0.337571135441912362
-0.680643736938211230 -0.150874233884734976 0.336828068535010128
-0.714538533480135296 -0.064440839269559680 0.336085533600130215
-0.721737515366093207 0.063057051216190596 0.335343535117245406
-0.496430565881951114 0.348106394404195885 0.334602077563091016
-0.021220895944064101 -0.119669540908698233 0.333861165411139194
-0.442360399882592126 -0.367027268693963071 0.333120803131571552
-0.665165152215742905 -0.260249474867357111 0.332380995191252027
-0.752748076088455287 -0.159469738372853220 0.331641746053699893
-0.808125804536425019 -0.052974040951007717 0.330903060179063069
-0.843006601605651773 0.095048503824663566 0.330164942024091357
-0.835375301732646625 0.242898491049363507 0.329427396042108855
-0.770229367424352218 0.409158210230378683 0.328690426682987813
-0.577036301295268950 0.586585923732913850 0.327954038393121539
-0.329630573752134781 0.634804792445637256 0.327218235615397535
-0.093084463748946661 0.543956634957647678 0.326483022789170574
0.056293782656799629 0.331898892704724779 0.325748404350236054
0.072644128532150937 0.170571969134214796 0.325014384730803463
0.043224551861485772 0.063038033509189143 0.324280968359469235
0.007150995160101476 0.006694047570974717 0.323548159661190049
0.030243136410711424 0.018205492355523861 0.322815963057256461
0.290040636365599125 0.037081447874108997 0.322084382965266092
-0.045436512464608003 -0.937831100438935139 0.321353423799096927
-0.403911511440783189 -0.565685884745936174 0.320623089968880448
-0.449957311810093019 -0.425820663737815852 0.319893385880975489
-0.475148681579616095 -0.358536617719407036 0.319164315937941478
-0.500928582100900854 -0.308341699581506590 0.318435884538511682
-0.520395184354205176 -0.276791868225473414 0.317708096077566726
-0.538132850760634551 -0.249603630982396435 0.316980954946108506
-0.557135713906567798 -0.219982431667029105 0.316254465531233042
-0.571093412415578205 -0.196657117259817049 0.315528632216104443
-0.583377457054738757 -0.173997030327400437 0.314803459379928152
-0.594015157641750280 -0.151684412063343044 0.314078951397925132
-0.604624025496833584 -0.125077587203923590 0.313355112641304667
-0.611655001374705964 -0.102876201008765322 0.312631947477238548
-0.616997960832130765 -0.080532084890369837 0.311909460268834315
-0.620576399589295225 -0.057956250950192023 0.311187655375109562
-0.622270097525132626 -0.035070372780287351 0.310466537150965005
-0.621561073343905424 -0.007096532712477677 0.309746109947158288
-0.618379163015970068 0.016720295810486785 0.309026378110278277
-0.612441381563958442 0.041062633979569052 0.308307345982718140
-0.603205594110678534 0.065978785207054025 0.307589017902649531
-0.586641979525058366 0.096652713718096667 0.306871398203996282
-0.566849281011394091 0.122768542615333792 0.306154491216408586
-0.539589256393817607 0.149069376944039017 0.305438301265236245
-0.501783672495584199 0.174701979505839655 0.304722832671503130
-0.448338684151343925 0.197427617382661069 0.304008089751880761
-0.370617125269359415 0.211209239778681140 0.303294076818662772
-0.225439944307828710 0.189612305330565944 0.302580798179738097
-0.050615076927877867 0.070341686956048699 0.301868258138565604
0.058261653923925155 -0.282285218444838892 0.301156460994148056
-0.287433114408989554 -0.684671458310794456 0.300445411041005861
-0.750844257086738742 -0.575734450623270444 0.299735112569151418
-0.907570881723833489 -0.317709727168111300 0.299025569864063145
-0.920882418400479352 -0.103506335225169277 0.298316787206659995
-0.895047619197776312 0.011669748720255224 0.297608768873274754
-0.861769935804596932 0.094864746931025756 0.296901519135629122
-0.826697850815922175 0.159286191179631442 0.296195042260807340
-0.790918569061728860 0.211985310318731579 0.295489342511231157
-0.754210158313647572 0.256806552659408438 0.294784424144633184
-0.715973542702711185 0.295864271796564049 0.294080291414031747
-0.675512214614593987 0.330259587008801425 0.293376948567705464
-0.632119866304737266 0.360428273046868364 0.292674399849167044
-0.585116698821478654 0.386301820395644313 0.291972649497137970
-0.523084822663356874 0.410926783806925655 0.291271701745522582
-0.466144938905642459 0.424917698983101777 0.290571560823383868
-0.404209992373166460 0.431368977068968262 0.289872230954915933
-0.337540056751813700 0.428251458246050321 0.289173716359419908
-0.267146238260868030 0.413071288430944317 0.288476021251277581
-0.195186680804499468 0.383052452708351310 0.287779149839927695
-0.125415951480864540 0.335589553931634144 0.287083106329838189
-0.063530188797376319 0.269109631313824205 0.286387894920482278
-0.017094571159656763 0.184406774130446149 0.285693519806313190
0.005369656995725322 0.086290278048966301 0.284999985176738024
-0.003557473091589663 -0.014879260172104865 0.284307295216093381
-0.046988094295892797 -0.101952904277226586 0.283615454103619102
-0.118174927556779705 -0.148327850684127183 0.282924466013434350
-0.177313192756973437 -0.109313651470457102 0.282234335114511015
-0.019860253841299601 0.002048578404795014 0.281545065570649733
0.189380610389375204 -0.408321471327836583 0.280856661540454244
-0.118582051187702597 -0.643664234728084095 0.280169127177306077
-0.342924559300505305 -0.647940679686665355 0.279482466629339732
-0.491548338681156272 -0.609565654456668327 0.278796684039418097
-0.600081778269391353 -0.560277633607491499 0.278111783545106850
-0.683470785335997144 -0.507276531137633935 0.277427769278649428
-0.749019740452791627 -0.453363290708152733 0.276744645366942488
-0.801072878986395009 -0.400026903872289286 0.276062415931510929
-0.842583326962374812 -0.348123948962805629 0.275381085088483135
-0.875712947949833342 -0.298124371735751181 0.274700656948565658
-0.902105103848264589 -0.250246343228555435 0.274021135617018741
-0.919233305455665839 -0.213512081938201537 0.273342525193631669
-0.936518013678375283 -0.169519937210047100 0.272664829772698014
-0.949976514851005205 -0.127570065801251908 0.271988053442990652
-0.960257763273269394 -0.087520589280456196 0.271312200287737060
-0.967874824214716822 -0.049207721611870314 0.270637274384595228
-0.973233233730266378 -0.012457274719505140 0.269963279805628786
-0.976652544394933653 0.022908755682679027 0.269290220617281972
-0.978382628043529712 0.057069003765317650 0.268618100880355593
-0.978615844866911333 0.090201971393206237 0.267946924649982543
-0.977822680365142083 0.116089212575191836 0.267276695975603384
-0.975694659036851819 0.147827687627747006 0.266607418900941251
-0.972366452948630444 0.179053636436961316 0.265939097463978480
-0.967868241994303879 0.209969516943145251 0.265271735696931188
-0.962189128279672845 0.240800003565153353 0.264605337626225900
-0.955270650282824541 0.271805452593978425 0.263939907272474572
-0.948765984666795403 0.296946108731551361 0.263275448650450827
-0.939259881155910525 0.329124493732584122 0.262611965769065092
-0.927933922391670940 0.362631968557402373 0.261949462631341390
-0.914278854219673476 0.398218781353347651 0.261287943234391862
-0.897405810053506614 0.437049338382289820 0.260627411569394229
-0.880503266656930794 0.471727279573552982 0.259967871621566038
-0.852331313727578865 0.522457737994380889 0.259309327370142229
-0.808712280127502847 0.587782297143760180 0.258651782788349882
-0.722915493372765949 0.682821731605349980 0.257995241843384959
-0.541160181348756653 0.793381107785709361 0.257339708496387765
0.129893020296571599 0.291854348461347946 0.256685186702419799
-0.729526540842684090 0.039904317484350083 0.256031680410439610
-0.811427287526540253 0.297767528103332513 0.255379193563278428
-0.792574313155634091 0.401760442590651690 0.254727730097616900
-0.748385421154693087 0.487553262166886436 0.254077293943961557
-0.689893906847277250 0.551273450977299073 0.253427889026620723
-0.631626537983149161 0.592392810177551077 0.252779519263680752
-0.540248770274679879 0.631202249878271671 0.252132188566982385
-0.422756309034006628 0.648399555615776890 0.251485900842097765
-0.307826393253153863 0.634553869673612159 0.250840659988306292
-0.146369261355523556 0.557284151008435424 0.250196469898570972
-0.005223262944377360 0.383779834293738131 0.249553334459515330
0.038751070513357425 0.180158970942999236 0.248911257551399867
-0.044285021935596337 -0.079552299724577294 0.248270243048098749
-0.239953705593823619 -0.241418688265573445 0.247630294817075935
-0.409067181541291514 -0.281304615504712974 0.246991416719362256
-0.582696966084657264 -0.256763966393201482 0.246353612609532258
-0.704174417504134009 -0.194962843949093079 0.245716886335680784
-0.770709538721129128 -0.138257478887569063 0.245081241739399380
-0.826780991009927080 -0.069048513804758349 0.244446682655753811
-0.856548970104865193 -0.017949330555843801 0.243813212913260191
-0.881081363989926869 0.039655186374522700 0.243180836333862671
-0.896024015552474351 0.090656360176768813 0.242549556732909621
-0.903220623902540876 0.127274076130217351 0.241919377919131262
-0.908017069401639509 0.168598386648105225 0.241290303694616182
-0.909367886878470588 0.198636397598919268 0.240662337854788411
-0.908750220128515029 0.233036832819006001 0.240035484188385162
-0.906819154117436410 0.258437521565309136 0.239409746477433349
-0.902987297313662229 0.287991422889079973 0.238785128497226773
-0.898978471996612405 0.310161337759399192 0.238161634016303414
-0.892958660351729661 0.336358760637466392 0.237539266796423398
-0.887413476746188312 0.356314053960876731 0.236918030592545070
-0.879622921435104566 0.380252211510999638 0.236297929152803232
-0.872709343443285102 0.398762325757624381 0.235678966218485830
-0.863183388160169263 0.421302034905873257 0.235061145524012804
-0.854800703703292308 0.438996632384522134 0.234444470796911636
-0.843251038191035640 0.460876534243120028 0.233828945757796114
-0.833026336124326083 0.478324148595376808 0.233214574120343354
-0.818774776405017279 0.500246047360752732 0.232601359591271956
-0.805953733671679995 0.518012702947032944 0.231989305870319185
-0.787704209235072894 0.540700069510649417 0.231378416650218466
-0.770867145094590422 0.559377047309149278 0.230768695616677788
-0.751482186774271477 0.578642470286997446 0.230160146448356639
-0.722550202708236222 0.603675874490605890 0.229552772816844636
-0.694373181569319819 0.624473186643345057 0.228946578386638622
-0.650326519025518746 0.651131137615625022 0.228341566815121244
-0.605196394227422996 0.672216418325641052 0.227737741752538220
-0.547544320964802433 0.691346494294457270 0.227135106841976964
-0.450121437331970298 0.706345134527619267 0.226533665719343968
-0.343976444879194654 0.699748960255618058 0.225933422013343488
-0.207909674050143545 0.654177353097977421 0.225334379345455083
-0.019826302932069689 0.482325234736264263 0.224736541329912165
0.054800518204552548 0.214331358712117448 0.224139911573680239
-0.057532733765235967 -0.086352078319620815 0.223544493676434614
-0.385849995539267465 -0.258998160848608605 0.222950291230539055
-0.613747957030590374 -0.225482473727426913 0.222357307821024419
-0.757262763236472791 -0.135817720461423264 0.221765547025566445
-0.838223499923343773 -0.042034987515912670 0.221175012414464467
-0.889299522133992326 0.057998789130775497 0.220585707550619681
-0.908655872517930119 0.122635551214706706 0.219997635989513968
-0.917791969942379438 0.175878531275900252 0.219410801279188383
-0.921029325906020269 0.220141417452573596 0.218825206960221313
-0.920364170899083289 0.265854759432204990 0.218240856565707519
-0.917660444139900666 0.296559554398926783 0.217657753621236849
-0.913836787931331052 0.323253314188209517 0.217075901644872893
-0.909328154682582768 0.346758292436472326 0.216495304147131529
-0.903124576338687368 0.372594979496945033 0.215915964630959911
-0.897896687021193962 0.390999893542565979 0.215337886591715516
-0.892532292738590471 0.407783578808437963 0.214761073517145018
-0.887082684801887567 0.423229516903058767 0.214185528887362697
-0.881574475582097783 0.437567518218012930 0.213611256174830066
-0.876016952669260607 0.450987439330400863 0.213038258844334860
-0.868993969462096616 0.466713342361550543 0.212466540352969940
-0.863295510110586806 0.478621625260295724 0.211896104150112174
-0.857497191764717392 0.490064407137222990 0.211326953677402479
-0.851560923788246771 0.501155360626893476 0.210759092368723977
-0.845435295619036742 0.512006100727195768 0.210192523650182150
-0.839051395096440222 0.522732213901174081 0.209627250940083665
-0.832315907444198921 0.533460565208730197 0.209063277648916135
-0.825099845613425198 0.544339065065183592 0.208500607179326947
-0.817219787626471406 0.555550827002713077 0.207939242926103607
-0.808405481362402645 0.567336103651592927 0.207379188276152232
-0.798241060296332905 0.580028286853288111 0.206820446608478120
-0.786051389826288194 0.594116233798450799 0.206263021294164489
-0.766094240207808364 0.614885037658106204 0.205706915696352854
-0.743347212741549690 0.635659444759649972 0.205152133170222351
-0.708447256298559425 0.662722006972866096 0.204598677062969414
-0.645681305179146126 0.700061393526960840 0.204046550713787689
-0.499335858866905014 0.745967595261716299 0.203495757453848236
-0.042316544478311846 0.569039277588577086 0.202946300606278940
-0.387756518380747373 -0.241556223126455749 0.202398183486144662
-0.914006035664425953 0.147145000743481524 0.201851409400427062
-0.919480059703292163 0.336830518099672904 0.201305981648004950
-0.899459733028738384 0.417876278283034419 0.200761903519634410
-0.882213669658212907 0.462575490379968868 0.200219178297928596
-0.868553360032321531 0.491484915747383067 0.199677809257337857
-0.857513053906982292 0.512214481725149606 0.199137799664130727
-0.848305657799438340 0.528172627026165631 0.198599152776373439
-0.840401445121443880 0.541101798437785275 0.198061871843910497
-0.833448589198218182 0.551982514680033676 0.197525960108345194
-0.827208744730317247 0.561408164602097526 0.196991420803020012
-0.821516075096948684 0.569758945414212903 0.196458257152997223
-0.817533056343218489 0.575473315697965448 0.195926472375038851
-0.812532189786512538 0.582509247579554912 0.195396069677588241
-0.807822581268267781 0.589002858741782376 0.194867052260749796
-0.803350947985037256 0.595056068500401159 0.194339423316269994
-0.799075826260289168 0.600745750084521246 0.193813186027518514
-0.795978401838465133 0.604810634248677537 0.193288343569468529
-0.791971870870575301 0.609999141617905472 0.192764899108677640
-0.788085554231588215 0.614959002771295116 0.192242855803268775
-0.784300266181146233 0.619722433368104397 0.191722216802911405
-0.780599652828415591 0.624316151417860343 0.191202985248802360
-0.777871133735556497 0.627663768011662015 0.190685164273646623
-0.774285404022876822 0.632012869504572028 0.190168757001638655
-0.770748687801681820 0.636247220376756295 0.189653766548444014
-0.767250014252471302 0.640382488007944506 0.189140196021179541
-0.764644661762195699 0.643427540491608219 0.188628048518395514
-0.761187474958944010 0.647423157041331021 0.188117327130056300
-0.757739792903394993 0.651356837030451330 0.187608034937522289
-0.755153871550891309 0.654273969945318834 0.187100175013531100
-0.751696775212427615 0.658129310836599757 0.186593750422178684
-0.748218083200268724 0.661957274527800177 0.186088764218901248
-0.745586935725740418 0.664818261092386620 0.185585219450456806
-0.742037322457121173 0.668630958728780533 0.185083119154906633
-0.738424789071251975 0.672455615347658187 0.184582466361596864
-0.735662306584536574 0.675342263971514312 0.184083264091140619
-0.731889614299145341 0.679230965820351362 0.183585515355399187
-0.728977997653248555 0.682189593558380714 0.183089223157464454
-0.724959745373379594 0.686211493569476860 0.182594390491640279
-0.720748172137440246 0.690350195212479201 0.182101020343424957
-0.717431835778651106 0.693553603856533418 0.181609115689492451
-0.712747180935204727 0.697995004843468991 0.181118679497675406
-0.708990462679194189 0.701485691888347085 0.180629714726946222
-0.703568643511333969 0.706412353628069312 0.180142224327400208
-0.699112055421206913 0.710364036994186376 0.179656211240236729
-0.692487593830639403 0.716076506364451859 0.179171678397742395
-0.686852374097744467 0.720786330201882430 0.178688628723273041
-0.678118167415496464 0.727821319491238850 0.178207065131235742
-0.670311844170284887 0.733844912021775597 0.177726990527071554
-0.657436151959607140 0.743260316662461729 0.177248407807238162
-0.645025429735335276 0.751755273544447822 0.176771319859192089
-0.622390782035806445 0.765888603368714227 0.176295729561371350
-0.597581746962260851 0.779530140706159336 0.175821639783178052
-0.560088489914418064 0.796846220089512780 0.175349053384961262
-0.464726242621193664 0.825409426180870209 0.174877973217999694
-0.297227190242043471 0.829138091216140349 0.174408402124484219
0.115781380012671298 0.220205030422990999 0.173940342937500991
-0.732303807027426479 -0.008725833836292607 0.173473798481014518
-0.869635621223456945 0.331376854434176749 0.173008771569850284
-0.842516916689365236 0.497833837740960794 0.172545265009677762
-0.819841311899408787 0.552964765451390616 0.172083281596993737
-0.802204909114697773 0.586275270469834076 0.171622824119105372
-0.784607565085594705 0.614535014006666325 0.171163895354113277
-0.774440238982994522 0.629181641520743851 0.170706498070894802
-0.766056189233305318 0.640501881277839025 0.170250635029087161
-0.756852276423854553 0.652242885421444374 0.169796308979071303
-0.751031628615513203 0.659336748533250527 0.169343522661954737
-0.745905437246026426 0.665391068365188687 0.168892278809555235
-0.739902620492287610 0.672268458308183714 0.168442580144384513
-0.735890032879307321 0.676746862559350126 0.167994429379631272
-0.732211880343267230 0.680773735827087112 0.167547829219145628
-0.728810483617117533 0.684434469862451378 0.167102782357422014
-0.725640641804186415 0.687794020220873770 0.166659291479583554
-0.721713337457525861 0.691890244054964021 0.166217359261365216
-0.718955958667537143 0.694724496299905181 0.165776988369098488
-0.716334879941599945 0.697388089667760891 0.165338181459694394
-0.713831902408280095 0.699904838013497566 0.164900941180628258
-0.711431854897678018 0.702294272389987762 0.164465270169923072
-0.709121978209826365 0.704572574124101125 0.164031171056134129
-0.706163941051785038 0.707460510328437708 0.163598646458332858
-0.704025066486582585 0.709528522134277639 0.163167698986090987
-0.701945934256740456 0.711522957638047737 0.162738331239465017
-0.699919959999730334 0.713451720071459627 0.162310545808980133
-0.697941388173399124 0.715321640243696710 0.161884345275615377
-0.696005156812923187 0.717138659842167403 0.161459732210787160
-0.694106787670268788 0.718907978413127258 0.161036709176334170
-0.692242296348585362 0.720634172148695740 0.160615278724501848
-0.690408118282564987 0.722321290613054723 0.160195443397927406
-0.688601047389703069 0.723972936049230298 0.159777205729623673
-0.686818184912970642 0.725592328830880318 0.159360568242964351
-0.685056896506182067 0.727182361820072787 0.158945533451668869
-0.683314776039134930 0.728745645771815775 0.158532103859786916
-0.681589614891434437 0.730284547481366286 0.158120281961683429
-0.679879375778951300 0.731801221995274198 0.157710070242023437
-0.678182170304899135 0.733297639965337700 0.157301471175757601
-0.676496239621388162 0.734775610981655225 0.156894487228106394
-0.674819937670949055 0.736236803581232668 0.156489120854546221
-0.673151716591760096 0.737682762482149701 0.156085374500793544
-0.671490113931149435 0.739114923503027987 0.155683250602791229
-0.669833741382024228 0.740534626536088036 0.155282751586692802
-0.668181274803057557 0.741943126880425408 0.154883879868848662
-0.666531445318511495 0.743341605189813959 0.154486637855791142
-0.664883031328759588 0.744731176247457549 0.154091027944219749
-0.663784290130577603 0.745653132477136937 0.153697052520987060
-0.662135626432962421 0.747030180779279074 0.153304713963084344
-0.660485298848273117 0.748401029042562560 0.152914014637626994
-0.658832201933944206 0.749766610970383107 0.152524956901840314
-0.657175248602677176 0.751127824298246205 0.152137543103045308
-0.656067939953211554 0.752033301906571472 0.151751775578644582
-0.654402177645786676 0.753389146354429107 0.151367656656108324
-0.652729712572328369 0.754742875093062260 0.150985188652959929
-0.651049484024636249 0.756095291605087372 0.150604373876762149
-0.649360428182080951 0.757447182454028312 0.150225214625103520
-0.648228958367521924 0.758348533147299331 0.149847713185584097
-0.646522804544164220 0.759701260197624073 0.149471871835801767
-0.644804939469019511 0.761055500785753347 0.149097692843338375
-0.643652642069341030 0.761959539863017010 0.148725178465746399
-0.641912778305112619 0.763317970985196381 0.148354330950535129
-0.640158188114610893 0.764679913788700372 0.147985152535156927
-0.638979698095919590 0.765590196424141833 0.147617645446993906
-0.637197922442331532 0.766959658710731906 0.147251811903344576
-0.635398191959641867 0.768334640444948924 0.146887654111410415
-0.634187764784524322 0.769254738753517464 0.146525174268282266
-0.632355234005308353 0.770640625074750729 0.146164374560927651
-0.630501217283978010 0.772034095991989244 0.145805257166176955
-0.629252569538519824 0.772967684072214611 0.145447824250710761
-0.627359551061831056 0.774375579560858007 0.145092077971046479
-0.626083512954077381 0.775319543599807925 0.144738020473525603
-0.624147238458512499 0.776744167343994540 0.144385653894300470
-0.622840861320928640 0.777700075895285226 0.144034980359321579
-0.620856724433819118 0.779143835333523826 0.143686001984324796
-0.619516806018901467 0.780113333021003275 0.143338720874818359
-0.617479789751515851 0.781578760320507326 0.142993139126070229
-0.616102832621675534 0.782563582184163331 0.142649258823095815
-0.614007442602375386 0.784053356381704591 0.142307082040644906
-0.612589606440303025 0.785055343097450398 0.141966610843189456
-0.610429794099006773 0.786572313687824320 0.141627847284910818
-0.608966840639504126 0.787593427840276306 0.141290793409687837
-0.606735914167421231 0.789140640086348100 0.140955451251084163
-0.605223143133660990 0.790182983685168150 0.140621822832335985
-0.602913663545795342 0.791763705925464856 0.140289910166339848
-0.601345837607681455 0.792829539344395817 0.139959715255640799
-0.599754386464069089 0.793905440939764784 0.139631240092419895
-0.597320752857847692 0.795539055081768254 0.139304486658482385
-0.595665840739481700 0.796641916501047986 0.138979456925245687
-0.593983654592964205 0.797756312963173175 0.138656152853727538
-0.591406680501934456 0.799450525923023347 0.138334576394534364
-0.589651098704928156 0.800595765318228292 0.138014729487848986
-0.587863911029048003 0.801754185324996094 0.137696614063419348
-0.585120815138801431 0.803517642857312975 0.137380232040546862
-0.583248381890616341 0.804711271385682214 0.137065585328074641
-0.581339151666969478 0.805919933977598202 0.136752675824376058
-0.579391452741701007 0.807144202759272678 0.136441505417343317
-0.576393883081838032 0.809011169254095330 0.136132075984376016
-0.574342057662654337 0.810277091798524807 0.135824389392369904
-0.572245116800042974 0.811560788050296855 0.135518447497705474
-0.570100901911779978 0.812862927648264844 0.135214252146237057
-0.567907122625742833 0.814184203993545075 0.134911805173281107
-0.564518157719734570 0.816203577133762570 0.134611108403605934
-0.562189486177983255 0.817575891262461996 0.134312163651419847
-0.559802037584744339 0.818969966086535717 0.134014972720361059
-0.557352785274397911 0.820386610029084751 0.133719537403486022
-0.554838499986755274 0.821826658411893396 0.133425859483258913
-0.552255732509823183 0.823290973665603110 0.133133940731541361
-0.549600794507581814 0.824780445346809943 0.132843782909580932
-0.545474353165511738 0.827063833135525339 0.132555387768000910
-0.542621085572080109 0.828620262770637828 0.132268757046789781
-0.539680527649093023 0.830205169567572954 0.131983892475290826
-0.536647616862488630 0.831819557103906981 0.131700795772191348
-0.533516902027946105 0.833464449731202039 0.131419468645512461
-0.530282505228862777 0.835140889427360755 0.131139912792598762
-0.526938079213274180 0.836849931641872935 0.130862129900108481
-0.523476759614066700 0.838592639910103577 0.130586121644002573
-0.519891111269021988 0.840370078944455035 0.130311889689535138
-0.516173067766199534 0.842183305853999808 0.130039435691243210
-0.512313863241741663 0.844033359044571219 0.129768761292936907
-0.508303955233883720 0.845921244266946593 0.129499868127689266
-0.504132937242066648 0.847847917128797590 0.129232757817826449
-0.499789439379270062 0.849814261231336854 0.128967431974918306
-0.497549166452642355 0.850812559848768801 0.128703892199768077
-0.492923240486049186 0.852839841252732711 0.128442140082403289
-0.488091412461131857 0.854908491736842246 0.128182177202065650
-0.483037937728192868 0.857018879417883683 0.127924005127202034
-0.477745454222236909 0.859171112359766176 0.127667625415454483
-0.472194772864082957 0.861364964571626035 0.127413039613651358
-0.466364635456836096 0.863599783371046148 0.127160249257797620
-0.463337493658873723 0.864732206590212771 0.126909255873065646
-0.457043085814802852 0.867026024959028696 0.126660060973786071
-0.450405070498915761 0.869356473355747950 0.126412666063438650
-0.443392421660238512 0.871720273641315768 0.126167072634643274
-0.435970367381820934 0.874112902543167536 0.125923282169150691
-0.432093786579096639 0.875318193422814472 0.125681296137833798
-0.423982828265076273 0.877742017264685925 0.125441116000678810
-0.415355219117244490 0.880175491112271224 0.125202743206776296
-0.406157968994784790 0.882606430250502560 0.124966179194312452
-0.401327238531764885 0.883816161861839866 0.124731425390560466
-0.391160164961275314 0.886212127438979591 0.124498483211871971
-0.380256973059306502 0.888556643169738924 0.124267354063668414
-0.374503634951112718 0.889700451787123647 0.124038039340432532
-0.362335577682540377 0.891908233344559043 0.123810540425700069
-0.349198509962453885 0.893971170159835182 0.123584858692051325
-0.342230279534662674 0.894930815788447687 0.123360995501102993
-0.327412208011345907 0.896662430513108788 0.123138952203499741
-0.319525773335290086 0.897412938501598867 0.122918730138906251
-0.302696201154501299 0.898617654401514532 0.122700330635999083
-0.284303693888943776 0.899316085406309584 0.122483755012458659
-0.274457137714045896 0.899424168898887766 0.122269004574961190
-0.253318578116520809 0.899027200363829326 0.122056080619171087
-0.241962610619310514 0.898457482931635631 0.121844984429732739
-0.217501848827076849 0.896374626195083679 0.121635717280263234
-0.204320789757820698 0.894761608921093465 0.121428280433344166
-0.175853322959322989 0.890080225724673602 0.121222675140514505
-0.160481493014751952 0.886855920707364076 0.121018902642262602
-0.127246829707988784 0.878150692537748245 0.120816964168019139
-0.109302646363186762 0.872424697311016351 0.120616860936149317
-0.090426646397893717 0.865586045550940320 0.120418594153945749
-0.049788490497899518 0.847831561323425964 0.120222165017621091
-0.028018436773596944 0.836472151846685552 0.120027574712300855
0.018256077056572229 0.807421015101817297 0.119834824412016289
0.042575575836003632 0.789066430740287261 0.119643915279697144
0.067461132529231360 0.767650618300660836 0.119454848467164781
0.117742381818017106 0.713900508925071509 0.119267625115125314
0.142239697562567879 0.680652230428517080 0.119082246353162544
0.186491280568106904 0.599266238683096031 0.118898713299731174
0.204272673241541997 0.550526116188597925 0.118717027062150135
0.217489895762238927 0.496330132914452493 0.118537188736595883
0.224661521817926951 0.436988393316508628 0.118359199408095833
0.214594401528510115 0.306355555174197491 0.118183060150521657
0.194519499899798831 0.238156321769273649 0.118008772026582914
0.163159870433146226 0.170992024990021779 0.117836336087820667
0.120395724082315497 0.107570350904076767 0.117665753374601195
0.004520900650799758 0.002870848963892340 0.117497024916109374
-0.064571789168074115 -0.033942944244108514 0.117330151730342946
-0.137461293426728914 -0.058675431291844569 0.117165134824105996
-0.211204840920883929 -0.071184580030341241 0.117001975193003135
-0.283110587647854905 -0.072185335684499252 0.116840673821433358
-0.413293973099300493 -0.045494318386541832 0.116681231682584041
-0.469094222774056879 -0.021418023519212737 0.116523649738425272
-0.518023133391328106 0.007390248763955720 0.116367928939703880
-0.560137798745378168 0.039333248868048676 0.116214070225937813
-0.595790252077312288 0.073076770347366815 0.116062074525410328
-0.625510705879560369 0.107562040216858473 0.115911942755164490
-0.649915868316820577 0.141986681311848439 0.115763675820997711
-0.669643555386729150 0.175769630687935163 0.115617274617456051
-0.685310171588285555 0.208510845751373325 0.115472740027829104
-0.697485938064398736 0.239952349721981845 0.115330072924144461
-0.706682782540647314 0.269943927800260330 0.115189274167162514
-0.713350627460726638 0.298414663345607289 0.115050344606371285
-0.717878843819322432 0.325350281867237467 0.114913285079981331
-0.720600589447296991 0.350775669904721310 0.114778096414920497
-0.721798514275838521 0.374741716446293505 0.114644779426829185
-0.721710878897129704 0.397315614618343027 0.114513334920055415
-0.720537524949566133 0.418573851427849863 0.114383763687649603
-0.718445395818550381 0.438597239257209615 0.114256066511360263
-0.715573471004724126 0.457467470896334993 0.114130244161628980
-0.712037077126553841 0.475264794572061167 0.114006297397585929
-0.707931595127900715 0.492066501223260122 0.113884226967045130
-0.703335612502415608 0.507945993016116981 0.113764033606500142
-0.698313581795566352 0.522972261788348547 0.113645718041119337
-0.698313581795566352 0.522972261788348547 0.113529280984741868
-0.692918049255408786 0.537209651648134723 0.113414723139873122
-0.687191514671685821 0.550717814224356506 0.113302045197680529
-0.681167977932791047 0.563551790500962602 0.113191247837989437
-0.674874221264177176 0.575762171918648424 0.113082331729278909
-0.674874221264177176 0.575762171918648424 0.112975297528677909
-0.668330869424955454 0.587395307134866651 0.112870145881961009
-0.661553263842696526 0.598493530777891469 0.112766877423544909
-0.654552180993283383 0.609095397677940187 0.112665492776484119
-0.654552180993283383 0.609095397677940187 0.112565992552467672
-0.647334420348743889 0.619235911177007159 0.112468377351815099
-0.639903282950416319 0.628946737717516524 0.112372647763472971
-0.639903282950416319 0.628946737717516524 0.112278804365011281
-0.632258958040448960 0.638256402392378464 0.112186847722619942
-0.624398832135295012 0.647190461841360087 0.112096778391105545
-0.624398832135295012 0.647190461841360087 0.112008596913887773
-0.616317732402113072 0.655771651942442135 0.111922303822996186
-0.608008114078935069 0.664020008420026397 0.111837899639067123
-0.608008114078935069 0.664020008420026397 0.111755384871340541
-0.599460199991220910 0.671952958771584341 0.111674760017656721
-0.599460199991220910 0.671952958771584341 0.111596025564453569
-0.590662078790455070 0.679585383980554902 0.111519181986763555
-0.581599767438018556 0.686929648333169718 0.111444229748210735
-0.581599767438018556 0.686929648333169718 0.111371169301008127
-0.572257242576520442 0.693995595324683801 0.111300001085954892
-0.572257242576520442 0.693995595324683801 0.111230725532433697
-0.562616444776429026 0.700790507166526910 0.111163343058408165
-0.562616444776429026 0.700790507166526910 0.111097854070420235
-0.562616444776429026 0.700790507166526910 0.111034258963587817
-0.552657259230814324 0.707319024781093542 0.110972558121602394
-0.552657259230814324 0.707319024781093542 0.110912751916726629
-0.542357476204062161 0.713583024417807410 0.110854840709792277
-0.542357476204062161 0.713583024417807410 0.110798824850197819
-0.531692734571046377 0.719581446089920362 0.110744704675906469
-0.531692734571046377 0.719581446089920362 0.110692480513444172
-0.531692734571046377 0.719581446089920362 0.110642152677897440
-0.520636452019774376 0.725310067965063476 0.110593721472911730
-0.520636452019774376 0.725310067965063476 0.110547187190689372
-0.520636452019774376 0.725310067965063476 0.110502550111987896
-0.509159745978440270 0.730761219596249401 0.110459810506118417
-0.509159745978440270 0.730761219596249401 0.110418968630943887
-0.509159745978440270 0.730761219596249401 0.110380024732877557
-0.509159745978440270 0.730761219596249401 0.110342979046881562
-0.497231350296023389 0.735923425396230124 0.110307831796465444
-0.497231350296023389 0.735923425396230124 0.110274583193684828
-0.497231350296023389 0.735923425396230124 0.110243233439140137
-0.497231350296023389 0.735923425396230124 0.110213782721975392
-0.484817533925791189 0.740780968153817998 0.110186231219877029
-0.484817533925791189 0.740780968153817998 0.110160579099072869
-0.484817533925791189 0.740780968153817998 0.110136826514331099
-0.484817533925791189 0.740780968153817998 0.110114973608959388
-0.484817533925791189 0.740780968153817998 0.110095020514803896
-0.484817533925791189 0.740780968153817998 0.110076967352248589
-0.471882029812904169 0.745313360459008090 0.110060814230214563
-0.471882029812904169 0.745313360459008090 0.110046561246159164
-0.471882029812904169 0.745313360459008090 0.110034208486075674
-0.471882029812904169 0.745313360459008090 0.110023756024492547
-0.471882029812904169 0.745313360459008090 0.110015203924473198
-0.471882029812904169 0.745313360459008090 0.110008552237615381
-0.471882029812904169 0.745313360459008090 0.110003801004051049
-0.471882029812904169 0.745313360459008090 0.110000950252446050
-0.471882029812904169 0.745313360459008090 0.110000000000000001
