0.169543142464380070 0.416279943468866875 0.739999999999999991
0.169543142464380070 0.416279943468866875 0.739999049747553928
0.169543142464380070 0.416279943468866875 0.739996198995948928
0.169543142464380070 0.416279943468866875 0.739991447762384680
0.169543142464380070 0.416279943468866875 0.739984796075526807
0.169543142464380070 0.416279943468866875 0.739976243975507431
0.171484914835342478 0.376029638493887375 0.739965791513924276
0.171484914835342478 0.376029638493887375 0.739953438753840897
0.171484914835342478 0.376029638493887375 0.739939185769785457
0.171484914835342478 0.376029638493887375 0.739923032647751389
0.171484914835342478 0.376029638493887375 0.739904979485196068
0.171484914835342478 0.376029638493887375 0.739885026391040590
0.171484914835342478 0.376029638493887375 0.739863173485668879
0.171484914835342478 0.376029638493887375 0.739839420900927136
0.171484914835342478 0.376029638493887375 0.739813768780122949
0.167838110995182560 0.313830732148145719 0.739786217278024627
0.167838110995182560 0.313830732148145719 0.739756766560859869
0.167838110995182560 0.313830732148145719 0.739725416806315206
0.167838110995182560 0.313830732148145719 0.739692168203534561
0.142987280837119229 0.208909024397090026 0.739657020953118471
0.142987280837119229 0.208909024397090026 0.739619975267122420
0.142987280837119229 0.208909024397090026 0.739581031369056063
0.142987280837119229 0.208909024397090026 0.739540189493881561
0.024202280469014500 0.022370995713900506 0.739497449888012137
0.024202280469014500 0.022370995713900506 0.739452812809310633
0.024202280469014500 0.022370995713900506 0.739406278527088290
0.024202280469014500 0.022370995713900506 0.739357847322102524
-0.495010478005220800 -0.091579384094590460 0.739307519486555820
-0.495010478005220800 -0.091579384094590460 0.739255295324093509
-0.495010478005220800 -0.091579384094590460 0.739201175149802103
-0.733921746050871460 0.663439830474616188 0.739145159290207743
-0.733921746050871460 0.663439830474616188 0.739087248083273307
-0.327379416600220352 0.876406985723471532 0.739027441878397529
-0.327379416600220352 0.876406985723471532 0.738965741036412216
-0.327379416600220352 0.876406985723471532 0.738902145929579812
-0.137873059597836300 0.840295719041513900 0.738836656941591730
-0.137873059597836300 0.840295719041513900 0.738769274467566239
-0.051330104328390913 0.795435516504932494 0.738699998914045142
-0.051330104328390913 0.795435516504932494 0.738628830698991878
-0.004702483164319204 0.761384900530847730 0.738555770251789201
-0.004702483164319204 0.761384900530847730 0.738480818013236395
0.023781902507448938 0.736262601935195660 0.738403974435546395
0.023781902507448938 0.736262601935195660 0.738325239982343340
0.042805078512429540 0.717329288881515481 0.738244615128659576
0.042805078512429540 0.717329288881515481 0.738162100360932882
0.056362647902696072 0.702668050233096864 0.738077696177003806
0.056362647902696072 0.702668050233096864 0.737991403086112219
0.066510956947354594 0.691027570381813394 0.737903221608894433
0.066510956947354594 0.691027570381813394 0.737813152277379980
0.074403514449699282 0.681583821357978237 0.737721195634988725
0.080732575758440284 0.673780252503287880 0.737627352236526979
0.080732575758440284 0.673780252503287880 0.737531622648184837
0.085936642927283924 0.667230396552071059 0.737434007447532291
0.090305992703779703 0.661658746318944613 0.737334507223515900
0.090305992703779703 0.661658746318944613 0.737233122576455124
0.094039934183546892 0.656864163803823065 0.737129854118038996
0.097279592894662870 0.652696651093760072 0.737024702471322124
0.097279592894662870 0.652696651093760072 0.736917668270721027
0.100127552455276603 0.649042214205978629 0.736808752162010583
0.102660086297825859 0.645812752399428480 0.736697954802319477
0.102660086297825859 0.645812752399428480 0.736585276860126870
0.104935033240946773 0.642939147523951093 0.736470719015258179
0.106997017754446977 0.640366440357741262 0.736354281958880641
0.108880999601933481 0.638050398688476350 0.736235966393499863
0.110614742626000795 0.635955032771640338 0.736115773032954834
0.110614742626000795 0.635955032771640338 0.735993702602414035
0.112220566707087410 0.634050767920701031 0.735869755838370998
0.113716613666466626 0.632313080866008348 0.735743933488639756
0.115117776956422502 0.630721468648582473 0.735616236312350402
0.116436394575495150 0.629258659439367873 0.735486665079944646
0.116436394575495150 0.629258659439367873 0.735355220573170709
0.117682772482065046 0.627910001744977797 0.735221903585079439
0.118865584841725769 0.626662986796502564 0.735086714920018758
0.119992183556536736 0.625506871501269046 0.734949655393628665
0.121068840125943489 0.624432378148481737 0.734810725832837464
0.122100936446453645 0.623431453278228909 0.734669927075855544
0.123093116670259489 0.622497072565438292 0.734527259972170943
0.124049409068878069 0.621623081812482381 0.734382725382543899
0.124973324573459887 0.620804066499169194 0.734236324179002309
0.125867937035199856 0.620035244084129022 0.734088057244835501
0.126735949025883948 0.619312374574789049 0.733937925474589692
0.127579746131398108 0.618631685843088808 0.733785929774062096
0.128401442008934830 0.617989810940511530 0.733632071060296154
0.129202915992155803 0.617383735213858809 0.733476350261574761
0.129985844634965042 0.616810751492148590 0.733318768317415937
0.130751728308840132 0.616268421934306754 0.733159326178566717
0.131501913728566039 0.615754545419308519 0.732998024806996828
0.132237613117135111 0.615267129558230819 0.732834865175894024
0.132959920579397428 0.614804366582765938 0.732669848269657087
0.133669826145959958 0.614364612500640561 0.732502975083890617
0.134368227864916173 0.613946369009595205 0.732334246625398921
0.135055942250344480 0.613548267758610599 0.732163663912179352
0.135733713344476231 0.613169056601229334 0.731991227973417091
0.136402220596686663 0.612807587561642997 0.731816939849478376
0.137713878829564540 0.612133742619244914 0.731640800591904172
0.138358123489791429 0.611819502613328181 0.731462811263404067
0.138995301603963783 0.611519261022606786 0.731282972937849940
0.139625857401049130 0.611232254961581623 0.731101286700268749
0.140250201091777271 0.610957778137864227 0.730917753646837420
0.140868712090712916 0.610695175734311757 0.730732374884874636
0.142089616562176363 0.610203205329046927 0.730545151532835280
0.142692639138689847 0.609972746241234098 0.730356084720302889
0.143291091548270050 0.609751972429103395 0.730165175587983772
0.143885236497825864 0.609540426609553543 0.729972425287699123
0.145061568364452526 0.609143338294454106 0.729777834982378915
0.145644198507949602 0.608957022669909254 0.729581405846054243
0.146223410180441549 0.608778384599247602 0.729383139063850661
0.147372319264485047 0.608442847491414862 0.729183035831980852
0.147942359400608486 0.608285350463734220 0.728981097357737307
0.148509668226950220 0.608134332146759937 0.728777324859485542
0.149074392971000613 0.607989536149137422 0.728571719566655895
0.150196637893752344 0.607717658897307333 0.728364282719736744
0.150754413097685003 0.607590135170554824 0.728155015570267294
0.151863855703483347 0.607350902723844843 0.727943919380828919
0.152415739446149667 0.607238821240743132 0.727730995425038829
0.152965866505483744 0.607131531134241342 0.727516244987541416
0.154061225646878713 0.606930684532356102 0.727299669364000922
0.154606633935998522 0.606836828599890632 0.727081269861093782
0.155693317600633874 0.606661559958029395 0.726861047796500293
0.156234745605402486 0.606579891529339887 0.726639004498896957
0.156774993801829798 0.606502040505465523 0.726415141307948709
0.157852220358239176 0.606357346201772618 0.726189459574299923
0.158389326426821020 0.606290294116804906 0.725961960659567529
0.159460823976236121 0.606166295153026558 0.725732645936331688
0.159995328276691523 0.606109167964574702 0.725501516788128020
0.161062113894303111 0.606004238541601792 0.725268574609439609
0.161594495700631557 0.605956279956002763 0.725033820805687568
0.162657475166380572 0.605869010451270507 0.724797256793223710
0.163718374045603743 0.605792822513273377 0.724558883999321224
0.164248149612297833 0.605758726922105195 0.724318703862166235
0.165306554013432971 0.605698241719205610 0.724076717830849370
0.165835259612110625 0.605671743244524774 0.723832927365356760
0.166891861232177918 0.605625979524889058 0.723587333936561383
0.167419827651601461 0.605606618647353545 0.723339939026213963
0.168475260752442402 0.605574714476428966 0.723090744126934415
0.169530243069633380 0.605551622355406161 0.722839750742202303
0.170057643123130126 0.605543282808225003 0.722586960386348620
0.171112410755988958 0.605532834257195951 0.722332374584545467
0.172167327362628547 0.605530466318030758 0.722075994872797944
0.172694911475246848 0.605532232455676223 0.721817822797934383
0.173750466620100991 0.605541515342176817 0.721557859917596800
0.174806712548473520 0.605558279297319757 0.721296107800231900
0.175335158533083041 0.605569400661139623 0.721032568025081755
0.176392821086421264 0.605596998569814859 0.720767242182173473
0.177451673064672300 0.605631582297162741 0.720500131872310767
0.178511904465944338 0.605672978001124740 0.720231238707063071
0.179042595587863979 0.605696179353355069 0.719960564308756767
0.180105242748952843 0.605747493228056433 0.719688110310464868
0.181169725959419631 0.605805235135169817 0.719413878355997460
0.182236221849985447 0.605869269240312369 0.719137870099891496
0.183304904275977121 0.605939468584479446 0.718860087207401133
0.183840119106794347 0.605976842790014736 0.718580531354487628
0.184912402190079539 0.606056069555486188 0.718299204227808685
0.185987296769561106 0.606141178297120442 0.718016107524709124
0.187064969830923494 0.606232067706229394 0.717731242953210224
0.188145587086502364 0.606328642493267012 0.717444612231999179
0.189229313237843061 0.606430812894166449 0.717156217090419101
0.189772393401136746 0.606483969797679601 0.716866059268458589
0.190861090084562618 0.606594376297534432 0.716574140516741065
0.191953304523977186 0.606710175303379895 0.716280462596514012
0.193049199656481929 0.606831293071944167 0.715985027279638975
0.194148938356099560 0.606957659625227963 0.715687836348580131
0.195252683604571681 0.607089208443465811 0.715388891596394072
0.196360598649789858 0.607225876180838453 0.715088194826718926
0.197472847155884201 0.607367602404455864 0.714785747853762921
0.198589593344231652 0.607514329352766946 0.714481552502294504
0.199711002123931947 0.607666001713173198 0.714175610607630129
0.200837239218791735 0.607822566416329146 0.713867924015623934
0.201968471284687673 0.607983972445743870 0.713558494582656633
0.203104866023235603 0.608150170661897471 0.713247324175623976
0.204246592290329015 0.608321113638530808 0.712934414671925309
0.205393820199287896 0.608496755511290788 0.712619767959453143
0.206546721222315932 0.608677051837034799 0.712303385936580713
0.207705468286043277 0.608861959461752367 0.711985270512151103
0.208870235867376103 0.609051436399554835 0.711665423605465697
0.210041200084443880 0.609245441717174097 0.711343847146272412
0.211218538787854154 0.609443935427672168 0.711020543074754374
0.212996892555300021 0.609750006316063686 0.710695513341517593
0.214190957736134252 0.609959551384079202 0.710368759907580083
0.215392034794407605 0.610173450943348294 0.710040284744359096
0.216600310462235240 0.610391668102513996 0.709710089833660129
0.217815973684929803 0.610614166429754635 0.709378177167664048
0.219039215705923274 0.610840909878111127 0.709044548748915870
0.220270230156545094 0.611071862714363423 0.708709206590312113
0.222131754818516103 0.611426106992100982 0.708372152715089243
0.223383063940824966 0.611667428412895675 0.708033389156810689
0.224642843281104843 0.611912835657981824 0.707692917959355072
0.225911298320319559 0.612162293589648687 0.707350741176904108
0.227830704433530651 0.612543998550757696 0.707006860873929721
0.229121766887822320 0.612803429071072658 0.706661279125181618
0.230422247605601482 0.613066786602019520 0.706313998015675182
0.231732365838267201 0.613334035366071118 0.705965019640678482
0.233716101388849351 0.613742125549211925 0.705614346105699508
0.235051294823898582 0.614018943731698519 0.705261979526474403
0.236396920175577036 0.614299525146763115 0.704907922028953582
0.237753212595014252 0.614583832182728163 0.704552175749289300
0.239808175871441626 0.615017194571694348 0.704194742833822995
0.241192190306808968 0.615310647185129067 0.703835625439072410
0.242587725959700073 0.615607688839411415 0.703474825731717712
0.244703187367560360 0.616059891500457368 0.703112345888589618
0.246128644665792123 0.616365725760208427 0.702748188096655402
0.248290217166090593 0.616830918325340538 0.702382354553006127
0.249747251462478559 0.617145276142706534 0.702014847464843106
0.251217397014009691 0.617462964253085556 0.701645669049464793
0.253447817753111204 0.617945637421215888 0.701274821534253578
0.254951987872623853 0.618271442439311425 0.700902307156661686
0.257234817238964464 0.618766057855189455 0.700528128164198294
0.258774861682656565 0.619099663395474065 0.700152286814415881
0.260329794235493295 0.619436294910638008 0.699774785374896457
0.262690803242891291 0.619946791681109000 0.699395626123237801
0.264284356648954222 0.620290736493377848 0.699014811347040133
0.266704841376260215 0.620811920075145185 0.698632343343891682
0.268339099898155298 0.621162792697977917 0.698248224421355368
0.270822268847861036 0.621694058215607193 0.697862456896954697
0.272499428273794919 0.622051436415958836 0.697475043098159664
0.275048663963168627 0.622592119826952617 0.697085985362372984
0.276771040749585029 0.622955539073020814 0.696695286036915662
0.279389913996250905 0.623504908318499695 0.696302947479013001
0.282052367866370002 0.624059105674460435 0.695908972055780284
0.283852240605287909 0.624431100509389658 0.695513362144208891
0.286590476174464426 0.624992645468448127 0.695116120131151316
0.288442227404636764 0.625369228199698868 0.694717248413307176
0.291260380923613615 0.625937161650659935 0.694316749397208888
0.294128573990779185 0.626508422382441421 0.693914625499206461
0.296069308138892207 0.626890909344707259 0.693510879145453840
0.299024566847278517 0.627466787141249593 0.693105512771893584
0.301024928973913752 0.627851938212322103 0.692698528824242432
0.304072084940499199 0.628431152256566317 0.692289929757976541
0.307176825660042674 0.629011689035086308 0.691879718038316605
0.309279589882787587 0.629399176187667830 0.691467896140213090
0.312484610386371764 0.629980665228379921 0.691054466548331137
0.315752505212628043 0.630561906172264042 0.690639431757035682
0.317967079208986203 0.630948933156158187 0.690222794270376361
0.321344534387495107 0.631528245650311515 0.689804556602072627
0.324790727897238063 0.632105407849608558 0.689384721275498102
0.328308022577138314 0.632679605453894345 0.688963290823665919
0.330693596617959495 0.633060326675144003 0.688540267789212845
0.334334907612992338 0.633627602075351848 0.688115654724384629
0.338054104326726446 0.634189422233617961 0.687689454191019900
0.341853926419759757 0.634744717400076652 0.687261668760535072
0.344433337753394686 0.635110723131556809 0.686832301013909019
0.348373938015194784 0.635652534923452195 0.686401353541667092
0.352403046176775869 0.636184539027408347 0.685968828943865794
0.356523851144218029 0.636705321200028429 0.685534729830076905
0.360739678574178435 0.637213353707944519 0.685099058819371831
0.365053997484246717 0.637706985483384892 0.684661818540305611
0.367986708474297375 0.638027197234666055 0.684223011630901601
0.372473300095091164 0.638492789277761652 0.683782640738634817
0.377068388040211144 0.638938889798101650 0.683340708520416507
0.381776028008011747 0.639363295596299341 0.682897217642577936
0.386600453544231892 0.639763620624420715 0.682452170780854406
0.391546084173341469 0.640137279634850787 0.682005570620368706
0.396617533765756147 0.640481470263871255 0.681557419855615576
0.401819619101702941 0.640793153391186476 0.681107721190444715
0.407157368610816361 0.641069031597375383 0.680656477338045240
0.412636031227349653 0.641305525521968622 0.680203691020928702
0.416369453684621527 0.641439401861880643 0.679749364970912762
0.422095262941012128 0.641601452097703251 0.679293501929105314
0.427977128235627224 0.641712989111076659 0.678836104645886729
0.434021182915685144 0.641769157402027224 0.678377175880894634
0.440233821547018955 0.641764674428352166 0.677916718403006269
0.446621707775820331 0.641693790230142724 0.677454734990322271
0.453191781502991997 0.641550242999698428 0.676991228430149805
0.459951265127443332 0.641327210176154128 0.676526201518985459
0.466907668560965827 0.641017254602488817 0.676059657062499042
0.474068792651955562 0.640612265238586165 0.675591597875515815
0.483949442686585019 0.639909037080729548 0.675122026782000395
0.491620224530551542 0.639246471643165948 0.674650946615038660
0.499523828658902491 0.638456079661210985 0.674178360216821981
0.507669295104323903 0.637525985700492681 0.673704270438628683
0.516065923779330804 0.636443207102400432 0.673228680140807945
0.524723253217509233 0.635193545201820808 0.672751592192761816
0.533651031644406193 0.633761465833712623 0.672273009472928451
0.542859178746823434 0.632129968217829630 0.671792934868764235
0.552357736211709249 0.630280441290322901 0.671311371276726909
0.562156804755467920 0.628192506552031071 0.670828321602257471
0.575707099424298097 0.624998861209051237 0.670343788759763304
0.586246340304096614 0.622264148510838777 0.669857775672599853
0.597119017827424381 0.619208017274816447 0.669370285273053756
0.608334294569177536 0.615800248092543190 0.668881320502324628
0.619900691922909974 0.612007756638797584 0.668390884310507527
0.631825854625819971 0.607794336749259534 0.667898979656575076
0.648295149388898984 0.601452697967691075 0.667405609508359698
0.661079995174186363 0.596096714093912738 0.666910776842535635
0.674238666157373490 0.590172992397098417 0.666414484644600846
0.687770921164161275 0.583628526819069071 0.665916735908859470
0.706388593473038173 0.573836598617451288 0.665417533638403169
0.720772368224341875 0.565610920267337058 0.664916880845093483
0.735501673637297793 0.556552695164119315 0.664414780549543171
0.750556574140107124 0.546586978241348054 0.663911235781098785
0.771088016950293387 0.531747902929585070 0.663406249577821461
0.786781687582328360 0.519342558084208816 0.662899824986468933
0.802673964925021299 0.505740891047649410 0.662391965062477772
0.818702480815652001 0.490845592562028588 0.661882672869943733
0.840150437643484849 0.468797864072456605 0.661371951481604547
0.856168450901089395 0.450487132785898581 0.660859803978820493
0.871997267797194553 0.430539430427818004 0.660346233451555964
0.892559683982460550 0.401221441687328984 0.659831242998361267
0.907353522528488554 0.377070115168683162 0.659314835726353410
0.925857612289057941 0.341830670537248971 0.658797014751197674
0.938515338036272517 0.313044317913511616 0.658277783197088628
0.949831334547745154 0.282200498571267389 0.657757144196731369
0.962316733839632343 0.237884207658913771 0.657235100891322421
0.969308561738593477 0.202320850637034810 0.656711656430531421
0.973885117452243709 0.164884150240061145 0.656186813972481464
0.975619096012262599 0.112366157573599246 0.655660576683730012
0.973192181037084270 0.071357274000854065 0.655132947739250349
0.964373241890805200 0.015169172192739389 0.654603930322411820
0.953217131852566513 -0.027547412789883541 0.654073527624961182
0.931910248959047394 -0.084302169626963297 0.653541742847002838
0.910979610616503344 -0.125974433658115226 0.653008579196979855
0.876518456743903829 -0.179182275104591837 0.652474039891654756
0.845965086104264241 -0.216519809416727771 0.651938128156089536
0.799518498471395667 -0.261763283082326159 0.651400847223626678
0.760956475606026972 -0.291620088098273555 0.650862200335869279
0.705586337032748423 -0.325208813062763558 0.650322190742662065
0.661882530196882035 -0.345366046448070008 0.649780821702071409
0.601934281543334393 -0.365259360149087220 0.649238096480365567
0.556547015867406847 -0.374942406072803602 0.648694018351995028
0.496605582766296239 -0.381118741548154560 0.648148590599572971
0.452771976609180005 -0.381011486611058825 0.647601816513855399
0.396670961721648008 -0.375161399616702862 0.647053699393721038
0.356805199540649043 -0.366980935705594646 0.646504242546151686
0.307075521214348501 -0.351780696597514264 0.645953449286212344
0.261594994917594303 -0.332552555652816328 0.645401322937030675
0.230380028977334228 -0.316040954537857688 0.644847866829777683
0.192629863592169354 -0.291915207105420849 0.644293084303647068
0.167159648402055105 -0.272651352791392076 0.643736978705835461
0.136830031307621086 -0.245935003518667095 0.643179553391521885
0.110408235320164957 -0.218547930110255306 0.642620811723847774
0.092975652149530241 -0.197844765432566294 0.642060757073896426
0.072653868793442752 -0.170320057374478417 0.641499392820673031
0.059426600952282721 -0.149897190296003624 0.640936722351083898
0.044220912146187216 -0.123144814207289316 0.640372749059916258
0.031515110091811696 -0.097094801984884169 0.639807476349817827
0.021025227787370378 -0.071868594560126314 0.639240907631276056
0.014454390623125283 -0.053538656845244462 0.638673046322597582
0.007230385699545785 -0.029925066814875282 0.638103895849887803
0.001565140121797000 -0.007278840819126487 0.637533459647030010
-0.001778274121986661 0.009066802086545214 0.636961741155665062
-0.005168511152336457 0.030015336973333820 0.636388743825169967
-0.007480435333952273 0.050014854362184349 0.635814471112637336
-0.008589818181795460 0.064407721419793965 0.635238926482855071
-0.009334023909161805 0.082815202049111955 0.634662113408284490
-0.009336673735854610 0.100361086816250722 0.634084035369040122
-0.008692153712527934 0.117084021768547597 0.633504695852868616
-0.007482564346808704 0.133023932215528551 0.632924098355127196
-0.006247805761689290 0.144489216182861480 0.632342246378763129
-0.004215175692459022 0.159155413745901086 0.631759143434292514
-0.001791497088128938 0.173147928056360922 0.631174793039778748
0.000975197885835319 0.186504741415777664 0.630589198720811650
0.003250144629326143 0.196127208078560128 0.630002364010486038
0.006520761833633273 0.208458482086833319 0.629414292449380408
0.010033645077811362 0.220250581797750672 0.628824987585535511
0.013761386504212478 0.231535427752117745 0.628234452974433477
0.017680564243481994 0.242343210573917361 0.627642692178975614
0.021771269620577668 0.252702421417140111 0.627049708769460978
0.026016704291230944 0.262639905075938374 0.626455506323565503
0.029293786516487549 0.269831516351510980 0.625860088426319683
0.033777745290990327 0.279090872700396064 0.625263458670087813
0.038383691632815867 0.287994434534227184 0.624665620654545006
0.043103895369007980 0.296563560411675087 0.624066577986656545
0.047932577583433583 0.304818357286807617 0.623466334280656009
0.052865798347144777 0.312777774009264264 0.622864893158023070
0.057901386349844070 0.320459695204742157 0.622262258247461841
0.063038911478946608 0.327881035146250555 0.621658433184878789
0.068279703240440942 0.335057831600976797 0.621053421613361412
0.073626920218124087 0.342005339988044832 0.620447227183155481
0.077710173503947905 0.347074287731225450 0.619839853551643394
0.083257233696946764 0.353655237490529739 0.619231304383322301
0.088930150171687344 0.360045600006032029 0.618621583349781567
0.094740734207224370 0.366258560745684691 0.618010694129680793
0.100704043247387021 0.372306997827693276 0.617398640408728050
0.106839078452081931 0.378203594218985584 0.616785425879656679
0.113169738328209701 0.383960955336909660 0.616171054242203975
0.119726130559607929 0.389591730083757692 0.615555529203088425
0.126546395639289266 0.395108729300002182 0.614938854475987173
0.133679277851518424 0.400525027081411689 0.614321033781514036
0.141187813325175271 0.405854012941971432 0.613702070847196968
0.149154730566737975 0.411109326440313283 0.613081969407454963
0.157690551095769682 0.416304529141434343 0.612460733203576524
0.166946083855650962 0.421452201996702414 0.611838365983696564
0.177132330429975171 0.426561780355172782 0.611214871502773316
0.191650361222121896 0.432895549988948192 0.610590253522566684
0.205280094125636775 0.437891751373355453 0.609964515811614816
0.221543665650922678 0.442735679312692865 0.609337662145211567
0.241770102145297039 0.447189317621437654 0.608709696305383963
0.268330717097758242 0.450601016475482730 0.608080622080868771
0.305821762095039973 0.451049841389364992 0.607450443267090412
0.363988674447443761 0.441999092423794704 0.606819163666137418
0.463560651555269931 0.395693351431574580 0.606186787086739787
0.593408500865823862 0.172344578551744065 0.605553317344246333
0.210711949095465173 -0.164528741171246273 0.604918758260600598
-0.034190615848964732 0.132593239181327344 0.604283113664319305
0.011119861773695311 0.308082039427480026 0.603646387390467831
0.050817157094828508 0.361620258283047280 0.603008583280637778
0.080422032406120614 0.390564673237885351 0.602369705182924098
0.103066648638090896 0.408754684313128114 0.601729756951901340
0.121207022563683375 0.421452041556359347 0.601088742448600111
0.136360726145955985 0.431005124224737024 0.600446665540484759
0.152493574763474526 0.440271442654790846 0.599803530101429061
0.163844743164136053 0.446293963986285736 0.599159340011693797
0.174211581205532234 0.451464965976007826 0.598514099157902213
0.183840424369180772 0.456001582981938047 0.597867811433017704
0.192906319181041952 0.460047641401119867 0.597220480736319392
0.203638333422781620 0.464562841359238643 0.596572110973379255
0.211856119638863971 0.467822976516277578 0.595922706056038476
0.219822000320087307 0.470822004143943817 0.595272269902383133
0.227588993509298648 0.473594683476517564 0.594620806436721661
0.235199071099359253 0.476167247541468774 0.593968319589560312
0.244541740794829598 0.479131634431816722 0.593314813297580179
0.251912592791077916 0.481320391563703320 0.592660291503612213
0.259215298403556393 0.483359142406924014 0.592004758156615130
0.266467876334125608 0.485256683441404435 0.591348217211650096
0.275486059408590611 0.487440298577782705 0.590690672629857860
0.282678092180457419 0.489042771277574007 0.590032128378433995
0.289861890110295062 0.490520991945903928 0.589372588430605804
0.298844229755561741 0.492198122884261569 0.588712056765608116
0.306042067638654380 0.493405511836890076 0.588050537368658643
0.313258290498845404 0.494494658616598248 0.587388034230934886
0.320499264625502545 0.495465980557956709 0.586724551349549261
0.329594020236734786 0.496514216189535729 0.586060092727525461
0.336911010873204408 0.497219268898728639 0.585394662373774133
0.344269809199468424 0.497804400525548862 0.584728264303068901
0.353533878139599134 0.498364744076626898 0.584060902536021609
0.361002705278814617 0.498673698643730012 0.583392581099058893
0.368527049737052859 0.498856169783826631 0.582723304024396649
0.378016450199519183 0.498901995202937432 0.582053075350017379
0.385679775964659521 0.498788800720860848 0.581381899119644441
0.395354884674741003 0.498453758279529813 0.580709779382718061
0.403176371693429125 0.498025633294507664 0.580036720194371247
0.411074422433350739 0.497449971269372571 0.579362725615404806
0.421060778063746866 0.496514634938434951 0.578687799712263029
0.429146015055049568 0.495586355101305109 0.578011946557009382
0.437321521765182963 0.494490714540182230 0.577335170227301964
0.447675065101263314 0.492874175845191886 0.576657474806368309
0.456071431543892958 0.491372922968312753 0.575978864382981293
0.466717887335263315 0.489220443802531157 0.575299343051434375
0.475363239616008515 0.487264339849044381 0.574618914911516843
0.486341131311686103 0.484506014390844619 0.573937584068489048
0.495269433762478895 0.482031331985233291 0.573255354633057546
0.504336385922508512 0.479300690592663448 0.572572230721350661
0.515879014164404959 0.475498634384579733 0.571888216454893183
0.525292715410912936 0.472119397650114458 0.571203315960581826
0.537303185583272391 0.467431459909662228 0.570517533370660246
0.547122004370842241 0.463273332169748031 0.569830872822694068
0.559682518515439820 0.457507342869337308 0.569143338459545789
0.569980564079923258 0.452387827071647430 0.568454934429350356
0.583195520615281793 0.445270438787408906 0.567765664885489074
0.594066664389117483 0.438925681356112207 0.567075533986565739
0.608067351617106011 0.430054601327681363 0.566384545896380986
0.619628068874177096 0.422088922746923778 0.565692704783906763
0.634573451864050453 0.410848341022118924 0.565000014823262009
0.646959041145360958 0.400642762955755238 0.564306480193686899
0.663020109096613131 0.386046125300934628 0.563612105079517756
0.676356098115964643 0.372583832920231117 0.562916893670161955
0.693641707473304781 0.352965471715302681 0.562220850160072394
0.707928366972108924 0.334480170948579014 0.561523978748722397
0.726204887919157938 0.306857716789764423 0.560826283640580292
0.740889100927334288 0.280091316895769493 0.560127769045084101
0.758532864818957653 0.238807025117354993 0.559428439176616110
0.770870751014782085 0.197452000948369094 0.558728298254477340
0.780725556708066093 0.131550333791957796 0.558027350502862229
0.779117335678235934 0.063950884148553100 0.557325600150833100
0.751608595341281438 -0.043157810388028961 0.556623051432294513
0.690526920105779318 -0.144472977081812060 0.555919708585968286
0.530408981015919823 -0.260381671981926799 0.555215575855366850
0.274062298406205829 -0.272632112467154353 0.554510657488768932
0.080794797318728628 -0.148687721579128185 0.553804957739192694
-0.015997027629118567 0.097397924765174254 0.553098480864371078
0.013945005741153871 0.266926051143665743 0.552391231126725279
0.104290507575157010 0.401751148423988458 0.551683212793339983
0.199293136457189324 0.471818636095538646 0.550974430135936832
0.265823948506293484 0.500287468602241603 0.550264887430848670
0.335402614107370767 0.516748207754093691 0.549554588958994228
0.381664964806545215 0.521083798760191175 0.548843539005852032
0.430210529656038787 0.520294776731688335 0.548131741861434318
0.470786866981480756 0.515511558346178234 0.547419201820261936
0.498825976543046834 0.510000131507128418 0.546705923181337261
0.529571477118772060 0.501843502244263995 0.545991910248119217
0.556542029702910557 0.492817006485294917 0.545277167328497070
0.575947762950774322 0.485203355439143613 0.544561698734763899
0.598004511058817245 0.475368620109015538 0.543845508783591502
0.618049010284655753 0.465295263359211841 0.543128601796003752
0.632878223278345753 0.457114823784600721 0.542410982097350503
0.650141766849518077 0.446773324513541181 0.541692654017281949
0.666195697527273256 0.436325468930673588 0.540973621889721756
0.678286079603941605 0.427899259787200004 0.540253890052841745
0.692575962042133120 0.417286273008570407 0.539533462849035028
0.706056674748649082 0.406585331610361700 0.538812344624890471
0.716320785277729688 0.397960533057155619 0.538090539731165718
0.728563621444823339 0.387097499472325968 0.537368052522761430
0.740211496458060503 0.376140659498489238 0.536644887358695422
0.749135895729845847 0.367305734830618569 0.535921048602074901
0.759834595822989289 0.356173136046336269 0.535196540620071826
0.770058501548285479 0.344939831381483097 0.534471367783895701
0.777915564660461190 0.335879729835487084 0.533745534468767047
0.787354916100380331 0.324462181876677191 0.533019045053891527
0.796388957057140301 0.312941961415589165 0.532291903922433307
0.805034824756509781 0.301319824346313214 0.531564115461488407
0.811681686325596230 0.291949730640043814 0.530835684062058610
0.819663117172033662 0.280148468758244840 0.530106614119024488
0.827290567965830559 0.268251378352482917 0.529376910031119641
0.834572690735055467 0.256261948905076697 0.528646576200903162
0.840154714023450100 0.246606664892103838 0.527915617034733886
0.846832988933391317 0.234461774606160522 0.527184036942743628
0.853183926053959096 0.222237468991355241 0.526451840338810095
0.859212415526307782 0.209939333473897483 0.525719031640530909
0.863805993193097144 0.200051693156031996 0.524985615269196515
0.869264818385456550 0.187636057938052381 0.524251595649763980
0.874412531931558434 0.175164312538566069 0.523516977210829459
0.879252704158329013 0.162643360508703094 0.522781764384602554
0.882905743241412133 0.152595947882811722 0.522045961606878439
0.887201051479304059 0.140004472690720971 0.521309573317012220
0.891198477025323843 0.127384094168889461 0.520572603957891289
0.894901526463492525 0.114742252498912345 0.519835057975908787
0.898313803628866703 0.102086408179513199 0.519096939820936853
0.900836770563454015 0.091956648962221887 0.518358253946300196
0.903735152298970501 0.079294290500233178 0.517619004808748007
0.906353578511517766 0.066638545784070913 0.516879196868428425
0.908696213594695434 0.053996557382743393 0.516138834588860784
0.910767388384368881 0.041375294798692119 0.515397922436909073
0.912231892049147453 0.031297761538728708 0.514656464882754738
0.913825871993981909 0.018730701330803345 0.513914466399869707
0.915161368997049918 0.006202714702921219 0.513171931464990072
0.916243294123049168 -0.006280134095361101 0.512428864558087671
0.917076683265193093 -0.018712067310614422 0.511685270162344774
0.917666681630052494 -0.031087606936662515 0.510941152764125550
0.917966956135852774 -0.040943951545322321 0.510196516852949977
0.918132101726045535 -0.053205171037820354 0.509451366921466198
0.918068700483090305 -0.065396325756674478 0.508705707465423762
0.917782156654943004 -0.077513141255641516 0.507959542983646317
0.917277900628851506 -0.089551663576024454 0.507212877978004517
0.916561372055856971 -0.101508256078331860 0.506465716953388712
0.915838964407872380 -0.111012296225213691 0.505718064417682078
0.914754021425204233 -0.122813242658574351 0.504969924881733090
0.913471952230130890 -0.134523714076093703 0.504221302859328868
0.911998092451785980 -0.146141218272099638 0.503472202867166985
0.910337718558948295 -0.157663541437565280 0.502722629424828926
0.908496036882948110 -0.169088736661028638 0.501972587054753117
0.906478173860765679 -0.180415111763684355 0.501222080282206495
0.904289167502310587 -0.191641216619844346 0.500471113635258535
0.902418063786569524 -0.200549078000683390 0.499719691644752828
0.899933385577290634 -0.211591764781294822 0.498967818844280431
0.897291142055892887 -0.222531297300146425 0.498215499770152170
0.894495978096591204 -0.233367025452880683 0.497462738961371664
0.891552425191624920 -0.244098478039643130 0.496709540959607176
0.888464899258150087 -0.254725349883682173 0.495955910309165471
0.885237699345510665 -0.265247489235241329 0.495201851556962724
0.881875007175086600 -0.275664885523284664 0.494447369252498770
0.878380887449014436 -0.285977657504828398 0.493692467947828284
0.875493621205763017 -0.294152700957737823 0.492937152197534589
0.871772805643601822 -0.304277817876778711 0.492181426558700674
0.867931332092175767 -0.314299235796851650 0.491425295590883215
0.863972834886145291 -0.324217465072023925 0.490668763856084045
0.859900841375338731 -0.334033095221960841 0.489911835918723060
0.855718775363681239 -0.343746786046760289 0.489154516345610635
0.851429960860463408 -0.353359259332863884 0.488396809705919865
0.847037626084390816 -0.362871291143323449 0.487638720571159257
0.842544907646047392 -0.372283704721478148 0.486880253515145078
0.837954854846806541 -0.381597364006772688 0.486121413113973777
0.833270434028741347 -0.390813167765662217 0.485362203945993942
0.828494532901559166 -0.399932044350993554 0.484602630591779604
0.824609839124366140 -0.407157997946323347 0.483842697634101593
0.819676315650044507 -0.416104822159402143 0.483082409657900780
0.814659014662477809 -0.424957438951066080 0.482321771250259546
0.809560562275418727 -0.433716852110777151 0.481560787000374912
0.804383524451080190 -0.442384078328198038 0.480799461499530345
0.799130409966710031 -0.450960145402972801 0.480037799341068050
0.793803672951427397 -0.459446090986152078 0.479275805120361664
0.788405714948090752 -0.467842961817007186 0.478513483434788112
0.782938886458570238 -0.476151813425261861 0.477750838883700013
0.777405487943539253 -0.484373710249504263 0.476987876068398153
0.771807770242745828 -0.492509726135385073 0.476224599592103282
0.766147934406764985 -0.500560945154769676 0.475461014059928577
0.760428130929901469 -0.508528462694531780 0.474697124078852117
0.754650458383715472 -0.516413386760849247 0.473932934257688454
0.748816961456802321 -0.524216839444114791 0.473168449207061581
0.742929628431675204 -0.531939958472006147 0.472403673539376345
0.736990388115334571 -0.539583898808445594 0.471638611868791302
0.731001106266637724 -0.547149834229122112 0.470873268811190182
0.724963581566696491 -0.554638958817872396 0.470107648984154913
0.718879541182905868 -0.562052488330112787 0.469341757006936922
0.712750635988813386 -0.569391661376641878 0.468575597500429597
0.706578435503622648 -0.576657740373247352 0.467809175087140594
0.700364422622139493 -0.583852012220946404 0.467042494391163687
0.694109988208981732 -0.590975788675651925 0.466275560038151071
0.687816425632006068 -0.598030406380659629 0.465508376655285161
0.681484925306943268 -0.605017226537295283 0.464740948871250947
0.676393140814935068 -0.610558798404305159 0.463973281316208130
0.669996003326817968 -0.617427088623679232 0.463205378621762642
0.663563668556937269 -0.624231515752102561 0.462437245420939558
0.657096888411499713 -0.630973524487029258 0.461668886348154228
0.650596288121807920 -0.637654577096393060 0.460900306039185248
0.644062362223577045 -0.644276150844448225 0.460131509131145422
0.637495470973085898 -0.650839735061895741 0.459362500262455065
0.630895837225188161 -0.657346827880097906 0.458593284072812746
0.624263543811457100 -0.663798932655394247 0.457823865203168145
0.617598531424803254 -0.670197554112132665 0.457054248295693633
0.610900597023090075 -0.676544194234405816 0.456284437993756620
0.604169392752172296 -0.682840347937950121 0.455514438941891142
0.597404425375145931 -0.689087498552999778 0.454744255785770268
0.590605056188095001 -0.695287113154897218 0.453973893172177512
0.583770501405349140 -0.701440637763963926 0.453203355748979131
0.576899832970432902 -0.707549492454487172 0.452432648165096596
0.569991979765715584 -0.713615066390966835 0.451661775070477334
0.563045729169014075 -0.719638712815011128 0.450890741116067750
0.556059728925673458 -0.725621744009850800 0.450119550953784642
0.549032489268052926 -0.731565426254106366 0.449348209236487384
0.541962385253355827 -0.737470974775296662 0.448576720617949509
0.534847659257128960 -0.743339548716770770 0.447805089752831120
0.527686423582308661 -0.749172246120945462 0.447033321296650354
0.520476663135638118 -0.754970098920906829 0.446261419905755630
0.511757876453176164 -0.761882874960782219 0.445489390237297223
0.504433657827756954 -0.767607344287025928 0.444717236949199513
0.497053641303815741 -0.773299768804114551 0.443944964700132727
0.489615305813715762 -0.778960848202980172 0.443172578149484575
0.482116016396967828 -0.784591190013048001 0.442400081957332769
0.474553026496832120 -0.790191304379271875 0.441627480784416215
0.466923480170960803 -0.795761598867302578 0.440854779292107424
0.459224414116048973 -0.801302373082889430 0.440081982142383921
0.451452759584396290 -0.806813813182068462 0.439309093997800659
0.443605344172912808 -0.812295986171610362 0.438536119521461376
0.435678893508887333 -0.817748834034870420 0.437763063376990780
0.427670032848190662 -0.823172167598770432 0.436989930228506185
0.419575288618633691 -0.828565660155936135 0.436216724740589701
0.411391089931415654 -0.833928840784179171 0.435443451578259699
0.403113770109941150 -0.839261087337932921 0.434670115406943058
0.394739568263022367 -0.844561619104534977 0.433896720892446575
0.386264630956060340 -0.849829489069335642 0.433123272700929207
0.377685014019504384 -0.855063575790157682 0.432349775498873712
0.368996684546195941 -0.860262574840661154 0.431576233953058608
0.360195523129836770 -0.865424989807527911 0.430802652730529700
0.351277326394661471 -0.870549122818620846 0.430029036498572770
0.342237809863072451 -0.875633064589298904 0.429255389924684039
0.333072611227641091 -0.880674683961620963 0.428481717676543417
0.323777294068678057 -0.885671616922932059 0.427708024421985300
0.314347352076810249 -0.890621255102528320 0.426934314828971262
0.304778213833549361 -0.895520733712211525 0.426160593565560908
0.295065248209301301 -0.900366918946072903 0.425386865299884787
0.285203770419437452 -0.905156394811985843 0.424613134700115247
0.275189048815450366 -0.909885449399490454 0.423839406434439070
0.265016312450968128 -0.914550060572795864 0.423065685171028827
0.254680759491429598 -0.919145881094449169 0.422291975578014622
0.244177566519408806 -0.923668223173057523 0.421518282323456672
0.233501898818292197 -0.928112042434721451 0.420744610075315939
0.222648921683800627 -0.932471921333943077 0.419970963501427319
0.211613812853802985 -0.936742051995666403 0.419197347269470222
0.200391776124805743 -0.940916218514180391 0.418423766046941481
0.188978056258755744 -0.944987778712158111 0.417650224501126266
0.177367955261303889 -0.948949645389927765 0.416876727299070882
0.165556850154476465 -0.952794267077895940 0.416103279107553403
0.153540212348476091 -0.956513608337932086 0.415329884593057030
0.141313628759025978 -0.960099129646551419 0.414556548421740223
0.128872824790284168 -0.963541766915493758 0.413783275259410332
0.116213689385887442 -0.966831910699473607 0.413010069771493848
0.103332302259336928 -0.969959385196131008 0.412236936623009365
0.090224963571801320 -0.972913427093929029 0.411463880478538657
0.076888226191497711 -0.975682664416894108 0.410690906002199319
0.063318930816626373 -0.978255095473117953 0.409918017857616057
0.049514244171073363 -0.980618068091331896 0.409145220707892665
0.035471700551885144 -0.982758259322166650 0.408372519215583762
0.018303818342585210 -0.985012636895626681 0.407599918042667209
0.003731416833380186 -0.986612382664142196 0.406827421850515403
-0.011083710295522631 -0.987941984412299412 0.406055035299867251
-0.026141944341868173 -0.988985101301164349 0.405282763050800465
-0.041443017991381781 -0.989724634387401880 0.404510609762702811
-0.056985946489628736 -0.990142716133153744 0.403738580094244404
-0.072768953342333520 -0.990220703164267579 0.402966678703349568
-0.088789390221225173 -0.989939172920869082 0.402194910247168913
-0.105043650852799597 -0.989277924952472354 0.401423279382050524
-0.121527078684906531 -0.988215987682062313 0.400651790763512761
-0.138233868164741536 -0.986731631584099156 0.399880449046215336
-0.155156959558743035 -0.984802389806495038 0.399109258883932283
-0.172287927348197867 -0.982405087387304587 0.398338224929522700
-0.189616862291361543 -0.979515880319989152 0.397567351834903382
-0.207132247480413978 -0.976110305833215897 0.396796644251020736
-0.224820828782122062 -0.972163345353341146 0.396026106827822577
-0.242667480330534591 -0.967649501713111926 0.395255744214229765
-0.260655065927087426 -0.962542892264045991 0.394485561058108725
-0.278764297506288894 -0.956817359595125705 0.393715562006243303
-0.296973592058040803 -0.950446601621264597 0.392945751704306401
-0.315258928838511754 -0.943404322791772110 0.392176134796831943
-0.333593708978243697 -0.935664408143341952 0.391406715927187232
-0.351948620065609896 -0.927201121815389051 0.390637499737544969
-0.370291508709493955 -0.917989331496952055 0.389868490868854556
-0.388587264520997511 -0.908004760041695835 0.389099693960814785
-0.406797719456564677 -0.897224265143216737 0.388331113651845694
-0.424881566946097244 -0.885626147552657339 0.387562754579060531
-0.442794305638121832 -0.873190487771387414 0.386794621378237391
-0.460488213072384023 -0.859899510479153584 0.386026718683791847
-0.477912354884307722 -0.845737975188957103 0.385259051128749030
-0.495012635477262486 -0.830693590649406066 0.384491623344714872
-0.511731896155136590 -0.814757449502484965 0.383724439961849018
-0.528010066736681605 -0.797924478514431601 0.382957505608836291
-0.540672920403200030 -0.783811704473501902 0.382190824912859439
-0.555997305612995874 -0.765365656715391807 0.381424402499570547
-0.570698959937792516 -0.746032889377849062 0.380658242993063167
-0.584709238694819944 -0.725827078377201396 0.379892351015845064
-0.597958220880672187 -0.704767883293368813 0.379126731188809796
-0.610375261057696794 -0.682881328246383257 0.378361388131208842
-0.621889615167342868 -0.660200132261318573 0.377596326460623632
-0.632431136769292412 -0.636763975488481293 0.376831550792938397
-0.641931037635192547 -0.612619687446321226 0.376067065742311524
-0.650322703897781240 -0.587821343752356285 0.375302875921148027
-0.657542556102186149 -0.562430258698333185 0.374538985940071401
-0.663530938698043138 -0.536514862546994653 0.373775400407896752
-0.668233021883028466 -0.510150454553448984 0.373012123931601880
-0.671599696391617651 -0.483418825413339193 0.372249161116299909
-0.673588439981903653 -0.456407746383271806 0.371486516565211977
-0.674164133206972438 -0.429210325993072295 0.370724194879638425
-0.673299801649636209 -0.401924239632757474 0.369962200658932039
-0.670977262287405840 -0.374650841714238625 0.369200538500469633
-0.667187653092322530 -0.347494174369058828 0.368439212999625065
-0.661931827390326522 -0.320559891026331423 0.367678228749740488
-0.655220597815067807 -0.293954116708458058 0.366917590342099198
-0.647074818814423969 -0.267782269930904704 0.366157302365898329
-0.637525301471556283 -0.242147873234707572 0.365397369408220485
-0.628901905094392810 -0.222094957066073878 0.364637796054006091
-0.616934010449955328 -0.197678329571990691 0.363878586886026256
-0.603698831652867196 -0.174069132400651805 0.363119746484854844
-0.589261338064187123 -0.151353467239854322 0.362361279428840721
-0.573693835748119163 -0.129610534593741139 0.361603190294080168
-0.557075049755342278 -0.108911895315078888 0.360845483654389343
-0.539489126024620846 -0.089320876305796326 0.360088164081276974
-0.521024578663647264 -0.070892128869235183 0.359331236143916044
-0.501773208770232459 -0.053671343043286801 0.358574704409116762
-0.481829020596663660 -0.037695116511228283 0.357818573441299359
-0.461287159164590510 -0.022990972002000593 0.357062847802465555
-0.440242891245109791 -0.009577513222876671 0.356307532052171694
-0.423109253376886818 0.000216982212587147 0.355552630747501208
-0.401397497649226276 0.011287650041099079 0.354798148443037253
-0.379442892381674224 0.021060187894400367 0.354044089690834618
-0.357333148115123234 0.029546453813170503 0.353290459040392801
-0.335152302519081624 0.036765026351621322 0.352537261038628369
-0.312980215411656881 0.042740560371671732 0.351784500229847863
-0.290892166801860752 0.047503118530502000 0.351032181155719714
-0.268958554471132150 0.051087493961602240 0.350280308355247205
-0.247244685425353605 0.053532537926871668 0.349528886364741498
-0.230072365289031022 0.054696550920378506 0.348777919717793483
-0.208901938707660051 0.055199162029732948 0.348027412945247028
-0.188106287160546115 0.054687340796977305 0.347277370575171052
-0.167730889868063116 0.053209635026393698 0.346527797132833160
-0.147816183618431463 0.050815804418931909 0.345778697140671221
-0.128397731307367258 0.047556346823859584 0.345030075118266999
-0.109506424694568422 0.043482071669822368 0.344281935582318011
-0.094790841447348201 0.039670092274774811 0.343534283046611377
-0.076912222922233486 0.034256754808722333 0.342787122021995572
-0.059624414351932907 0.028169469682647545 0.342040457016353661
-0.042942782748587725 0.021457155120121033 0.341294292534576271
-0.026879244492711722 0.014167622491480047 0.340548633078533836
-0.011442533785202123 0.006347397167635658 0.339803483147050112
0.003361533261709975 -0.001958427226042414 0.339058847235874428
0.014747080238777147 -0.008923400583241909 0.338314729837655315
0.028406067658893083 -0.017994663642924864 0.337571135441912362
0.041429498543601354 -0.027433762876766299 0.336828068535010128
0.053820384479846890 -0.037201881259116512 0.336085533600130215
0.065583515680618903 -0.047261967416175152 0.335343535117245406
0.074546266988441495 -0.055496489601066609 0.334602077563091016
0.085196418244876782 -0.065994422400193709 0.333861165411139194
0.095240009855483115 -0.076690023621098141 0.333120803131571552
0.104686847203676159 -0.087552950258892343 0.332380995191252027
0.113547655109296833 -0.098554571281552733 0.331641746053699893
0.120222066146867868 -0.107437557255440103 0.330903060179063069
0.128057440054879179 -0.118621990023491913 0.330164942024091357
0.135340527838834129 -0.129873704406804624 0.329427396042108855
0.142084334917169597 -0.141170172186674880 0.328690426682987813
0.148302196861878982 -0.152490343217417862 0.327954038393121539
0.152906920562718318 -0.161550307883246369 0.327218235615397535
0.158212387057669601 -0.172864587399431002 0.326483022789170574
0.163030239732880139 -0.184150979754607202 0.325748404350236054
0.167374286423297769 -0.195393494670067169 0.325014384730803463
0.170517635552832753 -0.204345924029252363 0.324280968359469235
0.174043449850178500 -0.215472888207501989 0.323548159661190049
0.177133709035846992 -0.226517272912006101 0.322815963057256461
0.179801773350859201 -0.237467230268952278 0.322084382965266092
0.181641079436291014 -0.246151847350925712 0.321353423799096927
0.183582118531928989 -0.256904934901795001 0.320623089968880448
0.185137064537279905 -0.267535217596528652 0.319893385880975489
0.186318252650569532 -0.278034089821240005 0.319164315937941478
0.187002175328661563 -0.286333244583538260 0.318435884538511682
0.187540612942580731 -0.296576126055783318 0.317708096077566726
0.187738009972264808 -0.306667106316718341 0.316980954946108506
0.187605354732044954 -0.316599987955380968 0.316254465531233042
0.187268732345271999 -0.324428621845553322 0.315528632216104443
0.186568444718291870 -0.334062891281936114 0.314803459379928152
0.185566811165696122 -0.343524241882317116 0.314078951397925132
0.184554933806315491 -0.350965761171360136 0.313355112641304667
0.183034554627105800 -0.360104645696325054 0.312631947477238548
0.181238432231736912 -0.369058696602722502 0.311909460268834315
0.179174957151477743 -0.377824174258741929 0.311187655375109562
0.177337071064656765 -0.384698401451495919 0.310466537150965005
0.174812255981041220 -0.393115646172796929 0.309746109947158288
0.172041509602266551 -0.401334798178937746 0.309026378110278277
0.169652509142476093 -0.407765352651813628 0.308307345982718140
0.166456292267657291 -0.415619955408402741 0.307589017902649531
0.163032610267688116 -0.423267661380214544 0.306871398203996282
0.160133872594359850 -0.429234756939756212 0.306154491216408586
0.156315411325509107 -0.436502119151751466 0.305438301265236245
0.153107912564553472 -0.442160770370803591 0.304722832671503130
0.148911821840783665 -0.449037207308119135 0.304008089751880761
0.144512644348428920 -0.455691608351138588 0.303294076818662772
0.140850043522341095 -0.460852781279839196 0.302580798179738097
0.136096184325033037 -0.467098024433434955 0.301868258138565604
0.131150799973500432 -0.473110235430207360 0.301156460994148056
0.127059015760318972 -0.477749226937681182 0.300445411041005861
0.121777755918121483 -0.483330468682960757 0.299735112569151418
0.117421475958444904 -0.487618249138773441 0.299025569864063145
0.111814484618596249 -0.492751794270634258 0.298316787206659995
0.106030416979776165 -0.497628407027478015 0.297608768873274754
0.101277362839622603 -0.501340328530287205 0.296901519135629122
0.095180765718379190 -0.505737567347372963 0.296195042260807340
0.090180635446885593 -0.509056434715896455 0.295489342511231157
0.083778644319291967 -0.512949362998039171 0.294784424144633184
0.077209780996901289 -0.516549744383608900 0.294080291414031747
0.071835802734309229 -0.519212779854289708 0.293376948567705464
0.064971249864040015 -0.522260931565143083 0.292674399849167044
0.059363067875726733 -0.524467626156782329 0.291972649497137970
0.052208695274909095 -0.526925504342255935 0.291271701745522582
0.046371055301928671 -0.528642762886983086 0.290571560823383868
0.038933002462510691 -0.530465354796084143 0.289872230954915933
0.032871106843116449 -0.531653992382415508 0.289173716359419908
0.025156436144928906 -0.532787964292857019 0.288476021251277581
0.018876552739979735 -0.533401517823136051 0.287779149839927695
0.010894141015068443 -0.533783579880609538 0.287083106329838189
0.002767878842426186 -0.533716264112675587 0.286387894920482278
-0.003833785493015635 -0.533321787073321230 0.285693519806313190
-0.012207307633703729 -0.532379503594906600 0.284999985176738024
-0.018999394106395007 -0.531247340184402228 0.284307295216093381
-0.027599811848709715 -0.529331287655292249 0.283615454103619102
-0.034562788707266007 -0.527375093416939777 0.282924466013434350
-0.041593287529980427 -0.525020659521310051 0.282234335114511015
-0.050466296358596757 -0.521483869209857898 0.281545065570649733
-0.057622996134512328 -0.518150072317887456 0.280856661540454244
-0.066626114424287702 -0.513309121581369654 0.280169127177306077
-0.073860407616123253 -0.508862259635845082 0.279482466629339732
-0.082920282300077280 -0.502534334323066378 0.278796684039418097
-0.090161418316922315 -0.496814539338337524 0.278111783545106850
-0.099171295125841302 -0.488781299985308171 0.277427769278649428
-0.106316329344411209 -0.481597988245759279 0.276744645366942488
-0.115120918657519028 -0.471599875516113820 0.276062415931510929
-0.122020149004129358 -0.462727370566595519 0.275381085088483135
-0.128745319656433377 -0.453021741693511615 0.274700656948565658
-0.136829634257826904 -0.439633227529114101 0.274021135617018741
-0.142965576379145587 -0.427845080320369497 0.273342525193631669
-0.150101542065080168 -0.411660674341551402 0.272664829772698014
-0.155276411913541107 -0.397474393534814952 0.271988053442990652
-0.159863997995043916 -0.382114888792782326 0.271312200287737060
-0.164582772886490203 -0.361164578890002974 0.270637274384595228
-0.167365578010076288 -0.342925870226637119 0.269963279805628786
-0.169315961264050741 -0.318185258664032133 0.269290220617281972
-0.169400693926019530 -0.296783000934339236 0.268618100880355593
-0.167911667529720532 -0.273918826790168157 0.267946924649982543
-0.163407644447505052 -0.243281211875031822 0.267276695975603384
-0.157297409499631335 -0.217169554015713445 0.266607418900941251
-0.148565342477454093 -0.189729138218337756 0.265939097463978480
-0.133348825643050978 -0.153804459064054627 0.265271735696931188
-0.117206182306123979 -0.124070078982210175 0.264605337626225900
-0.097048678486485310 -0.093843233109922569 0.263939907272474572
-0.065537131723091280 -0.056135276245588249 0.263275448650450827
-0.034798231146790350 -0.026832414080886876 0.262611965769065092
0.001177354858025325 0.000809910176499936 0.261949462631341390
0.042530555549147614 0.025805938351090175 0.261287943234391862
0.101653018317580141 0.051625174814348529 0.260627411569394229
0.154432733846700421 0.066484167896347895 0.259967871621566038
0.211299738777014440 0.074911910250387459 0.259309327370142229
0.286440415953983230 0.074826845224436903 0.258651782788349882
0.348044157258150799 0.065339557240189569 0.257995241843384959
0.409155399529284480 0.047090078230822674 0.257339708496387765
0.467998759581024271 0.020199649615040477 0.256685186702419799
0.535784621471869227 -0.024618819239075940 0.256031680410439610
0.583639640015433780 -0.068140855989448412 0.255379193563278428
0.624676351680417019 -0.116972677331661834 0.254727730097616900
0.658278818575257274 -0.169553444738802295 0.254077293943961557
0.689572111497066986 -0.238165499055971230 0.253427889026620723
0.706310848689206905 -0.293610391682675720 0.252779519263680752
0.716241177241126903 -0.348226157104158274 0.252132188566982385
0.720081001437057111 -0.401055147795272293 0.251485900842097765
0.718641190188789247 -0.451393256824671185 0.250840659988306292
0.710683218021542107 -0.510116230346288169 0.250196469898570972
0.700359161693519860 -0.553431564424861189 0.249553334459515330
0.687300557771351461 -0.593399792904289791 0.248911257551399867
0.672140310218150683 -0.630059112798127763 0.248270243048098749
0.655421143248787974 -0.663527530625880324 0.247630294817075935
0.637598217924264743 -0.693975342885604363 0.246991416719362256
0.619046065703130144 -0.721603582763945428 0.246353612609532258
0.595285998328529242 -0.752502774237437944 0.245716886335680784
0.576107861502506591 -0.774579192844354947 0.245081241739399380
0.556974159431036120 -0.794536125702022922 0.244446682655753811
0.538021188080795909 -0.812574300365100366 0.243813212913260191
0.519351552197879540 -0.828880910840489649 0.243180836333862671
0.501040642809132741 -0.843628378859277883 0.242549556732909621
0.483142085685581257 -0.856974055894672460 0.241919377919131262
0.465692258371853907 -0.869060546605267326 0.241290303694616182
0.448713992705372822 -0.880016421009917615 0.240662337854788411
0.432219582129301116 -0.889957149936588809 0.240035484188385162
0.412287745881378953 -0.901111999322796509 0.239409746477433349
0.396888039059785869 -0.909130138331054050 0.238785128497226773
0.381965527343277600 -0.916430692094564403 0.238161634016303414
0.367509501137775085 -0.923085175628204024 0.237539266796423398
0.353507022859760434 -0.929157348248482506 0.236918030592545070
0.339943638533147574 -0.934704056413488749 0.236297929152803232
0.326803931492664512 -0.939775997905615612 0.235678966218485830
0.314071950249440790 -0.944418409450317409 0.235061145524012804
0.301731536386853294 -0.948671681927559352 0.234444470796911636
0.289766573262688287 -0.952571908469032724 0.233828945757796114
0.278161172154882230 -0.956151371230890446 0.233214574120343354
0.266899809145131950 -0.959438972718025473 0.232601359591271956
0.255967423350477896 -0.962460617361856174 0.231989305870319185
0.245349484930245276 -0.965239548730866370 0.231378416650218466
0.235032039559471162 -0.967796647349670192 0.230768695616677788
0.225001734699230849 -0.970150693649659002 0.230160146448356639
0.215245831868919824 -0.972318600137333400 0.229552772816844636
0.208101665426291216 -0.973831606636607949 0.228946578386638622
0.198797162438123676 -0.975709565302051995 0.228341566815121244
0.189735182184380569 -0.977439852262117825 0.227737741752538220
0.180905244422983058 -0.979034016536120322 0.227135106841976964
0.172297434105707359 -0.980502522713442959 0.226533665719343968
0.163902379792265684 -0.981854865494650508 0.225933422013343488
0.155711230557123936 -0.983099671251783769 0.225334379345455083
0.147715632000413710 -0.984244788167312423 0.224736541329912165
0.139907701859459443 -0.985297366310840306 0.224139911573680239
0.132280005597527006 -0.986263928845065974 0.223544493676434614
0.126673279091623403 -0.986936007653393732 0.222950291230539055
0.119344363370058881 -0.987766076272375670 0.222357307821024419
0.112177349575761087 -0.988525328675080694 0.221765547025566445
0.105166271190916261 -0.989218447980694804 0.221175012414464467
0.098305499820183939 -0.989849736088003529 0.220585707550619681
0.091589724234514391 -0.990423150592476986 0.219997635989513968
0.086645019092992714 -0.990817436256689499 0.219410801279188383
0.080171088747065689 -0.991298175413144800 0.218825206960221313
0.073829022991331039 -0.991730406500547668 0.218240856565707519
0.067614528437413834 -0.992117063191591209 0.217657753621236849
0.061523541446379504 -0.992460863855358921 0.217075901644872893
0.057034029558543198 -0.992692114494205136 0.216495304147131529
0.051150037494585299 -0.992966879631172028 0.215915964630959911
0.045379436156476494 -0.993205307304482421 0.215337886591715516
0.039718889129062795 -0.993409467672743407 0.214761073517145018
0.035543786572372060 -0.993541267021530117 0.214185528887362697
0.030068286498631080 -0.993690031616800695 0.213611256174830066
0.024694464802322902 -0.993809543507451432 0.213038258844334860
0.020729142737927586 -0.993880951973509896 0.212466540352969940
0.015526620877349184 -0.993953082475995120 0.211896104150112174
0.010418393632249667 -0.994000149058022808 0.211326953677402479
0.005401982745603329 -0.994023504555357373 0.210759092368723977
0.001698493198371509 -0.994026229364389446 0.210192523650182150
-0.003162914792368743 -0.994011108792245857 0.209627250940083665
-0.007938843658434447 -0.993975603054099821 0.209063277648916135
-0.011465991544120757 -0.993936249307105779 0.208500607179326947
-0.016097465481180961 -0.993867637093341916 0.207939242926103607
-0.020649207080325915 -0.993781472886720030 0.207379188276152232
-0.024011874244678710 -0.993705889982321677 0.206820446608478120
-0.028428781489534705 -0.993591206835371388 0.206263021294164489
-0.031692496515911439 -0.993495224321884640 0.205706915696352854
-0.035980291319379076 -0.993354596158785630 0.205152133170222351
-0.040196772480228571 -0.993200206324460932 0.204598677062969414
-0.043313379213926917 -0.993075819098150570 0.204046550713787689
-0.047409211129550044 -0.992899062479258188 0.203495757453848236
-0.050437261358811769 -0.992758674248075845 0.202946300606278940
-0.054417536397227184 -0.992561565114815414 0.202398183486144662
-0.057360771802197841 -0.992406616639778694 0.201851409400427062
-0.061230380365212889 -0.992190987232166588 0.201305981648004950
-0.064092397866195805 -0.992022788969273206 0.200761903519634410
-0.067856045226636630 -0.991790305526990545 0.200219178297928596
-0.071561189231873490 -0.991548880335877625 0.199677809257337857
-0.074302527477346891 -0.991362225796081131 0.199137799664130727
-0.077908760514763475 -0.991106263018662226 0.198599152776373439
-0.080577536338557965 -0.990909205530306925 0.198061871843910497
-0.083216186059388297 -0.990707979242619330 0.197525960108345194
-0.086688507382740088 -0.990433474226655175 0.196991420803020012
-0.089259065723192588 -0.990223144594086557 0.196458257152997223
-0.092642612316374107 -0.989937051838488569 0.195926472375038851
-0.095148073823305035 -0.989718424650616990 0.195396069677588241
-0.098446765602350439 -0.989421765699022293 0.194867052260749796
-0.100890015984790415 -0.989195569052209067 0.194339423316269994
-0.104107628668104468 -0.988889266175393855 0.193813186027518514
-0.106491445991004519 -0.988656156845442169 0.193288343569468529
-0.108850615878252011 -0.988420269593125678 0.192764899108677640
-0.111958667422040525 -0.988101610667273311 0.192242855803268775
-0.114262187123164494 -0.987859637018200010 0.191722216802911405
-0.117297734061835468 -0.987533210076917078 0.191202985248802360
-0.119548121486340642 -0.987285657759199964 0.190685164273646623
-0.121776482084302584 -0.987035856889295848 0.190168757001638655
-0.124714114860088876 -0.986699428660181344 0.189653766548444014
-0.126892753401806002 -0.986444685075250405 0.189140196021179541
-0.129050779305117824 -0.986187944856973919 0.188628048518395514
-0.131896783041463961 -0.985842636048537280 0.188117327130056300
-0.134008275614098504 -0.985581496681294800 0.187608034937522289
-0.136100474337216948 -0.985318575912200512 0.187100175013531100
-0.138173756091963140 -0.985053931992417864 0.186593750422178684
-0.140909340472124389 -0.984698488695912810 0.186088764218901248
-0.142939899352541533 -0.984430035949991122 0.185585219450456806
-0.144952734538582928 -0.984160035805097366 0.185083119154906633
-0.147609529238544368 -0.983797710741541875 0.184582466361596864
-0.149582312207383772 -0.983524282057689603 0.184083264091140619
-0.151538467167293578 -0.983249457253734915 0.183585515355399187
-0.153478303686668593 -0.982973277664533462 0.183089223157464454
-0.155402122470952864 -0.982695782979815635 0.182594390491640279
-0.157942800845552456 -0.982323810122463281 0.182101020343424957
-0.159830364515855528 -0.982043392889699662 0.181609115689492451
-0.161702848744302352 -0.981761782515456205 0.181118679497675406
-0.163560515794567651 -0.981479012930427719 0.180629714726946222
-0.165403619070428054 -0.981195117038758280 0.180142224327400208
-0.167838856764604250 -0.980814892315966524 0.179656211240236729
-0.169648913703186410 -0.980528491375338929 0.179171678397742395
-0.171445187777018837 -0.980241067764012319 0.178688628723273041
-0.173227894234208257 -0.979952651152602439 0.178207065131235742
-0.174997239609912869 -0.979663270729620006 0.177726990527071554
-0.176753421774138941 -0.979372955294604330 0.177248407807238162
-0.178496629990040012 -0.979081733347306971 0.176771319859192089
-0.180227044981796147 -0.978789633173904550 0.176295729561371350
-0.181944839001918379 -0.978496682930843242 0.175821639783178052
-0.183650175921129921 -0.978202910723118713 0.175349053384961262
-0.185904848484626239 -0.977809984466768700 0.174877973217999694
-0.187581709717156375 -0.977514403912880026 0.174408402124484219
-0.189246600783950891 -0.977218095653843988 0.173940342937500991
-0.190899650414492528 -0.976921088399371640 0.173473798481014518
-0.192540979561378778 -0.976623411166654076 0.173008771569850284
-0.194170701548825431 -0.976325093333962335 0.172545265009677762
-0.195788922228594842 -0.976026164690522391 0.172083281596993737
-0.197395740153123722 -0.975726655480655625 0.171622824119105372
-0.198991246751563378 -0.975426596444583183 0.171163895354113277
-0.200575526528539438 -0.975126018852406684 0.170706498070894802
-0.202148657261440323 -0.974824954535295607 0.170250635029087161
-0.203710710218155844 -0.974523435910037650 0.169796308979071303
-0.204745956878558455 -0.974322187381646221 0.169343522661954737
-0.206289688292420725 -0.974019985264020116 0.168892278809555235
-0.207822501909276591 -0.973717418279954394 0.168442580144384513
-0.209344447147807589 -0.973414521122952348 0.167994429379631272
-0.210855568065999921 -0.973111329119207058 0.167547829219145628
-0.212355903630832898 -0.972807878223670319 0.167102782357422014
-0.213845488009991591 -0.972504205008467570 0.166659291479583554
-0.215324350857961366 -0.972200346648506186 0.166217359261365216
-0.216792517624963876 -0.971896340899234601 0.165776988369098488
-0.217765363991225203 -0.971693607414584881 0.165338181459694394
-0.219215750049110703 -0.971389441414645116 0.164900941180628258
-0.220655489668281857 -0.971085231338715715 0.164465270169923072
-0.222084595547030028 -0.970781016815479347 0.164031171056134129
-0.223503077656729277 -0.970476837893555433 0.163598646458332858
-0.224910943578505662 -0.970172734992454044 0.163167698986090987
-0.225843625778650914 -0.969970062065369287 0.162738331239465017
-0.227233809454418290 -0.969666176529721424 0.162310545808980133
-0.228613387984258787 -0.969362476210596791 0.161884345275615377
-0.229982363017712244 -0.969059002418031223 0.161459732210787160
-0.230889122628393395 -0.968856832851758165 0.161036709176334170
-0.232240426672555178 -0.968553828644855952 0.160615278724501848
-0.233581128346968980 -0.968251161430237151 0.160195443397927406
-0.234911227761567920 -0.967948872551231743 0.159777205729623673
-0.235792070746152271 -0.967747577167072270 0.159360568242964351
-0.237104500954083863 -0.967446010268429690 0.158945533451668869
-0.238406331527845572 -0.967144930999643382 0.158532103859786916
-0.239268331164807058 -0.966944502369099013 0.158120281961683429
-0.240552502311815075 -0.966644325429351525 0.157710070242023437
-0.241826084133604902 -0.966344742923834543 0.157301471175757601
-0.242669259036700058 -0.966145370840492679 0.156894487228106394
-0.243925208235261037 -0.965846865703515189 0.156489120854546221
-0.245170591008636807 -0.965549057931538668 0.156085374500793544
-0.245994982126825801 -0.965350925307676411 0.155683250602791229
-0.247222783692462533 -0.965054362369268115 0.155282751586692802
-0.248035468699486783 -0.964857093282549982 0.154883879868848662
-0.249245736540369023 -0.964561875046219264 0.154486637855791142
-0.250445512445430063 -0.964267509811541412 0.154091027944219749
-0.251239546383841161 -0.964071756761568865 0.153697052520987060
-0.252421892726260977 -0.963778886962600279 0.153304713963084344
-0.253204333669036552 -0.963584160623497610 0.152914014637626994
-0.254369334641297518 -0.963292874156540080 0.152524956901840314
-0.255140243831948776 -0.963099231392632538 0.152137543103045308
-0.256287999115736187 -0.962809610866205201 0.151751775578644582
-0.257047448280201485 -0.962617104911996146 0.151367656656108324
-0.258178073446153955 -0.962329227349611349 0.150985188652959929
-0.258926144978813555 -0.962137907631487765 0.150604373876762149
-0.260039771651875973 -0.961851844233882924 0.150225214625103520
-0.260776558652238255 -0.961661756231476650 0.149847713185584097
-0.261873334466263374 -0.961377572196637109 0.149471871835801767
-0.262598940638639089 -0.961188757342870015 0.149097692843338375
-0.263320105850082309 -0.961000462431291336 0.148725178465746399
-0.264393568394782508 -0.960719007370341105 0.148354330950535129
-0.265103715306478638 -0.960532036710519455 0.147985152535156927
-0.266160744696790685 -0.960252592412361716 0.147617645446993906
-0.266860001279000558 -0.960066977557409773 0.147251811903344576
-0.267554939673426750 -0.959881912940413917 0.146887654111410415
-0.268589300144832344 -0.959605356681851873 0.146525174268282266
-0.269273542942042143 -0.959421685179459693 0.146164374560927651
-0.269953548880983385 -0.959238577258815006 0.145805257166176955
-0.270965667254899012 -0.958964979117060690 0.145447824250710761
-0.271635189010541289 -0.958783293790380853 0.145092077971046479
-0.272300561549185360 -0.958602182310881012 0.144738020473525603
-0.273290897770361085 -0.958331596209805792 0.144385653894300470
-0.273946012362424440 -0.958151929270474767 0.144034980359321579
-0.274597070913728480 -0.957972843502812199 0.143686001984324796
-0.275244100948274117 -0.957794340482327922 0.143338720874818359
-0.276207153635761704 -0.957527681503037353 0.142993139126070229
-0.276844235150787710 -0.957350640795227914 0.142649258823095815
-0.277477387238423190 -0.957174186627432699 0.142307082040644906
-0.278106638916818472 -0.956998319610399717 0.141966610843189456
-0.278732019483291293 -0.956823040153256921 0.141627847284910818
-0.279662896725472010 -0.956561223053244758 0.141290793409687837
-0.280278729356847722 -0.956387413004402775 0.140955451251084163
-0.280890795353488876 -0.956214190427225663 0.140621822832335985
-0.281499125041810405 -0.956041554882836264 0.140289910166339848
-0.282103748931970377 -0.955869505756247184 0.139959715255640799
-0.282704697696300022 -0.955698042262420167 0.139631240092419895
-0.283599297438708986 -0.955441942958453527 0.139304486658482385
-0.284191193511178386 -0.955271939035097217 0.138979456925245687
-0.284779522875017510 -0.955102516720798489 0.138656152853727538
-0.285364316743060009 -0.954933674521798004 0.138334576394534364
-0.285945606415390463 -0.954765410797302261 0.138014729487848986
-0.286523423254904597 -0.954597723766931194 0.137696614063419348
-0.287097798680031491 -0.954430611513431337 0.137380232040546862
-0.287668764153720058 -0.954264071986486551 0.137065585328074641
-0.288236351167094340 -0.954098103008076182 0.136752675824376058
-0.288800591233256632 -0.953932702275039679 0.136441505417343317
-0.289361515871257247 -0.953767867364456068 0.136132075984376016
-0.289919156601927519 -0.953603595735717513 0.135824389392369904
-0.290473544934532812 -0.953439884735226562 0.135518447497705474
-0.291024712358739890 -0.953276731599627225 0.135214252146237057
-0.291572690334755247 -0.953114133459620150 0.134911805173281107
-0.292117510291841742 -0.952952087341365717 0.134611108403605934
-0.292659203609301588 -0.952790590172965413 0.134312163651419847
-0.293197801621782828 -0.952629638783978550 0.134014972720361059
-0.293733335604859758 -0.952469229910632542 0.133719537403486022
-0.294265836768921873 -0.952309360198657862 0.133425859483258913
-0.294795336259685292 -0.952150026204235944 0.133133940731541361
-0.295058970089055739 -0.952070559001818584 0.132843782909580932
-0.295584025297373376 -0.951912021941841546 0.132555387768000910
-0.296106156352696825 -0.951754011622981455 0.132268757046789781
-0.296625394116085073 -0.951596524313609748 0.131983892475290826
-0.297141769356556507 -0.951439556205496029 0.131700795772191348
-0.297655312748451084 -0.951283103415721421 0.131419468645512461
-0.298166054862800733 -0.951127161990365511 0.131139912792598762
-0.298420384968371422 -0.951049381783928949 0.130862129900108481
-0.298926982266551067 -0.950894199837414300 0.130586121644002573
-0.299430854258376455 -0.950739519068573680 0.130311889689535138
-0.299932031136363131 -0.950585335288901656 0.130039435691243210
-0.300181618310277176 -0.950508428444314935 0.129768761292936907
-0.300678808868819536 -0.950354982161092821 0.129499868127689266
-0.301173379268934283 -0.950202022131933610 0.129232757817826449
-0.301665359271479527 -0.950049543963561005 0.128967431974918306
-0.301910387140201963 -0.949973484188923800 0.128703892199768077
-0.302398537062650352 -0.949821720456917928 0.128442140082403289
-0.302884170406429898 -0.949670427373365378 0.128182177202065650
-0.303126052516148659 -0.949594955898959592 0.127924005127202034
-0.303607965842319416 -0.949444360207913673 0.127667625415454483
-0.304087435507134074 -0.949294223660842929 0.127413039613651358
-0.304326263003893538 -0.949219326106842898 0.127160249257797620
-0.304802121309370400 -0.949069869499359786 0.126909255873065646
-0.305275607891247136 -0.948920860280954681 0.126660060973786071
-0.305511470693191400 -0.948846521955694522 0.126412666063438650
-0.305981453033433826 -0.948698174883824130 0.126167072634643274
-0.306215579624286749 -0.948624164936077596 0.125923282169150691
-0.306682121191556467 -0.948476469202282457 0.125681296137833798
-0.307146403852780303 -0.948329201649841691 0.125441116000678810
-0.307377706765028347 -0.948255726924064790 0.125202743206776296
-0.307838652977023786 -0.948109092531244757 0.124966179194312452
-0.308068303128338883 -0.948035931644320762 0.124731425390560466
-0.308525974541632553 -0.947889919436938566 0.124498483211871971
-0.308754002570251096 -0.947817066893813953 0.124267354063668414
-0.309208460072413927 -0.947671665872206637 0.124038039340432532
-0.309434896220895372 -0.947599116171100042 0.123810540425700069
-0.309886199881121260 -0.947454315333824626 0.123584858692051325
-0.310111073971455931 -0.947382062977266681 0.123360995501102993
-0.310335433924111059 -0.947309908517006027 0.123138952203499741
-0.310782624388111772 -0.947165890852783576 0.122918730138906251
-0.311005461338731581 -0.947094026435964964 0.122700330635999083
-0.311449634630476591 -0.946950583413264102 0.122483755012458659
-0.311670977299099317 -0.946879003603383285 0.122269004574961190
-0.312112190345412599 -0.946736124393272038 0.122056080619171087
-0.312332066926734320 -0.946664823802510380 0.121844984429732739
-0.312551460984722140 -0.946593615097134022 0.121635717280263234
-0.312988813697953228 -0.946451470991717114 0.121428280433344166
-0.313206778384562179 -0.946380534422632591 0.121222675140514505
-0.313424272608158250 -0.946309687401719279 0.121018902642262602
-0.313857861471978083 -0.946168259704034065 0.120816964168019139
-0.314073961955427805 -0.946097677886280630 0.120616860936149317
-0.314289603658500838 -0.946027183336030753 0.120418594153945749
-0.314504789441804988 -0.945956775492665769 0.120222165017621091
-0.314933804546286000 -0.945816217711711538 0.120027574712300855
-0.315147639452549977 -0.945746066677760400 0.119834824412016289
-0.315361029603550391 -0.945676000159880958 0.119643915279697144
-0.315573977723332566 -0.945606017622793060 0.119454848467164781
-0.315998558610628755 -0.945466302381914758 0.119267625115125314
-0.316210196676116717 -0.945396568638274148 0.119082246353162544
-0.316421403306600457 -0.945326916795744432 0.118898713299731174
-0.316632181073013275 -0.945257346351054961 0.118717027062150135
-0.316842532518076148 -0.945187856806716464 0.118537188736595883
-0.317261966443965537 -0.945049118468137883 0.118359199408095833
-0.317471053844989082 -0.944979868716193994 0.118183060150521657
-0.317679724763177407 -0.944910697949937317 0.118008772026582914
-0.317887981572757494 -0.944841605710532884 0.117836336087820667
-0.318095826612088350 -0.944772591547792251 0.117665753374601195
-0.318303262189835068 -0.944703655018191091 0.117497024916109374
-0.318510290571454913 -0.944634795689312634 0.117330151730342946
-0.318716913989014250 -0.944566013136742599 0.117165134824105996
-0.318923134640466066 -0.944497306944350079 0.117001975193003135
-0.319128954679184451 -0.944428676707761428 0.116840673821433358
-0.319334376228726236 -0.944360122029611282 0.116681231682584041
-0.319539401365409037 -0.944291642525288299 0.116523649738425272
-0.319744032131405509 -0.944223237818736849 0.116367928939703880
-0.319948270528211731 -0.944154907544624833 0.116214070225937813
-0.320152118517585682 -0.944086651348158057 0.116062074525410328
-0.320355578016899567 -0.944018468886569595 0.115911942755164490
-0.320558650906035525 -0.943950359827055108 0.115763675820997711
-0.320761339022954728 -0.943882323848183713 0.115617274617456051
-0.320963644159045325 -0.943814360641537564 0.115472740027829104
-0.321165568066289819 -0.943746469909435115 0.115330072924144461
-0.321367112453945947 -0.943678651366057331 0.115189274167162514
-0.321568278984769362 -0.943610904738783951 0.115050344606371285
-0.321769069278830921 -0.943543229766994673 0.114913285079981331
-0.321969484910562154 -0.943475626203106987 0.114778096414920497
-0.322169527410090029 -0.943408093812237780 0.114644779426829185
-0.322169527410090029 -0.943408093812237780 0.114513334920055415
-0.322369198261051593 -0.943340632372942300 0.114383763687649603
-0.322568498900970557 -0.943273241677187846 0.114256066511360263
-0.322767430721200066 -0.943205921530453573 0.114130244161628980
-0.322965995066359479 -0.943138671751964086 0.114006297397585929
-0.323164193235399799 -0.943071492174429427 0.113884226967045130
-0.323164193235399799 -0.943071492174429427 0.113764033606500142
-0.323362026476086195 -0.943004382645922679 0.113645718041119337
-0.323559495989658386 -0.942937343028417807 0.113529280984741868
-0.323756602930565573 -0.942870373197957634 0.113414723139873122
-0.323756602930565573 -0.942870373197957634 0.113302045197680529
-0.323953348403177355 -0.942803473045796148 0.113191247837989437
-0.324149733463829914 -0.942736642477816411 0.113082331729278909
-0.324149733463829914 -0.942736642477816411 0.112975297528677909
-0.324345759116875965 -0.942669881415884481 0.112870145881961009
-0.324541426321317605 -0.942603189795748753 0.112766877423544909
-0.324541426321317605 -0.942603189795748753 0.112665492776484119
-0.324736735984198832 -0.942536567569280948 0.112565992552467672
-0.324931688961685727 -0.942470014704216430 0.112468377351815099
-0.324931688961685727 -0.942470014704216430 0.112372647763472971
-0.325126286061941827 -0.942403531183248377 0.112278804365011281
-0.325320528040713541 -0.942337117005583869 0.112186847722619942
-0.325320528040713541 -0.942337117005583869 0.112096778391105545
-0.325514415603499752 -0.942270772186280969 0.112008596913887773
-0.325514415603499752 -0.942270772186280969 0.111922303822996186
-0.325707949407735897 -0.942204496755601806 0.111837899639067123
-0.325707949407735897 -0.942204496755601806 0.111755384871340541
-0.325901130056320487 -0.942138290761245556 0.111674760017656721
-0.325901130056320487 -0.942138290761245556 0.111596025564453569
-0.326093958101919434 -0.942072154266982542 0.111519181986763555
-0.326093958101919434 -0.942072154266982542 0.111444229748210735
-0.326286434049039842 -0.942006087352022181 0.111371169301008127
-0.326286434049039842 -0.942006087352022181 0.111300001085954892
-0.326478558346568193 -0.941940090113597694 0.111230725532433697
-0.326478558346568193 -0.941940090113597694 0.111163343058408165
-0.326670331394276203 -0.941874162664856129 0.111097854070420235
-0.326670331394276203 -0.941874162664856129 0.111034258963587817
-0.326670331394276203 -0.941874162664856129 0.110972558121602394
-0.326861753542896150 -0.941808305134887780 0.110912751916726629
-0.326861753542896150 -0.941808305134887780 0.110854840709792277
-0.327052825089125310 -0.941742517670483448 0.110798824850197819
-0.327052825089125310 -0.941742517670483448 0.110744704675906469
-0.327052825089125310 -0.941742517670483448 0.110692480513444172
-0.327243546276169917 -0.941676800436044958 0.110642152677897440
-0.327243546276169917 -0.941676800436044958 0.110593721472911730
-0.327243546276169917 -0.941676800436044958 0.110547187190689372
-0.327433917301025723 -0.941611153611172425 0.110502550111987896
-0.327433917301025723 -0.941611153611172425 0.110459810506118417
-0.327433917301025723 -0.941611153611172425 0.110418968630943887
-0.327433917301025723 -0.941611153611172425 0.110380024732877557
-0.327623938308916784 -0.941545577392616684 0.110342979046881562
-0.327623938308916784 -0.941545577392616684 0.110307831796465444
-0.327623938308916784 -0.941545577392616684 0.110274583193684828
-0.327623938308916784 -0.941545577392616684 0.110243233439140137
-0.327623938308916784 -0.941545577392616684 0.110213782721975392
-0.327813609388964866 -0.941480071995821399 0.110186231219877029
-0.327813609388964866 -0.941480071995821399 0.110160579099072869
-0.327813609388964866 -0.941480071995821399 0.110136826514331099
-0.327813609388964866 -0.941480071995821399 0.110114973608959388
-0.327813609388964866 -0.941480071995821399 0.110095020514803896
-0.327813609388964866 -0.941480071995821399 0.110076967352248589
-0.327813609388964866 -0.941480071995821399 0.110060814230214563
-0.327813609388964866 -0.941480071995821399 0.110046561246159164
-0.328002930585440222 -0.941414637651184050 0.110034208486075674
-0.328002930585440222 -0.941414637651184050 0.110023756024492547
-0.328002930585440222 -0.941414637651184050 0.110015203924473198
-0.328002930585440222 -0.941414637651184050 0.110008552237615381
-0.328002930585440222 -0.941414637651184050 0.110003801004051049
-0.328002930585440222 -0.941414637651184050 0.110000950252446050
-0.328002930585440222 -0.941414637651184050 0.110000000000000001
