-0.485188142692791369 -0.361330037521832681 0.739999999999999991
-0.485188142692791369 -0.361330037521832681 0.739999049747553928
-0.485188142692791369 -0.361330037521832681 0.739996198995948928
-0.485188142692791369 -0.361330037521832681 0.739991447762384680
-0.485188142692791369 -0.361330037521832681 0.739984796075526807
-0.485188142692791369 -0.361330037521832681 0.739976243975507431
-0.485834851040685356 -0.361061239641719323 0.739965791513924276
-0.485834851040685356 -0.361061239641719323 0.739953438753840897
-0.485834851040685356 -0.361061239641719323 0.739939185769785457
-0.485834851040685356 -0.361061239641719323 0.739923032647751389
-0.485834851040685356 -0.361061239641719323 0.739904979485196068
-0.485834851040685356 -0.361061239641719323 0.739885026391040590
-0.485834851040685356 -0.361061239641719323 0.739863173485668879
-0.485834851040685356 -0.361061239641719323 0.739839420900927136
-0.485834851040685356 -0.361061239641719323 0.739813768780122949
-0.486484734097774374 -0.360791173129219322 0.739786217278024627
-0.486484734097774374 -0.360791173129219322 0.739756766560859869
-0.486484734097774374 -0.360791173129219322 0.739725416806315206
-0.486484734097774374 -0.360791173129219322 0.739692168203534561
-0.487137805710333105 -0.360519826897329199 0.739657020953118471
-0.487137805710333105 -0.360519826897329199 0.739619975267122420
-0.487137805710333105 -0.360519826897329199 0.739581031369056063
-0.487137805710333105 -0.360519826897329199 0.739540189493881561
-0.487794080053850387 -0.360247189751349228 0.739497449888012137
-0.487794080053850387 -0.360247189751349228 0.739452812809310633
-0.487794080053850387 -0.360247189751349228 0.739406278527088290
-0.487794080053850387 -0.360247189751349228 0.739357847322102524
-0.488453571644436813 -0.359973250385880073 0.739307519486555820
-0.488453571644436813 -0.359973250385880073 0.739255295324093509
-0.488453571644436813 -0.359973250385880073 0.739201175149802103
-0.489116295350434382 -0.359697997381145163 0.739145159290207743
-0.489116295350434382 -0.359697997381145163 0.739087248083273307
-0.489782266404325761 -0.359421419199340231 0.739027441878397529
-0.489782266404325761 -0.359421419199340231 0.738965741036412216
-0.489782266404325761 -0.359421419199340231 0.738902145929579812
-0.490451500414482100 -0.359143504181016149 0.738836656941591730
-0.490451500414482100 -0.359143504181016149 0.738769274467566239
-0.491124013377451762 -0.358864240540935020 0.738699998914045142
-0.491124013377451762 -0.358864240540935020 0.738628830698991878
-0.491799821689915317 -0.358583616363942426 0.738555770251789201
-0.491799821689915317 -0.358583616363942426 0.738480818013236395
-0.492478942161343081 -0.358301619600507104 0.738403974435546395
-0.492478942161343081 -0.358301619600507104 0.738325239982343340
-0.493161392026488843 -0.358018238062213778 0.738244615128659576
-0.493161392026488843 -0.358018238062213778 0.738162100360932882
-0.493847188957837746 -0.357733459416907817 0.738077696177003806
-0.493847188957837746 -0.357733459416907817 0.737991403086112219
-0.494536351078753211 -0.357447271183620019 0.737903221608894433
-0.494536351078753211 -0.357447271183620019 0.737813152277379980
-0.495228896976749433 -0.357159660727303541 0.737721195634988725
-0.495924845715719209 -0.356870615253481294 0.737627352236526979
-0.495924845715719209 -0.356870615253481294 0.737531622648184837
-0.496624216850179767 -0.356580121802549943 0.737434007447532291
-0.497327030438627915 -0.356288167243450860 0.737334507223515900
-0.497327030438627915 -0.356288167243450860 0.737233122576455124
-0.498033307056819419 -0.355994738267786714 0.737129854118038996
-0.498743067811870056 -0.355699821383368253 0.737024702471322124
-0.498743067811870056 -0.355699821383368253 0.736917668270721027
-0.499456334356236153 -0.355403402907207178 0.736808752162010583
-0.500173128901534647 -0.355105468958898940 0.736697954802319477
-0.500173128901534647 -0.355105468958898940 0.736585276860126870
-0.500893474233926494 -0.354806005452716178 0.736470719015258179
-0.501617393726868976 -0.354504998090754919 0.736354281958880641
-0.502344911357652579 -0.354202432354536467 0.736235966393499863
-0.503076051720950934 -0.353898293497082961 0.736115773032954834
-0.503076051720950934 -0.353898293497082961 0.735993702602414035
-0.503810840044569663 -0.353592566534276731 0.735869755838370998
-0.504549302204416406 -0.353285236236232814 0.735743933488639756
-0.505291464739753282 -0.352976287118110466 0.735616236312350402
-0.506037354869475209 -0.352665703430438959 0.735486665079944646
-0.506037354869475209 -0.352665703430438959 0.735355220573170709
-0.506787000507088470 -0.352353469149824239 0.735221903585079439
-0.507540430277489851 -0.352039567968161604 0.735086714920018758
-0.508297673532714711 -0.351723983282657637 0.734949655393628665
-0.509058760368412244 -0.351406698184719646 0.734810725832837464
-0.509823721640750738 -0.351087695448780157 0.734669927075855544
-0.510592588983346474 -0.350766957520438627 0.734527259972170943
-0.511365394823953601 -0.350444466504762575 0.734382725382543899
-0.512142172402333284 -0.350120204153636760 0.734236324179002309
-0.512922955787344925 -0.349794151853015045 0.734088057244835501
-0.513707779895459127 -0.349466290609372454 0.733937925474589692
-0.514496680508186421 -0.349136601036303118 0.733785929774062096
-0.515289694290846589 -0.348805063340309141 0.733632071060296154
-0.516086858811369509 -0.348471657305738369 0.733476350261574761
-0.516888212558423987 -0.348136362280436096 0.733318768317415937
-0.517693794961497034 -0.347799157159457695 0.733159326178566717
-0.518503646410283792 -0.347460020369228795 0.732998024806996828
-0.519317808273934145 -0.347118929850980029 0.732834865175894024
-0.520136322921926131 -0.346775863043533306 0.732669848269657087
-0.520959233743673589 -0.346430796865967117 0.732502975083890617
-0.521786585170488371 -0.346083707698622289 0.732334246625398921
-0.522618422695540041 -0.345734571365186483 0.732163663912179352
-0.523454792896152377 -0.345383363112677921 0.731991227973417091
-0.524295743455171603 -0.345030057591901029 0.731816939849478376
-0.525991582044244566 -0.344317050241598033 0.731640800591904172
-0.526846571171299738 -0.343957294542919678 0.731462811263404067
-0.527706342898224157 -0.343595333792857560 0.731282972937849940
-0.528570950779090998 -0.343231139338025848 0.731101286700268749
-0.529440449613314379 -0.342864681795209514 0.730917753646837420
-0.530314895471099002 -0.342495931026306710 0.730732374884874636
-0.532078859041565599 -0.341751425332243564 0.730545151532835280
-0.532968495476952686 -0.341375606124832642 0.730356084720302889
-0.533863316434377455 -0.340997365072138514 0.730165175587983772
-0.534763384725921442 -0.340616667865184131 0.729972425287699123
-0.536579521740785492 -0.339847763123175606 0.729777834982378915
-0.537495723354363575 -0.339459482248853417 0.729581405846054243
-0.538417438142197891 -0.339068598477383132 0.729383139063850661
-0.540277689840746755 -0.338278864272386626 0.729183035831980852
-0.541216372031854798 -0.337879932112632286 0.728981097357737307
-0.542160858021937586 -0.337478233531169014 0.728777324859485542
-0.543111224577372487 -0.337073724759666793 0.728571719566655895
-0.545029915039484503 -0.336256095376089581 0.728364282719736744
-0.545998401173374726 -0.335842880908893415 0.728155015570267294
-0.547954074395695434 -0.335007407678671543 0.727943919380828919
-0.548941434731961664 -0.334585046789422413 0.727730995425038829
-0.549935262912034317 -0.334159532509376855 0.727516244987541416
-0.551942690719361084 -0.333298822901881509 0.727299669364000922
-0.552956479380973254 -0.332863513104651065 0.727081269861093782
-0.555004694484243943 -0.331982684695480978 0.726861047796500293
-0.556039322687674531 -0.331537041258142595 0.726639004498896957
-0.557081102860571331 -0.331087825372308076 0.726415141307948709
-0.559186547415029933 -0.330178405787401374 0.726189459574299923
-0.560250431825058737 -0.329718061803810025 0.725961960659567529
-0.562401093151090103 -0.328785738886559098 0.725732645936331688
-0.563488104852902461 -0.328313606688674653 0.725501516788128020
-0.565686096680902306 -0.327357000175305557 0.725268574609439609
-0.566797327337689172 -0.326872358285946241 0.725033820805687568
-0.569044905155369429 -0.325889959027719001 0.724797256793223710
-0.571326867681154038 -0.324889456563812073 0.724558883999321224
-0.572481090327690234 -0.324382174954902236 0.724318703862166235
-0.574816739477614691 -0.323353041273116648 0.724076717830849370
-0.575998463960224694 -0.322830975784200003 0.723832927365356760
-0.578390482428454256 -0.321771288825014878 0.723587333936561383
-0.579601094504614389 -0.321233433336635177 0.723339939026213963
-0.582052346062146508 -0.320141085465373454 0.723090744126934415
-0.584544772549753344 -0.319025692168761976 0.722839750742202303
-0.585806867552799426 -0.318459014369500248 0.722586960386348620
-0.588363737949978316 -0.317306979934160349 0.722332374584545467
-0.590965452750278120 -0.316129030625294405 0.722075994872797944
-0.592283619297999442 -0.315529940744442905 0.721817822797934383
-0.594955594553717382 -0.314310690570309081 0.721557859917596800
-0.597676511949283396 -0.313062161636783798 0.721296107800231900
-0.599055874240699726 -0.312426451198738853 0.721032568025081755
-0.601853550408299243 -0.311131150826356839 0.720767242182173473
-0.604704748895653177 -0.309802616502930728 0.720500131872310767
-0.607611450424660471 -0.308439074761197474 0.720231238707063071
-0.609086258648595114 -0.307743588749164132 0.719960564308756767
-0.612080129557739716 -0.306323940762978864 0.719688110310464868
-0.615134864770453538 -0.304864295912646133 0.719413878355997460
-0.618252784957830204 -0.303362409130299604 0.719137870099891496
-0.621436319014873284 -0.301815875489660823 0.718860087207401133
-0.623053481183702296 -0.301025067642953614 0.718580531354487628
-0.626340240240509605 -0.299406672191817991 0.718299204227808685
-0.629699194718878030 -0.297736828956401745 0.718016107524709124
-0.633133196160485578 -0.296012461591376341 0.717731242953210224
-0.636645230365249115 -0.294230264007665887 0.717444612231999179
-0.640238423800715828 -0.292386680394400911 0.717156217090419101
-0.642066472334936855 -0.291440683983479498 0.716866059268458589
-0.645787590732122219 -0.289497753221434673 0.716574140516741065
-0.649598343645677812 -0.287483304371056458 0.716280462596514012
-0.653502402813522121 -0.285392718874970419 0.715985027279638975
-0.657503611319604442 -0.283221009876506835 0.715687836348580131
-0.661605990510986008 -0.280962787770569045 0.715388891596394072
-0.665813746763707859 -0.278612222026733525 0.715088194826718926
-0.670131277969309935 -0.276162998829619033 0.714785747853762921
-0.674563179573911875 -0.273608274025761933 0.714481552502294504
-0.679114249957180283 -0.270940620798342358 0.714175610607630129
-0.683789494893012217 -0.268151971410374446 0.713867924015623934
-0.688594130756578937 -0.265233552274637518 0.713558494582656633
-0.693533586071552466 -0.262175811504877121 0.713247324175623976
-0.698613500884978422 -0.258968337990731934 0.712934414671925309
-0.703839723332683742 -0.255599770914610058 0.712619767959453143
-0.709218302614837093 -0.252057698475330771 0.712303385936580713
-0.714755477393746008 -0.248328544433763121 0.711985270512151103
-0.720457658416622571 -0.244397440897406198 0.711665423605465697
-0.726331403854349467 -0.240248085572048464 0.711343847146272412
-0.732383385495281258 -0.235862581477116584 0.711020543074754374
-0.741810299337349321 -0.228797979866574991 0.710695513341517593
-0.748337358437707323 -0.223731653529702340 0.710368759907580083
-0.755066107743399106 -0.218351172116894615 0.710040284744359096
-0.762002929707373045 -0.212628886107590204 0.709710089833660129
-0.769153835268352015 -0.206534241896500048 0.709378177167664048
-0.776524281889358736 -0.200033440338036383 0.709044548748915870
-0.784118943844075766 -0.193089054282131717 0.708709206590312113
-0.795938839251738250 -0.181748786104783122 0.708372152715089243
-0.804106537856923209 -0.173503896792986445 0.708033389156810689
-0.812503756055871551 -0.164649238302057715 0.707692917959355072
-0.821126829099620092 -0.155125038276919314 0.707350741176904108
-0.834467841006737432 -0.139436136219143358 0.707006860873929721
-0.843613510908027275 -0.127931386523842616 0.706661279125181618
-0.852936907064940519 -0.115491006616196545 0.706313998015675182
-0.862408755301629859 -0.102019616921897205 0.705965019640678482
-0.876804854577036163 -0.079645998017549735 0.705614346105699508
-0.886445636325864150 -0.063112666085322511 0.705261979526474403
-0.896032841943804725 -0.045131978779361814 0.704907922028953582
-0.905466357938598199 -0.025559908969340184 0.704552175749289300
-0.919040783137996975 0.007122786569542572 0.704194742833822995
-0.927457532693780951 0.031368755042471497 0.703835625439072410
-0.935112277122581270 0.057779980259479669 0.703474825731717712
-0.944539913100944872 0.101824501940210199 0.703112345888589618
-0.948931592636514942 0.134362674020666817 0.702748188096655402
-0.951541923120622135 0.188219064370406697 0.702382354553006127
-0.949810324425848007 0.227553857481240684 0.702014847464843106
-0.944526148239821062 0.269564967394521515 0.701645669049464793
-0.928257326458568399 0.337097502280063355 0.701274821534253578
-0.910633664817815047 0.384481288047147318 0.700902307156661686
-0.871936912403235009 0.457215678947643145 0.700528128164198294
-0.836901005882011106 0.505180686481391139 0.700152286814415881
-0.793902438902422514 0.551024060428317641 0.699774785374896457
-0.714394669166249163 0.611932869608528884 0.699395626123237801
-0.652156493759855738 0.644520996709163740 0.699014811347040133
-0.548086627239058988 0.676920893834577986 0.698632343343891682
-0.474382895565900076 0.685589547807074373 0.698248224421355368
-0.363255110519758950 0.677759438672351444 0.697862456896954697
-0.292342884615244436 0.659117151808434332 0.697475043098159664
-0.195974450464475841 0.613863070723996707 0.697085985362372984
-0.140547022306399289 0.574652566018623245 0.696695286036915662
-0.072485529038608582 0.507072632493163367 0.696302947479013001
-0.022565709041406590 0.434404639690555427 0.695908972055780284
0.001409491968295928 0.385642769034525990 0.695513362144208891
0.025330059461072280 0.314743354550365007 0.695116120131151316
0.034510940213729926 0.270020791970821239 0.694717248413307176
0.040248230648340211 0.207787198074161100 0.694316749397208888
0.038603768804321183 0.151867875670419428 0.693914625499206461
0.034474009718171689 0.118114073984432799 0.693510879145453840
0.025013586557717994 0.072534735364534808 0.693105512771893584
0.017125052364934217 0.045300250495119175 0.692698528824242432
0.003716404811127802 0.008745676521918620 0.692289929757976541
-0.010869572291520082 -0.023188346146878640 0.691879718038316605
-0.020948197925534852 -0.042199774853951114 0.691467896140213090
-0.036273646030749118 -0.067702715992992463 0.691054466548331137
-0.051571159861217949 -0.090025034013819324 0.690639431757035682
-0.061643124327867352 -0.103357187311374221 0.690222794270376361
-0.076448603561726725 -0.121317929935201269 0.689804556602072627
-0.090802373542393483 -0.137133387418994002 0.689384721275498102
-0.104642679525870447 -0.151096089347130202 0.688963290823665919
-0.113567620939496516 -0.159500124086478012 0.688540267789212845
-0.126491849183269611 -0.170911293847775925 0.688115654724384629
-0.138860293447785332 -0.181056286660909005 0.687689454191019900
-0.150682605492350991 -0.190098218453428947 0.687261668760535072
-0.158268788277896311 -0.195583007987692237 0.686832301013909019
-0.169220276740692066 -0.203085948193668986 0.686401353541667092
-0.179679038217102405 -0.209814091591438490 0.685968828943865794
-0.189669661354746777 -0.215859770815461038 0.685534729830076905
-0.199217325876245410 -0.221302487857834573 0.685099058819371831
-0.208347104920513865 -0.226210882392214541 0.684661818540305611
-0.214213598207816491 -0.229215981423512905 0.684223011630901601
-0.222700924130847550 -0.233361976612919964 0.683782640738634817
-0.230833663313784687 -0.237115287949895975 0.683340708520416507
-0.238633620025208687 -0.240516928906613969 0.682897217642577936
-0.246121405740013455 -0.243602767889038091 0.682452170780854406
-0.253316423787399603 -0.246404257160802109 0.682005570620368706
-0.260236884670938473 -0.248949048164910813 0.681557419855615576
-0.266899841696700335 -0.251261512185385727 0.681107721190444715
-0.273321239528124593 -0.253363182018981392 0.680656477338045240
-0.279515970369980993 -0.255273127587551052 0.680203691020928702
-0.283526767935784629 -0.256448349952989874 0.679749364970912762
-0.289374146805699672 -0.258075438410994618 0.679293501929105314
-0.295029886476635694 -0.259551906455187276 0.678836104645886729
-0.300505539149340251 -0.260890202786261960 0.678377175880894634
-0.305811884710376181 -0.262101462187285250 0.677916718403006269
-0.310958985777105845 -0.263195663001584590 0.677454734990322271
-0.315956239684693385 -0.264181763357238086 0.676991228430149805
-0.320812427259566657 -0.265067819291196605 0.676526201518985459
-0.325535758371212847 -0.265861087422629316 0.676059657062499042
-0.330133914300470455 -0.266568114401405432 0.675591597875515815
-0.336082436659793093 -0.267386804866677319 0.675122026782000395
-0.340415708216964485 -0.267914639241967789 0.674650946615038660
-0.344646074519594892 -0.268373859517389679 0.674178360216821981
-0.348779344380267364 -0.268768722797796844 0.673704270438628683
-0.352820976158433774 -0.269103095892487765 0.673228680140807945
-0.356776103498240904 -0.269380494585157448 0.672751592192761816
-0.360649559072122483 -0.269604118368030998 0.672273009472928451
-0.364445896474356879 -0.269776881217072328 0.671792934868764235
-0.368169410434896427 -0.269901438907139912 0.671311371276726909
-0.371824155483589214 -0.269980213294341354 0.670828321602257471
-0.376596767396760457 -0.270017818181256752 0.670343788759763304
-0.380105596620190278 -0.269998026463220020 0.669857775672599853
-0.383557649282365187 -0.269939095429856113 0.669370285273053756
-0.386956122633639710 -0.269842654979303542 0.668881320502324628
-0.390304052209128061 -0.269710192562197248 0.668390884310507527
-0.393604323409168178 -0.269543065042646746 0.667898979656575076
-0.397935277273700760 -0.269268426630482449 0.667405609508359698
-0.401134802861658479 -0.269025034373532479 0.666910776842535635
-0.404295337552530443 -0.268750685057422556 0.666414484644600846
-0.407419232736507486 -0.268446278975200958 0.665916735908859470
-0.411531310169868159 -0.267995046077701748 0.665417533638403169
-0.414578312760151113 -0.267623539657043996 0.664916880845093483
-0.417595838193658142 -0.267224391997058663 0.664414780549543171
-0.420585861374374592 -0.266798171689110519 0.663911235781098785
-0.424533065196396886 -0.266188627013124512 0.663406249577821461
-0.427466229041254253 -0.265701091204332773 0.662899824986468933
-0.430378022407205352 -0.265187928540880191 0.662391965062477772
-0.433270174881365766 -0.264649448391203301 0.661882672869943733
-0.437098742569880905 -0.263892526073040534 0.661371951481604547
-0.439951584732755141 -0.263295874469910096 0.660859803978820493
-0.442790305431844389 -0.262674553598316485 0.660346233451555964
-0.446556077232360293 -0.261807886201375128 0.659831242998361267
-0.449368085332641609 -0.261129234230810636 0.659314835726353410
-0.453104039488288479 -0.260186087000811528 0.658797014751197674
-0.455898047799419504 -0.259449883512870128 0.658277783197088628
-0.458687046037944079 -0.258688773081958978 0.657757144196731369
-0.462400794123211611 -0.257634805900322506 0.657235100891322421
-0.465184635326707618 -0.256814567223001722 0.656711656430531421
-0.467969183391796550 -0.255968391015364616 0.656186813972481464
-0.471686214548479033 -0.254798990163913663 0.655660576683730012
-0.474479736554554887 -0.253890330825134514 0.655132947739250349
-0.478216036167593450 -0.252635350226698030 0.654603930322411820
-0.481029845959858315 -0.251660494999785656 0.654073527624961182
-0.484801618557651470 -0.250314053918944790 0.653541742847002838
-0.487648878086583693 -0.249267797504617222 0.653008579196979855
-0.491475311208611876 -0.247821721179373899 0.652474039891654756
-0.494371878549364985 -0.246696860167533116 0.651938128156089536
-0.498276494423329552 -0.245139848289402912 0.651400847223626678
-0.501242143370292048 -0.243926410391723664 0.650862200335869279
-0.505254775811402657 -0.242242756970565354 0.650322190742662065
-0.508315009645161409 -0.240926800570716748 0.649780821702071409
-0.512474795836849850 -0.239094372103376918 0.649238096480365567
-0.515663641169444631 -0.237656060677795489 0.648694018351995028
-0.520023717898038584 -0.235642994491309959 0.648148590599572971
-0.523388196234883529 -0.234053390684765106 0.647601816513855399
-0.528023377059710031 -0.231812475294661341 0.647053699393721038
-0.531630977802038940 -0.230027953486684172 0.646504242546151686
-0.536650901186092488 -0.227486566225788556 0.645953449286212344
-0.541960957295965828 -0.224724971232902027 0.645401322937030675
-0.546175630948529167 -0.222479444756510936 0.644847866829777683
-0.552177295391277023 -0.219199447110123180 0.644293084303647068
-0.557029609852094043 -0.216475866677807049 0.643736978705835461
-0.564093410288351360 -0.212393436422982085 0.643179553391521885
-0.572036499691566336 -0.207629805899389452 0.642620811723847774
-0.578754388152347143 -0.203450439059883414 0.642060757073896426
-0.589086765316177985 -0.196734291538369521 0.641499392820673031
-0.598233439377418796 -0.190474444371451140 0.640936722351083898
-0.613128104953126085 -0.179580407992565638 0.640372749059916258
-0.632723139198616558 -0.163739250242012024 0.639807476349817827
-0.660183875755367633 -0.138027698503580265 0.639240907631276056
-0.689384350209277130 -0.104773222216583167 0.638673046322597582
-0.745579543831074165 -0.008998240795459744 0.638103895849887803
-0.742895518832036528 0.306843705707075809 0.637533459647030010
-0.130721988210511397 0.466147733394819241 0.636961741155665062
-0.124373962454982084 -0.168093899853458739 0.636388743825169967
-0.304790798564110954 -0.248756864170217862 0.635814471112637336
-0.370436120196396823 -0.254460638488095026 0.635238926482855071
-0.421028615489527358 -0.251297335257509413 0.634662113408284490
-0.452074170875156722 -0.245959465603027505 0.634084035369040122
-0.473384853063495481 -0.240674868142711884 0.633504695852868616
-0.489201190434394362 -0.235820768393219138 0.632924098355127196
-0.498765101696275914 -0.232467649313016500 0.632342246378763129
-0.509437996024993844 -0.228324693124254852 0.631759143434292514
-0.518420408347882833 -0.224487009117238845 0.631174793039778748
-0.526194305407362450 -0.220888707876885970 0.630589198720811650
-0.531425117837815542 -0.218314740250674322 0.630002364010486038
-0.537779040996802626 -0.215014664560428115 0.629414292449380408
-0.543570389140958010 -0.211833886106958080 0.628824987585535511
-0.548916839368131071 -0.208744894062573710 0.628234452974433477
-0.553905065378156647 -0.205725753314286414 0.627642692178975614
-0.558600277647800070 -0.202758768378804605 0.627049708769460978
-0.563052445289588976 -0.199829481120490926 0.626455506323565503
-0.566255804381112005 -0.197649976864448962 0.625860088426319683
-0.570371238366720656 -0.194759030238816022 0.625263458670087813
-0.574332120241452304 -0.191877229861238258 0.624665620654545006
-0.578159311362265393 -0.188996929522579876 0.624066577986656545
-0.581869756434400531 -0.186111458144300829 0.623466334280656009
-0.585477321638011139 -0.183214909831060535 0.622864893158023070
-0.588993420556657488 -0.180301977851427930 0.622262258247461841
-0.592427487118671992 -0.177367821453380814 0.621658433184878789
-0.595787336466238493 -0.174407957262567664 0.621053421613361412
-0.599079442426794229 -0.171418169056751973 0.620447227183155481
-0.601507319290676468 -0.169153763346914787 0.619839853551643394
-0.604693157443466522 -0.166101998218666502 0.619231304383322301
-0.607823723089367385 -0.163009500573282229 0.618621583349781567
-0.610902011799533184 -0.159872444620183490 0.618010694129680793
-0.613930342529139805 -0.156686973796439005 0.617398640408728050
-0.616910415768997189 -0.153449148369211363 0.616785425879656679
-0.619843353349152415 -0.150154892024323555 0.616171054242203975
-0.622729721842183226 -0.146799935510937729 0.615555529203088425
-0.625569540613875263 -0.143379755280631654 0.614938854475987173
-0.628362274771834262 -0.139889504802478776 0.614321033781514036
-0.631106812405882289 -0.136323935798973506 0.613702070847196968
-0.633801424653393619 -0.132677306037512155 0.613081969407454963
-0.636443706101157081 -0.128943269498520946 0.612460733203576524
-0.639030491720375071 -0.125114743479735890 0.611838365983696564
-0.641557744891171899 -0.121183745632479301 0.611214871502773316
-0.644625277687056020 -0.116111932972586152 0.610590253522566684
-0.646998217335268522 -0.111915062836955043 0.609964515811614816
-0.649290340549705247 -0.107580736331289062 0.609337662145211567
-0.651491558728782394 -0.103094134186034608 0.608709696305383963
-0.653589366143306649 -0.098437638873158456 0.608080622080868771
-0.655568167296163962 -0.093590066438434288 0.607450443267090412
-0.657408351015044801 -0.088525634976551471 0.606819163666137418
-0.659084994960222881 -0.083212558033151585 0.606186787086739787
-0.660566018780240682 -0.077611093913080298 0.605553317344246333
-0.661809494352291527 -0.071670789461310391 0.604918758260600598
-0.662759631563434981 -0.065326503837255967 0.604283113664319305
-0.663416656467419985 -0.056694854995359867 0.603646387390467831
-0.663382811693375873 -0.049082165822048940 0.603008583280637778
-0.662674845978485250 -0.040657329528369257 0.602369705182924098
-0.661042801795824309 -0.031174434273901430 0.601729756951901340
-0.658094579747724673 -0.020270805403784731 0.601088742448600111
-0.653180010686956747 -0.007390087931801625 0.600446665540484759
-0.642419660528327774 0.012905046814728371 0.599803530101429061
-0.627046649472677298 0.034490359888250000 0.599159340011693797
-0.599139834061862220 0.064097574230052967 0.598514099157902213
-0.541061052351308081 0.106880651618434075 0.597867811433017704
-0.386619682551230970 0.158822927313274270 0.597220480736319392
0.074924295312653877 -0.400830107655701207 0.596572110973379255
-0.670254737184666216 -0.561813621257439721 0.595922706056038476
-0.781914580999367614 -0.328642079468127180 0.595272269902383133
-0.788462581573492360 -0.227547091229039655 0.594620806436721661
-0.784793515132260588 -0.173838517277615484 0.593968319589560312
-0.780060456455292650 -0.133287837306510837 0.593314813297580179
-0.777411501525189230 -0.111022273790960579 0.592660291503612213
-0.775688581522153586 -0.093669012869285528 0.592004758156615130
-0.774690389860829720 -0.079386893268346026 0.591348217211650096
-0.774201648153460043 -0.064316620088740950 0.590690672629857860
-0.774261229315814203 -0.053761846539004565 0.590032128378433995
-0.774619045376336413 -0.044139689659338122 0.589372588430605804
-0.775381388564184149 -0.033061321253455733 0.588712056765608116
-0.776180778430015095 -0.024759699026634052 0.588050537368658643
-0.777106320300078202 -0.016832383409512097 0.587388034230934886
-0.778127820662958936 -0.009196266016012700 0.586724551349549261
-0.779503388766079164 0.000033474687838764 0.586060092727525461
-0.780659608947146366 0.007221879852374768 0.585394662373774133
-0.781848687990404079 0.014275474906986607 0.584728264303068901
-0.783362141920210142 0.022944863013051986 0.584060902536021609
-0.784581854573917159 0.029788785300418175 0.583392581099058893
-0.785799984118913830 0.036570052696441591 0.582723304024396649
-0.787309096538306052 0.044979449588087528 0.582053075350017379
-0.788497746230942487 0.051666764363693496 0.581381899119644441
-0.789951204062510515 0.059990322686846065 0.580709779382718061
-0.791082237036808023 0.066629496060077398 0.580036720194371247
-0.792180467771482322 0.073257587964969006 0.579362725615404806
-0.793501415608104055 0.081534428327745712 0.578687799712263029
-0.794512606110603148 0.088154082175456783 0.578011946557009382
-0.795480011287551858 0.094775617462334261 0.577335170227301964
-0.796623537845735363 0.103059153989565833 0.576657474806368309
-0.797482745968314699 0.109693859959767270 0.575978864382981293
-0.798483527285795303 0.117999856894489386 0.575299343051434375
-0.799223047673692566 0.124656360903642238 0.574618914911516843
-0.800067949589606586 0.132993300300933315 0.573937584068489048
-0.800678137198620354 0.139676831609770680 0.573255354633057546
-0.801228131156016654 0.146373394908085763 0.572572230721350661
-0.801828674093595040 0.154762993323400155 0.571888216454893183
-0.802237826835354717 0.161490058768834821 0.571203315960581826
-0.802658000468176258 0.169918265022858006 0.570517533370660246
-0.802919618945013513 0.176676291046784451 0.569830872822694068
-0.803151586326355305 0.185142932476606181 0.569143338459545789
-0.803259782827232094 0.191931264734449769 0.568454934429350356
-0.803296612487589989 0.200434969255608442 0.567765664885489074
-0.803246152267884761 0.207252123798654653 0.567075533986565739
-0.803081650665537938 0.215790618426874470 0.566384545896380986
-0.802867833737346714 0.222634483020509977 0.565692704783906763
-0.802496414548818038 0.231204806195895896 0.565000014823262009
-0.802114983098508816 0.238072783332586080 0.564306480193686899
-0.801531564631792870 0.246671435300599373 0.563612105079517756
-0.800978630341163678 0.253560542975964864 0.562916893670161955
-0.800178555184405949 0.262183590895079699 0.562220850160072394
-0.799450542584021262 0.269090532225904511 0.561523978748722397
-0.798429515497105724 0.277733681607806426 0.560826283640580292
-0.797523118728072467 0.284654891065234839 0.560127769045084101
-0.796277160089752689 0.293313531680163553 0.559428439176616110
-0.795189311325006032 0.300245203409482131 0.558728298254477340
-0.793714724392683646 0.308914435441014767 0.558027350502862229
-0.792442572833951475 0.315852537588444338 0.557325600150833100
-0.790735923778814298 0.324527182228857680 0.556623051432294513
-0.789276824615016026 0.331467460180940421 0.555919708585968286
-0.787334934812175868 0.340142057848568713 0.555215575855366850
-0.785261077247561889 0.348814163439473079 0.554510657488768932
-0.783506398325000131 0.355748827398849943 0.553804957739192694
-0.781192877083710879 0.364411805487191764 0.553098480864371078
-0.779245444372070994 0.371336703782313315 0.552391231126725279
-0.776689781729443363 0.379984307906349295 0.551683212793339983
-0.773998643799854280 0.388620544076087593 0.550974430135936832
-0.771747783938240062 0.395519939657213215 0.550264887430848670
-0.768811316351875496 0.404130379247065130 0.549554588958994228
-0.766363529890722095 0.411006301767097071 0.548843539005852032
-0.763180188747422328 0.419583750650133924 0.548131741861434318
-0.759859199190917378 0.428139611213724958 0.547419201820261936
-0.757103135142697559 0.434967131564920506 0.546705923181337261
-0.753533835638523275 0.443477982010052896 0.545991910248119217
-0.749826464711899732 0.451960277540198352 0.545277167328497070
-0.746761189011965865 0.458723789864254328 0.544561698734763899
-0.742805507615381222 0.467148010763630217 0.543845508783591502
-0.738712218463769665 0.475536130336194074 0.543128601796003752
-0.735338784067006146 0.482218733753577267 0.542410982097350503
-0.730998945563048452 0.490534695961768352 0.541692654017281949
-0.726523033952811592 0.498806471586024314 0.540973621889721756
-0.722844892044618881 0.505390063012961965 0.540253890052841745
-0.718126281123920185 0.513574707576806344 0.539533462849035028
-0.713274376706040769 0.521706644286120791 0.538812344624890471
-0.709297764437316181 0.528172149312229555 0.538090539731165718
-0.704209386118604952 0.536201336628873593 0.537368052522761430
-0.698991877143748996 0.544169030222818373 0.536644887358695422
-0.694726125289605534 0.550496786893461376 0.535921048602074901
-0.689280941376980927 0.558345837641152087 0.535196540620071826
-0.683712249014083673 0.566124581560534579 0.534471367783895701
-0.679169950705856396 0.572294871019337070 0.533745534468767047
-0.673385020308916116 0.579939281849758737 0.533019045053891527
-0.667483653937436250 0.587504835353334864 0.532291903922433307
-0.661468711327650061 0.594988601828101871 0.531564115461488407
-0.656577008892396896 0.600914815992092066 0.530835684062058610
-0.650365352091843318 0.608244276154478181 0.530106614119024488
-0.644048964971823623 0.615484265443416056 0.529376910031119641
-0.637631271849131709 0.622632268018599722 0.528646576200903162
-0.632426553824035009 0.628282838891839224 0.527915617034733886
-0.625835505695966354 0.635259384074144728 0.527184036942743628
-0.619153316962664291 0.642137687037180438 0.526451840338810095
-0.612383774573014072 0.648915828289627128 0.525719031640530909
-0.606907825881429330 0.654265049630859297 0.524985615269196515
-0.599990750978032339 0.660858641354378329 0.524251595649763980
-0.592997154552549088 0.667347674736474938 0.523516977210829459
-0.585930930005203132 0.673730945288433913 0.522781764384602554
-0.580228264102348845 0.678760729077710012 0.522045961606878439
-0.573041054276960393 0.684951221845811586 0.521309573317012220
-0.565791969034627695 0.691033630627734818 0.520572603957891289
-0.558484741219251402 0.697007499669226371 0.519835057975908787
-0.551123020358393556 0.702872564864506444 0.519096939820936853
-0.545196798583727271 0.707486220032346513 0.518358253946300196
-0.537745863317122930 0.713155364239674516 0.517619004808748007
-0.530250085063425858 0.718715936551629797 0.516879196868428425
-0.522712668061756647 0.724168344293993571 0.516138834588860784
-0.515136671744450214 0.729513151414519556 0.515397922436909073
-0.509050055726769313 0.733711997497535240 0.514656464882754738
-0.501411831869137514 0.738865005851456980 0.513914466399869707
-0.493742756655297987 0.743912738428645359 0.513171931464990072
-0.486045272948407103 0.748856258528000751 0.512428864558087671
-0.478321650808815668 0.753696733872481039 0.511685270162344774
-0.470573985831269415 0.758435425101482097 0.510941152764125550
-0.464359839608238845 0.762153992988617301 0.510196516852949977
-0.456573620812404601 0.766712902595791945 0.509451366921466198
-0.448768300005668308 0.771173955823601931 0.508705707465423762
-0.440945316187352221 0.775538664324477711 0.507959542983646317
-0.433105942126292942 0.779808580470571555 0.507212877978004517
-0.425251288760142732 0.783985287686596588 0.506465716953388712
-0.418957211300846677 0.787260621315881259 0.505718064417682078
-0.411077357954920619 0.791273607249392441 0.504969924881733090
-0.403184520245994382 0.795197907712611674 0.504221302859328868
-0.395279244791491569 0.799035146075131597 0.503472202867166985
-0.387361944976707007 0.802786938510297476 0.502722629424828926
-0.379432907821636800 0.806454887814317178 0.501972587054753117
-0.371492300960898636 0.810040577828369912 0.501222080282206495
-0.363540179690938881 0.813545568443257539 0.500471113635258535
-0.357170162050320816 0.816292487596929739 0.499719691644752828
-0.349197122494862899 0.819656057112771563 0.498967818844280431
-0.341212185313922001 0.822943131778850812 0.498215499770152170
-0.333215042396972860 0.826155144427726418 0.497462738961371664
-0.325205306194205845 0.829293487217369729 0.496709540959607176
-0.317182516145474436 0.832359509443437395 0.495955910309165471
-0.309146144914681842 0.835354515719116009 0.495201851556962724
-0.301095604405111905 0.838279764490962864 0.494447369252498770
-0.293030251553457299 0.841136466859569332 0.493692467947828284
-0.286566840568921899 0.843373258415393789 0.492937152197534589
-0.278473050674000633 0.846109474772699377 0.492181426558700674
-0.270362401826059695 0.848780277114216775 0.491425295590883215
-0.262234090708403755 0.851386690316823347 0.490668763856084045
-0.254087283466011338 0.853929689548219684 0.489911835918723060
-0.245921120046174613 0.856410200291524148 0.489154516345610635
-0.237734718258503952 0.858829098491355136 0.488396809705919865
-0.229527177551261896 0.861187210803475045 0.487638720571159257
-0.221297582485386252 0.863485314924320013 0.486880253515145078
-0.213045005895255629 0.865724139979064500 0.486121413113973777
-0.204768511716676510 0.867904366947252037 0.485362203945993942
-0.196467157476603038 0.870026629103114901 0.484602630591779604
-0.189807538719898139 0.871683099536013639 0.483842697634101593
-0.181459048799986311 0.873702470255538377 0.483082409657900780
-0.173083042456060876 0.875665399111042464 0.482321771250259546
-0.164678569003770592 0.877572341715996629 0.481560787000374912
-0.156244678007594562 0.879423707585980319 0.480799461499530345
-0.147780419479172975 0.881219860208922734 0.480037799341068050
-0.139284843648106782 0.882961116965760073 0.479275805120361664
-0.130757000291838621 0.884647748874007434 0.478513483434788112
-0.122195937641154440 0.886279980128006128 0.477750838883700013
-0.113600700843742686 0.887857987417140060 0.476987876068398153
-0.104970330030183856 0.889381898985007302 0.476224599592103282
-0.096303857962731776 0.890851793414920157 0.475461014059928577
-0.087600307304077696 0.892267698118592190 0.474697124078852117
-0.078858687544637429 0.893629587497879019 0.473932934257688454
-0.070077991590187738 0.894937380773293989 0.473168449207061581
-0.061257192075148348 0.896190939451712243 0.472403673539376345
-0.052395237434852415 0.897390064426556333 0.471638611868791302
-0.043491047756447909 0.898534492698582099 0.470873268811190182
-0.034543510516949816 0.899623893707275246 0.470107648984154913
-0.025551476201458423 0.900657865259128831 0.469341757006936922
-0.016513753893325600 0.901635929059217078 0.468575597500429597
-0.007429106886024217 0.902557525874660316 0.467809175087140594
0.001703751575893031 0.903422010204942172 0.467042494391163687
0.010886162718330983 0.904228644984034657 0.466275560038151071
0.020119525661847104 0.904976594861518047 0.465508376655285161
0.029405301662837002 0.905664920548062136 0.464740948871250947
0.036872683393263050 0.906171949755695150 0.463973281316208130
0.046256695441240891 0.906750225946485133 0.463205378621762642
0.055697568507075079 0.907265634511754793 0.462437245420939558
0.065197026374651579 0.907716775645312612 0.461668886348154228
0.074756867011449069 0.908102109943756952 0.460900306039185248
0.084378963640861615 0.908419950114739749 0.460131509131145422
0.094065265209165305 0.908668452430059670 0.459362500262455065
0.103817796213134417 0.908845607887485807 0.458593284072812746
0.113638655823865953 0.908949233095356246 0.457823865203168145
0.123530016314935598 0.908976960897615038 0.457054248295693633
0.133494120739172883 0.908926230722399531 0.456284437993756620
0.143533279834524630 0.908794278656269272 0.455514438941891142
0.153649868139742185 0.908578127244993872 0.454744255785770268
0.163846319287998254 0.908274574993264361 0.453973893172177512
0.174125120451319115 0.907880185576541487 0.453203355748979131
0.184488805920516030 0.907391276726213558 0.452432648165096596
0.194939949778463517 0.906803908788248680 0.451661775070477334
0.205481157632435851 0.906113872924668273 0.450890741116067750
0.216115057386912335 0.905316678949257714 0.450119550953784642
0.226844288980904640 0.904407542769343542 0.449348209236487384
0.237671493064921413 0.903381373424787082 0.448576720617949509
0.248599298542452329 0.902232759697524256 0.447805089752831120
0.259630308908130658 0.900955956289842264 0.447033321296650354
0.270767087305724963 0.899544869558365434 0.446261419905755630
0.284274359254160780 0.897665194000084377 0.445489390237297223
0.295652543855580874 0.895935422739015608 0.444717236949199513
0.307144227545093351 0.894049353431530691 0.443944964700132727
0.318751607666401482 0.891999263710562484 0.443172578149484575
0.330476738647359658 0.889777001819520796 0.442400081957332769
0.342321506486511440 0.887373969932538920 0.441627480784416215
0.354287600982828743 0.884781107274835943 0.440854779292107424
0.366376485499609772 0.881988873133166873 0.440081982142383921
0.378589364054400357 0.878987229888259280 0.439309093997800659
0.390927145517318164 0.875765626219852988 0.438536119521461376
0.403390404665555258 0.872312980667943605 0.437763063376990780
0.415979339865105491 0.868617665767418945 0.436989930228506185
0.428693727097743615 0.864667493015204625 0.436216724740589701
0.441532870081338347 0.860449698969358523 0.435443451578259699
0.454495546212740020 0.855950932822250543 0.434670115406943058
0.467579948047877281 0.851157245856657196 0.433896720892446575
0.480783620073238660 0.846054083231147946 0.433123272700929207
0.494103390494862182 0.840626278622896628 0.432349775498873712
0.507535297800146168 0.834858052311718613 0.431576233953058608
0.521074511893385495 0.828733013366998117 0.430802652730529700
0.534715249598392783 0.822234166680802847 0.430029036498572770
0.548450684404066968 0.815343925674927861 0.429255389924684039
0.562272850363011778 0.808044131596881821 0.428481717676543417
0.576172540119617826 0.800316080425824694 0.427708024421985300
0.590139197177427466 0.792140558484912050 0.426934314828971262
0.604160802552731746 0.783497887990314723 0.426160593565560908
0.618223756166738081 0.774367983840645424 0.425386865299884787
0.632312753428603824 0.764730423060371312 0.424613134700115247
0.646410657678588407 0.754564528414262137 0.423839406434439070
0.660498369375936423 0.743849467764693184 0.423065685171028827
0.674554693124997273 0.732564370866539361 0.422291975578014622
0.688556203988494708 0.720688465275101553 0.421518282323456672
0.702477114807996350 0.708201233123498142 0.420744610075315939
0.716289146608109939 0.695082590481477358 0.419970963501427319
0.729961404611852882 0.681313090950941946 0.419197347269470222
0.743460262782976056 0.666874155033984617 0.418423766046941481
0.756749260307827409 0.651748326614335349 0.417650224501126266
0.769789013908414255 0.635919557639031185 0.416876727299070882
0.782537150420093863 0.619373521668070470 0.416103279107553403
0.794948264539783400 0.602097956535891266 0.415329884593057030
0.806973907187633510 0.584083035690105667 0.414556548421740223
0.818562610386551537 0.565321767047252011 0.413783275259410332
0.829659954920976550 0.545810417314322116 0.413010069771493848
0.840208687391697295 0.525548958613791473 0.412236936623009365
0.850148893374576997 0.504541533060800296 0.411463880478538657
0.859418233423309252 0.482796929572419820 0.410690906002199319
0.867952248342471977 0.460329065642537283 0.409918017857616057
0.875684739638055820 0.437157465261175104 0.409145220707892665
0.882548230170176362 0.413307722438879921 0.408372519215583762
0.889541281397240868 0.383838563210725625 0.407599918042667209
0.894252770827695498 0.358619647664883912 0.406827421850515403
0.897877634762366261 0.332850089180012798 0.406055035299867251
0.900349970855911397 0.306585178913461875 0.405282763050800465
0.901606352103458630 0.279887926551788291 0.404510609762702811
0.901586785902101506 0.252829111468116818 0.403738580094244404
0.900235726361282684 0.225487207865067735 0.402966678703349568
0.897503122656150731 0.197948168685931125 0.402194910247168913
0.893345482468317686 0.170305055461349775 0.401423279382050524
0.887726925985482418 0.142657504399687107 0.400651790763512761
0.880620202953322107 0.115111023285122294 0.399880449046215336
0.872007642911902692 0.087776118663240754 0.399109258883932283
0.861882007501347691 0.060767258603730445 0.398338224929522700
0.850247213576230010 0.034201682608017703 0.397567351834903382
0.837118897182056121 0.008198076701273982 0.396796644251020736
0.822524791226095786 -0.017124861770893340 0.396026106827822577
0.806504893961506153 -0.041649939197724306 0.395255744214229765
0.789111411145267394 -0.065263025046645717 0.394485561058108725
0.770408461671701517 -0.087854616051983025 0.393715562006243303
0.750471544405035829 -0.109321363467458355 0.392945751704306401
0.729386772344731593 -0.129567521097524341 0.392176134796831943
0.707249888817508054 -0.148506273171638725 0.391406715927187232
0.684165088510007013 -0.166060904444835955 0.390637499737544969
0.660243673392113095 -0.182165780027904123 0.389868490868854556
0.635602579691959324 -0.196767109026213166 0.389099693960814785
0.610362816112837825 -0.209823473950714628 0.388331113651845694
0.584647856322398018 -0.221306116262813990 0.387562754579060531
0.558582028783348505 -0.231198977274975515 0.386794621378237391
0.532288945970127547 -0.239498501969003880 0.386026718683791847
0.505890011397102990 -0.246213221163930046 0.385259051128749030
0.479503038401585147 -0.251363134032725699 0.384491623344714872
0.453241008730334127 -0.254978918265568955 0.383724439961849018
0.427210992234717923 -0.257100998920350987 0.382957505608836291
0.406621647133431907 -0.257755949880931201 0.382190824912859439
0.381256846547244010 -0.257318321339408129 0.381424402499570547
0.356385405298606905 -0.255542923093126595 0.380658242993063167
0.332085237282251255 -0.252497231427826430 0.379892351015845064
0.308425660316516248 -0.248253072303197292 0.379126731188809796
0.285467334668490724 -0.242885502481106519 0.378361388131208842
0.263262344886997957 -0.236471747695212731 0.377596326460623632
0.241854406779065834 -0.229090214335921416 0.376831550792938397
0.221279180316738350 -0.220819586904777210 0.376067065742311524
0.201564668894123916 -0.211738019416549988 0.375302875921148027
0.182731685887125267 -0.201922425292257068 0.374538985940071401
0.164794370381610267 -0.191447866968464303 0.373775400407896752
0.147760735464389559 -0.180387043748644671 0.373012123931601880
0.131633234156187884 -0.168809874156510831 0.372249161116299909
0.116409329985306981 -0.156783167306937116 0.371486516565211977
0.102082061205501617 -0.144370376616270668 0.370724194879638425
0.088640589522324953 -0.131631428245337329 0.369962200658932039
0.076070726168125546 -0.118622616346919299 0.369200538500469633
0.064355429728017069 -0.105396556895794205 0.368439212999625065
0.053475271838553377 -0.092002192176738232 0.367678228749740488
0.043408868062172833 -0.078484838119197667 0.366917590342099198
0.034133272539308958 -0.064886267280882870 0.366157302365898329
0.025624335928580932 -0.051244820751531577 0.365397369408220485
0.019352382193506375 -0.040324449797748969 0.364637796054006091
0.012159943686921155 -0.026692020144261707 0.363878586886026256
0.005662745564421928 -0.013107024811797282 0.363119746484854844
-0.000165298154004713 0.000403876210847286 0.362361279428840721
-0.005350243174423244 0.013816687955073664 0.361603190294080168
-0.009917947774793063 0.027109901135359566 0.360845483654389343
-0.013893931821511973 0.040264313155158306 0.360088164081276974
-0.017303259690467004 0.053262851668302781 0.359331236143916044
-0.020170444828512522 0.066090402433131301 0.358574704409116762
-0.022519373756573240 0.078733642839405898 0.357818573441299359
-0.024373247419891043 0.091180882201819385 0.357062847802465555
-0.025754537884321711 0.103421909601445497 0.356307532052171694
-0.026533927739479990 0.113060253405548872 0.355552630747501208
-0.027118764445739012 0.124908544631740615 0.354798148443037253
-0.027289852168662837 0.136528712195697094 0.354044089690834618
-0.027066714997284427 0.147914927432156285 0.353290459040392801
-0.026468098774891445 0.159062228487154594 0.352537261038628369
-0.025511984010648546 0.169966417629748512 0.351784500229847863
-0.024215603968813518 0.180623966927146051 0.351032181155719714
-0.022595466909581322 0.191031931993547732 0.350280308355247205
-0.020667381577900726 0.201187873459061528 0.349528886364741498
-0.018913384537986369 0.209129809045310616 0.348777919717793483
-0.016468705523857152 0.218827304654255039 0.348027412945247028
-0.013756865182532496 0.228268054133923121 0.347277370575171052
-0.010791281036631767 0.237450946311459188 0.346527797132833160
-0.007584815765661987 0.246375093705947901 0.345778697140671221
-0.004149808323753182 0.255039791045611697 0.345030075118266999
-0.000498104469947025 0.263444478641051916 0.344281935582318011
0.002571616342542687 0.269980718738835779 0.343534283046611377
0.006584983798667010 0.277916322341324462 0.342787122021995572
0.010784255245801677 0.285590864800826294 0.342040457016353661
0.015159198565613013 0.293004078572864146 0.341294292534576271
0.019699943699004546 0.300155719974984692 0.340548633078533836
0.024396959328282702 0.307045552245001019 0.339803483147050112
0.029241031003356122 0.313673330590082844 0.339058847235874428
0.033216166292500154 0.318786696601642106 0.338314729837655315
0.038302652223210831 0.324942085010015591 0.337571135441912362
0.043511910073967958 0.330834582340389483 0.336828068535010128
0.048835753384158076 0.336463801009421137 0.336085533600130215
0.054266225108117766 0.341829290095801541 0.335343535117245406
0.058682164783465773 0.345931446412019339 0.334602077563091016
0.064285189318616126 0.350820844951347022 0.333861165411139194
0.069973653410087322 0.355444827769765326 0.333120803131571552
0.075740334649775393 0.359802609394916484 0.332380995191252027
0.081578169004929979 0.363893289879705262 0.331641746053699893
0.086295011736636729 0.366972836092319565 0.330903060179063069
0.092243568781034124 0.370580053664309794 0.330164942024091357
0.098244213863625335 0.373916933236708715 0.329427396042108855
0.104290344150406028 0.376982019949165692 0.328690426682987813
0.110375437128684611 0.379773676701320451 0.327954038393121539
0.115267220812191151 0.381808905491878403 0.327218235615397535
0.121406190124789537 0.384103614200388077 0.326483022789170574
0.127566112723189351 0.386119187883698645 0.325748404350236054
0.133740576757774010 0.387853129029921917 0.325014384730803463
0.138686289455158540 0.389035652333421078 0.324280968359469235
0.144870648988782241 0.390255464104297900 0.323548159661190049
0.151051327645176314 0.391185104697196473 0.322815963057256461
0.157221619573686661 0.391820898179255916 0.322084382965266092
0.162145763394846154 0.392115256114696276 0.321353423799096927
0.168279901584118791 0.392211656333669390 0.320623089968880448
0.174383846266961379 0.392001847274195236 0.319893385880975489
0.180450005086194909 0.391480585310155726 0.319164315937941478
0.185270392762697189 0.390835496476121369 0.318435884538511682
0.191248195586178615 0.389738832917152778 0.317708096077566726
0.197164790730070483 0.388313342874154532 0.316980954946108506
0.203010813628250103 0.386551757589327027 0.316254465531233042
0.207630103942959776 0.384895223918454432 0.315528632216104443
0.213323304494106969 0.382508361345187065 0.314803459379928152
0.218915827230540982 0.379761660999791473 0.314078951397925132
0.223309000860261897 0.377298658321158720 0.313355112641304667
0.228688071662549008 0.373879057616536559 0.312631947477238548
0.233928526034624690 0.370070277597170927 0.311909460268834315
0.239014274379817870 0.365860347414976084 0.311187655375109562
0.242959627724902538 0.362195003518318237 0.310466537150965005
0.247720960413435498 0.357230187009607569 0.309746109947158288
0.252273026091560659 0.351826256690022099 0.309026378110278277
0.255748186996171578 0.347176785212636729 0.308307345982718140
0.259862116194798320 0.340943667641319614 0.307589017902649531
0.263693439284811315 0.334226905489245441 0.306871398203996282
0.266533499638416216 0.328493626835831110 0.306154491216408586
0.269772359065700129 0.320862123748628769 0.305438301265236245
0.272089782016164294 0.314373515062374820 0.304722832671503130
0.274607559256004052 0.305767785476143805 0.304008089751880761
0.276658341360995430 0.296594549921834705 0.303294076818662772
0.277925968930765599 0.288834862327443931 0.302580798179738097
0.278992781227263342 0.278593769812088943 0.301868258138565604
0.279420236724271298 0.267735307788220134 0.301156460994148056
0.279250425132363866 0.258593860136069720 0.300445411041005861
0.278326363248214914 0.246588210940785535 0.299735112569151418
0.276958041713646075 0.236515017776255027 0.299025569864063145
0.274371938505050872 0.223334159686483485 0.298316787206659995
0.270701804612720864 0.209500814648683698 0.297608768873274754
0.266896497508572250 0.197971660616341555 0.296901519135629122
0.260929977634470345 0.183000833212529246 0.296195042260807340
0.255087776818913425 0.170599168362307457 0.295489342511231157
0.246299407812237053 0.154610786354530461 0.294784424144633184
0.235678346344081052 0.138153580532730580 0.294080291414031747
0.225720089519634320 0.124720011452035803 0.293376948567705464
0.211254782667849583 0.107710119882749353 0.292674399849167044
0.197918805694519334 0.094040018751574445 0.291972649497137970
0.178834996682466885 0.077066697290640002 0.291271701745522582
0.161479467883827138 0.063758037580018259 0.290571560823383868
0.136967313020168985 0.047756396955427063 0.289872230954915933
0.114960495938000617 0.035730320618062111 0.289173716359419908
0.084292120076783064 0.022098438891971765 0.288476021251277581
0.057142495151287998 0.012690617476374920 0.287779149839927695
0.019888618287718689 0.003388182710714831 0.287083106329838189
-0.020991591544517831 -0.002447580526460284 0.286387894920482278
-0.056163233137882726 -0.004041213395963660 0.285693519806313190
-0.102866576497841714 -0.001425937838982087 0.284999985176738024
-0.142025385279348604 0.004920707135408570 0.284307295216093381
-0.192480929970596348 0.018889105307283299 0.283615454103619102
-0.233344739595348655 0.035344257420892519 0.282924466013434350
-0.273900131405538427 0.056785761861096157 0.282234335114511015
-0.322952177625440484 0.090784992345676552 0.281545065570649733
-0.359843833998014673 0.123678126391959742 0.280856661540454244
-0.401613951537594660 0.171484531917605959 0.280169127177306077
-0.430575929820433134 0.214505096539824192 0.279482466629339732
-0.460091686740273398 0.273155788907854802 0.278796684039418097
-0.477737760728912775 0.322976429581742774 0.278111783545106850
-0.491858851734655544 0.387379320475282563 0.277427769278649428
-0.496730332243219941 0.439459502123306534 0.276744645366942488
-0.495043760807781230 0.503788614483859254 0.276062415931510929
-0.487892290494768788 0.553664646810519523 0.275381085088483135
-0.476101610014649068 0.601408620403595995 0.274700656948565658
-0.455709194515952154 0.657317696446003574 0.274021135617018741
-0.435617898601933118 0.698596150942587202 0.273342525193631669
-0.406788265211093236 0.745548732588768082 0.272664829772698014
-0.381461346331962214 0.779305210887266564 0.271988053442990652
-0.354697986850697700 0.809708177027398612 0.271312200287737060
-0.319931451920726029 0.843159716597578157 0.270637274384595228
-0.291552172632981610 0.866475296736017975 0.269963279805628786
-0.255906024158442547 0.891635686836913743 0.269290220617281972
-0.227569012727634329 0.908840048780506615 0.268618100880355593
-0.199613876581489880 0.923685780605141060 0.267946924649982543
-0.165441371219352984 0.939259461998005252 0.267276695975603384
-0.138858534069181083 0.949587265523828217 0.266607418900941251
-0.113033087475661265 0.958234155877862870 0.265939097463978480
-0.081893487906841367 0.966955053212024906 0.265271735696931188
-0.057930937548866024 0.972463124958829583 0.264605337626225900
-0.034825059651677703 0.976827632309055227 0.263939907272474572
-0.007144729159209440 0.980877994261353914 0.263275448650450827
0.014051889630832093 0.983138714552462600 0.262611965769065092
0.034426333905479112 0.984642747503281512 0.261949462631341390
0.054002351499357060 0.985483090771953174 0.261287943234391862
0.077391001229759171 0.985725044714298115 0.260627411569394229
0.095272619483757703 0.985359606327372628 0.259967871621566038
0.112450214627966671 0.984565713694327660 0.259309327370142229
0.132979481546052936 0.983054467241148755 0.258651782788349882
0.148686392084204255 0.981488900556541477 0.257995241843384959
0.163789319821421142 0.979651853885729951 0.257339708496387765
0.178317812929973563 0.977579973892814369 0.256685186702419799
0.195714062999348182 0.974708637277068579 0.256031680410439610
0.209052891466568469 0.972220408245905610 0.255379193563278428
0.221906057387859623 0.969588638250329926 0.254727730097616900
0.234298367432030252 0.966834549603330373 0.254077293943961557
0.249176493804979304 0.963248115362912438 0.253427889026620723
0.260616277483547432 0.960283557627919948 0.252779519263680752
0.271667481137494338 0.957249399191289818 0.252132188566982385
0.282349868800561399 0.954157855906219599 0.251485900842097765
0.292682108503118266 0.951019642532502485 0.250840659988306292
0.305131758262485231 0.947045441549458356 0.250196469898570972
0.314739066828732317 0.943834799005383696 0.249553334459515330
0.324049911314721439 0.940603959176083637 0.248911257551399867
0.333078845840429849 0.937359006813098805 0.248270243048098749
0.341839587116574806 0.934105252576822309 0.247630294817075935
0.350345062235130844 0.930847324234865603 0.246991416719362256
0.358607454670061165 0.927589247010701889 0.246353612609532258
0.368611041998388622 0.923521717736808245 0.245716886335680784
0.376367488290587027 0.920275369064295967 0.245081241739399380
0.383915830215500797 0.917038592998272728 0.244446682655753811
0.391265556002141357 0.913813549813678683 0.243813212913260191
0.398425617147417421 0.910602087409366656 0.243180836333862671
0.405404461029969521 0.907405778274704922 0.242549556732909621
0.412210061438544106 0.904225952249334330 0.241919377919131262
0.418849947148120016 0.901063725567400331 0.241290303694616182
0.425331228622064572 0.897920026637401447 0.240662337854788411
0.431660622899884161 0.894795618963578843 0.240035484188385162
0.439368409981429897 0.890918168384767561 0.239409746477433349
0.445378734877461213 0.887839238158376398 0.238785128497226773
0.451256556382461094 0.884781173187149994 0.238161634016303414
0.457007160544322388 0.881744238148959969 0.237539266796423398
0.462635545723431241 0.878728617791642241 0.236918030592545070
0.468146438695001443 0.875734428117779462 0.236297929152803232
0.473544309692096432 0.872761726379891467 0.235678966218485830
0.478833386473426881 0.869810520016148558 0.235061145524012804
0.484017667471516921 0.866880774648172370 0.234444470796911636
0.489100934123237352 0.863972421227796161 0.233828945757796114
0.494086762437067617 0.861085362425914602 0.233214574120343354
0.498978533865072182 0.858219478335967012 0.232601359591271956
0.503779445544701332 0.855374631557589304 0.231989305870319185
0.508492519944903520 0.852550671726599374 0.231378416650218466
0.513120614026795541 0.849747439513881098 0.230768695616677788
0.517666427872262247 0.846964770184337690 0.230160146448356639
0.522132512910241653 0.844202496710706463 0.229552772816844636
0.525431209872295302 0.842144076081061232 0.228946578386638622
0.529763489531926202 0.839417096070234292 0.228341566815121244
0.534022352969008685 0.836710061702244490 0.227737741752538220
0.538209861040919946 0.834022818727875426 0.227135106841976964
0.542327960175165713 0.831355220507658199 0.226533665719343968
0.546378488752809366 0.828707129221823657 0.225933422013343488
0.550363183223970931 0.826078416841132812 0.225334379345455083
0.554283684083844541 0.823468965812326203 0.224736541329912165
0.558141541517477524 0.820878669591821097 0.224139911573680239
0.561938221011989647 0.818307432880355679 0.223544493676434614
0.564746419270891309 0.816391462225897979 0.222950291230539055
0.568439327843469511 0.813853384435768046 0.222357307821024419
0.572074694758585300 0.811334162198190212 0.221765547025566445
0.575653713755879703 0.808833741943121631 0.221175012414464467
0.579177518181864581 0.806352080010936056 0.220585707550619681
0.582647184836028176 0.803889142440656013 0.219997635989513968
0.585214525308888400 0.802054211658310923 0.219410801279188383
0.588591888329412338 0.799623985857444652 0.218825206960221313
0.591917819985219085 0.797212433563595946 0.218240856565707519
0.595193223856385734 0.794819549005983950 0.217657753621236849
0.598418966613195713 0.792445331568551015 0.217075901644872893
0.600806186051883961 0.790676920724256105 0.216495304147131529
0.603947009031679638 0.788335380754005555 0.215915964630959911
0.607040392636981729 0.786012523560859266 0.215337886591715516
0.610087095623564779 0.783708357714337556 0.214761073517145018
0.612341932958064494 0.781992504523090437 0.214185528887362697
0.615308707531415977 0.779721067503782894 0.213611256174830066
0.618230785296204011 0.777468340236530553 0.213038258844334860
0.620393427826740229 0.775791074096075395 0.212466540352969940
0.623238942676465513 0.773571089736458717 0.211896104150112174
0.626041633929358188 0.771369807696449472 0.211326953677402479
0.628802163810762038 0.769187214667410468 0.210759092368723977
0.630845287004170530 0.767562522555349513 0.210192523650182150
0.633533606681609962 0.765412581360894073 0.209627250940083665
0.636181552482710355 0.763281253393535586 0.209063277648916135
0.638141402572351968 0.761694946222141733 0.208500607179326947
0.640720236310790447 0.759596079570330707 0.207939242926103607
0.643260454437538098 0.757515681180180200 0.207379188276152232
0.645140659060271404 0.755967459202396608 0.206820446608478120
0.647614829213261189 0.753919200124626876 0.206263021294164489
0.649446226781013047 0.752394983451805999 0.205706915696352854
0.651856292120864822 0.750378583383472963 0.205152133170222351
0.654230597966916849 0.748380239157534044 0.204598677062969414
0.655988241534663619 0.746893256612426448 0.204046550713787689
0.658301493600301879 0.744926207407317964 0.203495757453848236
0.660014074679172946 0.743462537996172013 0.202946300606278940
0.662268213502826830 0.741526346304180350 0.202398183486144662
0.663937186766775378 0.740085639410690388 0.201851409400427062
0.666134150333886343 0.738179808339426202 0.201305981648004950
0.667760967555968032 0.736761669741709646 0.200761903519634410
0.669902688360901388 0.734885645792187403 0.200219178297928596
0.672013706088237406 0.733026385455643914 0.199677809257337857
0.673577196942364953 0.731642816959385156 0.199137799664130727
0.675635987918427494 0.729812388921988409 0.198599152776373439
0.677161022655189293 0.728450193889018882 0.198061871843910497
0.678670010743514407 0.727096999792541276 0.197525960108345194
0.680657480493875866 0.725306571330886274 0.196991420803020012
0.682130030188684677 0.723973991433796815 0.196458257152997223
0.684069844482312561 0.722210676659995054 0.195926472375038851
0.685507344009421926 0.720898147539905554 0.195396069677588241
0.687401338038508225 0.719161180500524466 0.194867052260749796
0.688805150976420144 0.717868117794481564 0.194339423316269994
0.690655124332627546 0.716156707840923001 0.193813186027518514
0.692026585533129901 0.714882511107953755 0.193288343569468529
0.693384582372211900 0.713616213045531689 0.192764899108677640
0.695174708505116534 0.711939907086839963 0.192242855803268775
0.696502202941185922 0.710691599111403005 0.191722216802911405
0.698252498227523000 0.709038867562223452 0.191202985248802360
0.699550739345299322 0.707807930720627088 0.190685164273646623
0.700836815566232008 0.706584249194822989 0.190168757001638655
0.702533037718119591 0.704963764157115480 0.189653766548444014
0.703791572510426344 0.703756572055519114 0.189140196021179541
0.705038656583898637 0.702556259862419319 0.188628048518395514
0.706683979074270496 0.700966353911000040 0.188117327130056300
0.707905140278948020 0.699781664788439173 0.187608034937522289
0.709115523197266451 0.698603489622531604 0.187100175013531100
0.710315320940811179 0.697431721307038677 0.186593750422178684
0.711898911497452769 0.695879147460142011 0.186088764218901248
0.713074738242436612 0.694721920600957499 0.185585219450456806
0.714240593409834257 0.693570755156835972 0.185083119154906633
0.715779857105488304 0.692045124871746631 0.184582466361596864
0.716923117418083233 0.690907718918613911 0.184083264091140619
0.718056971635023578 0.689776050624718584 0.183585515355399187
0.719181579723236153 0.688650027800647657 0.183089223157464454
0.720297097097956085 0.687529560757156322 0.182594390491640279
0.721770572522106413 0.686044096905305767 0.182101020343424957
0.722865456820936281 0.684936259423569060 0.181609115689492451
0.723951735182678080 0.683833698221356645 0.181118679497675406
0.725029542949688577 0.682736335699405839 0.180629714726946222
0.726099010778326059 0.681644097313645836 0.180142224327400208
0.727512211662415420 0.680195627417209625 0.179656211240236729
0.728562701315079275 0.679115073318718121 0.179171678397742395
0.729605252568473861 0.678039418102108771 0.178688628723273041
0.730639975695321797 0.676968601459518537 0.178207065131235742
0.731666976280716308 0.675902566563147844 0.177726990527071554
0.732686355245007026 0.674841260120813136 0.177248407807238162
0.733698208863837853 0.673784632433466646 0.176771319859192089
0.734702628802584967 0.672732637437663872 0.176295729561371350
0.735699702153608026 0.671685232744170024 0.175821639783178052
0.736689511475938086 0.670642379673232591 0.175349053384961262
0.737998091957218771 0.669258929340190600 0.174877973217999694
0.738971247895378158 0.668226567267679816 0.174408402124484219
0.739937382986669889 0.667198654884161857 0.173940342937500991
0.740896560829316542 0.666175169732227346 0.173473798481014518
0.741848840837969314 0.665156093088793532 0.173008771569850284
0.742794278330823898 0.664141409942451078 0.172545265009677762
0.743732924624088909 0.663131108961149796 0.172083281596993737
0.744664827130771867 0.662125182453227046 0.171622824119105372
0.745590029472055882 0.661123626313281254 0.171163895354113277
0.746508571589964975 0.660126439963899303 0.170706498070894802
0.747420489870086135 0.659133626284534979 0.170250635029087161
0.748325817269507421 0.658145191532233165 0.169796308979071303
0.748925722049553100 0.657488672348248815 0.169343522661954737
0.749820129007224168 0.656507558594508822 0.168892278809555235
0.750708017260205085 0.655530856247634297 0.168442580144384513
0.751589408401965198 0.654558583103422631 0.167994429379631272
0.752464321282157123 0.653590759832528012 0.167547829219145628
0.753332772169184706 0.652627409846648687 0.167102782357422014
0.754194774921145394 0.651668559152100424 0.166659291479583554
0.755050341154660298 0.650714236202271867 0.166217359261365216
0.755899480425184622 0.649764471733684235 0.165776988369098488
0.756462006599412651 0.649133844051939080 0.165338181459694394
0.757300450473698428 0.648191751023035168 0.164900941180628258
0.758132484170314314 0.647254308305183490 0.164465270169923072
0.758958111254029566 0.646321553517765435 0.164031171056134129
0.759777334093604151 0.645393525722708694 0.163598646458332858
0.760590154055242773 0.644470265224444172 0.163167698986090987
0.761128477176321372 0.643857427105273494 0.162738331239465017
0.761930626587694615 0.642942204408188500 0.162310545808980133
0.762726373305373073 0.642031861028999784 0.161884345275615377
0.763515716645154274 0.641126440085772131 0.161459732210787160
0.764038387707269062 0.640525582237421287 0.161036709176334170
0.764817056979645304 0.639628461845240026 0.160615278724501848
0.765589320949404240 0.638736379677954935 0.160195443397927406
0.766355179372804507 0.637849378858432736 0.159777205729623673
0.766862193132148873 0.637260889032497446 0.159360568242964351
0.767617376614679880 0.636382451550373096 0.158945533451668869
0.768366156935512579 0.635509207495806527 0.158532103859786916
0.768861787689483656 0.634929950012388833 0.158120281961683429
0.769599902145214010 0.634065450787812512 0.157710070242023437
0.770331622597056120 0.633206249868393911 0.157301471175757601
0.770815886781615722 0.632636410972492458 0.156894487228106394
0.771536964019153615 0.631786121404221079 0.156489120854546221
0.772251665834961853 0.630941224331275530 0.156085374500793544
0.772724596609133285 0.630380971297162307 0.155683250602791229
0.773428695486617412 0.629545131636471078 0.155282751586692802
0.773894568748001999 0.628990944050634715 0.154883879868848662
0.774588100289273829 0.628164240560778242 0.154486637855791142
0.775275312150896623 0.627343052107183996 0.154091027944219749
0.775729951244559901 0.626798668004517445 0.153697052520987060
0.776406671217191757 0.625986718844096068 0.153304713963084344
0.776854334657634982 0.625448511680563701 0.152914014637626994
0.777520622133643480 0.624645850731739727 0.152524956901840314
0.777961352747713608 0.624113848940149207 0.152137543103045308
0.778617276865473662 0.623320512449501041 0.151751775578644582
0.779051124031124198 0.622794735858740456 0.151367656656108324
0.779696763794041625 0.622010746983274854 0.150985188652959929
0.780123783469768517 0.621491206599639301 0.150604373876762149
0.780759227734635908 0.620716575147643446 0.150225214625103520
0.781179482413539961 0.620203273029999891 0.149847713185584097
0.781804829749638830 0.619437995363915417 0.149471871835801767
0.782218388326470282 0.618930924609123467 0.149097692843338375
0.782629289149331275 0.618426342472574664 0.148725178465746399
0.783240684327404457 0.617674128519749788 0.148354330950535129
0.783644995848028825 0.617175753202356181 0.147985152535156927
0.784246568559137436 0.616432830031952594 0.147617645446993906
0.784644374073577344 0.615940633625311706 0.147251811903344576
0.785039601741278292 0.615450899092152226 0.146887654111410415
0.785627641664941256 0.614720899339312177 0.146525174268282266
0.786016489008639962 0.614237290727243535 0.146164374560927651
0.786402810762515614 0.613756119662951072 0.145805257166176955
0.786977592139876725 0.613038915721399014 0.145447824250710761
0.787357668835863334 0.612563802260948309 0.145092077971046479
0.787735275792674883 0.612091096124722678 0.144738020473525603
0.788297091734471045 0.611386529426959036 0.144385653894300470
0.788668597269232441 0.610919798451811324 0.144034980359321579
0.789037692013372483 0.610455439185244586 0.143686001984324796
0.789404393304095064 0.609993440540642196 0.143338720874818359
0.789949995929768889 0.609304843547663788 0.142993139126070229
0.790310790717920320 0.608848695475054047 0.142649258823095815
0.790669254220108586 0.608394866303237136 0.142307082040644906
0.791025404575045443 0.607943343333052999 0.141966610843189456
0.791379260064163259 0.607494113547955683 0.141627847284910818
0.791905780741110510 0.606824539366854765 0.141290793409687837
0.792253979897373561 0.606380983614839941 0.140955451251084163
0.792599949153300676 0.605939673159104575 0.140621822832335985
0.792943707302606549 0.605500593708896973 0.140289910166339848
0.793285273227824272 0.605063730720556414 0.139959715255640799
0.793624665883295610 0.604629069418550547 0.139631240092419895
0.794129721608390016 0.603981172756423934 0.139304486658482385
0.794463764421775687 0.603551949586735748 0.138979456925245687
0.794795700760315804 0.603124874703010128 0.138656152853727538
0.795125549797686237 0.602699932417882112 0.138334576394534364
0.795453330733841946 0.602277106870352741 0.138014729487848986
0.795779062787263070 0.601856382036004667 0.137696614063419348
0.796102765184624417 0.601437741740570408 0.137380232040546862
0.796424457153862231 0.601021169669323729 0.137065585328074641
0.796744157921822738 0.600606649370657997 0.136752675824376058
0.797061886700175304 0.600194164274694186 0.136441505417343317
0.797377662685559097 0.599783697693828999 0.136132075984376016
0.797691505051896343 0.599375232833351257 0.135824389392369904
0.798003432943236168 0.598968752801346649 0.135518447497705474
0.798313465470342098 0.598564240614051668 0.135214252146237057
0.798621621706170237 0.598161679202466212 0.134911805173281107
0.798927920679202042 0.597761051421873302 0.134611108403605934
0.799232381371401734 0.597362340055525909 0.134312163651419847
0.799535022713087185 0.596965527822158060 0.134014972720361059
0.799835863578474582 0.596570597382845458 0.133719537403486022
0.800134922785823210 0.596177531341853362 0.133425859483258913
0.800432219088099473 0.595786312259788176 0.133133940731541361
0.800580211993136781 0.595591389865780751 0.132843782909580932
0.800874898960782899 0.595202908425334520 0.132555387768000910
0.801167869618599426 0.594816230163700777 0.132268757046789781
0.801459142483124776 0.594431337507838387 0.131983892475290826
0.801748735994327499 0.594048212860814662 0.131700795772191348
0.802036668517567275 0.593666838600453994 0.131419468645512461
0.802322958336150083 0.593287197090223484 0.131139912792598762
0.802465492923365664 0.593098020599973408 0.130862129900108481
0.802749352793943882 0.592720945108520247 0.130586121644002573
0.803031615314379943 0.592345558214153578 0.130311889689535138
0.803312298477329767 0.591971842244139346 0.130039435691243210
0.803452053399061894 0.591785605331812681 0.129768761292936907
0.803730401069133515 0.591414362610403588 0.129499868127689266
0.804007213973159773 0.591044746636218310 0.129232757817826449
0.804282509785382849 0.590676739751764601 0.128967431974918306
0.804419594279327188 0.590493334203549880 0.128703892199768077
0.804692647383629445 0.590127707875588658 0.128442140082403289
0.804964227158783130 0.589763646560508059 0.128182177202065650
0.805099469967367476 0.589582197284229115 0.127924005127202034
0.805368872208478082 0.589220450512799587 0.127667625415454483
0.805636844248047490 0.588860224829529821 0.127413039613651358
0.805770299278044444 0.588680676923691637 0.127160249257797620
0.806036157972665923 0.588322700057119063 0.126909255873065646
0.806300628913654283 0.587966200585426257 0.126660060973786071
0.806432349224080358 0.587788499435365375 0.126412666063438650
0.806694769956915692 0.587434183459394355 0.126167072634643274
0.806825474527438136 0.587257564308325319 0.125923282169150691
0.807085882394103837 0.586905392889940813 0.125681296137833798
0.807344968885517877 0.586554629655706594 0.125441116000678810
0.807474021706452771 0.586379770752256224 0.125202743206776296
0.807731156607126355 0.586031087706344267 0.124966179194312452
0.807859242703563019 0.585857259314663703 0.124731425390560466
0.808114462165875791 0.585510618212036760 0.124498483211871971
0.808241599492711349 0.585337801290504611 0.124267354063668414
0.808494939175123273 0.584993164223392093 0.124038039340432532
0.808621145435834410 0.584821339906823723 0.123810540425700069
0.808872640481305694 0.584478669341234047 0.123584858692051325
0.808997933111270884 0.584307818967180426 0.123360995501102993
0.809122925022730421 0.584137289133205728 0.123138952203499741
0.809372014266472650 0.583797182926894087 0.122918730138906251
0.809496115354078172 0.583627602505602638 0.122700330635999083
0.809743439769652462 0.583289376970272500 0.122483755012458659
0.809866666786383638 0.583120727864312349 0.122269004574961190
0.810112259562230097 0.582784347087284993 0.122056080619171087
0.810234628935896373 0.582616611492608238 0.121844984429732739
0.810356716022296752 0.582449176497471410 0.121635717280263234
0.810600050414887807 0.582115200601066585 0.121428280433344166
0.810721301231798197 0.581948655875414222 0.121222675140514505
0.810842276776888027 0.581782404108769691 0.121018902642262602
0.811083408920085569 0.581450771956168899 0.120816964168019139
0.811203568913462458 0.581285387862695346 0.120616860936149317
0.811323460426354393 0.581120289312236249 0.120418594153945749
0.811443085120077123 0.580955474488374257 0.120222165017621091
0.811681540612290475 0.580626688844092409 0.120027574712300855
0.811800374651909573 0.580462714478384711 0.119834824412016289
0.811918948355824122 0.580299016747155449 0.119643915279697144
0.812037263302283763 0.580135593924081761 0.119454848467164781
0.812273123159932720 0.579809566178320246 0.119267625115125314
0.812390671144870624 0.579646957893856785 0.119082246353162544
0.812507966519600888 0.579484617794489121 0.118898713299731174
0.812625010776722889 0.579322544249132765 0.118717027062150135
0.812741805390109318 0.579160735648189262 0.118537188736595883
0.812974651485616873 0.578837906951448655 0.118359199408095833
0.813090705820687543 0.578676883745938730 0.118183060150521657
0.813206516216782083 0.578516119267140638 0.118008772026582914
0.813322084049917238 0.578355612019597176 0.117836336087820667
0.813437410678139905 0.578195360528698465 0.117665753374601195
0.813552497437954658 0.578035363345681619 0.117497024916109374
0.813667345643509288 0.577875619048811684 0.117330151730342946
0.813781956590722166 0.577716126237795002 0.117165134824105996
0.813896331552169783 0.577556883540896626 0.117001975193003135
0.814010471779210820 0.577397889612090820 0.116840673821433358
0.814124378501685619 0.577239143131538901 0.116681231682584041
0.814238052925838507 0.577080642808569744 0.116523649738425272
0.814351496237211370 0.576922387377753476 0.116367928939703880
0.814464709596681047 0.576764375604442714 0.116214070225937813
0.814577694143823972 0.576606606280222311 0.116062074525410328
0.814690450993597159 0.576449078227599276 0.115911942755164490
0.814802981237155333 0.576291790298909201 0.115763675820997711
0.814915285943138001 0.576134741374677684 0.115617274617456051
0.815027366154294497 0.575977930368329782 0.115472740027829104
0.815139222889958770 0.575821356222895098 0.115330072924144461
0.815250857144927066 0.575665017912613264 0.115189274167162514
0.815362269888431968 0.575508914444468278 0.115050344606371285
0.815473462064476462 0.575353044857807916 0.114913285079981331
0.815584434592190655 0.575197408223936169 0.114778096414920497
0.815695188365476165 0.575042003646708988 0.114644779426829185
0.815695188365476165 0.575042003646708988 0.114513334920055415
0.815805724250299957 0.574886830266357562 0.114383763687649603
0.815916043089593312 0.574731887252825313 0.114256066511360263
0.816026145697110294 0.574577173814335040 0.114130244161628980
0.816136032862256111 0.574422689190807412 0.114006297397585929
0.816245705346444361 0.574268432659019612 0.113884226967045130
0.816245705346444361 0.574268432659019612 0.113764033606500142
0.816355163885385982 0.574114403529501161 0.113645718041119337
0.816464409186109852 0.573960601150787952 0.113529280984741868
0.816573441930129706 0.573807024905091723 0.113414723139873122
0.816573441930129706 0.573807024905091723 0.113302045197680529
0.816682262771140310 0.573653674211629494 0.113191247837989437
0.816790872333737372 0.573500548528479648 0.113082331729278909
0.816790872333737372 0.573500548528479648 0.112975297528677909
0.816899271217660483 0.573347647346783784 0.112870145881961009
0.817007459992727281 0.573194970197886011 0.112766877423544909
0.817007459992727281 0.573194970197886011 0.112665492776484119
0.817115439201022586 0.573042516650395517 0.112565992552467672
0.817223209358179714 0.572890286308494812 0.112468377351815099
0.817223209358179714 0.572890286308494812 0.112372647763472971
0.817330770949126095 0.572738278817957247 0.112278804365011281
0.817438124433771618 0.572586493858323720 0.112186847722619942
0.817438124433771618 0.572586493858323720 0.112096778391105545
0.817545270241024746 0.572434931151320603 0.112008596913887773
0.817545270241024746 0.572434931151320603 0.111922303822996186
0.817652208772576494 0.572283590455752056 0.111837899639067123
0.817652208772576494 0.572283590455752056 0.111755384871340541
0.817758940401485779 0.572132471569481327 0.111674760017656721
0.817758940401485779 0.572132471569481327 0.111596025564453569
0.817865465473380349 0.571981574327902975 0.111519181986763555
0.817865465473380349 0.571981574327902975 0.111444229748210735
0.817971784302871430 0.571830898609035465 0.111371169301008127
0.817971784302871430 0.571830898609035465 0.111300001085954892
0.818077897179401603 0.571680444325448400 0.111230725532433697
0.818077897179401603 0.571680444325448400 0.111163343058408165
0.818183804360372413 0.571530211433970203 0.111097854070420235
0.818183804360372413 0.571530211433970203 0.111034258963587817
0.818183804360372413 0.571530211433970203 0.110972558121602394
0.818289506078042517 0.571380199926139642 0.110912751916726629
0.818289506078042517 0.571380199926139642 0.110854840709792277
0.818395002533571558 0.571230409836609776 0.110798824850197819
0.818395002533571558 0.571230409836609776 0.110744704675906469
0.818395002533571558 0.571230409836609776 0.110692480513444172
0.818500293900963349 0.571080841237782577 0.110642152677897440
0.818500293900963349 0.571080841237782577 0.110593721472911730
0.818500293900963349 0.571080841237782577 0.110547187190689372
0.818605380325542642 0.570931494241985749 0.110502550111987896
0.818605380325542642 0.570931494241985749 0.110459810506118417
0.818605380325542642 0.570931494241985749 0.110418968630943887
0.818605380325542642 0.570931494241985749 0.110380024732877557
0.818710261923869864 0.570782369001693546 0.110342979046881562
0.818710261923869864 0.570782369001693546 0.110307831796465444
0.818710261923869864 0.570782369001693546 0.110274583193684828
0.818710261923869864 0.570782369001693546 0.110243233439140137
0.818710261923869864 0.570782369001693546 0.110213782721975392
0.818814938784769519 0.570633465708197951 0.110186231219877029
0.818814938784769519 0.570633465708197951 0.110160579099072869
0.818814938784769519 0.570633465708197951 0.110136826514331099
0.818814938784769519 0.570633465708197951 0.110114973608959388
0.818814938784769519 0.570633465708197951 0.110095020514803896
0.818814938784769519 0.570633465708197951 0.110076967352248589
0.818814938784769519 0.570633465708197951 0.110060814230214563
0.818814938784769519 0.570633465708197951 0.110046561246159164
0.818919410968443784 0.570484784592948824 0.110034208486075674
0.818919410968443784 0.570484784592948824 0.110023756024492547
0.818919410968443784 0.570484784592948824 0.110015203924473198
0.818919410968443784 0.570484784592948824 0.110008552237615381
0.818919410968443784 0.570484784592948824 0.110003801004051049
0.818919410968443784 0.570484784592948824 0.110000950252446050
0.818919410968443784 0.570484784592948824 0.110000000000000001
