0.655763017885018118 -0.685219349791623245 0.739999999999999991
0.655763017885018118 -0.685219349791623245 0.739999049747553928
0.655763017885018118 -0.685219349791623245 0.739996198995948928
0.655763017885018118 -0.685219349791623245 0.739991447762384680
0.655763017885018118 -0.685219349791623245 0.739984796075526807
0.655763017885018118 -0.685219349791623245 0.739976243975507431
0.653141703476047608 -0.687568465136361051 0.739965791513924276
0.653141703476047608 -0.687568465136361051 0.739953438753840897
0.653141703476047608 -0.687568465136361051 0.739939185769785457
0.653141703476047608 -0.687568465136361051 0.739923032647751389
0.653141703476047608 -0.687568465136361051 0.739904979485196068
0.653141703476047608 -0.687568465136361051 0.739885026391040590
0.653141703476047608 -0.687568465136361051 0.739863173485668879
0.653141703476047608 -0.687568465136361051 0.739839420900927136
0.653141703476047608 -0.687568465136361051 0.739813768780122949
0.650460234379352631 -0.689961535880507237 0.739786217278024627
0.650460234379352631 -0.689961535880507237 0.739756766560859869
0.650460234379352631 -0.689961535880507237 0.739725416806315206
0.650460234379352631 -0.689961535880507237 0.739692168203534561
0.647714356164013627 -0.692401577485391106 0.739657020953118471
0.647714356164013627 -0.692401577485391106 0.739619975267122420
0.647714356164013627 -0.692401577485391106 0.739581031369056063
0.647714356164013627 -0.692401577485391106 0.739540189493881561
0.644899401251012971 -0.694891848235377418 0.739497449888012137
0.644899401251012971 -0.694891848235377418 0.739452812809310633
0.644899401251012971 -0.694891848235377418 0.739406278527088290
0.644899401251012971 -0.694891848235377418 0.739357847322102524
0.642010236414669033 -0.697435875162970453 0.739307519486555820
0.642010236414669033 -0.697435875162970453 0.739255295324093509
0.642010236414669033 -0.697435875162970453 0.739201175149802103
0.639041202124623231 -0.700037483212428979 0.739145159290207743
0.639041202124623231 -0.700037483212428979 0.739087248083273307
0.635986042203367075 -0.702700828112750919 0.739027441878397529
0.635986042203367075 -0.702700828112750919 0.738965741036412216
0.635986042203367075 -0.702700828112750919 0.738902145929579812
0.632837821943352363 -0.705430433502427290 0.738836656941591730
0.632837821943352363 -0.705430433502427290 0.738769274467566239
0.629588832407694698 -0.708231232935544019 0.738699998914045142
0.629588832407694698 -0.708231232935544019 0.738628830698991878
0.626230478120784917 -0.711108617492198447 0.738555770251789201
0.626230478120784917 -0.711108617492198447 0.738480818013236395
0.622753144690359139 -0.714068489826783614 0.738403974435546395
0.622753144690359139 -0.714068489826783614 0.738325239982343340
0.619146042058059121 -0.717117325613006451 0.738244615128659576
0.619146042058059121 -0.717117325613006451 0.738162100360932882
0.615397018006570096 -0.720262243472358121 0.738077696177003806
0.615397018006570096 -0.720262243472358121 0.737991403086112219
0.611492335148957067 -0.723511084624623213 0.737903221608894433
0.611492335148957067 -0.723511084624623213 0.737813152277379980
0.607416402832771540 -0.726872503635953793 0.737721195634988725
0.603151453026526063 -0.730356071775465687 0.737627352236526979
0.603151453026526063 -0.730356071775465687 0.737531622648184837
0.598677146151968431 -0.733972394582227183 0.737434007447532291
0.593970088698381082 -0.737733245255815628 0.737334507223515900
0.593970088698381082 -0.737733245255815628 0.737233122576455124
0.589003238931999906 -0.741651715333035533 0.737129854118038996
0.583745169545059062 -0.745742383683170029 0.737024702471322124
0.583745169545059062 -0.745742383683170029 0.736917668270721027
0.578159145911793404 -0.750021503916426191 0.736808752162010583
0.572201964596340651 -0.754507208504132332 0.736697954802319477
0.572201964596340651 -0.754507208504132332 0.736585276860126870
0.565822477244973143 -0.759219724638458882 0.736470719015258179
0.558959697551412837 -0.764181591064428845 0.736354281958880641
0.551540349937223451 -0.769417855010301910 0.736235966393499863
0.543475662376608382 -0.774956210793394717 0.736115773032954834
0.543475662376608382 -0.774956210793394717 0.735993702602414035
0.534657123884543450 -0.780827011181147390 0.735869755838370998
0.524950806306488160 -0.787063029291851013 0.735743933488639756
0.514189669476369016 -0.793698754733241918 0.735616236312350402
0.502162995694457992 -0.800768839471851068 0.735486665079944646
0.502162995694457992 -0.800768839471851068 0.735355220573170709
0.488601681997334225 -0.808305003210068151 0.735221903585079439
0.473157475082448375 -0.816330141818216060 0.735086714920018758
0.455373238582487794 -0.824847310466360728 0.734949655393628665
0.434639815276976094 -0.833819174136680941 0.734810725832837464
0.410132774955032420 -0.843129378546488173 0.734669927075855544
0.380719252044380840 -0.852508822337419536 0.734527259972170943
0.344822012494767516 -0.861392006458940984 0.734382725382543899
0.300229510039421832 -0.868630420454813867 0.734236324179002309
0.243866166094090175 -0.871907496841181517 0.734088057244835501
0.171658163090819604 -0.866529008479002161 0.733937925474589692
0.079098403853700927 -0.842973088772355217 0.733785929774062096
-0.035303302254798663 -0.782524982770423372 0.733632071060296154
-0.157542806625756232 -0.653302648982808210 0.733476350261574761
-0.230288922265413448 -0.425311371539376037 0.733318768317415937
-0.152077106103215315 -0.142728765942435609 0.733159326178566717
0.088756810901677363 0.039812490840681815 0.732998024806996828
0.346864082394791606 0.048319523865572256 0.732834865175894024
0.521713566507667981 -0.039595015235961456 0.732669848269657087
0.617152925639635086 -0.145833963577700371 0.732502975083890617
0.663639760000910073 -0.240529316216270744 0.732334246625398921
0.683409572489352968 -0.318678039804439928 0.732163663912179352
0.688820916339420108 -0.382826188420791635 0.731991227973417091
0.686196480134801057 -0.437100642765941017 0.731816939849478376
0.665504864531642704 -0.538358864573037166 0.731640800591904172
0.635895416637551447 -0.625021135743009992 0.731462811263404067
0.177981505815088842 0.029589867050076865 0.731282972937849940
0.649488278004587638 -0.461155030280532729 0.731101286700268749
0.636537377043389752 -0.527169626740910613 0.730917753646837420
0.621344626597060357 -0.561652668977909220 0.730732374884874636
0.586716720222204224 -0.608061200616455855 0.730545151532835280
0.565859695715202782 -0.626960562799652954 0.730356084720302889
0.541158728023813929 -0.644492931941849534 0.730165175587983772
0.510777756606220157 -0.660984439781428068 0.729972425287699123
0.418957454657567618 -0.688385221443784445 0.729777834982378915
0.343307887192466687 -0.692454434387045015 0.729581405846054243
0.228773503589240590 -0.671193502831467281 0.729383139063850661
-0.072565746879114809 -0.219591855423964366 0.729183035831980852
0.283585235566057581 0.196692253449831933 0.728981097357737307
0.722329455674009968 0.058847561519888014 0.728777324859485542
0.838646359150358789 -0.174607357759531068 0.728571719566655895
0.823101127575137204 -0.412345572623879664 0.728364282719736744
0.800294130434254125 -0.472590021907230207 0.728155015570267294
0.759477565070604599 -0.550090227334095294 0.727943919380828919
0.741728411574375857 -0.578381148427641767 0.727730995425038829
0.725033847392228314 -0.603519256249639313 0.727516244987541416
0.691739378334592314 -0.651387298166675177 0.727299669364000922
0.672865320462103900 -0.677534268479991209 0.727081269861093782
0.616620495273529690 -0.748094186722584431 0.726861047796500293
0.559223171103292449 -0.805229536803555468 0.726639004498896957
0.421846366182024979 -0.892335656523908116 0.726415141307948709
0.305370770034553263 0.042773457867047782 0.726189459574299923
0.672384819856333693 -0.261239602566187112 0.725961960659567529
0.697121811305826178 -0.513731076710172374 0.725732645936331688
0.674301826375977575 -0.605559014014004693 0.725501516788128020
0.661472681447917488 -0.300754200034367147 0.725268574609439609
0.685060339943014185 -0.457113576417214396 0.725033820805687568
0.674180378970518523 -0.534125568886239188 0.724797256793223710
0.663071941861400393 -0.567077362031651377 0.724558883999321224
0.658017149079218155 -0.578522168978026219 0.724318703862166235
0.648664747424774535 -0.596409297416793494 0.724076717830849370
0.644283862260120244 -0.603714822814631291 0.723832927365356760
0.635958150928028765 -0.616210023476356672 0.723587333936561383
0.631967076605577160 -0.621670877846416614 0.723339939026213963
0.624238467862580304 -0.631457654312512107 0.723090744126934415
0.616754374485984358 -0.640106716796920550 0.722839750742202303
0.613074605394981931 -0.644105692959119791 0.722586960386348620
0.605789611651378346 -0.651595983567197390 0.722332374584545467
0.598544492017654806 -0.658551772060691709 0.722075994872797944
0.594915899710002249 -0.661871958020287754 0.721817822797934383
0.587605990664921807 -0.668265017877582190 0.721557859917596800
0.580170964839739289 -0.674403589004184956 0.721296107800231900
0.576385145584697001 -0.677402180034160639 0.721032568025081755
0.568630642509156847 -0.683301919788934065 0.720767242182173473
0.560563431591725170 -0.689126005459617441 0.720500131872310767
0.552088419506150507 -0.694937370742114258 0.720231238707063071
0.547663079351481619 -0.697858020417890690 0.719960564308756767
0.538352694850942282 -0.703770538558672221 0.719688110310464868
0.528291296924652043 -0.709837860227783723 0.719413878355997460
0.517269825006329453 -0.716140878852235652 0.719137870099891496
0.505009109561892822 -0.722775530802752142 0.718860087207401133
0.498299405123373562 -0.726252896912049861 0.718580531354487628
0.483411507582031108 -0.733614512488012238 0.718299204227808685
0.465989020101295059 -0.741661699743204395 0.718016107524709124
0.445027738620434765 -0.750607763228128944 0.717731242953210224
0.418923606035185581 -0.760719074899109504 0.717444612231999179
0.384937940173379456 -0.772289743352474023 0.717156217090419101
0.363550509963375901 -0.778686204201104681 0.716866059268458589
0.306675794603581520 -0.792453142287933954 0.716574140516741065
0.216167137070515603 -0.804615473212219490 0.716280462596514012
0.048538110507176102 -0.793073292357475812 0.715985027279638975
-0.276579940047847916 -0.561817473133638501 0.715687836348580131
0.075543399218846563 -0.013281427933599023 0.715388891596394072
0.030999633780970030 -0.082809500659014282 0.715088194826718926
0.755644325218252977 0.396618582330703351 0.714785747853762921
0.957715594764463996 -0.227484897682047937 0.714481552502294504
0.854022014431692345 -0.439909324582192895 0.714175610607630129
0.776578489503515934 -0.531011589270123041 0.713867924015623934
0.718938505668918038 -0.582918687253387580 0.713558494582656633
0.669594489300117779 -0.618794541246734275 0.713247324175623976
0.618027467696106725 -0.648031269124926479 0.712934414671925309
0.544869276380845480 -0.675652103654843406 0.712619767959453143
0.367353750601856655 -0.687961408711907696 0.712303385936580713
0.378839567944735389 0.265540465037271856 0.711985270512151103
0.851273413711968963 -0.454687795210970913 0.711665423605465697
0.761259927099546152 -0.571191165825166491 0.711343847146272412
0.716267402622802418 -0.610719788863385071 0.711020543074754374
0.677591034684032034 -0.639393332981565088 0.710695513341517593
0.660136037393966646 -0.651209468287978765 0.710368759907580083
0.646165526583611372 -0.660279420125488015 0.710040284744359096
0.634465306466641232 -0.667646671433477112 0.709710089833660129
0.624346083097404470 -0.673866189693036133 0.709378177167664048
0.615382852607386455 -0.679264398262869773 0.709044548748915870
0.607296386559754930 -0.684048352078409971 0.708709206590312113
0.596403933891954674 -0.690365662471898567 0.708372152715089243
0.589778164760399903 -0.694138205921350337 0.708033389156810689
0.583551484515760110 -0.697635972074032495 0.707692917959355072
0.577653257795989084 -0.700908101090061963 0.707350741176904108
0.569300134248514000 -0.705479108849213055 0.707006860873929721
0.563994238746586607 -0.708350684115331308 0.706661279125181618
0.558852101043921579 -0.711118847768049567 0.706313998015675182
0.553835418803321766 -0.713818696961237786 0.705965019640678482
0.546449523864647957 -0.717846647516707570 0.705614346105699508
0.541523500948383751 -0.720643244778444214 0.705261979526474403
0.536439254603613302 -0.723763490009086574 0.704907922028953582
0.530779847774482394 -0.727864676784842124 0.704552175749289300
0.509115830016923621 -0.754005007491490464 0.704194742833822995
0.533736379705899489 -0.708857198698816804 0.703835625439072410
0.523326433835086369 -0.721781241324943035 0.703474825731717712
0.515073466706728933 -0.727753979555804897 0.703112345888589618
0.510340078921564522 -0.730347497576902205 0.702748188096655402
0.503546799477835871 -0.733591954258940970 0.702382354553006127
0.499084084185928645 -0.735533704573367753 0.702014847464843106
0.494616902209401299 -0.737369720264821171 0.701645669049464793
0.487833413454217324 -0.739990720297946769 0.701274821534253578
0.483210441885687514 -0.741676429764391520 0.700902307156661686
0.476040136790883472 -0.744144595442790657 0.700528128164198294
0.471042273856932536 -0.745764721963096178 0.700152286814415881
0.465808284729533950 -0.747375685154169300 0.699774785374896457
0.457351754115919107 -0.749796396085925965 0.699395626123237801
0.451156065925279348 -0.751428911642373798 0.699014811347040133
0.440610746736866843 -0.753937586113866187 0.698632343343891682
0.432345521607853889 -0.755671105076984762 0.698248224421355368
0.416841379538966272 -0.758393002588061194 0.697862456896954697
0.402975691232319688 -0.760271797559130880 0.697475043098159664
0.370842594567733663 -0.762766140525825476 0.697085985362372984
0.331460111498579901 -0.762531592975331796 0.696695286036915662
0.151387375551716441 -0.715586700424883038 0.696302947479013001
0.813507052888536863 -0.393549425287877175 0.695908972055780284
0.631542718141982595 -0.675437580636338741 0.695513362144208891
0.539147407366612041 -0.728162844536170750 0.695116120131151316
0.511772125535193800 -0.739067925517878810 0.694717248413307176
0.486535103335891228 -0.747609184098274149 0.694316749397208888
0.469716742008365440 -0.752607937860642062 0.693914625499206461
0.460879433772879876 -0.755040157133217593 0.693510879145453840
0.449691725689959743 -0.757943674544941604 0.693105512771893584
0.443148266661974266 -0.759554843756660159 0.692698528824242432
0.434236307499500596 -0.761647666246235033 0.692289929757976541
0.426070508616681942 -0.763461769366485465 0.691879718038316605
0.420916885996578283 -0.764554774434149431 0.691467896140213090
0.413497774386268668 -0.766055986442222281 0.691054466548331137
0.406348515248434405 -0.767419927112388933 0.690639431757035682
0.401689446781008042 -0.768264138049609357 0.690222794270376361
0.394813795008118751 -0.769444391750680468 0.689804556602072627
0.388029788334599890 -0.770531077395612551 0.689384721275498102
0.381298451614746958 -0.771531862624600495 0.688963290823665919
0.376824629763344743 -0.772153937753675135 0.688540267789212845
0.370115213242556418 -0.773021982255915452 0.688115654724384629
0.363387716549000594 -0.773813870683065730 0.687689454191019900
0.356622891333858494 -0.774530701547402778 0.687261668760535072
0.352083822610300468 -0.774966995637037748 0.686832301013909019
0.345219916575709107 -0.775558652697586837 0.686401353541667092
0.338276783552065308 -0.776073916878828207 0.685968828943865794
0.331240673512678108 -0.776511016748047678 0.685534729830076905
0.324098292060758519 -0.776867582594635064 0.685099058819371831
0.316836492239689183 -0.777140671037486519 0.684661818540305611
0.311922404597035130 -0.777274643291302136 0.684223011630901601
0.304431875894184134 -0.777400515137862458 0.683782640738634817
0.296785483157576246 -0.777432248402152970 0.683340708520416507
0.288968240247794772 -0.777364723405395752 0.682897217642577936
0.280963949636025334 -0.777192136392307442 0.682452170780854406
0.272754811669773334 -0.776907926606675181 0.682005570620368706
0.264320945528053575 -0.776504679223802174 0.681557419855615576
0.255639783317228197 -0.775973996953572831 0.681107721190444715
0.246685282995242061 -0.775306329254421223 0.680656477338045240
0.237426881214971464 -0.774490742076139105 0.680203691020928702
0.231068049425962818 -0.773858683017693227 0.679749364970912762
0.221218200469781634 -0.772767451534014604 0.679293501929105314
0.210948116890777804 -0.771489532615299733 0.678836104645886729
0.200193234266396458 -0.770004979712640925 0.678377175880894634
0.188870235942935838 -0.768289155351488784 0.677916718403006269
0.176868719410528286 -0.766310650310250807 0.677454734990322271
0.164037909936976811 -0.764027784406479893 0.676991228430149805
0.150164566788515919 -0.761382387051362963 0.676526201518985459
0.134934352915676792 -0.758287998512259254 0.676059657062499042
0.117860048902387271 -0.754605662179687497 0.675591597875515815
0.090755595109858256 -0.748325439307553797 0.675122026782000395
0.065060129672979305 -0.741838071573633906 0.674650946615038660
0.030827177290792040 -0.732125493852319842 0.674178360216821981
-0.021140971795227503 -0.713856799129318209 0.673704270438628683
-0.119530296723063700 -0.659729869507639899 0.673228680140807945
-0.267067884594552940 -0.269104086675053700 0.672751592192761816
0.417292361622626173 -0.486564888897535963 0.672273009472928451
0.234972748881775911 -0.665139029889118771 0.671792934868764235
0.142502084993309408 -0.682096403662353357 0.671311371276726909
0.073306296570272378 -0.671259599854606925 0.670828321602257471
-0.047963890525519193 -0.601131339830769162 0.670343788759763304
-0.123132048079947973 -0.130348989276624611 0.669857775672599853
0.413897265455652641 -0.638466340647865005 0.669370285273053756
0.218023310920721247 -0.697781105485575814 0.668881320502324628
0.144234322749814514 -0.690594021179509299 0.668390884310507527
0.100408565555710483 -0.677886059891873005 0.667898979656575076
0.058332849098730377 -0.658369788258050592 0.667405609508359698
0.032079706357065862 -0.641803392449362020 0.666910776842535635
0.007808408883143547 -0.622866739358823418 0.666414484644600846
-0.015886606256315050 -0.600292535858285570 0.665916735908859470
-0.049075319159263220 -0.559514922761259470 0.665417533638403169
-0.078320350160231034 -0.509609770192441580 0.664916880845093483
-0.114841623764753292 -0.396514654702011693 0.664414780549543171
0.383308088520796009 0.156507158595720369 0.663911235781098785
0.054677200779556789 -0.696308576103931376 0.663406249577821461
-0.027240233062431285 -0.616895306305970115 0.662899824986468933
-0.062900441999873380 -0.568535104866831009 0.662391965062477772
-0.085797633543719248 -0.529903181405024459 0.661882672869943733
-0.107584639485039463 -0.483300540148635660 0.661371951481604547
-0.119790713776955660 -0.449175586678679739 0.660859803978820493
-0.129110324653020025 -0.414657499978947075 0.660346233451555964
-0.137195104220581565 -0.367189710068933417 0.659831242998361267
-0.139823940694614485 -0.330169323791899005 0.659314835726353410
-0.138191339118906548 -0.278666438020309104 0.658797014751197674
-0.132552245665293611 -0.238343365235186289 0.658277783197088628
-0.122458334243832234 -0.196480982813137584 0.657757144196731369
-0.100406830309250752 -0.137871629373215759 0.657235100891322421
-0.075053003305716265 -0.090872610503890477 0.656711656430531421
-0.036961522216095888 -0.038659351831016930 0.656186813972481464
0.075014022148439496 0.056787186403593301 0.655660576683730012
0.744464742692824366 -0.102773395621086505 0.655132947739250349
-0.086858046055383942 -0.101858184858896611 0.654603930322411820
-0.008166748319355311 -0.007330028093772190 0.654073527624961182
0.071356744213764492 0.050989358708612834 0.653541742847002838
0.126912880377366893 0.077752475147461975 0.653008579196979855
0.200357358272385377 0.099486176981206181 0.652474039891654756
0.255477685545795863 0.106854660006948099 0.651938128156089536
0.328535725170610138 0.105557915165937280 0.651400847223626678
0.382363243703975675 0.096500190030074900 0.650862200335869279
0.451795151619722501 0.073902267107938679 0.650322190742662065
0.501426391537276528 0.049171115091732498 0.649780821702071409
0.563435495030758737 0.005747460668428905 0.649238096480365567
0.606246802569739174 -0.035032007882867200 0.648694018351995028
0.657451865691577653 -0.101844043382159521 0.648148590599572971
0.690390258688275638 -0.163479231572531358 0.647601816513855399
0.723359942694744573 -0.267614009341750614 0.647053699393721038
0.732884745602345733 -0.371002203631552341 0.646504242546151686
0.690744382634060572 -0.565633858239119269 0.645953449286212344
0.432297170637617689 -0.818442273553676491 0.645401322937030675
-0.045709066122625763 -0.748203826553418438 0.644847866829777683
-0.096391312828175646 -0.079315996644672190 0.644293084303647068
0.188079080711907876 0.062944331758311128 0.643736978705835461
0.411028177674871875 0.022192056876886079 0.643179553391521885
0.514355859767311130 -0.057095998803605802 0.642620811723847774
0.551962205280219442 -0.114922252801424318 0.642060757073896426
0.565097039673503110 -0.187558925485527245 0.641499392820673031
0.536184034970207946 -0.241613714989441286 0.640936722351083898
0.115215761793811072 -0.163522555785603319 0.640372749059916258
0.831042766763255392 -0.192386310349604850 0.639807476349817827
0.746394203383728083 -0.307081551281985221 0.639240907631276056
0.720961977292835621 -0.351443104802088513 0.638673046322597582
0.697560313031094115 -0.398352017316698226 0.638103895849887803
0.677235062980259261 -0.438775887479094573 0.637533459647030010
0.662029055055277205 -0.466495668911841854 0.636961741155665062
0.640732416615455658 -0.500938688935207876 0.636388743825169967
0.617615105592533742 -0.533075409883108864 0.635814471112637336
0.598778190382101227 -0.555884231945819041 0.635238926482855071
0.571306111178663256 -0.584724716005656009 0.634662113408284490
0.540711625529854412 -0.611817641625172715 0.634084035369040122
0.506456712381247787 -0.637073133377794587 0.633504695852868616
0.467896121527220044 -0.660215761685439051 0.632924098355127196
0.435688565269776285 -0.675879695999058949 0.632342246378763129
0.387643577465943523 -0.693832094428507240 0.631759143434292514
0.332850322190778813 -0.707216215730479658 0.631174793039778748
0.270294164043805574 -0.713995736795106972 0.630589198720811650
0.217792998777715879 -0.712920673986308984 0.630002364010486038
0.140243824689689600 -0.699748992199431541 0.629414292449380408
0.055467749458131099 -0.667627391651466784 0.628824987585535511
-0.031670683729491833 -0.609121456322193389 0.628234452974433477
-0.110306535418979806 -0.517204246486478336 0.627642692178975614
-0.162001980877899410 -0.390492031665856665 0.627049708769460978
-0.164722017640864776 -0.241346188749809176 0.626455506323565503
-0.126389098349925344 -0.132134380079168084 0.625860088426319683
-0.028191774630762761 -0.018675335782006166 0.625263458670087813
0.096379048459400790 0.037411615149390454 0.624665620654545006
0.213350706224362086 0.037058678708712905 0.624066577986656545
0.301030295488430855 -0.002150663614587878 0.623466334280656009
0.352417028328763204 -0.060267159788292668 0.622864893158023070
0.368718874807842378 -0.122082494536384520 0.622262258247461841
0.353328539974955058 -0.177113789245060577 0.621658433184878789
0.309037660595247454 -0.216715586735126003 0.621053421613361412
0.238132304930583016 -0.230529263574515975 0.620447227183155481
0.170252059272517436 -0.214846846774953276 0.619839853551643394
0.071618541205023048 -0.141946844448912202 0.619231304383322301
-0.002053524766851956 0.009073925583487430 0.618621583349781567
0.015138001990085692 0.226834459089702067 0.618010694129680793
0.171420822914966270 0.427877633431500648 0.617398640408728050
0.414413897034176693 0.510611218846626858 0.616785425879656679
0.637291105547194814 0.468086778977626128 0.616171054242203975
0.789647419989556232 0.362862757255222768 0.615555529203088425
0.878334818371395265 0.245955380431627846 0.614938854475987173
0.924764248506028563 0.139146275606227832 0.614321033781514036
0.946023505451780489 0.047725716696814913 0.613702070847196968
0.952786941043123559 -0.029137326707524558 0.613081969407454963
0.951243191482168404 -0.093850996970245681 0.612460733203576524
0.944916221304298420 -0.148847488453681120 0.611838365983696564
0.935814506856748496 -0.196173086983301326 0.611214871502773316
0.922230927977500281 -0.246987646959165252 0.610590253522566684
0.910334029767994046 -0.282481905433228042 0.609964515811614816
0.897844129473416075 -0.314454262245020100 0.609337662145211567
0.884855128079537367 -0.343711551656916636 0.608709696305383963
0.871300803616098740 -0.370978771270831786 0.608080622080868771
0.856925780018804484 -0.396993313057192432 0.607450443267090412
0.841157666663497006 -0.422660542454662169 0.606819163666137418
0.822714668175213992 -0.449402209331528357 0.606186787086739787
0.798230396905087458 -0.480184846701322221 0.605553317344246333
0.755366562950363862 -0.523689665838961926 0.604918758260600598
0.592530158029261234 -0.617224872528409518 0.604283113664319305
0.914792509509999352 -0.241059976710025436 0.603646387390467831
0.855960961997187519 -0.408860839529291753 0.603008583280637778
0.824491978095218125 -0.458226341749792931 0.602369705182924098
0.802365889085297601 -0.487462684677558378 0.601729756951901340
0.783548991806233275 -0.509762947946538203 0.601088742448600111
0.765775232268450123 -0.528944605296184034 0.600446665540484759
0.743188688130372865 -0.550885311424158752 0.599803530101429061
0.723650101372605770 -0.567810839087619645 0.599159340011693797
0.701614811900631241 -0.584786384119485358 0.598514099157902213
0.675490361140954954 -0.602272143137990046 0.597867811433017704
0.642657863680509145 -0.620645249167072199 0.597220480736319392
0.584436931650443303 -0.644843662011424845 0.596572110973379255
0.510492651307571377 -0.662682836861919644 0.595922706056038476
0.382134714798535058 -0.664379894368361423 0.595272269902383133
0.136307534251089157 -0.557386976665534051 0.594620806436721661
0.035302246484070515 0.068728828143602747 0.593968319589560312
0.868038519710132017 0.060103745851758428 0.593314813297580179
0.936289813813685701 -0.226426703289225151 0.592660291503612213
0.908380493275774303 -0.361674620108407896 0.592004758156615130
0.876312347719734985 -0.434988405025891312 0.591348217211650096
0.843159072813303601 -0.490281031365999653 0.590690672629857860
0.821598463412533286 -0.520441019734714794 0.590032128378433995
0.803205351882652741 -0.543805388623448627 0.589372588430605804
0.783331958962356190 -0.567252565453968294 0.588712056765608116
0.769172023627712198 -0.583082025943449600 0.588050537368658643
0.756075596705318542 -0.597204035893076357 0.587388034230934886
0.743705763991016955 -0.610155928506754153 0.586724551349549261
0.728838060685686129 -0.625288193214973975 0.586060092727525461
0.717095571853849534 -0.636926852868598847 0.585394662373774133
0.705162446839399548 -0.648469436131091204 0.584728264303068901
0.689318348249933877 -0.663303477835322619 0.584060902536021609
0.674949351439774636 -0.676174652790122677 0.583392581099058893
0.657094968812072855 -0.691201507087709555 0.582723304024396649
0.618948457633208715 -0.719023059600696568 0.582053075350017379
0.485530141587999453 -0.777888482824515171 0.581381899119644441
0.730602955002846777 -0.627840466242085782 0.580709779382718061
0.669292093526649867 -0.691146157515488802 0.580036720194371247
0.634549911338168404 -0.721835916074508366 0.579362725615404806
0.579393377108013086 -0.764981603705734869 0.578687799712263029
0.436221959392087133 -0.836039910433976963 0.578011946557009382
0.747180497330228399 -0.228353741081829320 0.577335170227301964
0.687864992429885191 -0.647316402788123191 0.576657474806368309
0.649699029972341413 -0.696126926950437097 0.575978864382981293
0.617478652836473074 -0.729738240571277119 0.575299343051434375
0.594858693593971477 -0.750690363261745208 0.574618914911516843
0.565897036896476524 -0.775101780380355709 0.573937584068489048
0.539842714348071184 -0.794985309268537943 0.573255354633057546
0.508875831068838935 -0.816170206861928760 0.572572230721350661
0.458138622163716924 -0.845357384559733860 0.571888216454893183
0.400646324108390406 -0.870661704290456528 0.571203315960581826
0.287536515123631486 -0.898758162189307597 0.570517533370660246
0.133238018511837808 -0.894432481123060730 0.569830872822694068
-0.173169221742049073 -0.696843036600536259 0.569143338459545789
-0.192419811725005219 -0.180530333398278231 0.568454934429350356
0.392268912470568609 0.017414995805465489 0.567765664885489074
0.613042806178265343 -0.166347131750921612 0.567075533986565739
0.679896533094841771 -0.344151562299061964 0.566384545896380986
0.684745625018777337 -0.434285632392585941 0.565692704783906763
0.674812953625471890 -0.509961981900702188 0.565000014823262009
0.662978190059422157 -0.553415430011472975 0.564306480193686899
0.646907629287929886 -0.595402099779127725 0.563612105079517756
0.633736618244560401 -0.622921039120940767 0.562916893670161955
0.616861617684876462 -0.653040293250252257 0.562220850160072394
0.602517240505203167 -0.675746991928257490 0.561523978748722397
0.581436985674447682 -0.706210752411577491 0.560826283640580292
0.555765297773068268 -0.740341070804774404 0.560127769045084101
0.334005485926685053 -0.910490192032414991 0.559428439176616110
0.616008693476857161 -0.603172678317966393 0.558728298254477340
0.572532115212352588 -0.694985807148811974 0.558027350502862229
0.553250289223287783 -0.721609094980086074 0.557325600150833100
0.532923386889823769 -0.745156333219816669 0.556623051432294513
0.517365714458757120 -0.761152844729299005 0.555919708585968286
0.497594734108325887 -0.779693741454492217 0.555215575855366850
0.476702850845184267 -0.797587882369861667 0.554510657488768932
0.458735824871680631 -0.811812249665905705 0.553804957739192694
0.434147339136779664 -0.829750351898093874 0.553098480864371078
0.412297048793218213 -0.844343763230666289 0.552391231126725279
0.381482246177133666 -0.862943907549548195 0.551683212793339983
0.345676459259032232 -0.881849713484877284 0.550974430135936832
0.312424207210938443 -0.896966188023097355 0.550264887430848670
0.263442118341481069 -0.915205767380001589 0.549554588958994228
0.216746830964094972 -0.928353161801862559 0.548843539005852032
0.146351174956195262 -0.940704620764112653 0.548131741861434318
0.059213324602577389 -0.943861026439553275 0.547419201820261936
-0.024742277093576792 -0.933989976674804434 0.546705923181337261
-0.147689705602735533 -0.894133869262443759 0.545991910248119217
-0.281955243855527615 -0.804515545466842230 0.545277167328497070
-0.378755329287949916 -0.683384898888533932 0.544561698734763899
-0.443278774936538889 -0.471995137440609891 0.543845508783591502
-0.401890863869561299 -0.242198793177281324 0.543128601796003752
-0.298429094890425461 -0.099263568431556537 0.542410982097350503
-0.139319789346126544 -0.008421831295471388 0.541692654017281949
-0.011939228415371662 0.002174945584023979 0.540973621889721756
0.039703973159311637 -0.015468507949406515 0.540253890052841745
0.016747671928371351 -0.012973962387409110 0.539533462849035028
-0.087726663589595633 0.212116255634927364 0.538812344624890471
0.290006442624121674 0.612165433540754922 0.538090539731165718
0.775058659815033746 0.227908630947390445 0.537368052522761430
0.767194695175020591 -0.039666527405422591 0.536644887358695422
0.735910344825591256 -0.145168357751356558 0.535921048602074901
0.704758242356295472 -0.227203757711929244 0.535196540620071826
0.681168321076720651 -0.283940847297594723 0.534471367783895701
0.665643674429937104 -0.319528808259444741 0.533745534468767047
0.648710872689267304 -0.356440858372421454 0.533019045053891527
0.633364379263981814 -0.387705785996211527 0.532291903922433307
0.618778247642249979 -0.415162651858480447 0.531564115461488407
0.607224874473303089 -0.435275033140365530 0.530835684062058610
0.592377945859381860 -0.459088395468417731 0.530106614119024488
0.576203167749183898 -0.482757010323636437 0.529376910031119641
0.556719925570858920 -0.508846015550609709 0.528646576200903162
0.534629547672377914 -0.536099007642025005 0.527915617034733886
0.463386819099258496 -0.607436335594185528 0.527184036942743628
0.568199508215731952 -0.189325672061318007 0.526451840338810095
0.554865162099142495 -0.457663120901059706 0.525719031640530909
0.528413644089448686 -0.496352753613721054 0.524985615269196515
0.498426622592310464 -0.523484894742475948 0.524251595649763980
0.464018743954549895 -0.543218998763719929 0.523516977210829459
0.416259420520225520 -0.559055273806754016 0.522781764384602554
0.354964178053350565 -0.566457643411395262 0.522045961606878439
0.191128699392577595 -0.531259348805568132 0.521309573317012220
0.113141171203757634 0.144132437226477395 0.520572603957891289
0.753983803596518731 -0.291184595745618335 0.519835057975908787
0.646056314155445510 -0.469688050020340586 0.519096939820936853
0.589458129797572616 -0.516658591096551434 0.518358253946300196
0.537600378087029873 -0.547530916493502606 0.517619004808748007
0.493268451035594302 -0.566430075681525258 0.516879196868428425
0.448884731169612361 -0.579004055801658590 0.516138834588860784
0.398643232146940307 -0.586087007373864100 0.515397922436909073
0.349626661450225584 -0.586167544541397745 0.514656464882754738
0.268497311032686703 -0.572037619237018458 0.513914466399869707
0.149899637513886214 -0.516145515966026647 0.513171931464990072
-0.005051756708047112 -0.320239532060264287 0.512428864558087671
0.139215323524151890 0.176235265883417896 0.511685270162344774
0.761420543765942703 0.033879184253736816 0.510941152764125550
0.763354557092080110 -0.324841116608852176 0.510196516852949977
0.241205037569621583 -0.475209869858424283 0.509451366921466198
0.929854346809426024 -0.036959653714279006 0.508705707465423762
0.860898212522653195 -0.361547451348439852 0.507959542983646317
0.792253032701831672 -0.458362046024457293 0.507212877978004517
0.745119694554239764 -0.507980378503461338 0.506465716953388712
0.716319129053109682 -0.534216344884357097 0.505718064417682078
0.687241535648889235 -0.558405440438267564 0.504969924881733090
0.663304584439773470 -0.576982743826961242 0.504221302859328868
0.642871555126656391 -0.592119352498212459 0.503472202867166985
0.624919745143509675 -0.605011158135755345 0.502722629424828926
0.608769309513308543 -0.616377686716304440 0.501972587054753117
0.593944749479592304 -0.626682757027645532 0.501222080282206495
0.580098349441844130 -0.636243306702674483 0.500471113635258535
0.569545369593988160 -0.643511213222153655 0.499719691644752828
0.556828930896712260 -0.652269423843648277 0.498967818844280431
0.544473008042082873 -0.660797894101361361 0.498215499770152170
0.532322147059015038 -0.669217472141115044 0.497462738961371664
0.520235949532254827 -0.677635330430008231 0.496709540959607176
0.508080901584692768 -0.686152356575470468 0.495955910309165471
0.495723099793118127 -0.694869271686465728 0.495201851556962724
0.483020951498532025 -0.703892334726602509 0.494447369252498770
0.469816918979925613 -0.713339337299711329 0.493692467947828284
0.458770009287390701 -0.721292942216011701 0.492937152197534589
0.444172733968479005 -0.731864537102018708 0.492181426558700674
0.428443379950222358 -0.743318336149732861 0.491425295590883215
0.411225863269150116 -0.755899585953178188 0.490668763856084045
0.392032999999086140 -0.769926192582709668 0.489911835918723060
0.370169539137795822 -0.785818476034869984 0.489154516345610635
0.344596941980325921 -0.804139965461105888 0.488396809705919865
0.313682584222233052 -0.825647796991272664 0.487638720571159257
0.274705683257029099 -0.851331180853633351 0.486880253515145078
0.222817867633856359 -0.882328145667047314 0.486121413113973777
0.148711982085728722 -0.919221569587718612 0.485362203945993942
0.033243255218414203 -0.958386872119681099 0.484602630591779604
-0.114336632868796528 -0.976155113365903659 0.483842697634101593
-0.408781017856226225 -0.893679727644223321 0.483082409657900780
-0.659859995730709636 -0.454843724772770297 0.482321771250259546
-0.351059815788062890 0.009390737058343035 0.481560787000374912
0.005306262853470660 -0.002594078424908586 0.480799461499530345
0.140653629998166302 -0.120378803202230655 0.480037799341068050
0.170043582520891912 -0.205060029586204201 0.479275805120361664
0.155227093824068740 -0.249620680073831480 0.478513483434788112
0.118713945738368534 -0.258622274693715459 0.477750838883700013
0.070901267174198923 -0.230876343471352441 0.476987876068398153
0.022922303125341603 -0.157928824053123196 0.476224599592103282
-0.001298038486701734 -0.026884420562700566 0.475461014059928577
0.049544655796932166 0.161696167228258747 0.474697124078852117
0.240398745856895080 0.344292962662613500 0.473932934257688454
0.544530117572579520 0.385225346220524401 0.473168449207061581
0.802613574053387624 0.245584053853905138 0.472403673539376345
0.926099915242116434 0.039989595037221826 0.471638611868791302
0.951341756839202857 -0.140200923683459266 0.470873268811190182
0.931286289488530761 -0.275306228295005895 0.470107648984154913
0.895437571993136672 -0.373556333406089847 0.469341757006936922
0.856307297037617210 -0.446221525058675073 0.468575597500429597
0.818488533065589552 -0.501818928814278253 0.467809175087140594
0.783330496301272605 -0.546054110065723464 0.467042494391163687
0.750924204336290257 -0.582675565028918929 0.466275560038151071
0.720897548772383656 -0.614189540189291838 0.465508376655285161
0.692720595915084059 -0.642334516265016031 0.464740948871250947
0.671119493105553855 -0.663289403174540548 0.463973281316208130
0.644775070829366914 -0.688384646892626129 0.463205378621762642
0.618527690951999887 -0.713070942112158712 0.462437245420939558
0.591577080648585052 -0.738168055648711019 0.461668886348154228
0.562877247352510435 -0.764534799621764627 0.460900306039185248
0.530912795812565896 -0.793169016807709237 0.460131509131145422
0.493251633827977265 -0.825319125978741797 0.459362500262455065
0.445566106896302272 -0.862567160006599831 0.458593284072812746
0.379262221828816581 -0.906582362902565109 0.457823865203168145
0.275126321139117003 -0.956694375599875801 0.457054248295693633
0.086109195847128894 -0.992955684466914290 0.456284437993756620
-0.267286379004979757 -0.863493907264314853 0.455514438941891142
-0.338996541319108891 -0.193588157133690819 0.454744255785770268
0.256570195178296157 -0.043961714120593548 0.453973893172177512
0.477333882799795217 -0.267038745324207571 0.453203355748979131
0.516113858067851816 -0.428609195499387252 0.452432648165096596
0.505711715026874731 -0.536674660706559004 0.451661775070477334
0.477561129929332862 -0.617441581827549713 0.450890741116067750
0.438066488266620757 -0.685669209232244059 0.450119550953784642
0.385255671012694645 -0.750249359229716806 0.449348209236487384
0.310119355164865440 -0.817645030477326951 0.448576720617949509
0.188949364527819519 -0.891286190412076351 0.447805089752831120
-0.044767073735757668 -0.949163761473905132 0.447033321296650354
-0.496869631915773491 -0.740177500914980246 0.446261419905755630
-0.168950257537343163 0.026881248968343902 0.445489390237297223
0.175455860684547299 -0.154330865068009471 0.444717236949199513
0.175000976328082092 -0.305749907624676132 0.443944964700132727
0.077616072264476310 -0.333355520735699240 0.443172578149484575
-0.024228135999000325 -0.225548285822257000 0.442400081957332769
-0.002008331001897984 -0.003539033777079469 0.441627480784416215
0.210289003261983465 0.152550208111070756 0.440854779292107424
0.444326764213121839 0.126034535088857480 0.440081982142383921
0.582908434033706291 0.015305702922644049 0.439309093997800659
0.645634180530707869 -0.095942330867075487 0.438536119521461376
0.669143925591906275 -0.186535645044038967 0.437763063376990780
0.674296244442666115 -0.257395986959334189 0.436989930228506185
0.670983924234382800 -0.313188732706366935 0.436216724740589701
0.663803696424659750 -0.357994312855517860 0.435443451578259699
0.654932249721587700 -0.394783662892413068 0.434670115406943058
0.645423162186219868 -0.425636218044275649 0.433896720892446575
0.635791590811797813 -0.452008408722201049 0.433123272700929207
0.626286049298926950 -0.474934872835705346 0.432349775498873712
0.617019499724017928 -0.495164337161138779 0.431576233953058608
0.608034845337002805 -0.513249169112785397 0.430802652730529700
0.599338651608997797 -0.529604524211932381 0.430029036498572770
0.590918925696633623 -0.544547900270863527 0.429255389924684039
0.582754644323118964 -0.558326024454951830 0.428481717676543417
0.574820896555237826 -0.571133452667597630 0.427708024421985300
0.567091646044648789 -0.583125662320363225 0.426934314828971262
0.559541180049854203 -0.594428425385286174 0.426160593565560908
0.552144826359077245 -0.605144627320285289 0.425386865299884787
0.544879260141332811 -0.615359304846361366 0.424613134700115247
0.537722581225803964 -0.625143424139948500 0.423839406434439070
0.530654263123592207 -0.634556757965236806 0.423065685171028827
0.523655029506840397 -0.643650113542798774 0.422291975578014622
0.516706686337750520 -0.652467093181791524 0.421518282323456672
0.509791919459364529 -0.661045525483034746 0.420744610075315939
0.502894052279603709 -0.669418680469435534 0.419970963501427319
0.495996740751983911 -0.677616376502472861 0.419197347269470222
0.489083555401599979 -0.685666106403736819 0.418423766046941481
0.482137347019653550 -0.693594374600972396 0.417650224501126266
0.475139176140828512 -0.701428600016409609 0.416876727299070882
0.468066302989658789 -0.709200352460050309 0.416103279107553403
0.460887963339738582 -0.716951825283169808 0.415329884593057030
0.453555238988450737 -0.724751001731076205 0.414556548421740223
0.445972153419285866 -0.732734406447082876 0.413783275259410332
0.437888683377463450 -0.741263709340456489 0.413010069771493848
0.428266540283040564 -0.751838051019812159 0.412236936623009365
0.397239931447370298 -0.790542653655653793 0.411463880478538657
0.426496227398971195 -0.745756905115465774 0.410690906002199319
0.414386447767222388 -0.759879637230504779 0.409918017857616057
0.405359978665138676 -0.768781917975949636 0.409145220707892665
0.396860263671045377 -0.776593106425437441 0.408372519215583762
0.386778096578512920 -0.785417119265196417 0.407599918042667209
0.378323084363301532 -0.792531588075477411 0.406827421850515403
0.369759004542111747 -0.799507124077166287 0.406055035299867251
0.361053905475275938 -0.806377355717860178 0.405282763050800465
0.352185683165017749 -0.813159696863430370 0.404510609762702811
0.343136935936911303 -0.819863208214667516 0.403738580094244404
0.333892542087471211 -0.826492173174877331 0.402966678703349568
0.324438339881453153 -0.833047897357339862 0.402194910247168913
0.314760274951445929 -0.839529692577434927 0.401423279382050524
0.304843725033297264 -0.845935456322014723 0.400651790763512761
0.294672839863279967 -0.852262038895550855 0.399880449046215336
0.284229774185008721 -0.858505495458369516 0.399109258883932283
0.273493684787400160 -0.864661276158160241 0.398338224929522700
0.262439314547607272 -0.870724386479077905 0.397567351834903382
0.251034881917266695 -0.876689540011803770 0.396796644251020736
0.239238788017735959 -0.882551321835836511 0.396026106827822577
0.226994241030376021 -0.888304379353838103 0.395255744214229765
0.214220032022311047 -0.893943653927864790 0.394485561058108725
0.200793754892433451 -0.899464645481613534 0.393715562006243303
0.186519026277335742 -0.904863601724235522 0.392945751704306401
0.171055409020067939 -0.910137075195917133 0.392176134796831943
0.153749705568368478 -0.915278159434158467 0.391406715927187232
0.133156635779274002 -0.920254765634255456 0.390637499737544969
0.105286906669631919 -0.924864870184519017 0.389868490868854556
0.053563149239308494 -0.927131996941051195 0.389099693960814785
-0.246912270505432130 -0.796459778413280084 0.388331113651845694
0.249897572489785835 -0.902212168819296556 0.387562754579060531
0.158217716176758449 -0.930142070364979423 0.386794621378237391
0.121268443057766628 -0.937968395025045698 0.386026718683791847
0.095401347705501405 -0.942888284461370185 0.385259051128749030
0.073263428245778084 -0.946735188259111959 0.384491623344714872
0.052503955504877076 -0.949953808042291015 0.383724439961849018
0.032051270957676625 -0.952687908671418504 0.382957505608836291
0.015453751479769740 -0.954557608262906254 0.382190824912859439
-0.006084980121448813 -0.956496440578676443 0.381424402499570547
-0.029163284657771182 -0.957953882777191845 0.380658242993063167
-0.054887567352321753 -0.958827446517891202 0.379892351015845064
-0.085581312919509600 -0.958855020302863403 0.379126731188809796
-0.128657409568969150 -0.957048901565840771 0.378361388131208842
-0.264855265176295207 -0.932824662551274830 0.377596326460623632
-0.114722188755322863 -0.950413310814925971 0.376831550792938397
-0.234427653408093684 -0.933938734118990421 0.376067065742311524
-0.439154832953380370 -0.822771014455023764 0.375302875921148027
0.213855131267958243 -0.119181016006624563 0.374538985940071401
0.163007734858724551 -0.848664600022138504 0.373775400407896752
0.027945458992899630 -0.914813073541509869 0.373012123931601880
-0.039787803371035546 -0.928781003655133164 0.372249161116299909
-0.085198711916266656 -0.931642866691664295 0.371486516565211977
-0.120958537557137757 -0.930264461695729183 0.370724194879638425
-0.151871667823711420 -0.926515794327310793 0.369962200658932039
-0.180172004223458471 -0.921013834855094027 0.369200538500469633
-0.207063904509747210 -0.913937641777932019 0.368439212999625065
-0.233280377662904881 -0.905261993176837310 0.367678228749740488
-0.259319233559256512 -0.894830475859097474 0.366917590342099198
-0.285554801516172463 -0.882370037275445496 0.366157302365898329
-0.312294196961016790 -0.867475073702905330 0.365397369408220485
-0.334228560808804642 -0.853424404269270909 0.364637796054006091
-0.362521055690644967 -0.832525627351963227 0.363878586886026256
-0.391951256741485010 -0.806873526099128879 0.363119746484854844
-0.422575450783174322 -0.774855206372891292 0.362361279428840721
-0.454150979967998747 -0.734067744706066394 0.361603190294080168
-0.485717289677224051 -0.680871479279006708 0.360845483654389343
-0.514587352053588742 -0.609734966640611775 0.360088164081276974
-0.533905283860376056 -0.512565137139969207 0.359331236143916044
-0.526929993865747903 -0.379515867964928255 0.358574704409116762
-0.456122918396123178 -0.208151633393463764 0.357818573441299359
-0.259666055583902267 -0.040323741511255617 0.357062847802465555
0.071580343782271433 -0.014524740792661323 0.356307532052171694
0.312192972837560090 -0.172345107023726352 0.355552630747501208
0.421470873703635451 -0.469106528083014451 0.354798148443037253
0.367239509608352721 -0.701960970788167549 0.354044089690834618
0.263212076474607981 -0.838146840567798312 0.353290459040392801
0.161782010638599538 -0.910245564235394378 0.352537261038628369
0.075511515574120724 -0.946733876415196018 0.351784500229847863
0.004253929632393294 -0.963922000698774317 0.351032181155719714
-0.054816187912585912 -0.970428714027442574 0.350280308355247205
-0.104483080464681077 -0.970823943697474490 0.349528886364741498
-0.138949244103663661 -0.968455334618924746 0.348777919717793483
-0.176874347656765463 -0.963376789787678156 0.348027412945247028
-0.210257070520527722 -0.956764970062112585 0.347277370575171052
-0.240055275484632624 -0.949157781677702039 0.346527797132833160
-0.266985058578213086 -0.940881306580256149 0.345778697140671221
-0.291589286667077119 -0.932135809398120796 0.345030075118266999
-0.314285992779207379 -0.923044380125441988 0.344281935582318011
-0.331292285190632529 -0.915573151035874666 0.343534283046611377
-0.351334973057298161 -0.906023697295176955 0.342787122021995572
-0.370231014471690822 -0.896261044348901414 0.342040457016353661
-0.388162517176699307 -0.886290585710648893 0.341294292534576271
-0.405283486222725198 -0.876103299167436678 0.340548633078533836
-0.421727858201076389 -0.865676989763869309 0.339803483147050112
-0.437616124898348724 -0.854975775978298991 0.339058847235874428
-0.450002348593811496 -0.846182660257805419 0.338314729837655315
-0.465172878558297143 -0.834842390063476492 0.337571135441912362
-0.480103497356933029 -0.823025390274523039 0.336828068535010128
-0.494919676068504732 -0.810599798737798527 0.336085533600130215
-0.509768430728091748 -0.797376542060177051 0.335343535117245406
-0.521792885853869071 -0.786039866759765449 0.334602077563091016
-0.537205299762705479 -0.770576031527627325 0.333861165411139194
-0.553351211206217664 -0.753068950239890844 0.333120803131571552
-0.570718552072525420 -0.732423474912070716 0.332380995191252027
-0.590078234554943459 -0.706583566926168971 0.331641746053699893
-0.607821348323863364 -0.679403103422982824 0.330903060179063069
-0.634334358372132701 -0.629194665223518412 0.330164942024091357
-0.665818074967896911 -0.534255602228901894 0.329427396042108855
-0.649287962657696061 -0.274428261632961246 0.328690426682987813
0.263473831474140829 -0.313686368628952272 0.327954038393121539
-0.136635505696865056 -0.909635452982215709 0.327218235615397535
-0.386326107720817435 -0.876914868448752216 0.326483022789170574
-0.473289841584476956 -0.830468287222945079 0.325748404350236054
-0.518616815734319059 -0.796710747670478892 0.325014384730803463
-0.543046045096036711 -0.775301791210960434 0.324280968359469235
-0.566258462858465150 -0.752652624443934104 0.323548159661190049
-0.584828520599717572 -0.732789568314653028 0.322815963057256461
-0.600606535763665739 -0.714593710279932792 0.322084382965266092
-0.611891043186510331 -0.700770529683845567 0.321353423799096927
-0.624819028206749838 -0.684018190204338294 0.320623089968880448
-0.636782862836483221 -0.667538839756107838 0.319893385880975489
-0.648024125948579610 -0.651072947416124426 0.319164315937941478
-0.656605243394210558 -0.637764490229527192 0.318435884538511682
-0.666907668903369943 -0.620795477491078218 0.317708096077566726
-0.676804518919494669 -0.603279717749211186 0.316980954946108506
-0.686335769921022520 -0.585022068323566624 0.316254465531233042
-0.693706107310898323 -0.569738967270549401 0.315528632216104443
-0.702587898836999014 -0.549585391590647565 0.314803459379928152
-0.711056824689788258 -0.527998019477622149 0.314078951397925132
-0.717475252722796664 -0.509463595373751743 0.313355112641304667
-0.724928117519820225 -0.484352195455582391 0.312631947477238548
-0.731525782015649995 -0.456565344730969158 0.311909460268834315
-0.736888772192888952 -0.425378376744317277 0.311187655375109562
-0.739880900905036221 -0.397331563313626734 0.310466537150965005
-0.741154545390571462 -0.357299293194377698 0.309746109947158288
-0.738082955064902180 -0.310055329476893404 0.309026378110278277
-0.730503634740356400 -0.265430414246532631 0.308307345982718140
-0.709983775644401405 -0.198418829414133469 0.307589017902649531
-0.667028282334673261 -0.115683331608789797 0.306871398203996282
-0.602184646038520954 -0.037684790884219277 0.306154491216408586
-0.447952759215798468 0.060468561259145542 0.305438301265236245
-0.230735570336888351 0.089260634910705614 0.304722832671503130
0.107240593391204078 -0.109468866055101186 0.304008089751880761
0.157646012132308472 -0.568200147298462355 0.303294076818662772
-0.054008287828998414 -0.805782950854547653 0.302580798179738097
-0.325256658340621896 -0.866974098366068868 0.301868258138565604
-0.503943624840232252 -0.821901702406977352 0.301156460994148056
-0.596471795605147737 -0.767408599617064868 0.300445411041005861
-0.674553963110410493 -0.697256281375201237 0.299735112569151418
-0.718465174207566060 -0.642925130573522519 0.299025569864063145
-0.758792895400956735 -0.577000878904383563 0.298316787206659995
-0.787922721382659064 -0.511171511956278968 0.297608768873274754
-0.804823078984318929 -0.456383984672387055 0.296901519135629122
-0.817887398969346480 -0.381261563714791640 0.296195042260807340
-0.819669367965994544 -0.311067417204589913 0.295489342511231157
-0.800494587098084409 -0.198572832958770540 0.294784424144633184
-0.709762872783788801 -0.031239614191809595 0.294080291414031747
-0.423088012360744115 0.131947064339678982 0.293376948567705464
0.076870330486278948 -0.612453355210178518 0.292674399849167044
-0.544616164764684885 -0.812892059521513999 0.291972649497137970
-0.790960772538643830 -0.600771833163535773 0.291271701745522582
-0.847109175005872905 -0.477881616424301159 0.290571560823383868
-0.871700800036299017 -0.363475492539502065 0.289872230954915933
-0.875652005602272743 -0.288218998353452549 0.289173716359419908
-0.869028817068711268 -0.204901506138473077 0.288476021251277581
-0.856348678837048460 -0.143543101764691927 0.287779149839927695
-0.831960058720924156 -0.071490966072272732 0.287083106329838189
-0.798077234522628021 -0.004039067814479935 0.286387894920482278
-0.764004885925840926 0.046302225679115849 0.285693519806313190
-0.712678142965186279 0.103659306032994947 0.284999985176738024
-0.664854044850778036 0.143996282010386778 0.284307295216093381
-0.597414182678563388 0.185782883831614898 0.283615454103619102
-0.538355147934294953 0.211037501915774195 0.282924466013434350
-0.476033893469119063 0.228048391481826318 0.282234335114511015
-0.395811626194740640 0.236791657673838807 0.281545065570649733
-0.331816393541028154 0.233503407708016031 0.280856661540454244
-0.254857428011161513 0.216961571825743604 0.280169127177306077
-0.197638774128683914 0.194666194327421521 0.279482466629339732
-0.133655560909400090 0.157287076751503579 0.278796684039418097
-0.089586244168211787 0.121431147242553897 0.278111783545106850
-0.044156505934408868 0.071549280633008097 0.277427769278649428
-0.015617334500931623 0.029303592902489153 0.276744645366942488
0.010725738104619503 -0.024384192354537527 0.276062415931510929
0.024934000807460589 -0.066784902083762934 0.275381085088483135
0.033714320184479007 -0.107827168508580151 0.274700656948565658
0.038099403590060227 -0.156347273191206670 0.274021135617018741
0.037170080004484865 -0.192473044580631691 0.273342525193631669
0.031519875400902217 -0.233916435785096244 0.272664829772698014
0.024116892357258446 -0.263997052603470728 0.271988053442990652
0.014703805237429729 -0.291350489425211356 0.271312200287737060
0.000770154291419467 -0.321814471429750060 0.270637274384595228
-0.011667429668822393 -0.343337581324255070 0.269963279805628786
-0.028339957459927345 -0.366901705562397429 0.269290220617281972
-0.042286764873980226 -0.383258412216810007 0.268618100880355593
-0.056566098275604382 -0.397557126920151327 0.267946924649982543
-0.074652632686558890 -0.412754067170239491 0.267276695975603384
-0.089166902854382390 -0.422934977618467545 0.266607418900941251
-0.103621264967607124 -0.431494299904578327 0.265939097463978480
-0.121499160037807280 -0.440085520743878855 0.265271735696931188
-0.135585899158663065 -0.445395904071843263 0.264605337626225900
-0.149439769978759962 -0.449414693540568400 0.263939907272474572
-0.166389911106728489 -0.452740428560396924 0.263275448650450827
-0.179635743164138023 -0.454124228495029481 0.262611965769065092
-0.192592436127804689 -0.454433944236133480 0.261949462631341390
-0.205257905102737559 -0.453715391213037722 0.261287943234391862
-0.220687234612795269 -0.451425427208896834 0.260627411569394229
-0.232723171301857656 -0.448510735979013364 0.259967871621566038
-0.244508292610475575 -0.444648893194444894 0.259309327370142229
-0.258938927294340204 -0.438490559789369516 0.258651782788349882
-0.270308032376436302 -0.432480164396052469 0.257995241843384959
-0.281613523540287847 -0.425465317198780113 0.257339708496387765
-0.292995538989529236 -0.417372861050175181 0.256685186702419799
-0.307704894419033148 -0.405531740070512625 0.256031680410439610
-0.320418445593265377 -0.394346927790428348 0.255379193563278428
-0.334994219050787634 -0.380994784750572080 0.254727730097616900
-0.353630281625517850 -0.363919684229371376 0.254077293943961557
-0.392795373092709177 -0.328141266416736910 0.253427889026620723
-0.468304339241039536 -0.231656402163402941 0.252779519263680752
0.014426781004675662 -0.050806291511016913 0.252132188566982385
-0.181978916225275761 -0.334068403736039687 0.251485900842097765
-0.245455453859971584 -0.326441400165937479 0.250840659988306292
-0.274137970749945337 -0.304548289430085883 0.250196469898570972
-0.284382351017817725 -0.285670609319243096 0.249553334459515330
-0.289091017381817417 -0.266117074026336886 0.248911257551399867
-0.289979743662830025 -0.245899931066830557 0.248270243048098749
-0.287728874467298001 -0.225018997779923929 0.247630294817075935
-0.282581426584522621 -0.203512294707944408 0.246991416719362256
-0.274564250476462601 -0.181466828349177600 0.246353612609532258
-0.260359296038100874 -0.153375291347542936 0.245716886335680784
-0.245445000316284218 -0.130735578997553781 0.245081241739399380
-0.227155633320276273 -0.108265115580729057 0.244446682655753811
-0.205282133789794013 -0.086346119584497408 0.243813212913260191
-0.179636664774311117 -0.065454010254927558 0.243180836333862671
-0.150082363637927430 -0.046162568743878932 0.242549556732909621
-0.116567563798082280 -0.029142864058183560 0.241919377919131262
-0.079163893958320408 -0.015152611953689082 0.241290303694616182
-0.038105794561300171 -0.005012521098256756 0.240662337854788411
0.006173145405633541 0.000433157375620094 0.240035484188385162
0.065024431236861135 -0.000588907716704709 0.239409746477433349
0.113784396151273698 -0.008507801150210957 0.238785128497226773
0.162795375688129573 -0.023259998659982808 0.238161634016303414
0.210746480434472583 -0.045037036436916436 0.237539266796423398
0.256259795602194473 -0.073700643173313235 0.236918030592545070
0.297996038581533118 -0.108762084186032712 0.236297929152803232
0.334765144918056867 -0.149402579561119547 0.235678966218485830
0.365623385290913427 -0.194534466768264802 0.235061145524012804
0.389940606379031496 -0.242893746831653157 0.234444470796911636
0.407427762092573975 -0.293147989696396882 0.233828945757796114
0.418123811881418006 -0.344001471809362691 0.233214574120343354
0.422349270469378424 -0.394282182653305668 0.232601359591271956
0.420638788367946659 -0.443001409238430621 0.231989305870319185
0.413666277728511556 -0.489383551978900044 0.231378416650218466
0.402173964746719403 -0.532869508332810882 0.230768695616677788
0.386912873768670229 -0.573100279125875467 0.230160146448356639
0.368598161011510328 -0.609888384121785254 0.229552772816844636
0.353251966364949266 -0.635185975471528330 0.228946578386638622
0.331107418504007822 -0.665892557603926627 0.228341566815121244
0.307493715931790812 -0.693248556963705909 0.227737741752538220
0.282823218762362050 -0.717415333018282420 0.227135106841976964
0.257423721400255934 -0.738582719822876266 0.226533665719343968
0.231545384020129086 -0.756950955951537052 0.225933422013343488
0.205368733188367125 -0.772716823222311833 0.225334379345455083
0.179012546392603278 -0.786063097324830484 0.224736541329912165
0.152540842034588064 -0.797150326496440464 0.224139911573680239
0.125968484904057154 -0.806109932160577580 0.223544493676434614
0.105956523499432631 -0.811492486075243713 0.222950291230539055
0.079108913357943844 -0.816933329047954127 0.222357307821024419
0.051973162670649387 -0.820400015663710125 0.221765547025566445
0.024398594692068842 -0.821843712396272297 0.221175012414464467
-0.003814160147508128 -0.821134217772255814 0.220585707550619681
-0.032919266615373588 -0.818031326878529530 0.219997635989513968
-0.055521539678917153 -0.813903337785404912 0.219410801279188383
-0.086991133641160456 -0.805527625905966715 0.218825206960221313
-0.120388800340468172 -0.793053810894247091 0.218240856565707519
-0.156201322811719834 -0.775124445215790381 0.217657753621236849
-0.194884771551268265 -0.749590920040877018 0.217075901644872893
-0.225911367543457420 -0.723439214657759289 0.216495304147131529
-0.269480717887630172 -0.674991583306419396 0.215915964630959911
-0.312826446344351528 -0.603350210025508371 0.215337886591715516
-0.346465463715189881 -0.496003803131893961 0.214761073517145018
-0.350340483470210795 -0.383222378654054008 0.214185528887362697
-0.282524473709525437 -0.190594429514772817 0.213611256174830066
-0.064288154177145507 -0.017843222516966510 0.213038258844334860
0.182195570389644734 -0.002320945621833090 0.212466540352969940
0.446997563116143914 -0.177782213510224885 0.211896104150112174
0.530568295616154040 -0.418402308064153683 0.211326953677402479
0.502211766894364309 -0.599701424923423043 0.210759092368723977
0.456300768131569778 -0.690562967843029951 0.210192523650182150
0.391257256114998342 -0.769765230844553283 0.209627250940083665
0.332241008466168053 -0.818882988706942649 0.209063277648916135
0.293451895514283412 -0.843609943192436873 0.208500607179326947
0.248573420511456311 -0.866439690091751147 0.207939242926103607
0.210339766433626341 -0.881746842015397769 0.207379188276152232
0.185255066011600467 -0.889957309033461486 0.206820446608478120
0.155720544423433971 -0.897921479902461739 0.206263021294164489
0.136015688654508471 -0.902273452069701554 0.205706915696352854
0.112429128807797263 -0.906525927408176946 0.205152133170222351
0.091395581847622975 -0.909477389368239408 0.204598677062969414
0.077023491274349709 -0.911055270210784807 0.204046550713787689
0.059443021224667547 -0.912515739361439704 0.203495757453848236
0.047284617118930505 -0.913230462401210419 0.202946300606278940
0.032250478115018522 -0.913787326137912803 0.202398183486144662
0.021749475909692839 -0.913965157195042788 0.201851409400427062
0.008648707154970792 -0.913946784092199871 0.201305981648004950
-0.000577071817506214 -0.913775242028069590 0.200761903519634410
-0.012172217777805028 -0.913374993884111475 0.200219178297928596
-0.023050957438979114 -0.912813138981250716 0.199677809257337857
-0.030790719723411741 -0.912303662975875063 0.199137799664130727
-0.040609268242296104 -0.911525804545094687 0.198599152776373439
-0.047631635796285987 -0.910878871863423312 0.198061871843910497
-0.054387194738840461 -0.910184794511134543 0.197525960108345194
-0.063015027302492754 -0.909195283009322175 0.196991420803020012
-0.069224913448350800 -0.908410845667012912 0.196458257152997223
-0.077187626824977429 -0.907315424100350487 0.195926472375038851
-0.082940562110751903 -0.906460572645121587 0.195396069677588241
-0.090343653971222959 -0.905280993522057598 0.194867052260749796
-0.095710474511856547 -0.904369026141319754 0.194339423316269994
-0.102638949248413047 -0.903119712286382548 0.193813186027518514
-0.107677243678738155 -0.902159351091563866 0.193288343569468529
-0.112589808496519339 -0.901180076820905285 0.192764899108677640
-0.118958193539504764 -0.899846292525471991 0.192242855803268775
-0.123607824653441223 -0.898825640597730402 0.191722216802911405
-0.129651463638872033 -0.897438435895028475 0.191202985248802360
-0.134075499030915091 -0.896378577621596451 0.190685164273646623
-0.138412939597191087 -0.895302143783847204 0.190168757001638655
-0.144071026115276390 -0.893841031789760154 0.189653766548444014
-0.148227445022428683 -0.892725580867928192 0.189140196021179541
-0.152314614566087692 -0.891593003522528793 0.188628048518395514
-0.157664453117238257 -0.890055570727803280 0.188117327130056300
-0.161607753249361163 -0.888881343971141602 0.187608034937522289
-0.165496521839219424 -0.887688307495408724 0.187100175013531100
-0.169334799671937763 -0.886475743030740615 0.186593750422178684
-0.174380695219232884 -0.884827183207240520 0.186088764218901248
-0.178116150613094160 -0.883565688716201891 0.185585219450456806
-0.181813712614423861 -0.882281525376547249 0.185083119154906633
-0.186691042644253069 -0.880531981887409332 0.184582466361596864
-0.190314042540842887 -0.879190108658232550 0.184083264091140619
-0.193910914013435964 -0.877821128863040423 0.183585515355399187
-0.197485118752428801 -0.876423413277199304 0.183089223157464454
-0.201040117442754185 -0.874995174646819640 0.182594390491640279
-0.205756254439394271 -0.873039961796102881 0.182101020343424957
-0.209280024966805478 -0.871532550647938775 0.181609115689492451
-0.212796349664771123 -0.869987312330012585 0.181118679497675406
-0.216308899112300779 -0.868401574032010126 0.180629714726946222
-0.219821448015454834 -0.866772395781058802 0.180142224327400208
-0.224511613791683107 -0.864526939502180736 0.179656211240236729
-0.228039612962050775 -0.862783220548302143 0.179171678397742395
-0.231581277137217656 -0.860983886960395517 0.178688628723273041
-0.235141147132553574 -0.859124404181687562 0.178207065131235742
-0.238724031036850359 -0.857199730756041722 0.177726990527071554
-0.242335047264144676 -0.855204246640587140 0.177248407807238162
-0.245979673454179093 -0.853131668706629931 0.176771319859192089
-0.249663802303916715 -0.850974950732240387 0.176295729561371350
-0.253393805656132509 -0.848726164489898460 0.175821639783178052
-0.257176608430026765 -0.846376357674525570 0.175349053384961262
-0.262315655138576520 -0.843068403547178380 0.174877973217999694
-0.266252363679589599 -0.840440965349071201 0.174408402124484219
-0.270270160208364363 -0.837672795419393657 0.173940342937500991
-0.274379559200718270 -0.834748005808493732 0.173473798481014518
-0.278592288557664269 -0.831648230488781337 0.173008771569850284
-0.282921491595577224 -0.828352123103673232 0.172545265009677762
-0.287381966969179004 -0.824834727955501501 0.172083281596993737
-0.291990454401320376 -0.821066685567640953 0.171622824119105372
-0.296765975497419732 -0.817013220257676087 0.171163895354113277
-0.301730240501671299 -0.812632837272192488 0.170706498070894802
-0.306908133028892471 -0.807875628528788470 0.170250635029087161
-0.312328285232912672 -0.802681044266077226 0.169796308979071303
-0.316092428153886773 -0.798939052425159613 0.169343522661954737
-0.321992342015709587 -0.792842220715418211 0.168892278809555235
-0.328234665201725839 -0.786068491899297062 0.168442580144384513
-0.334868304119744886 -0.778483540484097292 0.167994429379631272
-0.341949735343986316 -0.769915566166862853 0.167547829219145628
-0.349543620135584598 -0.760141550103250574 0.167102782357422014
-0.357722639606063098 -0.748867159482018874 0.166659291479583554
-0.366565429777152008 -0.735696710933403164 0.166217359261365216
-0.376150177136561625 -0.720087187463914313 0.165776988369098488
-0.382984219014811500 -0.707961352013327216 0.165338181459694394
-0.393918216125795861 -0.686432903918957837 0.164900941180628258
-0.405596699123918325 -0.659594257256500005 0.164465270169923072
-0.417682996653547578 -0.625295058305663232 0.164031171056134129
-0.429195571817217403 -0.580192231078618947 0.163598646458332858
-0.437542985744966195 -0.518978215037376955 0.163167698986090987
-0.438341687541785097 -0.465249105037048027 0.162738331239465017
-0.421474137256226400 -0.356921584097204425 0.162310545808980133
-0.351008321452290495 -0.206757653353563664 0.161884345275615377
-0.151328868418852597 -0.040971010031529885 0.161459732210787160
0.090300813938993252 0.001075144356181404 0.161036709176334170
0.463383841122893658 -0.221484525276174654 0.160615278724501848
0.527725722598805236 -0.610161167240493407 0.160195443397927406
0.390337000847760129 -0.846120880559750210 0.159777205729623673
0.289548201594373278 -0.920663452068714250 0.159360568242964351
0.166879017476557812 -0.969241931633211040 0.158945533451668869
0.077767629407030858 -0.983099001694383468 0.158532103859786916
0.032309492276987928 -0.983986863546727597 0.158120281961683429
-0.021125005662370300 -0.979824522009523524 0.157710070242023437
-0.062015708334593744 -0.972811654731259079 0.157301471175757601
-0.084295341171915728 -0.967567610642348974 0.156894487228106394
-0.112239213468465271 -0.959541084031524383 0.156489120854546221
-0.135248552032663560 -0.951698023749927735 0.156085374500793544
-0.148501494064178730 -0.946666386916715785 0.155683250602791229
-0.165949368838255840 -0.939461857166616454 0.155282751586692802
-0.176264558480339117 -0.934889856904942640 0.154883879868848662
-0.190159989305953903 -0.928361300894706476 0.154486637855791142
-0.202522635719374011 -0.922194599212531885 0.154091027944219749
-0.210069891973648615 -0.918263436385998832 0.153697052520987060
-0.220532094608016149 -0.912604446899515809 0.153304713963084344
-0.227020417893752990 -0.908972113788392599 0.152914014637626994
-0.236143431352538014 -0.903704694540498621 0.152524956901840314
-0.241876833501567912 -0.900297804649740074 0.152137543103045308
-0.250036361040388233 -0.895319127221225308 0.151751775578644582
-0.255222603708311291 -0.892074049172609573 0.151367656656108324
-0.262680296649442924 -0.887295659646617496 0.150985188652959929
-0.267466752720662504 -0.884157699941336306 0.150604373876762149
-0.274411393866486664 -0.879503196532887666 0.150225214625103520
-0.278906181945547282 -0.876424709215413600 0.149847713185584097
-0.285478457417059517 -0.871826765295082851 0.149471871835801767
-0.289763407270918538 -0.868765187756699531 0.149097692843338375
-0.293983085910589859 -0.865699252948922138 0.148725178465746399
-0.300210258418550369 -0.861078816274086889 0.148354330950535129
-0.304305599877733979 -0.857975415097434913 0.147985152535156927
-0.310383229059954024 -0.853270805798619802 0.147617645446993906
-0.314401345639399199 -0.850092757621761841 0.147251811903344576
-0.318399896215614264 -0.846874449459646184 0.146887654111410415
-0.324373689168237500 -0.841958292101219752 0.146525174268282266
-0.328348050208203290 -0.838612745283275673 0.146164374560927651
-0.332321749021585400 -0.835205343149230561 0.145805257166176955
-0.338291307610130876 -0.829963949769742637 0.145447824250710761
-0.342283448861015860 -0.826372921665765370 0.145092077971046479
-0.346290384571700749 -0.822696212931305459 0.144738020473525603
-0.352337043347864975 -0.817004157394206065 0.144385653894300470
-0.356397673424867167 -0.813079982486815900 0.144034980359321579
-0.360485955401836811 -0.809042522039132739 0.143686001984324796
-0.364605131964951978 -0.804882945332241029 0.143338720874818359
-0.370848438267244840 -0.798394034172709821 0.142993139126070229
-0.375057743329596682 -0.793887071909999631 0.142649258823095815
-0.379307697571924007 -0.789222730266084804 0.142307082040644906
-0.383600571164785187 -0.784389445152626985 0.141966610843189456
-0.387938360204196586 -0.779374867060665943 0.141627847284910818
-0.394532854451090764 -0.771483918139593272 0.141290793409687837
-0.398989523753582431 -0.765956210594052944 0.140955451251084163
-0.403495345596308508 -0.760196626389298968 0.140621822832335985
-0.408050510302592540 -0.754188224229530468 0.140289910166339848
-0.412654613578449903 -0.747912759887955025 0.139959715255640799
-0.417306554141962716 -0.741350563388534667 0.139631240092419895
-0.424369699751755758 -0.730922745643733163 0.139304486658482385
-0.429130675142086693 -0.723547072885970532 0.138979456925245687
-0.433928158827956212 -0.715802569272812717 0.138656152853727538
-0.438756024133122480 -0.707661336066602753 0.138334576394534364
-0.443606417900008543 -0.699093174969741216 0.138014729487848986
-0.448469444436308540 -0.690065393355015710 0.137696614063419348
-0.453332790389483931 -0.680542601128280689 0.137380232040546862
-0.458181279645961281 -0.670486502234354798 0.137065585328074641
-0.462996345359459383 -0.659855685513005774 0.136752675824376058
-0.467755404042952461 -0.648605421717691089 0.136441505417343317
-0.472431114091566906 -0.636687476651287332 0.136132075984376016
-0.476990498407001418 -0.624049954304066734 0.135824389392369904
-0.481393907849999136 -0.610637189333750330 0.135518447497705474
-0.485593799329069153 -0.596389715407810383 0.135214252146237057
-0.489533299699027424 -0.581244345300676923 0.134911805173281107
-0.493144524714855814 -0.565134411036477324 0.134611108403605934
-0.496346621849137637 -0.547990228303028015 0.134312163651419847
-0.499043507959589849 -0.529739869777376193 0.134014972720361059
-0.501121279300517086 -0.510310357688580241 0.133719537403486022
-0.502445284695356209 -0.489629417794714139 0.133425859483258913
-0.502856876467628555 -0.467627975072501090 0.133133940731541361
-0.502663516553438994 -0.456112181875731604 0.132843782909580932
-0.501347833138310106 -0.432016285404139611 0.132555387768000910
-0.498594718638138978 -0.406467039644120232 0.132268757046789781
-0.494133368999874034 -0.379442753752986417 0.131983892475290826
-0.487653638621034613 -0.350952450471697652 0.131700795772191348
-0.478804453020410414 -0.321047587151970792 0.131419468645512461
-0.467194389725514025 -0.289836497536094140 0.131139912792598762
-0.460221562525897465 -0.273794710546057696 0.130862129900108481
-0.443658993062036822 -0.240994847885112135 0.130586121644002573
-0.423219325701338356 -0.207527359556838875 0.130311889689535138
-0.398438666001035280 -0.173848990694948857 0.130039435691243210
-0.384282498398567207 -0.157112740404262707 0.129768761292936907
-0.352195832372678763 -0.124296329120081442 0.129499868127689266
-0.314830211343035127 -0.093074332996421635 0.129232757817826449
-0.272028759728245639 -0.064447708948980720 0.128967431974918306
-0.248598091299462282 -0.051457934095630001 0.128703892199768077
-0.197840540956813971 -0.028877871447958808 0.128442140082403289
-0.142338061906592428 -0.011854449681807433 0.128182177202065650
-0.113057639432954354 -0.005798862779166858 0.127924005127202034
-0.052132052001651399 0.000733216146231144 0.127667625415454483
0.010784057370126623 -0.000877222334677017 0.127413039613651358
0.042490003042433777 -0.004917975337284258 0.127160249257797620
0.105304515938906801 -0.019602168908680551 0.126909255873065646
0.165832530611852935 -0.042918880470222617 0.126660060973786071
0.194700203214490941 -0.057637911091436414 0.126412666063438650
0.248679772298094764 -0.092603479027383542 0.126167072634643274
0.273465874622975669 -0.112543868580732273 0.125923282169150691
0.318000198219008268 -0.156451455555527363 0.125681296137833798
0.355289213488528710 -0.204437745072924226 0.125441116000678810
0.371119290279521730 -0.229469811638952609 0.125202743206776296
0.397172121345145568 -0.280671355782242671 0.124966179194312452
0.407467139860497596 -0.306494195092309019 0.124731425390560466
0.422900827366319010 -0.357817722090245760 0.124498483211871971
0.428200003831314624 -0.383057340537478086 0.124267354063668414
0.434425106065305711 -0.432158463984068320 0.124038039340432532
0.435549536213882260 -0.455852975973401020 0.123810540425700069
0.434327106373677940 -0.501220100161035464 0.123584858692051325
0.432178681384548069 -0.522807516644671288 0.123360995501102993
0.429132790252981788 -0.543626125049036735 0.123138952203499741
0.420705472733832853 -0.582899933350605748 0.122918730138906251
0.415490009774748759 -0.601346246718023725 0.122700330635999083
0.403429964271834141 -0.635882634041366468 0.122483755012458659
0.396718612063424125 -0.651997350284955424 0.122269004574961190
0.382225692397603845 -0.682007766784259228 0.122056080619171087
0.374545588295554177 -0.695946149241146172 0.121844984429732739
0.366635968526000222 -0.709204534911507478 0.121635717280263234
0.350280242707405098 -0.733780893413641500 0.121428280433344166
0.341900077025934834 -0.745149767987616674 0.121222675140514505
0.333422865526047385 -0.755939841047003069 0.121018902642262602
0.316271072963774158 -0.775884293666639913 0.120816964168019139
0.307636110543800079 -0.785087785631214174 0.120616860936149317
0.298983839293471831 -0.793810441718707627 0.120418594153945749
0.290327898893565362 -0.802075042918927061 0.120222165017621091
0.273049378958085120 -0.817316917181833746 0.120027574712300855
0.264444444774553256 -0.824335345960399257 0.119834824412016289
0.255871464665445747 -0.830977985587259216 0.119643915279697144
0.247335443060297588 -0.837263068299090807 0.119454848467164781
0.230387996618811541 -0.848828781947899458 0.119267625115125314
0.221980613087317702 -0.854141195630140571 0.119082246353162544
0.213618460054557924 -0.859159645952104034 0.118898713299731174
0.205301144055162588 -0.863897765044297827 0.118717027062150135
0.197027435740316559 -0.868368313540404557 0.118537188736595883
0.180602069126228615 -0.876553494339176620 0.118359199408095833
0.172444224527469381 -0.880289452786300997 0.118183060150521657
0.164317678935885225 -0.883800523256226045 0.118008772026582914
0.156217667808397631 -0.887095360901512975 0.117836336087820667
0.148138785025012321 -0.890181834942854966 0.117665753374601195
0.140074984623515086 -0.893067032183016307 0.117497024916109374
0.132019574028098774 -0.895757255587050771 0.117330151730342946
0.123965198558387557 -0.898258017147546606 0.117165134824105996
0.115903816934118997 -0.900574024100819770 0.117001975193003135
0.107826667321365643 -0.902709157427380671 0.116840673821433358
0.099724223299642867 -0.904666441382901976 0.116681231682584041
0.091586138944565243 -0.906448002545845455 0.116523649738425272
0.083401182061960843 -0.908055016541059024 0.116367928939703880
0.075157154282332606 -0.909487640233650030 0.116214070225937813
0.066840796579969219 -0.910744926623745843 0.116062074525410328
0.058437678395544479 -0.911824719070350564 0.115911942755164490
0.049932068206910984 -0.912723520635392749 0.115763675820997711
0.041306783041513861 -0.913436333287494406 0.115617274617456051
0.032543013942986754 -0.913956460366993628 0.115472740027829104
0.023620123891992195 -0.914275263996102594 0.115330072924144461
0.014515414207395438 -0.914381866851023628 0.115189274167162514
0.005203854710359446 -0.914262784863367872 0.115050344606371285
-0.004342227464914694 -0.913901473528652142 0.114913285079981331
-0.014153506301807728 -0.913277765567784283 0.114778096414920497
-0.024264068771267966 -0.912367170989507814 0.114644779426829185
-0.024264068771267966 -0.912367170989507814 0.114513334920055415
-0.034711886455745300 -0.911140001747097417 0.114383763687649603
-0.045539352839318648 -0.909560271306410040 0.114256066511360263
-0.056793890554223403 -0.907584303361118172 0.114130244161628980
-0.068528629290521004 -0.905158962060012229 0.114006297397585929
-0.080803148309784745 -0.902219386266913781 0.113884226967045130
-0.080803148309784745 -0.902219386266913781 0.113764033606500142
-0.093684264754818558 -0.898686069221616646 0.113645718041119337
-0.107246826600993383 -0.894461068180131047 0.113529280984741868
-0.121574430080914897 -0.889423049802811505 0.113414723139873122
-0.121574430080914897 -0.889423049802811505 0.113302045197680529
-0.136759914172932207 -0.883420767641665661 0.113191247837989437
-0.152905369317044348 -0.876264416447191552 0.113082331729278909
-0.152905369317044348 -0.876264416447191552 0.112975297528677909
-0.170121199337044227 -0.867714099539491857 0.112870145881961009
-0.188523434661739708 -0.857464363908768235 0.112766877423544909
-0.188523434661739708 -0.857464363908768235 0.112665492776484119
-0.208227906423524012 -0.845123390962623233 0.112565992552467672
-0.229338871750305040 -0.830184988644716682 0.112468377351815099
-0.229338871750305040 -0.830184988644716682 0.112372647763472971
-0.251927912048052594 -0.811991090273449401 0.112278804365011281
-0.275995864964968196 -0.789682287165426766 0.112186847722619942
-0.275995864964968196 -0.789682287165426766 0.112096778391105545
-0.301405309471362237 -0.762134725501438903 0.112008596913887773
-0.301405309471362237 -0.762134725501438903 0.111922303822996186
-0.327762393931239293 -0.727885303667868078 0.111837899639067123
-0.327762393931239293 -0.727885303667868078 0.111755384871340541
-0.354213152434095180 -0.685057845386622510 0.111674760017656721
-0.354213152434095180 -0.685057845386622510 0.111596025564453569
-0.379101213258554892 -0.631330426493204144 0.111519181986763555
-0.379101213258554892 -0.631330426493204144 0.111444229748210735
-0.399420008732826792 -0.564047449279871382 0.111371169301008127
-0.399420008732826792 -0.564047449279871382 0.111300001085954892
-0.410021730010570684 -0.480708740025211467 0.111230725532433697
-0.410021730010570684 -0.480708740025211467 0.111163343058408165
-0.402731518536876221 -0.380271959987649733 0.111097854070420235
-0.402731518536876221 -0.380271959987649733 0.111034258963587817
-0.402731518536876221 -0.380271959987649733 0.110972558121602394
-0.366092203563051111 -0.265831066995759535 0.110912751916726629
-0.366092203563051111 -0.265831066995759535 0.110854840709792277
-0.287568555422712646 -0.148608317117568167 0.110798824850197819
-0.287568555422712646 -0.148608317117568167 0.110744704675906469
-0.287568555422712646 -0.148608317117568167 0.110692480513444172
-0.160550176359743502 -0.050576206088648254 0.110642152677897440
-0.160550176359743502 -0.050576206088648254 0.110593721472911730
-0.160550176359743502 -0.050576206088648254 0.110547187190689372
0.005367710823888434 0.000643375859488558 0.110502550111987896
0.005367710823888434 0.000643375859488558 0.110459810506118417
0.005367710823888434 0.000643375859488558 0.110418968630943887
0.005367710823888434 0.000643375859488558 0.110380024732877557
0.181344103356321340 -0.012617186758189958 0.110342979046881562
0.181344103356321340 -0.012617186758189958 0.110307831796465444
0.181344103356321340 -0.012617186758189958 0.110274583193684828
0.181344103356321340 -0.012617186758189958 0.110243233439140137
0.181344103356321340 -0.012617186758189958 0.110213782721975392
0.333062224323838585 -0.084620308089793622 0.110186231219877029
0.333062224323838585 -0.084620308089793622 0.110160579099072869
0.333062224323838585 -0.084620308089793622 0.110136826514331099
0.333062224323838585 -0.084620308089793622 0.110114973608959388
0.333062224323838585 -0.084620308089793622 0.110095020514803896
0.333062224323838585 -0.084620308089793622 0.110076967352248589
0.333062224323838585 -0.084620308089793622 0.110060814230214563
0.333062224323838585 -0.084620308089793622 0.110046561246159164
0.440088203309716874 -0.191132893927279363 0.110034208486075674
0.440088203309716874 -0.191132893927279363 0.110023756024492547
0.440088203309716874 -0.191132893927279363 0.110015203924473198
0.440088203309716874 -0.191132893927279363 0.110008552237615381
0.440088203309716874 -0.191132893927279363 0.110003801004051049
0.440088203309716874 -0.191132893927279363 0.110000950252446050
0.440088203309716874 -0.191132893927279363 0.110000000000000001
