0.370750806116866005 -0.630236853276643472 0.739999999999999991
0.370750806116866005 -0.630236853276643472 0.739999049747553928
0.370750806116866005 -0.630236853276643472 0.739996198995948928
0.370750806116866005 -0.630236853276643472 0.739991447762384680
0.370750806116866005 -0.630236853276643472 0.739984796075526807
0.370750806116866005 -0.630236853276643472 0.739976243975507431
0.370750806116866005 -0.630236853276643472 0.739965791513924276
0.370750806116866005 -0.630236853276643472 0.739953438753840897
0.370750806116866005 -0.630236853276643472 0.739939185769785457
0.370750806116866005 -0.630236853276643472 0.739923032647751389
0.370750806116866005 -0.630236853276643472 0.739904979485196068
0.370750806116866005 -0.630236853276643472 0.739885026391040590
0.370750806116866005 -0.630236853276643472 0.739863173485668879
0.370750806116866005 -0.630236853276643472 0.739839420900927136
0.370750806116866005 -0.630236853276643472 0.739813768780122949
0.370750806116866005 -0.630236853276643472 0.739786217278024627
0.370750806116866005 -0.630236853276643472 0.739756766560859869
0.370750806116866005 -0.630236853276643472 0.739725416806315206
0.370750806116866005 -0.630236853276643472 0.739692168203534561
0.370750806116866005 -0.630236853276643472 0.739657020953118471
0.370750806116866005 -0.630236853276643472 0.739619975267122420
0.370750806116866005 -0.630236853276643472 0.739581031369056063
0.370750806116866005 -0.630236853276643472 0.739540189493881561
0.370750806116866005 -0.630236853276643472 0.739497449888012137
0.370750806116866005 -0.630236853276643472 0.739452812809310633
0.370750806116866005 -0.630236853276643472 0.739406278527088290
0.370750806116866005 -0.630236853276643472 0.739357847322102524
0.370750806116866005 -0.630236853276643472 0.739307519486555820
0.370750806116866005 -0.630236853276643472 0.739255295324093509
0.370750806116866005 -0.630236853276643472 0.739201175149802103
0.370750806116866005 -0.630236853276643472 0.739145159290207743
0.370750806116866005 -0.630236853276643472 0.739087248083273307
0.370750806116866005 -0.630236853276643472 0.739027441878397529
0.370750806116866005 -0.630236853276643472 0.738965741036412216
0.370750806116866005 -0.630236853276643472 0.738902145929579812
0.370750806116866005 -0.630236853276643472 0.738836656941591730
0.370750806116866005 -0.630236853276643472 0.738769274467566239
0.370750806116866005 -0.630236853276643472 0.738699998914045142
0.370750806116866005 -0.630236853276643472 0.738628830698991878
0.370750806116866005 -0.630236853276643472 0.738555770251789201
0.370750806116866005 -0.630236853276643472 0.738480818013236395
0.370750806116866005 -0.630236853276643472 0.738403974435546395
0.370750806116866005 -0.630236853276643472 0.738325239982343340
0.370750806116866005 -0.630236853276643472 0.738244615128659576
0.370750806116866005 -0.630236853276643472 0.738162100360932882
0.370750806116866005 -0.630236853276643472 0.738077696177003806
0.370750806116866005 -0.630236853276643472 0.737991403086112219
0.370750806116866005 -0.630236853276643472 0.737903221608894433
0.370750806116866005 -0.630236853276643472 0.737813152277379980
0.370750806116866005 -0.630236853276643472 0.737721195634988725
0.370750806116866005 -0.630236853276643472 0.737627352236526979
0.370750806116866005 -0.630236853276643472 0.737531622648184837
0.370750806116866005 -0.630236853276643472 0.737434007447532291
0.370750806116866005 -0.630236853276643472 0.737334507223515900
0.370750806116866005 -0.630236853276643472 0.737233122576455124
0.370750806116866005 -0.630236853276643472 0.737129854118038996
0.370750806116866005 -0.630236853276643472 0.737024702471322124
0.370750806116866005 -0.630236853276643472 0.736917668270721027
0.370750806116866005 -0.630236853276643472 0.736808752162010583
0.370750806116866005 -0.630236853276643472 0.736697954802319477
0.370750806116866005 -0.630236853276643472 0.736585276860126870
0.370750806116866005 -0.630236853276643472 0.736470719015258179
0.370750806116866005 -0.630236853276643472 0.736354281958880641
0.370750806116866005 -0.630236853276643472 0.736235966393499863
0.370750806116866005 -0.630236853276643472 0.736115773032954834
0.370750806116866005 -0.630236853276643472 0.735993702602414035
0.370750806116866005 -0.630236853276643472 0.735869755838370998
0.370750806116866005 -0.630236853276643472 0.735743933488639756
0.370750806116866005 -0.630236853276643472 0.735616236312350402
0.370750806116866005 -0.630236853276643472 0.735486665079944646
0.370750806116866005 -0.630236853276643472 0.735355220573170709
0.370750806116866005 -0.630236853276643472 0.735221903585079439
0.370750806116866005 -0.630236853276643472 0.735086714920018758
0.370750806116866005 -0.630236853276643472 0.734949655393628665
0.370750806116866005 -0.630236853276643472 0.734810725832837464
0.370750806116866005 -0.630236853276643472 0.734669927075855544
0.370750806116866005 -0.630236853276643472 0.734527259972170943
0.370750806116866005 -0.630236853276643472 0.734382725382543899
0.370750806116866005 -0.630236853276643472 0.734236324179002309
0.370750806116866005 -0.630236853276643472 0.734088057244835501
0.370750806116866005 -0.630236853276643472 0.733937925474589692
0.370750806116866005 -0.630236853276643472 0.733785929774062096
0.370750806116866005 -0.630236853276643472 0.733632071060296154
0.370750806116866005 -0.630236853276643472 0.733476350261574761
0.370750806116866005 -0.630236853276643472 0.733318768317415937
0.370750806116866005 -0.630236853276643472 0.733159326178566717
0.370750806116866005 -0.630236853276643472 0.732998024806996828
0.370750806116866005 -0.630236853276643472 0.732834865175894024
0.370750806116866005 -0.630236853276643472 0.732669848269657087
0.370750806116866005 -0.630236853276643472 0.732502975083890617
0.370750806116866005 -0.630236853276643472 0.732334246625398921
0.370750806116866005 -0.630236853276643472 0.732163663912179352
0.370750806116866005 -0.630236853276643472 0.731991227973417091
0.370750806116866005 -0.630236853276643472 0.731816939849478376
0.370750806116866005 -0.630236853276643472 0.731640800591904172
0.370750806116866005 -0.630236853276643472 0.731462811263404067
0.370750806116866005 -0.630236853276643472 0.731282972937849940
0.370750806116866005 -0.630236853276643472 0.731101286700268749
0.370750806116866005 -0.630236853276643472 0.730917753646837420
0.370750806116866005 -0.630236853276643472 0.730732374884874636
0.370750806116866005 -0.630236853276643472 0.730545151532835280
0.370750806116866005 -0.630236853276643472 0.730356084720302889
0.370750806116866005 -0.630236853276643472 0.730165175587983772
0.370750806116866005 -0.630236853276643472 0.729972425287699123
0.370750806116866005 -0.630236853276643472 0.729777834982378915
0.370750806116866005 -0.630236853276643472 0.729581405846054243
0.370750806116866005 -0.630236853276643472 0.729383139063850661
0.370750806116866005 -0.630236853276643472 0.729183035831980852
0.370750806116866005 -0.630236853276643472 0.728981097357737307
0.370750806116866005 -0.630236853276643472 0.728777324859485542
0.370750806116866005 -0.630236853276643472 0.728571719566655895
0.370750806116866005 -0.630236853276643472 0.728364282719736744
0.370750806116866005 -0.630236853276643472 0.728155015570267294
0.370750806116866005 -0.630236853276643472 0.727943919380828919
0.370750806116866005 -0.630236853276643472 0.727730995425038829
0.370750806116866005 -0.630236853276643472 0.727516244987541416
0.370750806116866005 -0.630236853276643472 0.727299669364000922
0.370750806116866005 -0.630236853276643472 0.727081269861093782
0.370750806116866005 -0.630236853276643472 0.726861047796500293
0.370750806116866005 -0.630236853276643472 0.726639004498896957
0.370750806116866005 -0.630236853276643472 0.726415141307948709
0.370750806116866005 -0.630236853276643472 0.726189459574299923
0.370750806116866005 -0.630236853276643472 0.725961960659567529
0.370750806116866005 -0.630236853276643472 0.725732645936331688
0.370750806116866005 -0.630236853276643472 0.725501516788128020
0.370750806116866005 -0.630236853276643472 0.725268574609439609
0.370750806116866005 -0.630236853276643472 0.725033820805687568
0.370750806116866005 -0.630236853276643472 0.724797256793223710
0.370750806116866005 -0.630236853276643472 0.724558883999321224
0.370750806116866005 -0.630236853276643472 0.724318703862166235
0.370750806116866005 -0.630236853276643472 0.724076717830849370
0.370750806116866005 -0.630236853276643472 0.723832927365356760
0.370750806116866005 -0.630236853276643472 0.723587333936561383
0.370750806116866005 -0.630236853276643472 0.723339939026213963
0.370750806116866005 -0.630236853276643472 0.723090744126934415
0.370750806116866005 -0.630236853276643472 0.722839750742202303
0.370750806116866005 -0.630236853276643472 0.722586960386348620
0.370750806116866005 -0.630236853276643472 0.722332374584545467
0.370750806116866005 -0.630236853276643472 0.722075994872797944
0.370750806116866005 -0.630236853276643472 0.721817822797934383
0.370750806116866005 -0.630236853276643472 0.721557859917596800
0.370750806116866005 -0.630236853276643472 0.721296107800231900
0.370750806116866005 -0.630236853276643472 0.721032568025081755
0.370750806116866005 -0.630236853276643472 0.720767242182173473
0.370750806116866005 -0.630236853276643472 0.720500131872310767
0.370750806116866005 -0.630236853276643472 0.720231238707063071
0.370750806116866005 -0.630236853276643472 0.719960564308756767
0.370750806116866005 -0.630236853276643472 0.719688110310464868
0.370750806116866005 -0.630236853276643472 0.719413878355997460
0.370750806116866005 -0.630236853276643472 0.719137870099891496
0.370750806116866005 -0.630236853276643472 0.718860087207401133
0.370750806116866005 -0.630236853276643472 0.718580531354487628
0.370750806116866005 -0.630236853276643472 0.718299204227808685
0.370750806116866005 -0.630236853276643472 0.718016107524709124
0.370750806116866005 -0.630236853276643472 0.717731242953210224
0.370750806116866005 -0.630236853276643472 0.717444612231999179
0.370750806116866005 -0.630236853276643472 0.717156217090419101
0.370750806116866005 -0.630236853276643472 0.716866059268458589
0.370750806116866005 -0.630236853276643472 0.716574140516741065
0.370750806116866005 -0.630236853276643472 0.716280462596514012
0.370750806116866005 -0.630236853276643472 0.715985027279638975
0.370750806116866005 -0.630236853276643472 0.715687836348580131
0.370750806116866005 -0.630236853276643472 0.715388891596394072
0.370750806116866005 -0.630236853276643472 0.715088194826718926
0.370750806116866005 -0.630236853276643472 0.714785747853762921
0.370750806116866005 -0.630236853276643472 0.714481552502294504
0.370750806116866005 -0.630236853276643472 0.714175610607630129
0.370750806116866005 -0.630236853276643472 0.713867924015623934
0.370750806116866005 -0.630236853276643472 0.713558494582656633
0.370750806116866005 -0.630236853276643472 0.713247324175623976
0.370750806116866005 -0.630236853276643472 0.712934414671925309
0.370750806116866005 -0.630236853276643472 0.712619767959453143
0.370750806116866005 -0.630236853276643472 0.712303385936580713
0.370750806116866005 -0.630236853276643472 0.711985270512151103
0.370750806116866005 -0.630236853276643472 0.711665423605465697
0.370750806116866005 -0.630236853276643472 0.711343847146272412
0.370750806116866005 -0.630236853276643472 0.711020543074754374
0.370750806116866005 -0.630236853276643472 0.710695513341517593
0.370750806116866005 -0.630236853276643472 0.710368759907580083
0.370750806116866005 -0.630236853276643472 0.710040284744359096
0.370750806116866005 -0.630236853276643472 0.709710089833660129
0.370750806116866005 -0.630236853276643472 0.709378177167664048
0.370750806116866005 -0.630236853276643472 0.709044548748915870
0.370750806116866005 -0.630236853276643472 0.708709206590312113
0.370750806116866005 -0.630236853276643472 0.708372152715089243
0.370750806116866005 -0.630236853276643472 0.708033389156810689
0.370750806116866005 -0.630236853276643472 0.707692917959355072
0.370750806116866005 -0.630236853276643472 0.707350741176904108
0.370750806116866005 -0.630236853276643472 0.707006860873929721
0.370750806116866005 -0.630236853276643472 0.706661279125181618
0.370750806116866005 -0.630236853276643472 0.706313998015675182
0.370750806116866005 -0.630236853276643472 0.705965019640678482
0.370750806116866005 -0.630236853276643472 0.705614346105699508
0.370750806116866005 -0.630236853276643472 0.705261979526474403
0.370750806116866005 -0.630236853276643472 0.704907922028953582
0.370750806116866005 -0.630236853276643472 0.704552175749289300
0.370750806116866005 -0.630236853276643472 0.704194742833822995
0.370750806116866005 -0.630236853276643472 0.703835625439072410
0.370750806116866005 -0.630236853276643472 0.703474825731717712
0.370750806116866005 -0.630236853276643472 0.703112345888589618
0.370750806116866005 -0.630236853276643472 0.702748188096655402
0.370750806116866005 -0.630236853276643472 0.702382354553006127
0.370750806116866005 -0.630236853276643472 0.702014847464843106
0.370750806116866005 -0.630236853276643472 0.701645669049464793
0.370750806116866005 -0.630236853276643472 0.701274821534253578
0.370750806116866005 -0.630236853276643472 0.700902307156661686
0.370750806116866005 -0.630236853276643472 0.700528128164198294
0.370750806116866005 -0.630236853276643472 0.700152286814415881
0.370750806116866005 -0.630236853276643472 0.699774785374896457
0.370750806116866005 -0.630236853276643472 0.699395626123237801
0.370750806116866005 -0.630236853276643472 0.699014811347040133
0.370750806116866005 -0.630236853276643472 0.698632343343891682
0.370750806116866005 -0.630236853276643472 0.698248224421355368
0.370750806116866005 -0.630236853276643472 0.697862456896954697
0.370750806116866005 -0.630236853276643472 0.697475043098159664
0.370750806116866005 -0.630236853276643472 0.697085985362372984
0.370750806116866005 -0.630236853276643472 0.696695286036915662
0.370750806116866005 -0.630236853276643472 0.696302947479013001
0.370750806116866005 -0.630236853276643472 0.695908972055780284
0.370750806116866005 -0.630236853276643472 0.695513362144208891
0.370750806116866005 -0.630236853276643472 0.695116120131151316
0.370750806116866005 -0.630236853276643472 0.694717248413307176
0.370750806116866005 -0.630236853276643472 0.694316749397208888
0.370750806116866005 -0.630236853276643472 0.693914625499206461
0.370750806116866005 -0.630236853276643472 0.693510879145453840
0.370750806116866005 -0.630236853276643472 0.693105512771893584
0.370750806116866005 -0.630236853276643472 0.692698528824242432
0.370750806116866005 -0.630236853276643472 0.692289929757976541
0.370750806116866005 -0.630236853276643472 0.691879718038316605
0.370750806116866005 -0.630236853276643472 0.691467896140213090
0.370750806116866005 -0.630236853276643472 0.691054466548331137
0.370750806116866005 -0.630236853276643472 0.690639431757035682
0.370750806116866005 -0.630236853276643472 0.690222794270376361
0.370092684346920553 -0.631029230498934890 0.689804556602072627
0.369110593100419493 -0.632181215347826897 0.689384721275498102
0.368131291830699092 -0.633300278500634972 0.688963290823665919
0.367151729842667696 -0.634396182864444658 0.688540267789212845
0.366169404043117874 -0.635476623424927944 0.688115654724384629
0.365182209765739840 -0.636547786915014124 0.687689454191019900
0.364188336386079781 -0.637614739963786703 0.687261668760535072
0.363186192743848280 -0.638681704030842456 0.686832301013909019
0.361834690326067243 -0.640110444009212021 0.686401353541667092
0.360807915411862634 -0.641190485407835742 0.685968828943865794
0.359768551794390545 -0.642280688023349811 0.685534729830076905
0.358715484609127999 -0.643383332869325475 0.685099058819371831
0.357647647808087943 -0.644500470040473061 0.684661818540305611
0.356564011253130031 -0.645633963049652149 0.684223011630901601
0.355092851597309522 -0.647173669329434098 0.683782640738634817
0.353968471646596894 -0.648351769709482717 0.683340708520416507
0.352824999821375829 -0.649551482869011099 0.682897217642577936
0.351661465510809679 -0.650774181213599201 0.682452170780854406
0.350476897336930271 -0.652021168906063098 0.682005570620368706
0.348863066233268737 -0.653723749094545781 0.681557419855615576
0.347625611126817780 -0.655032172833540760 0.681107721190444715
0.346363836111932832 -0.656368856974181347 0.680656477338045240
0.345076730948497890 -0.657734904662128916 0.680203691020928702
0.343319413991402422 -0.659603823775249398 0.679749364970912762
0.341969189386594263 -0.661042497384141448 0.679293501929105314
0.340590150179267914 -0.662513989756502553 0.678836104645886729
0.338704728251203624 -0.664528718464503232 0.678377175880894634
0.337254194557137121 -0.666080550473303057 0.677916718403006269
0.335771141956019814 -0.667668368315652461 0.677454734990322271
0.333741143956651332 -0.669842987003887003 0.676991228430149805
0.332177657590384479 -0.671518227352217334 0.676526201518985459
0.330036039448693419 -0.673812522495006783 0.676059657062499042
0.328385476159341883 -0.675579785044413850 0.675591597875515815
0.326695473719471330 -0.677387821070879470 0.675122026782000395
0.324378509457335540 -0.679863285984682819 0.674650946615038660
0.322591311897196587 -0.681769410178860391 0.674178360216821981
0.320139767361517336 -0.684378309789622552 0.673704270438628683
0.318247785401457761 -0.686386439176652319 0.673228680140807945
0.316308451067656093 -0.688439429620309240 0.672751592192761816
0.313646357849367452 -0.691247691731718739 0.672273009472928451
0.311590486676597778 -0.693407958763247012 0.671792934868764235
0.308767089701360520 -0.696361692506914487 0.671311371276726909
0.306585594475689005 -0.698632933370358922 0.670828321602257471
0.303588138613831326 -0.701737264912818404 0.670343788759763304
0.301270870808131419 -0.704123595076341147 0.669857775672599853
0.298084840079708868 -0.707384625021836522 0.669370285273053756
0.294783492156444171 -0.710738753962476766 0.668881320502324628
0.292227953091938386 -0.713317507364011116 0.668390884310507527
0.288708550432718924 -0.716843659807879785 0.667898979656575076
0.285980154402060149 -0.719557397664104981 0.667405609508359698
0.282215155954089914 -0.723274419924159195 0.666910776842535635
0.279288567558762191 -0.726142439414086405 0.666414484644600846
0.275234845694053099 -0.730086585545691169 0.665916735908859470
0.270984509654154992 -0.734190783320178730 0.665417533638403169
0.267645567572183718 -0.737396739798133360 0.664916880845093483
0.262945490407438753 -0.741891551419177508 0.664414780549543171
0.257871012515343390 -0.746737511636805240 0.663911235781098785
0.253713148035229485 -0.750720116233440926 0.663406249577821461
0.247402693363411919 -0.756823124139050507 0.662899824986468933
0.239345121566457181 -0.764779450596450805 0.662391965062477772
0.230367696279571821 -0.773840297709042391 0.661882672869943733
0.198334936730404171 -0.805163864515060834 0.661371951481604547
0.312930795513802151 -0.635389017007795154 0.660859803978820493
0.260565254155934900 -0.730088861332637951 0.660346233451555964
0.243405794453356472 -0.751136240076207606 0.659831242998361267
0.233889416942745926 -0.760942208817023014 0.659314835726353410
0.226377250980912492 -0.767891832596961921 0.658797014751197674
0.221273935592625204 -0.772310205809235151 0.658277783197088628
0.214800191710879829 -0.777644904436152529 0.657757144196731369
0.208509913551703674 -0.782596805207515289 0.657235100891322421
0.202293483146834624 -0.787306120357435857 0.656711656430531421
0.197643248315790027 -0.790724671875016161 0.656186813972481464
0.191430615036721929 -0.795166761618811835 0.655660576683730012
0.185184170984225877 -0.799500513993840700 0.655132947739250349
0.178890711154604282 -0.803742077288615908 0.654603930322411820
0.172542632139489172 -0.807900871838862278 0.654073527624961182
0.166135926026459213 -0.811982150808834735 0.653541742847002838
0.159668980220522144 -0.815988509417302277 0.653008579196979855
0.154779207309141187 -0.818944680452233009 0.652474039891654756
0.148207598685467234 -0.822821317129836638 0.651938128156089536
0.141578330522742379 -0.826622929895401537 0.651400847223626678
0.134893749180740652 -0.830348125940566062 0.650862200335869279
0.128156554281174673 -0.833995164836903058 0.650322190742662065
0.121369609804709178 -0.837562083911164712 0.649780821702071409
0.114535768015150752 -0.841046773528172364 0.649238096480365567
0.107657688056901957 -0.844447010562547340 0.648694018351995028
0.100737629030412168 -0.847760451783195035 0.648148590599572971
0.093777190260692422 -0.850984582124160394 0.647601816513855399
0.086776956462703891 -0.854116603719540346 0.647053699393721038
0.079735975950576077 -0.857153236637237081 0.646504242546151686
0.072650941174744799 -0.860090374382814216 0.645953449286212344
0.065514818491680893 -0.862922480474061726 0.645401322937030675
0.058314402938104026 -0.865641487198182791 0.644847866829777683
0.051025623159065947 -0.868234656561726492 0.644293084303647068
0.043603693528523779 -0.870680059530396178 0.643736978705835461
0.035959976363391044 -0.872935876053763549 0.643179553391521885
0.027898474683502206 -0.874910741840018935 0.642620811723847774
0.018895966571837619 -0.876359530292985967 0.642060757073896426
0.006964006350576202 -0.876328177699358557 0.641499392820673031
-0.028082752493150398 -0.864070537885642476 0.640936722351083898
0.036925500387473054 -0.898881942785888843 0.640372749059916258
0.010100162937531021 -0.893264912231410246 0.639807476349817827
-0.001101271407436821 -0.893431495913530660 0.639240907631276056
-0.009802939272147704 -0.894532154818164504 0.638673046322597582
-0.019512009362777250 -0.896272589895955152 0.638103895849887803
-0.026849454328378486 -0.897747991935919254 0.637533459647030010
-0.033973245174990674 -0.899227347694055545 0.636961741155665062
-0.040954104617472120 -0.900681701552157099 0.636388743825169967
-0.047830621483047620 -0.902095751481583275 0.635814471112637336
-0.054625711324379544 -0.903460926669574782 0.635238926482855071
-0.061353938576347467 -0.904772281482610685 0.634662113408284490
-0.069684855533262202 -0.906331560603949260 0.634084035369040122
-0.076294289910758761 -0.907513234992116780 0.633504695852868616
-0.082859938299887692 -0.908635705821175033 0.632924098355127196
-0.089385645205311226 -0.909698768253310419 0.632342246378763129
-0.095874582432767641 -0.910702514711018152 0.631759143434292514
-0.103938160931979162 -0.911874232145447050 0.631174793039778748
-0.110353857887169837 -0.912745743585774871 0.630589198720811650
-0.116740653036208231 -0.913559242117630399 0.630002364010486038
-0.123100579305812752 -0.914315253631193814 0.629414292449380408
-0.131015655233518769 -0.915180239906016935 0.628824987585535511
-0.137322133521140033 -0.915808843250973781 0.628234452974433477
-0.143607853194615720 -0.916381642548286246 0.627642692178975614
-0.151438548392124617 -0.917019866628565161 0.627049708769460978
-0.157684105111398021 -0.917468731398314641 0.626455506323565503
-0.163914679917827710 -0.917863133854968094 0.625860088426319683
-0.171684490853789673 -0.918280016334506399 0.625263458670087813
-0.177887728859608574 -0.918552928333626562 0.624665620654545006
-0.184081626326628167 -0.918772181886545969 0.624066577986656545
-0.191813474135827333 -0.918970975381405708 0.623466334280656009
-0.197992608110887980 -0.919069859832062686 0.622864893158023070
-0.204167933549686265 -0.919115267089698040 0.622262258247461841
-0.211884286703016400 -0.919096702363464191 0.621658433184878789
-0.218057149078845824 -0.919021412656691350 0.621053421613361412
-0.224231595185260868 -0.918892168268119924 0.620447227183155481
-0.231954351571076578 -0.918654303355848190 0.619839853551643394
-0.238138267422296268 -0.918402532546886974 0.619231304383322301
-0.245877887936795658 -0.918010271574203562 0.618621583349781567
-0.252079254257387531 -0.917633817822035347 0.618010694129680793
-0.259845544641518711 -0.917084009127434374 0.617398640408728050
-0.266072057284537644 -0.916579986568997862 0.616785425879656679
-0.272312129331257036 -0.916018150238023798 0.616171054242203975
-0.280133446540043629 -0.915233364401220273 0.615555529203088425
-0.286409161435864201 -0.914538509928060295 0.614938854475987173
-0.294279317656480077 -0.913584652984329781 0.614321033781514036
-0.300597416407326512 -0.912752132331995814 0.613702070847196968
-0.308524523237913462 -0.911622954253002438 0.613081969407454963
-0.314891221360386109 -0.910647420074316871 0.612460733203576524
-0.322882673898532924 -0.909335810321827975 0.611838365983696564
-0.329303562319866627 -0.908211240207074888 0.611214871502773316
-0.337365905616418271 -0.906709264883269528 0.610590253522566684
-0.343845835990104820 -0.905428997313953765 0.609964515811614816
-0.351984611913059131 -0.903727952973461979 0.609337662145211567
-0.360167820034517916 -0.901912294485225807 0.608709696305383963
-0.366747141749915628 -0.900375226717886612 0.608080622080868771
-0.375012998781737106 -0.898345615226575300 0.607450443267090412
-0.381659466979826334 -0.896633324932905040 0.606819163666137418
-0.390010133174559903 -0.894379491103614255 0.606186787086739787
-0.396724826567924294 -0.892483594140560110 0.605553317344246333
-0.405160785089283049 -0.889994889524992505 0.604918758260600598
-0.413643652601162093 -0.887371018858578164 0.604283113664319305
-0.420463210931313836 -0.885172346356648543 0.603646387390467831
-0.429028309789541429 -0.882296727089378452 0.603008583280637778
-0.435912005230896960 -0.879892343165328716 0.602369705182924098
-0.444554628969705878 -0.876754268075094934 0.601729756951901340
-0.453237434457067934 -0.873465903001032551 0.601088742448600111
-0.460210884636430062 -0.870724937604782312 0.600446665540484759
-0.468959209021766410 -0.867158420307023725 0.599803530101429061
-0.477739391850327932 -0.863433409675573582 0.599159340011693797
-0.484783943343634061 -0.860337539385753303 0.598514099157902213
-0.493611628985298534 -0.856320872988641568 0.597867811433017704
-0.502459476587286291 -0.852139069298085472 0.597220480736319392
-0.509548938141391350 -0.848673465250021408 0.596572110973379255
-0.518420254454309060 -0.844189932686103317 0.595922706056038476
-0.527296781372597612 -0.839536867208860005 0.595272269902383133
-0.536172456417680965 -0.834713367421415220 0.594620806436721661
-0.543268090754989719 -0.830731499825608122 0.593968319589560312
-0.552125886989932146 -0.825600217259104929 0.593314813297580179
-0.560964146197257540 -0.820298138740519156 0.592660291503612213
-0.569775691413595964 -0.814825964933128866 0.592004758156615130
-0.576800742026881808 -0.810326520300086228 0.591348217211650096
-0.585545508224222688 -0.804551406984737261 0.590690672629857860
-0.594242551015983556 -0.798610615337895902 0.590032128378433995
-0.602884186458146343 -0.792506606961605242 0.589372588430605804
-0.609752427628148519 -0.787507830757466332 0.588712056765608116
-0.618274954629182916 -0.781117688037906044 0.588050537368658643
-0.626720650054493955 -0.774573612265450850 0.587388034230934886
-0.635082051470846176 -0.767879721871113752 0.586724551349549261
-0.643351876009617074 -0.761040519797994253 0.586060092727525461
-0.649897049733828558 -0.755467786833450727 0.585394662373774133
-0.657984434637509663 -0.748379481066582808 0.584728264303068901
-0.665961194530875877 -0.741160247613775525 0.584060902536021609
-0.673821130107998045 -0.733815746770691391 0.583392581099058893
-0.681558415156703568 -0.726351849900106372 0.582723304024396649
-0.689167624327804540 -0.718774596908232533 0.582053075350017379
-0.696643755814976506 -0.711090153008695491 0.581381899119644441
-0.702525765037210315 -0.704869616939109211 0.580709779382718061
-0.709751167634724456 -0.697008000420827223 0.580036720194371247
-0.716831869033703328 -0.689056756801923465 0.579362725615404806
-0.723764591490010822 -0.681022140558802613 0.578687799712263029
-0.730546517554220287 -0.672910334480104733 0.578011946557009382
-0.737175283747284915 -0.664727414446829479 0.577335170227301964
-0.743648970127884335 -0.656479317187086187 0.576657474806368309
-0.749966086176352631 -0.648171811279416921 0.575978864382981293
-0.756125553461993727 -0.639810471597473063 0.575299343051434375
-0.762126685566862361 -0.631400657324372006 0.574618914911516843
-0.766813365270570424 -0.624641356529296532 0.573937584068489048
-0.772528929011634946 -0.616157036396522084 0.573255354633057546
-0.778086124673762036 -0.607637957028466458 0.572572230721350661
-0.783485538717121011 -0.599088520359443710 0.571888216454893183
-0.788728030297404237 -0.590512856060301905 0.571203315960581826
-0.793814704539390181 -0.581914819103383607 0.570517533370660246
-0.798746886020691771 -0.573297990087760612 0.569830872822694068
-0.803526092786143731 -0.564665678045920716 0.569143338459545789
-0.808154011139496253 -0.556020925472727523 0.568454934429350356
-0.812632471440610571 -0.547366515294439471 0.567765664885489074
-0.816963425081269068 -0.538704979502063419 0.567075533986565739
-0.821148922774492251 -0.530038609190437326 0.566384545896380986
-0.825191094261646052 -0.521369465743659610 0.565692704783906763
-0.829092129499083730 -0.512699392936545872 0.565000014823262009
-0.832854261367915294 -0.504030029725389572 0.564306480193686899
-0.836479749904081471 -0.495362823552663700 0.563612105079517756
-0.839970868055689546 -0.486699043968848888 0.562916893670161955
-0.843329888927918492 -0.478039796424008179 0.562220850160072394
-0.846559074462668648 -0.469386036127761752 0.561523978748722397
-0.849660665517693814 -0.460738581824176263 0.560826283640580292
-0.853217260863808002 -0.450370932575796801 0.560127769045084101
-0.856045874792871753 -0.441739647980760486 0.559428439176616110
-0.858753831034397397 -0.433116529696002339 0.558728298254477340
-0.861343202120218310 -0.424501969371390564 0.558027350502862229
-0.863816007641678540 -0.415896290174340488 0.557325600150833100
-0.866174211387995552 -0.407299758863434780 0.556623051432294513
-0.868419719384089572 -0.398712597472776431 0.555919708585968286
-0.870554378751626112 -0.390134994633883569 0.555215575855366850
-0.872579977346401914 -0.381567116511629223 0.554510657488768932
-0.874498244111684309 -0.373009117363065634 0.553804957739192694
-0.876310850107162698 -0.364461149703440512 0.553098480864371078
-0.878348774936486998 -0.354217057256649925 0.552391231126725279
-0.879934535614989577 -0.345691749156631145 0.551683212793339983
-0.881419616898715841 -0.337177060149752017 0.550974430135936832
-0.882805471377641093 -0.328673237365786686 0.550264887430848670
-0.884093508312175924 -0.320180572375935557 0.549554588958994228
-0.885285097925249342 -0.311699408615308537 0.548843539005852032
-0.886381576078279054 -0.303230148248325782 0.548131741861434318
-0.887573640580921253 -0.293083410952032275 0.547419201820261936
-0.888465439125924239 -0.284642082175657340 0.546705923181337261
-0.889266230557153481 -0.276214406994158890 0.545991910248119217
-0.889977264625266717 -0.267801094572812537 0.545277167328497070
-0.890599785657840259 -0.259402937512807463 0.544561698734763899
-0.891135038625746279 -0.251020814065320619 0.543845508783591502
-0.891663911556693667 -0.240984795365620147 0.543128601796003752
-0.892011599110836828 -0.232641465838122841 0.542410982097350503
-0.892276077185709338 -0.224317563919780333 0.541692654017281949
-0.892458658735382659 -0.216014329221245943 0.540973621889721756
-0.892571547634595119 -0.206079592706350706 0.540253890052841745
-0.892578737460616445 -0.197826580361378374 0.539533462849035028
-0.892508462887624976 -0.189598720931804909 0.538812344624890471
-0.892362197166214344 -0.181397557985148061 0.538090539731165718
-0.892141461741052133 -0.173224689974113444 0.537368052522761430
-0.891780496555033997 -0.163456915737936137 0.536644887358695422
-0.891401535992284555 -0.155352135299371641 0.535921048602074901
-0.890953323163315325 -0.147281024425660323 0.535196540620071826
-0.890437600933695061 -0.139245304903782063 0.534471367783895701
-0.889732153971167450 -0.129651581194765497 0.533745534468767047
-0.889074304299190543 -0.121699763436402486 0.533019045053891527
-0.888354868665404473 -0.113788782698249769 0.532291903922433307
-0.887575796932841832 -0.105920274132925596 0.531564115461488407
-0.886564996010454021 -0.096536348602583699 0.530835684062058610
-0.885661779902524593 -0.088766748894634595 0.530106614119024488
-0.884705412920365419 -0.081044427786199580 0.529376910031119641
-0.883490546888772821 -0.071841907536835836 0.528646576200903162
-0.882424599859829462 -0.064228113082531624 0.527915617034733886
-0.881312209985946282 -0.056665453262002730 0.527184036942743628
-0.879919001926034117 -0.047659095672511365 0.526451840338810095
-0.878711837212991176 -0.040212108096693566 0.525719031640530909
-0.877464926578215398 -0.032818834359372218 0.524985615269196515
-0.876180320833631288 -0.025479780686248232 0.524251595649763980
-0.874591874538058534 -0.016744975820579877 0.523516977210829459
-0.873231384507578756 -0.009526238793162167 0.522781764384602554
-0.871839504264670051 -0.002362312859128524 0.522045961606878439
-0.870130434493256777 0.006162259712421958 0.521309573317012220
-0.868675974330352374 0.013206323132864961 0.520572603957891289
-0.867195870204491515 0.020196577939100735 0.519835057975908787
-0.865388216458490289 0.028514758295120068 0.519096939820936853
-0.863857404937617979 0.035389069123074546 0.518358253946300196
-0.861993326595479226 0.043570654849297119 0.517619004808748007
-0.860418971909154617 0.050333608622152970 0.516879196868428425
-0.858826953938755855 0.057047846786865419 0.516138834588860784
-0.856894914693222320 0.065042553528910252 0.515397922436909073
-0.855268174444116847 0.071654572665412253 0.514656464882754738
-0.853627335543508003 0.078222630226397527 0.513914466399869707
-0.851641021665137332 0.086048679760278191 0.513171931464990072
-0.849972315934988565 0.092526160555244485 0.512428864558087671
-0.847954841811583204 0.100248911812898078 0.511685270162344774
-0.846261848316140708 0.106645017234946182 0.510941152764125550
-0.844558754668005784 0.113007397028699774 0.510196516852949977
-0.842502369460986777 0.120600742969473429 0.509451366921466198
-0.840778605574617921 0.126896519419140652 0.508705707465423762
-0.838698404536142528 0.134416414371104020 0.507959542983646317
-0.836955419417326762 0.140656507769285288 0.507212877978004517
-0.835203959242396099 0.146875037446860535 0.506465716953388712
-0.833091102549522566 0.154312189110499098 0.505718064417682078
-0.831321117375841689 0.160491773210951150 0.504969924881733090
-0.829185874855520533 0.167889324723554778 0.504221302859328868
-0.827396930681986720 0.174041934367110018 0.503472202867166985
-0.825599034184756664 0.180186323941809057 0.502722629424828926
-0.823429315811329721 0.187552348853085860 0.501972587054753117
-0.821610583183743692 0.193687702300741893 0.501222080282206495
-0.819414691118901528 0.201050430131657243 0.500471113635258535
-0.817573013593068332 0.207189377767453720 0.499719691644752828
-0.815348028203250363 0.214564092282563956 0.498967818844280431
-0.813480651861096749 0.220719470553352282 0.498215499770152170
-0.811222886418111466 0.228121688851874560 0.497462738961371664
-0.809326422010997693 0.234306518830270205 0.496709540959607176
-0.807415444044376374 0.240509086788140092 0.495955910309165471
-0.805101853754908170 0.247979442530805505 0.495201851556962724
-0.803155724365600343 0.254230702581588197 0.494447369252498770
-0.800797070719005633 0.261767519980758812 0.493692467947828284
-0.798810827474955021 0.268080895317507006 0.492937152197534589
-0.796400756136222854 0.275700376153928395 0.492181426558700674
-0.794368763485929774 0.282089446964946478 0.491425295590883215
-0.791900091700480369 0.289807983484828002 0.490668763856084045
-0.789816002696252406 0.296286492172226745 0.489911835918723060
-0.787280663327160068 0.304120678065717631 0.489154516345610635
-0.785137363648353626 0.310702542855710917 0.488396809705919865
-0.782526325386298627 0.318669195673360217 0.487638720571159257
-0.780315855095887079 0.325368535027899197 0.486880253515145078
-0.777619012698921086 0.333484733090437857 0.486121413113973777
-0.775332460075942587 0.340315903419275700 0.485362203945993942
-0.772538487327462220 0.348599040428575868 0.484602630591779604
-0.770165848202059133 0.355576689865560347 0.483842697634101593
-0.767262004935702624 0.364044549734532819 0.483082409657900780
-0.764791999801420541 0.371183689664147942 0.482321771250259546
-0.761763883308991918 0.379854543721100169 0.481560787000374912
-0.759183723626249640 0.387170639160857699 0.480799461499530345
-0.756014953380813925 0.396063365747967633 0.480037799341068050
-0.753310047338951128 0.403572443986414009 0.479275805120361664
-0.749981870708169129 0.412706668763318296 0.478513483434788112
-0.747135457503540490 0.420425443600788373 0.477750838883700013
-0.743626262480715727 0.429821695728947073 0.476987876068398153
-0.740618962697593308 0.437767701872438741 0.476224599592103282
-0.736903681663787169 0.447447577667996921 0.475461014059928577
-0.733063963280452313 0.457291692113824977 0.474697124078852117
-0.729762335366755388 0.465625627280115584 0.473932934257688454
-0.725669263947974263 0.475789200488778152 0.473168449207061581
-0.722141548599904981 0.484399595715080511 0.472403673539376345
-0.717757638557920408 0.494907587078569688 0.471638611868791302
-0.713969917043650537 0.503815846876395468 0.470873268811190182
-0.709250923240986819 0.514694665597616008 0.470107648984154913
-0.705163092990183094 0.523923386435217076 0.469341757006936922
-0.700056624948508732 0.535200816618480402 0.468575597500429597
-0.695621137320856286 0.544773659881382377 0.467809175087140594
-0.690065003948903577 0.556478612841190823 0.467042494391163687
-0.684233265576021488 0.568429199579793321 0.466275560038151071
-0.679145593680139936 0.578582015814154360 0.465508376655285161
-0.672744094550665084 0.591005746820107758 0.464740948871250947
-0.667143059416517747 0.601564954376959893 0.463973281316208130
-0.660074868826284522 0.614490453931153979 0.463205378621762642
-0.653872290256290789 0.625479023480354779 0.462437245420939558
-0.646021860505255674 0.638932247573154477 0.461668886348154228
-0.639112623359703758 0.650369942446498595 0.460900306039185248
-0.630342245109108190 0.664371552727284653 0.460131509131145422
-0.621002833678217625 0.678677922849360904 0.459362500262455065
-0.612746862316639107 0.690833789358326067 0.458593284072812746
-0.602221481887956767 0.705700596453382012 0.457823865203168145
-0.592892083650000901 0.718319973048091698 0.457054248295693633
-0.580967221722036187 0.733732898122795296 0.456284437993756620
-0.568175535521328934 0.749428096070054561 0.455514438941891142
-0.556794986028875227 0.762709925384670639 0.454744255785770268
-0.542197081284556681 0.778869257026609030 0.453973893172177512
-0.529183401872155068 0.792496992189520855 0.453203355748979131
-0.512460465774156937 0.809006936930911524 0.452432648165096596
-0.497528947620856310 0.822858737163529752 0.451661775070477334
-0.478316700704770226 0.839534129082767033 0.450890741116067750
-0.457577871949456927 0.856187467885903608 0.450119550953784642
-0.439038299249733144 0.869973729875237023 0.449348209236487384
-0.415169632894179963 0.886298215698041791 0.448576720617949509
-0.393838842231822195 0.899616882797557027 0.447805089752831120
-0.366401057522487417 0.915101937157746237 0.447033321296650354
-0.336837590570947087 0.929843636316352917 0.446261419905755630
-0.310495363032286420 0.941381741871798017 0.445489390237297223
-0.276754147548463392 0.954082290107667097 0.444717236949199513
-0.246812598555649076 0.963488732765271472 0.443944964700132727
-0.208662374479642143 0.973043144176117925 0.443172578149484575
-0.168100816108662121 0.980316505970171392 0.442400081957332769
-0.132508375550581592 0.984309838855509489 0.441627480784416215
-0.087775132773272702 0.986201783504889962 0.440854779292107424
-0.048971112572045061 0.985019327307863901 0.440081982142383921
-0.000864717512023994 0.979848680181111265 0.439309093997800659
0.048496341520813779 0.970120281668223061 0.438536119521461376
0.090176895027625104 0.958207049655512177 0.437763063376990780
0.140246658450159878 0.939020503428047326 0.436989930228506185
0.181467755348176663 0.918775388771265966 0.436216724740589701
0.229550226436112337 0.889265295767881825 0.435443451578259699
0.275214061587347569 0.854116133283724155 0.434670115406943058
0.310709565975530122 0.820696657327066204 0.433896720892446575
0.349408877482149105 0.776039459284299182 0.433123272700929207
0.377820356765346588 0.735480517200120421 0.432349775498873712
0.406670770368571799 0.683525579214421364 0.431576233953058608
0.429282841825079087 0.628923567954099316 0.430802652730529700
0.443117756497115378 0.582180861017872031 0.430029036498572770
0.453623227649723848 0.525568668517688797 0.429255389924684039
0.457382018363712894 0.478700661278913364 0.428481717676543417
0.456182298288425270 0.423709678817609126 0.427708024421985300
0.449232236784300354 0.370924197507021380 0.426934314828971262
0.439506718521676776 0.329155528157238919 0.426160593565560908
0.423741763470755373 0.282188542702438316 0.425386865299884787
0.407710621710671961 0.245952129342324660 0.424613134700115247
0.385662918145564582 0.206164307319018664 0.423839406434439070
0.361242610435772882 0.170502516921774039 0.423065685171028827
0.339571791615737195 0.143923216300402279 0.422291975578014622
0.312511725981277133 0.115693935524807973 0.421518282323456672
0.289447013437678036 0.095097201433959694 0.420744610075315939
0.261550065097406026 0.073688897946989573 0.419970963501427319
0.233774674380633068 0.055633688582133772 0.419197347269470222
0.210946726585205024 0.042941975797144580 0.418423766046941481
0.184148551081386835 0.030284201937206261 0.417650224501126266
0.162442770927981373 0.021684105515702858 0.416876727299070882
0.137271501985199051 0.013461474800796833 0.416103279107553403
0.113151607474971799 0.007279609158059940 0.415329884593057030
0.093904233119954009 0.003510552056511088 0.414556548421740223
0.071865155950973508 0.000451938091121755 0.413783275259410332
0.054393199340452440 -0.001016448856192124 0.413010069771493848
0.034500619876237558 -0.001643860632633189 0.412236936623009365
0.015767438339195736 -0.001192271035831969 0.411463880478538657
0.001025690332793563 -0.000100766271247992 0.410690906002199319
-0.015647736371598154 0.001950639759177177 0.409918017857616057
-0.028719326424707287 0.004196487415540481 0.409145220707892665
-0.043451761339955021 0.007442364922936245 0.408372519215583762
-0.057183342311665386 0.011199692492123894 0.407599918042667209
-0.067892608087981338 0.014660796161796944 0.406827421850515403
-0.079900511052438866 0.019145872572651813 0.406055035299867251
-0.089233393331660957 0.023115237894248318 0.405282763050800465
-0.099660642976191288 0.028106175992039580 0.404510609762702811
-0.109283863431839129 0.033296997149135525 0.403738580094244404
-0.116717328401156395 0.037742519711616795 0.402966678703349568
-0.124966967491327435 0.043186184603729499 0.402194910247168913
-0.131307291041571544 0.047789234777536348 0.401423279382050524
-0.138304034781944085 0.053365464035510589 0.400651790763512761
-0.144664113532604249 0.058972551062750546 0.399880449046215336
-0.149499957764780866 0.063650651389182411 0.399109258883932283
-0.154770922148697032 0.069251753285415857 0.398338224929522700
-0.158738528441836446 0.073895292992895628 0.397567351834903382
-0.163012055705477610 0.079423176613215463 0.396796644251020736
-0.166776426559810231 0.084887466172379383 0.396026106827822577
-0.169540824842619176 0.089381942117695887 0.395255744214229765
-0.172429416843704886 0.094692948683208489 0.394485561058108725
-0.174492907820339049 0.099041931175999243 0.393715562006243303
-0.176572956096972850 0.104158828457848518 0.392945751704306401
-0.177988202270639384 0.108330988469741318 0.392176134796831943
-0.179319122784316498 0.113218917382442691 0.391406715927187232
-0.180263991391658107 0.117968839987692364 0.390637499737544969
-0.180767073113622140 0.121815488358220453 0.389868490868854556
-0.181041554534080662 0.126290422444409411 0.389099693960814785
-0.181004795494978860 0.129896628184193230 0.388331113651845694
-0.180652771460440287 0.134069931541994786 0.387562754579060531
-0.180110762756157339 0.137414115861088676 0.386794621378237391
-0.179171583950659657 0.141260414358093722 0.386026718683791847
-0.177927360930614814 0.144917846839477504 0.385259051128749030
-0.176664773038493650 0.147816090217040175 0.384491623344714872
-0.174887156068632588 0.151107978191049430 0.383724439961849018
-0.173193374057865335 0.153691078979779044 0.382957505608836291
-0.170913719282166782 0.156591966956056039 0.382190824912859439
-0.168814030212451421 0.158838335562577954 0.381424402499570547
-0.166061854230069833 0.161321742761956960 0.380658242993063167
-0.163580308943802932 0.163208746212798544 0.379892351015845064
-0.160384000427988616 0.165246730580407009 0.379126731188809796
-0.156957226667461314 0.167029337616528717 0.378361388131208842
-0.153931543737879900 0.168313143047485098 0.377596326460623632
-0.150103964625400627 0.169603424527940749 0.376831550792938397
-0.146756157393970521 0.170463384208960289 0.376067065742311524
-0.142556576379630678 0.171228141293455566 0.375302875921148027
-0.138911200067405066 0.171635566702363407 0.374538985940071401
-0.134369957650299826 0.171839100835460806 0.373775400407896752
-0.130453196188200948 0.171763155983422233 0.373012123931601880
-0.125603020315980030 0.171367136854298940 0.372249161116299909
-0.121443421287365197 0.170774766577192039 0.371486516565211977
-0.116320343318323596 0.169738197608848812 0.370724194879638425
-0.111949611257715770 0.168594146763862696 0.369962200658932039
-0.106593955500567189 0.166873452879675477 0.369200538500469633
-0.102047808607604942 0.165140399682198097 0.368439212999625065
-0.096505259182532235 0.162689668352903466 0.367678228749740488
-0.091824350281814890 0.160328500328092372 0.366917590342099198
-0.086147093030641206 0.157099913191297041 0.366157302365898329
-0.081377989682153443 0.154070179312611633 0.365397369408220485
-0.075625918474973686 0.150014677513476274 0.364637796054006091
-0.070822129001799239 0.146275254745819094 0.363878586886026256
-0.065064094550998666 0.141343486304162685 0.363119746484854844
-0.060287116006669195 0.136853502512727376 0.362361279428840721
-0.054602180509697076 0.130997103558848693 0.361603190294080168
-0.049922530658282512 0.125717160722409765 0.360845483654389343
-0.044401172892307605 0.118890423420556599 0.360088164081276974
-0.039899350921809455 0.112784164345316212 0.359331236143916044
-0.034644543379580478 0.104946140933205326 0.358574704409116762
-0.030411843189336714 0.097982197454425185 0.357818573441299359
-0.025539895931989076 0.089099280223560590 0.357062847802465555
-0.021678971943119914 0.081253629373949116 0.356307532052171694
-0.017320007878290140 0.071302627652530093 0.355552630747501208
-0.013945067801460705 0.062561362058520975 0.354798148443037253
-0.010242963515789846 0.051533066622024018 0.354044089690834618
-0.007479437827617424 0.041895553900369656 0.353290459040392801
-0.004591036776684999 0.029798733712158458 0.352537261038628369
-0.002574554974933797 0.019281094762254643 0.351784500229847863
-0.000667941727317916 0.006146808364462095 0.351032181155719714
0.000457563362979341 -0.005214414956479794 0.350280308355247205
0.001128908811584681 -0.016940623382471657 0.349528886364741498
0.001291168661079485 -0.031472580978830919 0.348777919717793483
0.000853666517263787 -0.043945316041874904 0.348027412945247028
-0.000404896279502662 -0.059316602692933262 0.347277370575171052
-0.002100681532395267 -0.072434397763994240 0.346527797132833160
-0.004956185568660072 -0.088504887501162310 0.345778697140671221
-0.008052777905776243 -0.102135256132913105 0.345030075118266999
-0.011829735502046787 -0.115946161166625705 0.344281935582318011
-0.017295007555252963 -0.132705288608942151 0.343534283046611377
-0.022653154959476410 -0.146779129030816635 0.342787122021995572
-0.030076740378596450 -0.163732561222919293 0.342040457016353661
-0.037110396548434607 -0.177860390871440760 0.341294292534576271
-0.046586517460524765 -0.194740993299331144 0.340548633078533836
-0.055356483821901004 -0.208687811172720977 0.339803483147050112
-0.064924950704357623 -0.222469075199297706 0.339058847235874428
-0.077460676960591335 -0.238711984454169662 0.338314729837655315
-0.088779144837583202 -0.251937837731251002 0.337571135441912362
-0.100879718901044121 -0.264823043639997091 0.336828068535010128
-0.116411308688890797 -0.279758175774034668 0.336085533600130215
-0.130172864388235443 -0.291701236389470542 0.335343535117245406
-0.147630706811958501 -0.305350511175878581 0.334602077563091016
-0.162929479236726710 -0.316096770824819462 0.333861165411139194
-0.178872774844083482 -0.326220674714184145 0.333120803131571552
-0.198799076156981641 -0.337484715227175991 0.332380995191252027
-0.216014514822875314 -0.346085874368083524 0.331641746053699893
-0.233733740335547946 -0.353933323910865849 0.330903060179063069
-0.255589969588167598 -0.362309743051304312 0.330164942024091357
-0.274234899292347845 -0.368390626278987665 0.329427396042108855
-0.293212689736720489 -0.373629785363950084 0.328690426682987813
-0.316345030980323183 -0.378781689004345945 0.327954038393121539
-0.335853235235549885 -0.382115248742113833 0.327218235615397535
-0.355509732359515496 -0.384569476689311240 0.326483022789170574
-0.379212122828232023 -0.386352430074591191 0.325748404350236054
-0.398993134403012262 -0.386874540966416935 0.325014384730803463
-0.418741688925657829 -0.386530032779844768 0.324280968359469235
-0.442322361378215290 -0.384991838435366107 0.323548159661190049
-0.461815458419733038 -0.382793547677642787 0.322815963057256461
-0.481114286454050522 -0.379785125420249281 0.322084382965266092
-0.503953481532781744 -0.375141015516416820 0.321353423799096927
-0.522671380100170557 -0.370442185940588475 0.320623089968880448
-0.541062646520279467 -0.365022579426591054 0.319893385880975489
-0.559092903584691658 -0.358914865092540614 0.319164315937941478
-0.580209388832787720 -0.350725626577129523 0.318435884538511682
-0.597341460016631132 -0.343226337740286491 0.317708096077566726
-0.614025710416569837 -0.335152333544811276 0.316980954946108506
-0.633427728461709916 -0.324756906697605818 0.316254465531233042
-0.649060838948058660 -0.315548705071931446 0.315528632216104443
-0.664193237079554133 -0.305884122016508442 0.314803459379928152
-0.678814734254884700 -0.295799664701165144 0.314078951397925132
-0.695675832158568652 -0.283194554307149515 0.313355112641304667
-0.709150703728736231 -0.272311545504925701 0.312631947477238548
-0.722099560805877005 -0.261120440048808189 0.311909460268834315
-0.734522463583598517 -0.249654027079439872 0.311187655375109562
-0.746421418913167378 -0.237943875899861185 0.310466537150965005
-0.760013969080050589 -0.223612485063208632 0.309746109947158288
-0.770775699062023478 -0.211470744574471681 0.309026378110278277
-0.781030826857513572 -0.199177292595315802 0.308307345982718140
-0.790787547784998490 -0.186757932769140517 0.307589017902649531
-0.801850782476591806 -0.171722715861466785 0.306871398203996282
-0.810544758915008767 -0.159110134213838655 0.306154491216408586
-0.818772822073607354 -0.146444627681214523 0.305438301265236245
-0.826546586154223384 -0.133746065153083238 0.304722832671503130
-0.833878150246029071 -0.121032966307283441 0.304008089751880761
-0.840779992526863418 -0.108322540080760643 0.303294076818662772
-0.848512952770290818 -0.093095914931483392 0.302580798179738097
-0.854514596348616484 -0.080445764334005021 0.301868258138565604
-0.860127933810976519 -0.067845066247472996 0.301156460994148056
-0.865366089697927277 -0.055306026141371534 0.300445411041005861
-0.870242162707378197 -0.042839788511951860 0.299735112569151418
-0.874769172138941675 -0.030456488661761427 0.299025569864063145
-0.879758961404713435 -0.015718864564832513 0.298316787206659995
-0.883563175933131051 -0.003549060691134365 0.297608768873274754
-0.887058945891567419 0.008511556643914175 0.296901519135629122
-0.890258511472577396 0.020456534783817981 0.296195042260807340
-0.893173849646287321 0.032280170501566119 0.295489342511231157
-0.895816653500639770 0.043977463638126268 0.294784424144633184
-0.898198315299780115 0.055544072257356747 0.294080291414031747
-0.900329912914463959 0.066976269355196016 0.293376948567705464
-0.902222199271770942 0.078270901200299836 0.292674399849167044
-0.903885594522432889 0.089425347323122961 0.291972649497137970
-0.905593703972602970 0.102622677368441606 0.291271701745522582
-0.906788546535288065 0.113461875554568326 0.290571560823383868
-0.907785556851553821 0.124155649847345506 0.289872230954915933
-0.908593722203075882 0.134703219879040159 0.289173716359419908
-0.909221690032804730 0.145104157069459061 0.288476021251277581
-0.909677771432151561 0.155358354732177129 0.287779149839927695
-0.909969945754827703 0.165465999722722856 0.287083106329838189
-0.910105866204529823 0.175427545606140156 0.286387894920482278
-0.910092866267388390 0.185243687293494053 0.285693519806313190
-0.909937966854991620 0.194915337125515786 0.284999985176738024
-0.909647884054898603 0.204443602338059027 0.284307295216093381
-0.909229037375039240 0.213829763894354985 0.283615454103619102
-0.908687558401397144 0.223075256605948291 0.282924466013434350
-0.908029299771197174 0.232181650536118889 0.282234335114511015
-0.907259844400400306 0.241150633598068431 0.281545065570649733
-0.906384514884773784 0.249983995332059283 0.280856661540454244
-0.905408383021275132 0.258683611795967994 0.280169127177306077
-0.904336279394246878 0.267251431523935268 0.279482466629339732
-0.903172802976575761 0.275689462508210359 0.278796684039418097
-0.901922330709155062 0.283999760143710922 0.278111783545106850
-0.900589027011112098 0.292184416104295963 0.277427769278649428
-0.899176853200424064 0.300245548092753556 0.276744645366942488
-0.897689576794658439 0.308185290401150946 0.276062415931510929
-0.896130780655349346 0.316005785284409590 0.275381085088483135
-0.894503871977452736 0.323709175039564090 0.274700656948565658
-0.892812091093370341 0.331297594789950245 0.274021135617018741
-0.891414034652108667 0.337286978378957270 0.273342525193631669
-0.889613149630669398 0.344673784996341548 0.272664829772698014
-0.887755650051656797 0.351951508288802339 0.271988053442990652
-0.885844218824802798 0.359122201375315586 0.271312200287737060
-0.883881411326267408 0.366187883987091567 0.270637274384595228
-0.881869662919243513 0.373150538545263588 0.269963279805628786
-0.879811296253560027 0.380012106662826310 0.269290220617281972
-0.877708528302505009 0.386774486104367932 0.268618100880355593
-0.875563477160216874 0.393439528139375327 0.267946924649982543
-0.873818356601997914 0.398702691809307452 0.267276695975603384
-0.871602242615333478 0.405197034849665350 0.266607418900941251
-0.869349304812258028 0.411598958814546056 0.265939097463978480
-0.867061343066709123 0.417910120718355427 0.265271735696931188
-0.864740087447689043 0.424132123423697716 0.264605337626225900
-0.862387203505526667 0.430266515010493233 0.263939907272474572
-0.860483205105684990 0.435111953392009421 0.263275448650450827
-0.858077400499067999 0.441092370116578480 0.262611965769065092
-0.855644329559483330 0.446989217093349267 0.261949462631341390
-0.853185456086232752 0.452803833562731906 0.261287943234391862
-0.850702200883435178 0.458537504949158070 0.260627411569394229
-0.848698971440209338 0.463066991655315563 0.259967871621566038
-0.846175286053757247 0.468658033345612290 0.259309327370142229
-0.843630998251546638 0.474171452267687643 0.258651782788349882
-0.841067396031710102 0.479608340539538713 0.257995241843384959
-0.839003455259381026 0.483903453064593481 0.257339708496387765
-0.836408243750998870 0.489205190282778757 0.256685186702419799
-0.833797180080189326 0.494433212745627848 0.256031680410439610
-0.831171454942174592 0.499588446693910115 0.255379193563278428
-0.829061104730825393 0.503660824422336173 0.254727730097616900
-0.826411920306363679 0.508687254621810858 0.254077293943961557
-0.823751294884936702 0.513643298209311538 0.253427889026620723
-0.821615304794904189 0.517557992033899739 0.252779519263680752
-0.818936873940029009 0.522389333286967905 0.252132188566982385
-0.816250065201575614 0.527152458171820770 0.251485900842097765
-0.814095296508150490 0.530914334701495738 0.250840659988306292
-0.811396055117366899 0.535556502261876344 0.250196469898570972
-0.808691340618247212 0.540132459832971756 0.249553334459515330
-0.806524298912726811 0.543746018574473355 0.248911257551399867
-0.803812229156229630 0.548204530059007600 0.248270243048098749
-0.801097418698558772 0.552598741365457946 0.247630294817075935
-0.798924222829195285 0.556068265044492249 0.246991416719362256
-0.796206805154839437 0.560348424797202704 0.246353612609532258
-0.793489184247429979 0.564566159217396280 0.245716886335680784
-0.791315516075575598 0.567895851497164816 0.245081241739399380
-0.788599661753371262 0.572002914732955281 0.244446682655753811
-0.786428462396555283 0.575244947950750207 0.243813212913260191
-0.783716966862297193 0.579243544271419220 0.243180836333862671
-0.781008945090354123 0.583182849371682188 0.242549556732909621
-0.778845506972004609 0.586292075760984743 0.241919377919131262
-0.776145504091781513 0.590126434631345287 0.241290303694616182
-0.773989342168375449 0.593152632538808233 0.240662337854788411
-0.771299458421446871 0.596884382547978820 0.240035484188385162
-0.769152171353577718 0.599829447134995197 0.239409746477433349
-0.766474301954394366 0.603460989430882444 0.238785128497226773
-0.764337323113637779 0.606326867146222526 0.238161634016303414
-0.761673155132562174 0.609860666982121380 0.237539266796423398
-0.759547750542594602 0.612649355018729413 0.236918030592545070
-0.756898763384595052 0.616087937771290228 0.236297929152803232
-0.754786033639462284 0.618801479210370209 0.235678966218485830
-0.752153500083084792 0.622147425524952280 0.235061145524012804
-0.750054382406917464 0.624787904253924387 0.234444470796911636
-0.747439373952566877 0.628043841079006904 0.233828945757796114
-0.745354646774760266 0.630613374457280162 0.233214574120343354
-0.742758039788730562 0.633781965684998005 0.232601359591271956
-0.740688328418568021 0.636282696533536196 0.231989305870319185
-0.738110812059098231 0.639366632506475741 0.231378416650218466
-0.736056595533055136 0.641800720505866118 0.230768695616677788
-0.734009382806997568 0.644205885138040224 0.230160146448356639
-0.731460299391496149 0.647172320216501729 0.229552772816844636
-0.729429030727552608 0.649513973672926737 0.228946578386638622
-0.726899992432482045 0.652402373815587522 0.228341566815121244
-0.724884822457832145 0.654682680501811221 0.227737741752538220
-0.722876825966706882 0.656936413685464182 0.227135106841976964
-0.720376913233891747 0.659716856181883582 0.226533665719343968
-0.718385033431580000 0.661912344407307618 0.225933422013343488
-0.716400285116637781 0.664082627866245057 0.225334379345455083
-0.713929329565278659 0.666760671404297511 0.224736541329912165
-0.711960499603648045 0.668875760417125820 0.224139911573680239
-0.709998669950604344 0.670966985097857349 0.223544493676434614
-0.707556141137160699 0.673548073388247737 0.222950291230539055
-0.705609847543994251 0.675587077998503260 0.222357307821024419
-0.703670349158232455 0.677603519266412824 0.221765547025566445
-0.701737570625663443 0.679597787783223661 0.221175012414464467
-0.699330924701745626 0.682060029633320797 0.220585707550619681
-0.697412966285180902 0.684005810185369656 0.219997635989513968
-0.695501452528430320 0.685930649839032625 0.219410801279188383
-0.693596291664766884 0.687834914732544433 0.218825206960221313
-0.691223630966154801 0.690186859512686768 0.218240856565707519
-0.689332418073659747 0.692046134598819029 0.217657753621236849
-0.687447247861822652 0.693885976702407481 0.217075901644872893
-0.685568023745652733 0.695706720956075220 0.216495304147131529
-0.683227209360769305 0.697956292093240060 0.215915964630959911
-0.681361015662181102 0.699735248216030059 0.215337886591715516
-0.679500462821226447 0.701496136892754696 0.214761073517145018
-0.677645462315305425 0.703239255820057529 0.214185528887362697
-0.675795929459529598 0.704964893025525563 0.213611256174830066
-0.673951784134352749 0.706673326577773708 0.213038258844334860
-0.671654065271460210 0.708785082910631359 0.212466540352969940
-0.669821777545984043 0.710455771512733314 0.211896104150112174
-0.667994657206304243 0.712110088250984097 0.211326953677402479
-0.666172651459929877 0.713748266120423969 0.210759092368723977
-0.664355715683358161 0.715370527024734137 0.210192523650182150
-0.662543814024044497 0.716977081659764037 0.209627250940083665
-0.660736919955965507 0.718568129438796555 0.209063277648916135
-0.658935016797555173 0.720143858453693664 0.208500607179326947
-0.657138098172454610 0.721704445483367985 0.207939242926103607
-0.655346168414262742 0.723250056047898715 0.207379188276152232
-0.653559242922774453 0.724780844500385046 0.206820446608478120
-0.651777348447035054 0.726296954172954257 0.206263021294164489
-0.649557114697769555 0.728171650081665733 0.205706915696352854
-0.647786697933832589 0.729655200871773602 0.205152133170222351
-0.646021479616467609 0.731124465262731560 0.204598677062969414
-0.644261536260295586 0.732579542482443613 0.204046550713787689
-0.642506956029631593 0.734020522290065758 0.203495757453848236
-0.640757838559634307 0.735447485413036062 0.202946300606278940
-0.639449651652739148 0.736508553037102276 0.202398183486144662
-0.637710367234855524 0.737911155818459785 0.201851409400427062
-0.635976876194498386 0.739299921482058919 0.201305981648004950
-0.634249318088839220 0.740674901562641264 0.200761903519634410
-0.632527841939128921 0.742036141222699230 0.200219178297928596
-0.630812605572465879 0.743383679916498452 0.199677809257337857
-0.629103774909504199 0.744717552068388522 0.199137799664130727
-0.627401523172175235 0.746037787779111006 0.198599152776373439
-0.625706030031998983 0.747344413547107234 0.198061871843910497
-0.624017480703697336 0.748637452998416664 0.197525960108345194
-0.622336064982118464 0.749916927627291119 0.196991420803020012
-0.620661976243880531 0.751182857531842996 0.196458257152997223
-0.619411335811016595 0.752123427933836131 0.195926472375038851
-0.617750541640072703 0.753365701356773054 0.195396069677588241
-0.616097616110244273 0.754594484090623796 0.194867052260749796
-0.614452756565621039 0.755809797439936926 0.194339423316269994
-0.612816158812443224 0.757011664669019924 0.193813186027518514
-0.611594248633774429 0.757904256517256236 0.193288343569468529
-0.609972571643962569 0.759082657173729580 0.192764899108677640
-0.608359678089960387 0.760247690887920768 0.192242855803268775
-0.606755748392845629 0.761399393677000935 0.191722216802911405
-0.605160956417833629 0.762537806223323344 0.191202985248802360
-0.603970959443732025 0.763382921256268387 0.190685164273646623
-0.602392553730718316 0.764498189367568082 0.190168757001638655
-0.600823722435882335 0.765600306624679594 0.189653766548444014
-0.599264606757824891 0.766689334757518104 0.189140196021179541
-0.598101724858255079 0.767497556814127124 0.188628048518395514
-0.596559919036257380 0.768563846649663041 0.188117327130056300
-0.595028160574492593 0.769617250283735732 0.187608034937522289
-0.593885994922644156 0.770398898095274509 0.187100175013531100
-0.592372048311006649 0.771429962597488528 0.186593750422178684
-0.590868388746369266 0.772448394523772564 0.186088764218901248
-0.589747433165491275 0.773203991197861540 0.185585219450456806
-0.588261918707262521 0.774200572562077860 0.185083119154906633
-0.586786831273399812 0.775184825792493926 0.184582466361596864
-0.585687374258857307 0.775914999060526966 0.184083264091140619
-0.584230587187279715 0.776877977462772207 0.183585515355399187
-0.583144864519430595 0.777592344843643923 0.183089223157464454
-0.581706383081471823 0.778534457303264538 0.182594390491640279
-0.580278336808800921 0.779464841687851129 0.182101020343424957
-0.579214129827901103 0.780155022657488817 0.181609115689492451
-0.577804254121906946 0.781065243522009789 0.181118679497675406
-0.576753616602281971 0.781740479675532951 0.180629714726946222
-0.575361738457189520 0.782631017410026053 0.180142224327400208
-0.574324516526087181 0.783291677587370283 0.179656211240236729
-0.572950399759553752 0.784163034420421123 0.179171678397742395
-0.571926393859093718 0.784809502456072061 0.178688628723273041
-0.570569743819791753 0.785662198718721450 0.178207065131235742
-0.569558712487289176 0.786294870582698424 0.177726990527071554
-0.568219181394278960 0.787129440842070482 0.177248407807238162
-0.567220845459482925 0.787748721717342781 0.176771319859192089
-0.565898038215997490 0.788565710871036885 0.176295729561371350
-0.564912085306701117 0.789172012227511543 0.175821639783178052
-0.563931336556508400 0.789772877836947607 0.175349053384961262
-0.562631654931802561 0.790565708337175099 0.174877973217999694
-0.561662794755085959 0.791154187453690150 0.174408402124484219
-0.560378718847209467 0.791930779545207075 0.173940342937500991
-0.559421374126860327 0.792507287093844215 0.173473798481014518
-0.558468846086150106 0.793078790293816782 0.173008771569850284
-0.557206175559664341 0.793833140047718211 0.172545265009677762
-0.556264602299097799 0.794393258326987484 0.172083281596993737
-0.555327600331321003 0.794948621193209415 0.171622824119105372
-0.554085245655588143 0.795681834471149596 0.171163895354113277
-0.553158617955238796 0.796226385566726202 0.170706498070894802
-0.552236310627007065 0.796766422994271362 0.170250635029087161
-0.551013157655313557 0.797479573747669201 0.169796308979071303
-0.550100637961009498 0.798009352696986585 0.169343522661954737
-0.549192187950862221 0.798534849961823889 0.168892278809555235
-0.547987123498115070 0.799228968825957065 0.168442580144384513
-0.547087881487806071 0.799744735430007236 0.167994429379631272
-0.546192464172640335 0.800256440328614538 0.167547829219145628
-0.545300799943858050 0.800764146878779393 0.167102782357422014
-0.544412818304202961 0.801267917134732222 0.166659291479583554
-0.543234451748289882 0.801933592412135909 0.166217359261365216
-0.542354795860738537 0.802428411663166474 0.165776988369098488
-0.541478597222231239 0.802919491518523376 0.165338181459694394
-0.540605791601492247 0.803406887913012180 0.164900941180628258
-0.539736316519009107 0.803890655278824418 0.164465270169923072
-0.538870111375246430 0.804370846507151183 0.164031171056134129
-0.537720156723127674 0.805005627085563336 0.163598646458332858
-0.536861357060822053 0.805477670851670435 0.163167698986090987
-0.536005640185959753 0.805946303351883775 0.162738331239465017
-0.535152954794417268 0.806411570528587807 0.162310545808980133
-0.534303251974490356 0.806873516669962432 0.161884345275615377
-0.533456485296522120 0.807332184393691699 0.161459732210787160
-0.532612610892640781 0.807787614635661289 0.161036709176334170
-0.531771587527422263 0.808239846643321380 0.160615278724501848
-0.530933376675298385 0.808688917966299048 0.160195443397927406
-0.530097942580765258 0.809134864455294478 0.159777205729623673
-0.529265252316969304 0.809577720261914879 0.159360568242964351
-0.528435275841661056 0.810017517840111556 0.158945533451668869
-0.527607986045218191 0.810454287951236974 0.158532103859786916
-0.526783358791142353 0.810888059672837835 0.158120281961683429
-0.525961372953229644 0.811318860408961839 0.157710070242023437
-0.525142010445001417 0.811746715903955085 0.157301471175757601
-0.524325256240698256 0.812171650260187561 0.156894487228106394
-0.523511098388446783 0.812593685958992284 0.156489120854546221
-0.522699528027707472 0.813012843879863167 0.156085374500793544
-0.521890539384177288 0.813429143329274407 0.155683250602791229
-0.521084129762271364 0.813842602070390497 0.155282751586692802
-0.520280299534552793 0.814253236353830956 0.154883879868848662
-0.519479052120280671 0.814661060952937111 0.154486637855791142
-0.518680393955873287 0.815066089202096888 0.154091027944219749
-0.518149398179948095 0.815334560458145452 0.153697052520987060
-0.517355077806911590 0.815734953980117194 0.153304713963084344
-0.516563378284746633 0.816132580000136665 0.152914014637626994
-0.515774316729885829 0.816527446952406866 0.152524956901840314
-0.514987913027794453 0.816919562051481640 0.152137543103045308
-0.514465131521055552 0.817179446343213378 0.151751775578644582
-0.513683209050844303 0.817566987910081311 0.151367656656108324
-0.512904010409426347 0.817951791318554111 0.150985188652959929
-0.512127564933755441 0.818333859795193685 0.150604373876762149
-0.511353904304619800 0.818713195624709567 0.150225214625103520
-0.510839694346952866 0.818964568770239931 0.149847713185584097
-0.510070751536879308 0.819339352916229058 0.149471871835801767
-0.509304688631635361 0.819711406410929988 0.149097692843338375
-0.508795599282584554 0.819957924781561598 0.148725178465746399
-0.508034424303782539 0.820325425577016598 0.148354330950535129
-0.507276237701292709 0.820690192821005970 0.147985152535156927
-0.506772461640772165 0.820931851341268781 0.147617645446993906
-0.506019353181217157 0.821292057866732095 0.147251811903344576
-0.505269352212614931 0.821649524447022106 0.146887654111410415
-0.504771101020379032 0.821886311835191785 0.146525174268282266
-0.504026383639469944 0.822239205060274370 0.146164374560927651
-0.503284900439387006 0.822589349904407352 0.145805257166176955
-0.502792399151358316 0.822821251248347263 0.145447824250710761
-0.502056414910435178 0.823166807914890164 0.145092077971046479
-0.501567625230202041 0.823395647340453674 0.144738020473525603
-0.500837277120666835 0.823736606531302651 0.144385653894300470
-0.500352290722775095 0.823962378010987151 0.144034980359321579
-0.499627716218389362 0.824298731094583625 0.143686001984324796
-0.499146624507455783 0.824521429234257197 0.143338720874818359
-0.498427959984451163 0.824853168801647385 0.142993139126070229
-0.497950853173933228 0.825072789199888357 0.142649258823095815
-0.497238232528339041 0.825399909593992454 0.142307082040644906
-0.496765198722896539 0.825616449186704959 0.141966610843189456
-0.496058752017212667 0.825938947000428692 0.141627847284910818
-0.495589876327720946 0.826152404379813965 0.141290793409687837
-0.494889728491813619 0.826470278914232415 0.140955451251084163
-0.494425092189166582 0.826680654620553734 0.140621822832335985
-0.493731361788712519 0.826993908299312075 0.140289910166339848
-0.493271041509088515 0.827201205081460333 0.139959715255640799
-0.492812467917339736 0.827407271602377370 0.139631240092419895
-0.492127906603038290 0.827714066861235831 0.139304486658482385
-0.491673747152778229 0.827917062442787066 0.138979456925245687
-0.491221371272866025 0.828118831986671466 0.138656152853727538
-0.490546172529017943 0.828419191039077907 0.138334576394534364
-0.490098296614102202 0.828617902901695569 0.138014729487848986
-0.489652235920467804 0.828815395139969047 0.137696614063419348
-0.488986565805234696 0.829109351678428474 0.137380232040546862
-0.488545077142307271 0.829303805122233340 0.137065585328074641
-0.488105429602962826 0.829497047656624797 0.136752675824376058
-0.487667629475506959 0.829689082203186379 0.136441505417343317
-0.487014405684394358 0.829974875912233290 0.136132075984376016
-0.486581248246754250 0.830163904538996023 0.135824389392369904
-0.486149956191645749 0.830351736923474193 0.135518447497705474
-0.485720533483931738 0.830538376852784532 0.135214252146237057
-0.485292983556711577 0.830723828306278889 0.134911805173281107
-0.484655176353937678 0.830999786257232032 0.134611108403605934
-0.484232319956893975 0.831182285153729938 0.134312163651419847
-0.483811344214009176 0.831363610967016609 0.134014972720361059
-0.483392250190497363 0.831543768505256908 0.133719537403486022
-0.482975038427901460 0.831722762754064870 0.133425859483258913
-0.482559708948610444 0.831900598872871377 0.133133940731541361
-0.482146261258053488 0.832077282192112633 0.132843782909580932
-0.481529615742893102 0.832340157739918873 0.132555387768000910
-0.481120867031776422 0.832513983461933060 0.132268757046789781
-0.480713994402390044 0.832686676324600028 0.131983892475290826
-0.480308995113107706 0.832858242375080993 0.131700795772191348
-0.479905865943037968 0.833028687807486068 0.131419468645512461
-0.479504603201687696 0.833198018957660103 0.131139912792598762
-0.479105202733124735 0.833366242299995452 0.130862129900108481
-0.478707659931179696 0.833533364440330771 0.130586121644002573
-0.478311969747283405 0.833699392111550197 0.130311889689535138
-0.477918126699852619 0.833864332168724465 0.130039435691243210
-0.477526124886389625 0.834028191583295109 0.129768761292936907
-0.477135957992169624 0.834190977438533876 0.129499868127689266
-0.476747619305467607 0.834352696922816994 0.129232757817826449
-0.476361101725640557 0.834513357325367910 0.128967431974918306
-0.476168523529281185 0.834593292674839615 0.128703892199768077
-0.475784723480656757 0.834752378327278666 0.128442140082403289
-0.475402725171070017 0.834910423524243384 0.128182177202065650
-0.475022520238072954 0.835067435863430574 0.127924005127202034
-0.474644099986203494 0.835223423018464750 0.127667625415454483
-0.474267455397115678 0.835378392734377861 0.127413039613651358
-0.473892577145327509 0.835532352821051427 0.127160249257797620
-0.473705797399393114 0.835608956710970019 0.126909255873065646
-0.473333550519234092 0.835761417129208484 0.126660060973786071
-0.472963045386066816 0.835912887697669471 0.126412666063438650
-0.472594271686360923 0.836063376416337434 0.126167072634643274
-0.472227218850778729 0.836212891328463326 0.125923282169150691
-0.472044334388435571 0.836287286130802054 0.125681296137833798
-0.471679842504927338 0.836435355495989019 0.125441116000678810
-0.471317044021852150 0.836582471320781340 0.125202743206776296
-0.470955927567395349 0.836728641762933822 0.124966179194312452
-0.470775996490784276 0.836801375021267169 0.124731425390560466
-0.470417381309717997 0.836946142735205401 0.124498483211871971
-0.470060418852606798 0.837089985553265081 0.124267354063668414
-0.469882553638183542 0.837161562695063477 0.124038039340432532
-0.469528047629739098 0.837304033586980356 0.123810540425700069
-0.469175163918837235 0.837445600152115666 0.123584858692051325
-0.468999326540653794 0.837516046886132459 0.123360995501102993
-0.468648852884463896 0.837656272407375502 0.123138952203499741
-0.468474213441954890 0.837726053253209701 0.122918730138906251
-0.468126121343549972 0.837864956263540739 0.122700330635999083
-0.467779600898700965 0.838002987888227802 0.122483755012458659
-0.467606925991903288 0.838071679500948519 0.122269004574961190
-0.467262738639806940 0.838208419460396481 0.122056080619171087
-0.467091222905276549 0.838276469858314499 0.121844984429732739
-0.466749339052178636 0.838411936609875341 0.121635717280263234
-0.466578967606553041 0.838479355008704075 0.121428280433344166
-0.466239357315241465 0.838613566956768475 0.121222675140514505
-0.466070115109757932 0.838680362543429259 0.121018902642262602
-0.465732748133349250 0.838813338027519562 0.120816964168019139
-0.465564619972476335 0.838879519953660724 0.120616860936149317
-0.465396859760005499 0.838945499353087709 0.120418594153945749
-0.465062436343806784 0.839076854613626799 0.120222165017621091
-0.464895769712876716 0.839142232490829976 0.120027574712300855
-0.464563518003481557 0.839272393767081293 0.119834824412016289
-0.464397929473201243 0.839337179171583236 0.119643915279697144
-0.464232696852957039 0.839401769087202654 0.119454848467164781
-0.463903292394295397 0.839530366442873044 0.119267625115125314
-0.463739117076322427 0.839594375872605325 0.119082246353162544
-0.463411811542493168 0.839721821193736839 0.118898713299731174
-0.463248677828649813 0.839785259062134526 0.118717027062150135
-0.463085887814297603 0.839848508383167824 0.118537188736595883
-0.462923439741859566 0.839911570140367214 0.118359199408095833
-0.462599562394293895 0.840037134881192582 0.118183060150521657
-0.462438129597270542 0.840099639818531863 0.118008772026582914
-0.462277031696295249 0.840161961100128085 0.117836336087820667
-0.462116266927197150 0.840224099696130988 0.117665753374601195
-0.461795729708524894 0.840347832702783237 0.117497024916109374
-0.461635953717239977 0.840409429042584311 0.117330151730342946
-0.461476503771688862 0.840470846556004014 0.117165134824105996
-0.461317378099092901 0.840532086200507123 0.117001975193003135
-0.461158574921514408 0.840593148932160972 0.116840673821433358
-0.460841928946096713 0.840714747463665257 0.116681231682584041
-0.460684082587321519 0.840775285161873942 0.116523649738425272
-0.460526551608044010 0.840835649741886737 0.116367928939703880
-0.460369334226077898 0.840895842145768180 0.116214070225937813
-0.460212428660305650 0.840955863312130791 0.116062074525410328
-0.460055833127319458 0.841015714177298812 0.115911942755164490
-0.459899545842041402 0.841075395675056403 0.115763675820997711
-0.459743565022392442 0.841134908735160391 0.115617274617456051
-0.459587888884070372 0.841194254285036025 0.115472740027829104
-0.459432515642604844 0.841253433249113947 0.115330072924144461
-0.459277443512190020 0.841312446549201898 0.115189274167162514
-0.459122670711217928 0.841371295102713801 0.115050344606371285
-0.458968195452310657 0.841429979825890850 0.114913285079981331
-0.458814015953908916 0.841488501630056729 0.114778096414920497
-0.458660130432079871 0.841546861424272929 0.114644779426829185
-0.458506537102053191 0.841605060114852699 0.114513334920055415
-0.458353234183530356 0.841663098603633753 0.114383763687649603
-0.458200219894164817 0.841720977790109903 0.114256066511360263
-0.458047492453886596 0.841778698570023187 0.114130244161628980
-0.457895050081232824 0.841836261836590438 0.114006297397585929
-0.457742890999010998 0.841893668478547519 0.113884226967045130
-0.457591013430983073 0.841950919381486473 0.113764033606500142
-0.457439415601403609 0.842008015427749390 0.113645718041119337
-0.457439415601403609 0.842008015427749390 0.113529280984741868
-0.457288095735249700 0.842064957496473365 0.113414723139873122
-0.457137052061034388 0.842121746462704324 0.113302045197680529
-0.456986282809032307 0.842178383197939695 0.113191247837989437
-0.456835786211483630 0.842234868570079453 0.113082331729278909
-0.456835786211483630 0.842234868570079453 0.112975297528677909
-0.456685560502530730 0.842291203443457981 0.112870145881961009
-0.456535603919282496 0.842347388678506448 0.112766877423544909
-0.456385914702670981 0.842403425131488470 0.112665492776484119
-0.456385914702670981 0.842403425131488470 0.112565992552467672
-0.456236491091750074 0.842459313656315656 0.112468377351815099
-0.456087331335433777 0.842515055100832688 0.112372647763472971
-0.456087331335433777 0.842515055100832688 0.112278804365011281
-0.455938433681569277 0.842570650310287883 0.112186847722619942
-0.455789796382948809 0.842626100125438371 0.112096778391105545
-0.455789796382948809 0.842626100125438371 0.112008596913887773
-0.455641417697053297 0.842681405382639359 0.111922303822996186
-0.455493295881040372 0.842736566915429419 0.111837899639067123
-0.455493295881040372 0.842736566915429419 0.111755384871340541
-0.455345429201292617 0.842791585551529887 0.111674760017656721
-0.455345429201292617 0.842791585551529887 0.111596025564453569
-0.455197815926068672 0.842846462115174666 0.111519181986763555
-0.455050454329279208 0.842901197425928173 0.111444229748210735
-0.455050454329279208 0.842901197425928173 0.111371169301008127
-0.454903342687856593 0.842955792299500350 0.111300001085954892
-0.454903342687856593 0.842955792299500350 0.111230725532433697
-0.454756479285330917 0.843010247546676417 0.111163343058408165
-0.454756479285330917 0.843010247546676417 0.111097854070420235
-0.454756479285330917 0.843010247546676417 0.111034258963587817
-0.454609862412146237 0.843064563973181413 0.110972558121602394
-0.454609862412146237 0.843064563973181413 0.110912751916726629
-0.454463490361411260 0.843118742381046560 0.110854840709792277
-0.454463490361411260 0.843118742381046560 0.110798824850197819
-0.454317361433394129 0.843172783567223028 0.110744704675906469
-0.454317361433394129 0.843172783567223028 0.110692480513444172
-0.454317361433394129 0.843172783567223028 0.110642152677897440
-0.454171473934073311 0.843226688324002938 0.110593721472911730
-0.454171473934073311 0.843226688324002938 0.110547187190689372
-0.454171473934073311 0.843226688324002938 0.110502550111987896
-0.454025826177893110 0.843280457438216891 0.110459810506118417
-0.454025826177893110 0.843280457438216891 0.110418968630943887
-0.454025826177893110 0.843280457438216891 0.110380024732877557
-0.454025826177893110 0.843280457438216891 0.110342979046881562
-0.453880416484781224 0.843334091692149124 0.110307831796465444
-0.453880416484781224 0.843334091692149124 0.110274583193684828
-0.453880416484781224 0.843334091692149124 0.110243233439140137
-0.453880416484781224 0.843334091692149124 0.110213782721975392
-0.453735243179208825 0.843387591863853925 0.110186231219877029
-0.453735243179208825 0.843387591863853925 0.110160579099072869
-0.453735243179208825 0.843387591863853925 0.110136826514331099
-0.453735243179208825 0.843387591863853925 0.110114973608959388
-0.453735243179208825 0.843387591863853925 0.110095020514803896
-0.453735243179208825 0.843387591863853925 0.110076967352248589
-0.453590304597813798 0.843440958724767431 0.110060814230214563
-0.453590304597813798 0.843440958724767431 0.110046561246159164
-0.453590304597813798 0.843440958724767431 0.110034208486075674
-0.453590304597813798 0.843440958724767431 0.110023756024492547
-0.453590304597813798 0.843440958724767431 0.110015203924473198
-0.453590304597813798 0.843440958724767431 0.110008552237615381
-0.453590304597813798 0.843440958724767431 0.110003801004051049
-0.453590304597813798 0.843440958724767431 0.110000950252446050
-0.453590304597813798 0.843440958724767431 0.110000000000000001
