0.419578888200110522 0.469409229918618831 0.739999999999999991
0.419578888200110522 0.469409229918618831 0.739999049747553928
0.419578888200110522 0.469409229918618831 0.739996198995948928
0.419578888200110522 0.469409229918618831 0.739991447762384680
0.419578888200110522 0.469409229918618831 0.739984796075526807
0.419578888200110522 0.469409229918618831 0.739976243975507431
0.420537550069473243 0.469257602030467569 0.739965791513924276
0.420537550069473243 0.469257602030467569 0.739953438753840897
0.420537550069473243 0.469257602030467569 0.739939185769785457
0.420537550069473243 0.469257602030467569 0.739923032647751389
0.420537550069473243 0.469257602030467569 0.739904979485196068
0.420537550069473243 0.469257602030467569 0.739885026391040590
0.420537550069473243 0.469257602030467569 0.739863173485668879
0.420537550069473243 0.469257602030467569 0.739839420900927136
0.420537550069473243 0.469257602030467569 0.739813768780122949
0.421505577723736091 0.469105161062627507 0.739786217278024627
0.421505577723736091 0.469105161062627507 0.739756766560859869
0.421505577723736091 0.469105161062627507 0.739725416806315206
0.421505577723736091 0.469105161062627507 0.739692168203534561
0.422483147348424015 0.468951883438805339 0.739657020953118471
0.422483147348424015 0.468951883438805339 0.739619975267122420
0.422483147348424015 0.468951883438805339 0.739581031369056063
0.422483147348424015 0.468951883438805339 0.739540189493881561
0.423470440779605717 0.468797744579186659 0.739497449888012137
0.423470440779605717 0.468797744579186659 0.739452812809310633
0.423470440779605717 0.468797744579186659 0.739406278527088290
0.423470440779605717 0.468797744579186659 0.739357847322102524
0.424467645725947806 0.468642718843073902 0.739307519486555820
0.424467645725947806 0.468642718843073902 0.739255295324093509
0.424467645725947806 0.468642718843073902 0.739201175149802103
0.425474956000887639 0.468486779467832237 0.739145159290207743
0.425474956000887639 0.468486779467832237 0.739087248083273307
0.426492571764741646 0.468329898503982378 0.739027441878397529
0.426492571764741646 0.468329898503982378 0.738965741036412216
0.426492571764741646 0.468329898503982378 0.738902145929579812
0.427520699777800051 0.468172046746549664 0.738836656941591730
0.427520699777800051 0.468172046746549664 0.738769274467566239
0.428559553664782489 0.468013193661307558 0.738699998914045142
0.428559553664782489 0.468013193661307558 0.738628830698991878
0.429609354192427850 0.467853307306929200 0.738555770251789201
0.429609354192427850 0.467853307306929200 0.738480818013236395
0.430670329558293541 0.467692354251773024 0.738403974435546395
0.430670329558293541 0.467692354251773024 0.738325239982343340
0.431742715694002910 0.467530299485405865 0.738244615128659576
0.431742715694002910 0.467530299485405865 0.738162100360932882
0.432826756581944472 0.467367106324654724 0.738077696177003806
0.432826756581944472 0.467367106324654724 0.737991403086112219
0.433922704587996366 0.467202736312890610 0.737903221608894433
0.433922704587996366 0.467202736312890610 0.737813152277379980
0.435030820808879448 0.467037149113481931 0.737721195634988725
0.436151375436589883 0.466870302395719416 0.737627352236526979
0.436151375436589883 0.466870302395719416 0.737531622648184837
0.437284648141064158 0.466702151713464741 0.737434007447532291
0.438430928470345871 0.466532650375774849 0.737334507223515900
0.438430928470345871 0.466532650375774849 0.737233122576455124
0.439590516270841003 0.466361749308715323 0.737129854118038996
0.440763722129131064 0.466189396908085807 0.737024702471322124
0.440763722129131064 0.466189396908085807 0.736917668270721027
0.441950867834413175 0.466015538882070146 0.736808752162010583
0.443152286865504008 0.465840118083686527 0.736697954802319477
0.443152286865504008 0.465840118083686527 0.736585276860126870
0.444368324901546763 0.465663074331066962 0.736470719015258179
0.445599340359695617 0.465484344215941981 0.736354281958880641
0.446845704960181389 0.465303860898969135 0.736235966393499863
0.448107804320310499 0.465121553890448181 0.736115773032954834
0.448107804320310499 0.465121553890448181 0.735993702602414035
0.449386038580642133 0.464937348816183149 0.735869755838370998
0.450680823063134672 0.464751167166378321 0.735743933488639756
0.451992588966281694 0.464562926027350942 0.735616236312350402
0.453321784095075730 0.464372537793390161 0.735486665079944646
0.453321784095075730 0.464372537793390161 0.735355220573170709
0.454668873633316095 0.464179909858628892 0.735221903585079439
0.456034340956299133 0.463984944286155998 0.735086714920018758
0.457418688489395986 0.463787537452912457 0.734949655393628665
0.458822438615144379 0.463587579669099248 0.734810725832837464
0.460246134629293424 0.463384954768617741 0.734669927075855544
0.461690341754729727 0.463179539669488383 0.734527259972170943
0.463155648208418702 0.462971203900920891 0.734382725382543899
0.464642666336528398 0.462759809094503871 0.734236324179002309
0.466152033809971333 0.462545208436478616 0.734088057244835501
0.467684414893258793 0.462327246077788356 0.733937925474589692
0.469240501790083031 0.462105756497942499 0.733785929774062096
0.470821016065837372 0.461880563819111023 0.733632071060296154
0.472426710160402996 0.461651481065510572 0.733476350261574761
0.474058368990501244 0.461418309364000301 0.733318768317415937
0.475716811651981486 0.461180837079649575 0.733159326178566717
0.477402893229803671 0.460938838880793011 0.732998024806996828
0.479117506718379993 0.460692074727421463 0.732834865175894024
0.480861585067206776 0.460440288774971895 0.732669848269657087
0.482636103355561730 0.460183208186662251 0.732502975083890617
0.484442081108980849 0.459920541844440089 0.732334246625398921
0.486280584766374036 0.459651978949787932 0.732163663912179352
0.488152730310269511 0.459377187503437867 0.731991227973417091
0.490059686071446510 0.459095812651886426 0.731816939849478376
0.493982981480079186 0.458511768088652960 0.731640800591904172
0.496001947507780372 0.458208257381591322 0.731462811263404067
0.498060983581866790 0.457896476807898134 0.731282972937849940
0.500161568991738470 0.457575926776084274 0.731101286700268749
0.502305256721977456 0.457246071275394295 0.730917753646837420
0.504493677934811924 0.456906334826280291 0.730732374884874636
0.509011665492667409 0.456194699450659547 0.730545151532835280
0.511344930026939704 0.455821420501112518 0.730356084720302889
0.513730335882604194 0.455435492113648366 0.730165175587983772
0.516169984537412696 0.455036084330250334 0.729972425287699123
0.521220987644775757 0.454193179144805503 0.729777834982378915
0.523837139240130201 0.453747671890129767 0.729581405846054243
0.526517144418675365 0.453284651802759897 0.729383139063850661
0.532079852418605115 0.452301086558572984 0.729183035831980852
0.534968524081003483 0.451777784313453057 0.728981097357737307
0.537933009324779055 0.451231434351420602 0.728777324859485542
0.540976744753462468 0.450660345689625541 0.728571719566655895
0.547316748366254435 0.449436433577313499 0.728364282719736744
0.550620970632286100 0.448779426424813443 0.728155015570267294
0.557519605644011040 0.447363386520676531 0.727943919380828919
0.561123541951280891 0.446598909759394314 0.727730995425038829
0.564837412302373387 0.445792733318629453 0.727516244987541416
0.572617535949991208 0.444041291326841614 0.727299669364000922
0.576696010308041185 0.443088157575924013 0.727081269861093782
0.585263434580940212 0.441004337087137877 0.726861047796500293
0.589767219666411435 0.439863129599971758 0.726639004498896957
0.594428457659767484 0.438647779526156301 0.726415141307948709
0.604258893067280423 0.435966871575112047 0.726189459574299923
0.609447456951247801 0.434485482220285879 0.725961960659567529
0.620424904700169755 0.431194336344435047 0.725732645936331688
0.626237546936447509 0.429362687380813179 0.725501516788128020
0.638576520403485892 0.425262406681753413 0.725268574609439609
0.645132030085245223 0.422962992182473907 0.725033820805687568
0.659095879568469489 0.417773634262772031 0.724797256793223710
0.674317844010118961 0.411645081864350948 0.724558883999321224
0.682450569599018952 0.408159936363071407 0.724318703862166235
0.699870447558186060 0.400176013568356748 0.724076717830849370
0.709205697573385585 0.395593509199848370 0.723832927365356760
0.729255263144462873 0.384990432476012723 0.723587333936561383
0.740023342391399552 0.378843421019770754 0.723339939026213963
0.763181488071806302 0.364466459081075611 0.723090744126934415
0.788669602909008449 0.346637255666060573 0.722839750742202303
0.802337863255593975 0.336112016723756402 0.722586960386348620
0.831562368412772424 0.311019720075941919 0.722332374584545467
0.863190865611493385 0.279116156125225223 0.722075994872797944
0.879770657677034995 0.259946207489513081 0.721817822797934383
0.913817570204905505 0.213480841697133827 0.721557859917596800
0.947322688394621082 0.153408399573380372 0.721296107800231900
0.962785472837051182 0.117088669647494370 0.721032568025081755
0.987403947468323939 0.029469217889043997 0.720767242182173473
0.995653270797147605 -0.080322211407985122 0.720500131872310767
0.973806223035488361 -0.210917238260876494 0.720231238707063071
0.946377088858900706 -0.281136396036316571 0.719960564308756767
0.849680723408399730 -0.418076395504062504 0.719688110310464868
0.696510783763142682 -0.523354577435463653 0.719413878355997460
0.507942826160270200 -0.565868429340000478 0.719137870099891496
0.323226563041367487 -0.535950011040742136 0.718860087207401133
0.243631702081668344 -0.498785600956246855 0.718580531354487628
0.120904387892772774 -0.398670615139001649 0.718299204227808685
0.045943198051040718 -0.287120556567859009 0.718016107524709124
0.008321554496653505 -0.181963365553413692 0.717731242953210224
-0.004325371951527157 -0.090696543363434329 0.717444612231999179
-0.001835981667189000 -0.014618022013219725 0.717156217090419101
0.002898818245364325 0.018126346207024926 0.716866059268458589
0.016445710174958082 0.074391247236238342 0.716574140516741065
0.032948538825536382 0.120262280344479278 0.716280462596514012
0.050537631859160659 0.157804796651044771 0.715985027279638975
0.068157447749150862 0.188728477408058537 0.715687836348580131
0.085236639725640440 0.214393670823648297 0.715388891596394072
0.101487517328548021 0.235864505354732190 0.715088194826718926
0.116786428025093106 0.253968801521127219 0.714785747853762921
0.131102966453238351 0.269350990219433650 0.714481552502294504
0.144458226490109476 0.282514815612457060 0.714175610607630129
0.156900258302276552 0.293856426449701114 0.713867924015623934
0.168489725281588787 0.303689547985386388 0.713558494582656633
0.179291622212241597 0.312264489784825461 0.713247324175623976
0.189370602200659988 0.319782482620953157 0.712934414671925309
0.198788451774766450 0.326406518747699437 0.712619767959453143
0.207602839598925254 0.332269585685902036 0.712303385936580713
0.215866812687104032 0.337480956374342278 0.711985270512151103
0.223628722749611486 0.342131025563651048 0.711665423605465697
0.230932391141875609 0.346295053730137026 0.711343847146272412
0.237817397233084371 0.350036085334373248 0.711020543074754374
0.247436987871645753 0.354968450937349633 0.710695513341517593
0.253423790894052092 0.357867034486018754 0.710368759907580083
0.259102081319320554 0.360496098980942481 0.710040284744359096
0.264496629903018032 0.362886044895297410 0.709710089833660129
0.269629789721535507 0.365063072156729118 0.709378177167664048
0.274521757178195269 0.367049858455128164 0.709044548748915870
0.279190805691657995 0.368866113487549829 0.708709206590312113
0.285812204310977647 0.371307775175368282 0.708372152715089243
0.289993097387503507 0.372768351558819933 0.708033389156810689
0.294002685126781516 0.374109905771957685 0.707692917959355072
0.297852846142538263 0.375343410073934070 0.707350741176904108
0.303352626099802403 0.377012036814957430 0.707006860873929721
0.306849655404199728 0.378015614451470916 0.706661279125181618
0.310221351184245320 0.378940730851053953 0.706313998015675182
0.313475696687260830 0.379793892194922211 0.705965019640678482
0.318153080884356010 0.380951319622590934 0.705614346105699508
0.321144912377708702 0.381648852168602448 0.705261979526474403
0.324042666575742599 0.382292425141966818 0.704907922028953582
0.326851881973684311 0.382886097712255014 0.704552175749289300
0.330910806615526243 0.383690992357774263 0.704194742833822995
0.333520295437355452 0.384175266787036174 0.703835625439072410
0.336057623589837762 0.384621102521837233 0.703474825731717712
0.339736891001007513 0.385223493917317028 0.703112345888589618
0.342110531920132854 0.385584285440721874 0.702748188096655402
0.345560485465435607 0.386069546595462332 0.702382354553006127
0.347791227753538545 0.386358531368641289 0.702014847464843106
0.349969887614232589 0.386621905159256374 0.701645669049464793
0.353145923458756561 0.386972335443707016 0.701274821534253578
0.355205514676724898 0.387178263148238222 0.700902307156661686
0.358213858768123006 0.387448811378976465 0.700528128164198294
0.360168421069245348 0.387605302550778408 0.700152286814415881
0.362084446568398388 0.387743931138505804 0.699774785374896457
0.364890170238451161 0.387920488696217258 0.699395626123237801
0.366717571847006152 0.388018560462054241 0.699014811347040133
0.369397984865285633 0.388138233706057489 0.698632343343891682
0.371146606265803203 0.388200798552919779 0.698248224421355368
0.373715482673288357 0.388270499022122018 0.697862456896954697
0.375393898278961968 0.388301763574644965 0.697475043098159664
0.377863268645644124 0.388327261983379191 0.697085985362372984
0.379478987600830708 0.388330746134641691 0.696695286036915662
0.381859415086388598 0.388316880530049091 0.696302947479013001
0.384191022450550368 0.388281393410749132 0.695908972055780284
0.385719853420474601 0.388246380763094201 0.695513362144208891
0.387976914645549675 0.388177728148753454 0.695116120131151316
0.389458696018418093 0.388121685492220148 0.694717248413307176
0.391648918005595037 0.388022969189231626 0.694316749397208888
0.393802388294662853 0.387907500808087446 0.693914625499206461
0.395218768605944015 0.387821639605681168 0.693510879145453840
0.397316066956962033 0.387680104891897914 0.693105512771893584
0.398696985341644550 0.387577564425847176 0.692698528824242432
0.400743909220431738 0.387411968208740798 0.692289929757976541
0.402763154348718289 0.387232765382458544 0.691879718038316605
0.404094821554306982 0.387106010876521356 0.691467896140213090
0.406071831007985051 0.386905322666431351 0.691054466548331137
0.408025678429367655 0.386692372303820586 0.690639431757035682
0.409316132933072230 0.386543799007021127 0.690222794270376361
0.411234730010934080 0.386311308563968836 0.689804556602072627
0.413134061330802160 0.386067563287842974 0.689384721275498102
0.415015453103448062 0.385812868033021727 0.688963290823665919
0.416260373183041987 0.385637122420961265 0.688540267789212845
0.418114638292911123 0.385364760276054485 0.688115654724384629
0.419954195176215739 0.385082095873070518 0.687689454191019900
0.421780153916058387 0.384789316731882658 0.687261668760535072
0.422990430996944833 0.384588591608995722 0.686832301013909019
0.424796060807376419 0.384279298373791378 0.686401353541667092
0.426590821286776167 0.383960262346088432 0.685968828943865794
0.428375658375872603 0.383631579380825594 0.685534729830076905
0.430151480395240093 0.383293323593652868 0.685099058819371831
0.431919160675738767 0.382945548484663500 0.684661818540305611
0.433093507475864614 0.382708427412022489 0.684223011630901601
0.434849471531119358 0.382344852777458888 0.683782640738634817
0.436599469626585523 0.381971807933819740 0.683340708520416507
0.438344266326469667 0.381589278489592343 0.682897217642577936
0.440084601166674527 0.381197233180551653 0.682452170780854406
0.441821190387156670 0.380795624400372235 0.682005570620368706
0.443554728555218769 0.380384388646762717 0.681557419855615576
0.445285890082448121 0.379963446888121670 0.681107721190444715
0.447015330653789511 0.379532704853038749 0.680656477338045240
0.448743688571844324 0.379092053244487859 0.680203691020928702
0.449895633593542565 0.378792719471782668 0.679749364970912762
0.451623562342485796 0.378335268625187293 0.679293501929105314
0.453352035096909078 0.377867544112949760 0.678836104645886729
0.455081636877959661 0.377389382170462584 0.678377175880894634
0.456812940802629130 0.376900604014060003 0.677916718403006269
0.458546509141356695 0.376401015618682500 0.677454734990322271
0.460282894359450911 0.375890407408686955 0.676991228430149805
0.462022640145447194 0.375368553855127463 0.676526201518985459
0.463766282440870647 0.374835212972313203 0.676059657062499042
0.465514350485417672 0.374290125702887333 0.675591597875515815
0.467852896696465737 0.373544589317102049 0.675122026782000395
0.469613320062307493 0.372970984689060536 0.674650946615038660
0.471379898919884521 0.372384636363161325 0.674178360216821981
0.473153146403144376 0.371785200939765081 0.673704270438628683
0.474933575281880294 0.371172312230747425 0.673228680140807945
0.476721699430338541 0.370545579573502704 0.672751592192761816
0.478518035437669020 0.369904585882091463 0.672273009472928451
0.480323104391925715 0.369248885394661830 0.671792934868764235
0.482137433867450671 0.368578001070455352 0.671311371276726909
0.483961560160482529 0.367891421579085276 0.670828321602257471
0.486409916391253139 0.366950612545455246 0.670343788759763304
0.488259056133952707 0.366225202651731307 0.669857775672599853
0.490119878501106554 0.365482096400167600 0.669370285273053756
0.491992991737165264 0.364720585689791488 0.668881320502324628
0.493879031219088549 0.363939901707704794 0.668390884310507527
0.495778664766180877 0.363139207053681967 0.667898979656575076
0.498333883292082669 0.362038892023938685 0.667405609508359698
0.500268064111054733 0.361187791306835704 0.666910776842535635
0.502218387163812841 0.360313261265382656 0.666414484644600846
0.504185747655563121 0.359414036237581280 0.665916735908859470
0.506837098176167955 0.358174198237482533 0.665417533638403169
0.508848176903949456 0.357211585737213566 0.664916880845093483
0.510879951681341815 0.356218890709181724 0.664414780549543171
0.512933795598636499 0.355194031825708578 0.663911235781098785
0.515709284709579663 0.353773379747635452 0.663406249577821461
0.517820999073206001 0.352663661641552884 0.662899824986468933
0.519960817307170142 0.351512433033672966 0.662391965062477772
0.522131161677362399 0.350315884685897139 0.661882672869943733
0.525077378668227346 0.348642168779693118 0.661371951481604547
0.527330769638284513 0.347321115120156898 0.660859803978820493
0.529626183121978178 0.345936404439875778 0.660346233451555964
0.532760815018042067 0.343977016232309363 0.659831242998361267
0.535175382934534594 0.342409551851074467 0.659314835726353410
0.538494526791421957 0.340164459732678393 0.658797014751197674
0.541071740993958938 0.338342521494993775 0.658277783197088628
0.543738604595214170 0.336377989058415039 0.657757144196731369
0.547463570197740279 0.333485826736502178 0.657235100891322421
0.550413774628250141 0.331060274734323423 0.656711656430531421
0.553532542193298172 0.328353232299572473 0.656186813972481464
0.558029687815392750 0.324164384366276481 0.655660576683730012
0.561739179608628958 0.320429781922383028 0.655132947739250349
0.567320413166743087 0.314282698504660563 0.654603930322411820
0.572186535520178285 0.308355161288380752 0.654073527624961182
0.580093353776477083 0.297465509580070342 0.653541742847002838
0.587716691628515808 0.285291566575043121 0.653008579196979855
0.601885095635521283 0.256993560879373584 0.652474039891654756
0.617114951813402479 0.211426780509936352 0.651938128156089536
0.587073460770207722 -0.019724092570213347 0.651400847223626678
0.028058893779600053 0.323938517880557164 0.650862200335869279
0.430825911402928086 0.439848539957544249 0.650322190742662065
0.488670541983319662 0.408560341730548227 0.649780821702071409
0.520240537097587330 0.385257931296887401 0.649238096480365567
0.533235000844923590 0.374425363022235613 0.648694018351995028
0.544905985214940269 0.364284375535603444 0.648148590599572971
0.551434406412413702 0.358547665239248026 0.647601816513855399
0.558484107739224078 0.352389123308478602 0.647053699393721038
0.562977854844055270 0.348514654972451321 0.646504242546151686
0.568280083526901958 0.344014474929622949 0.645953449286212344
0.573039322298707465 0.340046664547535959 0.645401322937030675
0.576355079456657760 0.337320642834793072 0.644847866829777683
0.580526618246073323 0.333929924473557960 0.644293084303647068
0.583510091818169041 0.331526514806531225 0.643736978705835461
0.587338561005622095 0.328461312651967097 0.643179553391521885
0.591032379781320838 0.325515782014527910 0.642620811723847774
0.593732212353142219 0.323365122975800168 0.642060757073896426
0.597255772662785622 0.320554865862282712 0.641499392820673031
0.599850718613416323 0.318478801804980671 0.640936722351083898
0.603257934155413511 0.315739252592423247 0.640372749059916258
0.606614707872069836 0.313019464021997651 0.639807476349817827
0.609929542853260842 0.310307615103105672 0.639240907631276056
0.612392245915728606 0.308272821975188405 0.638673046322597582
0.615649039549232113 0.305551374699226663 0.638103895849887803
0.618879308967949626 0.302812937734050935 0.637533459647030010
0.621286845213224526 0.300743454036095870 0.636961741155665062
0.624479123551650028 0.297957591623464912 0.636388743825169967
0.627653393072914456 0.295135104013820981 0.635814471112637336
0.630023528195972404 0.292990116473924644 0.635238926482855071
0.633170972070010052 0.290087118624728801 0.634662113408284490
0.636305093878989925 0.287128430947584778 0.634084035369040122
0.639426934810546688 0.284106523888224993 0.633504695852868616
0.642537235558830466 0.281013248131956828 0.632924098355127196
0.644862670610981792 0.278641084952835849 0.632342246378763129
0.647953688740801614 0.275400621522680022 0.631759143434292514
0.651033697333636363 0.272061205738620804 0.631174793039778748
0.654102289861057340 0.268609978648481296 0.630589198720811650
0.656395778844079514 0.265939219123342396 0.630002364010486038
0.659442187570286609 0.262254394747903186 0.629414292449380408
0.662473757109157124 0.258409015063574610 0.628824987585535511
0.665488027353894118 0.254378040837437869 0.628234452974433477
0.668481538410755860 0.250130529510216082 0.627642692178975614
0.671449444077915292 0.245627648503322860 0.627049708769460978
0.674384920008509359 0.240819845725482456 0.626455506323565503
0.676559538320255505 0.236975866567269572 0.625860088426319683
0.679412281233344850 0.231467174812936605 0.625263458670087813
0.682193798417586428 0.225420383240808708 0.624665620654545006
0.684875189273412399 0.218687204600627155 0.624066577986656545
0.687410879045160073 0.211056197588540412 0.623466334280656009
0.689725772217628874 0.202215031507563370 0.622864893158023070
0.691689202590274554 0.191682253750688397 0.622262258247461841
0.693057630369698474 0.178675667386685860 0.621658433184878789
0.693334857239494617 0.161837266352061387 0.621053421613361412
0.691381326491154580 0.138597444551524118 0.620447227183155481
0.686758819128143072 0.113898319950915455 0.619839853551643394
0.669393649585234618 0.061981720070319879 0.619231304383322301
0.603409421725721096 -0.038932588705003990 0.618621583349781567
0.203045875017154098 -0.145745546613919363 0.618010694129680793
0.321165209260753315 0.626403285888258110 0.617398640408728050
0.628355716928654662 0.484349139191113942 0.616785425879656679
0.687797285229986399 0.394462184457083753 0.616171054242203975
0.708898385681050347 0.346774302075115115 0.615555529203088425
0.719835960782442164 0.317149249980570314 0.614938854475987173
0.727016477400450389 0.296506619479813438 0.614321033781514036
0.732498137225021773 0.280906141878133508 0.613702070847196968
0.737100918594310262 0.268392802118653295 0.613081969407454963
0.741202755683405323 0.257893131065077608 0.612460733203576524
0.744997137498101591 0.248770498417084818 0.611838365983696564
0.748591269307130380 0.240623971752678939 0.611214871502773316
0.752896061726181842 0.231418257166814745 0.610590253522566684
0.756234797893170496 0.224622531351631044 0.609964515811614816
0.759505282377724855 0.218200327134118965 0.609337662145211567
0.762722501753807847 0.212064086829832105 0.608709696305383963
0.765896627627488225 0.206148005703940956 0.608080622080868771
0.769034652244375172 0.200401634307219190 0.607450443267090412
0.772141404247078333 0.194785615027090242 0.606819163666137418
0.775220199255816755 0.189268767279467787 0.606186787086739787
0.778273267991958950 0.183826049394402058 0.605553317344246333
0.781302044914237936 0.178437104745871017 0.604918758260600598
0.784307367092092589 0.173085206202318598 0.604283113664319305
0.788031579498034040 0.166426512096634116 0.603646387390467831
0.790984978509125525 0.161110643503825396 0.603008583280637778
0.793914958125647385 0.155794352868910108 0.602369705182924098
0.796820974439749197 0.150469674318525454 0.601729756951901340
0.799702302466662296 0.145129810907374923 0.601088742448600111
0.802558065553050981 0.139768940981383094 0.600446665540484759
0.806090276625839541 0.133030764640828858 0.599803530101429061
0.808884677122186702 0.127605406363093810 0.599159340011693797
0.811649866244938734 0.122145202743068726 0.598514099157902213
0.814384532866869515 0.116647096104132542 0.597867811433017704
0.817087296995020584 0.111108470632348411 0.597220480736319392
0.820418691050020632 0.104124853099747006 0.596572110973379255
0.823044333273200701 0.098487451885213073 0.595922706056038476
0.825633217690853294 0.092803520050690425 0.595272269902383133
0.828183764467238182 0.087071842721715142 0.594620806436721661
0.830694365190707495 0.081291456348037472 0.593968319589560312
0.833773955980301018 0.073996379329481610 0.593314813297580179
0.836188691340687740 0.068104036783657229 0.592660291503612213
0.838558129811304176 0.062161350605278221 0.592004758156615130
0.840880608462893808 0.056168218216138599 0.591348217211650096
0.843715139550983206 0.048605971980906826 0.590690672629857860
0.845925896428709190 0.042499794383379974 0.590032128378433995
0.848084328296938583 0.036343914908834374 0.589372588430605804
0.850706319970074287 0.028579976852088129 0.588712056765608116
0.852741131724824131 0.022314353457833003 0.588050537368658643
0.854718442164323133 0.016001145466046418 0.587388034230934886
0.856636719976257344 0.009641231575575060 0.586724551349549261
0.858949277739343486 0.001627146370198673 0.586060092727525461
0.860729323452016803 -0.004834178015165336 0.585394662373774133
0.862445623185762456 -0.011338756084034229 0.584728264303068901
0.864499291047140628 -0.019528443926096206 0.584060902536021609
0.866067271074677403 -0.026125801183413289 0.583392581099058893
0.867567270688368364 -0.032762246548926122 0.582723304024396649
0.869344857376254332 -0.041110652837080597 0.582053075350017379
0.870687613411172956 -0.047829913990007245 0.581381899119644441
0.872265155535735692 -0.056277255888127153 0.580709779382718061
0.873445234039063489 -0.063071921344319437 0.580036720194371247
0.874551431281399005 -0.069897650897004282 0.579362725615404806
0.875828925408327130 -0.078471168058577456 0.578687799712263029
0.876765704181647343 -0.085361192754424609 0.578011946557009382
0.877625895325251482 -0.092277291679148721 0.577335170227301964
0.878592343179537716 -0.100956737484851400 0.576657474806368309
0.879277663951882338 -0.107925882941183493 0.575978864382981293
0.880023527816401252 -0.116666801564065059 0.575299343051434375
0.880530920447788357 -0.123681286219948505 0.574618914911516843
0.881052724325055214 -0.132474131063215317 0.573937584068489048
0.881379674892937448 -0.139526404007940585 0.573255354633057546
0.881625754324286248 -0.146593102598701452 0.572572230721350661
0.881819089071271378 -0.155444589043709447 0.571888216454893183
0.881881963634128185 -0.162538560660505760 0.571203315960581826
0.881845368870398216 -0.171419749053542569 0.570517533370660246
0.881723658057396387 -0.178534039062780536 0.569830872822694068
0.881455651762236281 -0.187436416207192869 0.569143338459545789
0.881148352834105530 -0.194564361526557483 0.568454934429350356
0.880647894305141010 -0.203479785574108063 0.567765664885489074
0.880154333392258792 -0.210615023003210722 0.567075533986565739
0.879420763720717202 -0.219535727128758129 0.566384545896380986
0.878740549799177595 -0.226672191381686927 0.565692704783906763
0.877773536709920421 -0.235590775792847484 0.565000014823262009
0.876906519610008983 -0.242722689095069333 0.564306480193686899
0.875706007913289897 -0.251632103548503350 0.563612105079517756
0.874652241205298386 -0.258753958434967624 0.562916893670161955
0.873218409768671044 -0.267647477142514245 0.562220850160072394
0.871978119169032118 -0.274754013779530126 0.561523978748722397
0.870311345117960045 -0.283625204143932386 0.560826283640580292
0.868884902908667933 -0.290711383215304375 0.560127769045084101
0.866985733614565213 -0.299554069558177871 0.559428439176616110
0.865373639507260983 -0.306615041496346885 0.558728298254477340
0.863242772890181476 -0.315423264607607057 0.558027350502862229
0.861445641745817392 -0.322454335776297396 0.557325600150833100
0.859083915403101361 -0.331222308992562831 0.556623051432294513
0.857102472214106959 -0.338218905358955213 0.555919708585968286
0.854510861883229444 -0.346940967843113124 0.555215575855366850
0.851792013101905221 -0.355635108727393290 0.554510657488768932
0.849525572265315554 -0.362569164690740409 0.553804957739192694
0.846578654722444646 -0.371208723984586098 0.553098480864371078
0.844130294845636397 -0.378096892172084087 0.552391231126725279
0.840956699028062693 -0.386676307136010811 0.551683212793339983
0.837657848828508356 -0.395219888837552991 0.550974430135936832
0.834928944783070781 -0.402027781688824526 0.550264887430848670
0.831406021283520369 -0.410502451740755891 0.549554588958994228
0.828498638020291667 -0.417252918950955731 0.548843539005852032
0.824753671611006878 -0.425652900985671212 0.548131741861434318
0.820886350247064578 -0.434008838342168801 0.547419201820261936
0.817704932971119014 -0.440660627149697115 0.546705923181337261
0.813619439369102970 -0.448932575008116397 0.545991910248119217
0.809414023915825065 -0.457155187661057894 0.545277167328497070
0.805964034067816026 -0.463696444953868303 0.544561698734763899
0.801545406806881022 -0.471825308962614764 0.543845508783591502
0.797009969765688053 -0.479899283245765473 0.543128601796003752
0.793298389701530771 -0.486317568349491636 0.542410982097350503
0.788556055956664670 -0.494287566223821528 0.541692654017281949
0.783700848640969894 -0.502196875319650404 0.540973621889721756
0.779736505271029001 -0.508479204241389482 0.540253890052841745
0.774682318871512843 -0.516273925734983985 0.539533462849035028
0.769520144602930167 -0.524001991346987661 0.538812344624890471
0.765313988463808936 -0.530135008279754461 0.538090539731165718
0.759962547737682903 -0.537737682931523020 0.537368052522761430
0.754509037848154707 -0.545267702212867134 0.536644887358695422
0.750074328546062929 -0.551237982950289140 0.535921048602074901
0.744443157587334925 -0.558631909937495785 0.535196540620071826
0.738716889942643173 -0.565947338553056678 0.534471367783895701
0.734069241393260574 -0.571741812460729970 0.533745534468767047
0.728178779817708843 -0.578910928040528905 0.533019045053891527
0.722201189789102971 -0.585996086254642057 0.532291903922433307
0.716139533585754551 -0.592995477029235718 0.531564115461488407
0.711231803029352294 -0.598532078724584804 0.530835684062058610
0.705026857647762073 -0.605372824992484571 0.530106614119024488
0.698746918863308197 -0.612123255297480795 0.529376910031119641
0.692395369657287429 -0.618781962030467647 0.528646576200903162
0.687264879007598806 -0.624042022721255751 0.527915617034733886
0.680793119384220491 -0.630532497056674135 0.527184036942743628
0.674259462479946503 -0.636928018419810282 0.526451840338810095
0.667667417573147737 -0.643227709491112964 0.525719031640530909
0.662354098418041048 -0.648197973282415241 0.524985615269196515
0.655665775695721265 -0.654323453442079317 0.524251595649763980
0.648928818894355164 -0.660351478017791482 0.523516977210829459
0.642146637377789764 -0.666281771254736643 0.522781764384602554
0.636690581024949465 -0.670955557070483266 0.522045961606878439
0.629835373037890722 -0.676709753616598020 0.521309573317012220
0.622944099532024564 -0.682366300970164597 0.520572603957891289
0.616019850468100927 -0.687925526467267900 0.519835057975908787
0.609065599905322497 -0.693387907798043823 0.519096939820936853
0.603482516007503800 -0.697688498630622322 0.518358253946300196
0.596481344891895970 -0.702978222058407654 0.517619004808748007
0.589457791535931364 -0.708173187346680777 0.516879196868428425
0.582414297001472403 -0.713274384678022955 0.516138834588860784
0.575353143655029764 -0.718282919988774582 0.515397922436909073
0.569692935911302434 -0.722223843119521813 0.514656464882754738
0.562605222951438888 -0.727068708274728914 0.513914466399869707
0.555505359127808740 -0.731824545325428621 0.513171931464990072
0.548394988354930057 -0.736492814734525325 0.512428864558087671
0.541275583108687286 -0.741075046904906998 0.511685270162344774
0.534148445267995098 -0.745572832437662036 0.510941152764125550
0.528441934605430541 -0.749111360729586062 0.510196516852949977
0.521303622024062219 -0.753461306271962727 0.509451366921466198
0.514160334001840580 -0.757731498640196510 0.508705707465423762
0.507012748856654261 -0.761923672286503262 0.507959542983646317
0.499861391040995029 -0.766039578765727258 0.507212877978004517
0.492706636616196292 -0.770080978930893556 0.506465716953388712
0.486980549134584384 -0.773261639255234501 0.505718064417682078
0.479820177811647153 -0.777173367401785109 0.504969924881733090
0.472656725314901549 -0.781015508861556240 0.504221302859328868
0.465490060738138256 -0.784789797607305717 0.503472202867166985
0.458319935863379158 -0.788497946613739731 0.502722629424828926
0.451145992074504842 -0.792141643069416035 0.501972587054753117
0.443967767278099890 -0.795722544090567196 0.501222080282206495
0.436784702755884047 -0.799242272916911523 0.500471113635258535
0.431034333534577319 -0.802015079130501296 0.499719691644752828
0.423840866896230517 -0.805428667894165895 0.498967818844280431
0.416640538997554266 -0.808785422483446537 0.498215499770152170
0.409432484198486546 -0.812086810471075560 0.497462738961371664
0.402215771092679419 -0.815334253190850733 0.496709540959607176
0.394989408333387637 -0.818529124195907509 0.495955910309165471
0.387752350207197893 -0.821672748011059828 0.495201851556962724
0.380503501963336543 -0.824766399140691497 0.494447369252498770
0.373241724872690361 -0.827811301317387560 0.493692467947828284
0.367422204075430137 -0.830212913407974540 0.492937152197534589
0.360134163292429532 -0.833172987226635020 0.492181426558700674
0.352829811040008656 -0.836087464468768138 0.491425295590883215
0.345507882883152428 -0.838957372425136905 0.490668763856084045
0.338167090914120783 -0.841783686478103976 0.489911835918723060
0.330806127196334288 -0.844567330242527059 0.489154516345610635
0.323423666908774998 -0.847309175792247626 0.488396809705919865
0.316018371183651059 -0.850010043952373562 0.487638720571159257
0.308588889607791406 -0.852670704647365607 0.486880253515145078
0.301133862400630559 -0.855291877280387691 0.486121413113973777
0.293651922227650686 -0.857874231131650067 0.485362203945993942
0.286141695654310690 -0.860418385754505688 0.484602630591779604
0.280112221999014754 -0.862426590837925611 0.483842697634101593
0.272547603185756548 -0.864903390837053587 0.483082409657900780
0.264950827378031717 -0.867343464900885652 0.482321771250259546
0.257320504146743345 -0.869747246701739751 0.481560787000374912
0.249655238259001711 -0.872115121497191836 0.480799461499530345
0.241953628645985769 -0.874447426153874052 0.480037799341068050
0.234214266930282911 -0.876744449010803506 0.479275805120361664
0.226435735458458909 -0.879006429590593497 0.478513483434788112
0.218616604860832064 -0.881233558112584414 0.477750838883700013
0.210755431104381385 -0.883425974803326852 0.476987876068398153
0.202850752218665803 -0.885583768853231867 0.476224599592103282
0.194901084163972060 -0.887706977397015540 0.475461014059928577
0.186904916775580965 -0.889795583782499566 0.474697124078852117
0.178860708892319697 -0.891849515809927773 0.473932934257688454
0.170766883220064725 -0.893868643503295868 0.473168449207061581
0.162621820767300418 -0.895852776533748285 0.472403673539376345
0.154423854986658393 -0.897801661186294564 0.471638611868791302
0.146171265571446884 -0.899714976930465538 0.470873268811190182
0.137862272000741415 -0.901592332508842964 0.470107648984154913
0.129495026856434658 -0.903433261547340605 0.469341757006936922
0.121067608992734499 -0.905237217637450464 0.468575597500429597
0.112578016570378248 -0.907003568905312085 0.467809175087140594
0.104024160039542291 -0.908731592004198729 0.467042494391163687
0.095403855118403158 -0.910420465537371770 0.466275560038151071
0.086714815820243374 -0.912069262872213571 0.465508376655285161
0.077954647598757532 -0.913676944327541318 0.464740948871250947
0.070893617651818508 -0.914932710053534826 0.463973281316208130
0.061999011093964218 -0.916463369266972361 0.463205378621762642
0.053025937292323855 -0.917949325465565624 0.462437245420939558
0.043971530294913685 -0.919389026376443375 0.461668886348154228
0.034832786015719597 -0.920780759669793780 0.460900306039185248
0.025606557138446617 -0.922122640993081610 0.460131509131145422
0.016289548490655392 -0.923412601174083747 0.459362500262455065
0.006878312979940238 -0.924648372546648112 0.458593284072812746
-0.002630751902016837 -0.925827474355256919 0.457823865203168145
-0.012241406931626120 -0.926947197189586514 0.457054248295693633
-0.021957573305170175 -0.928004586369944873 0.456284437993756620
-0.031783334055223822 -0.928996424236555152 0.455514438941891142
-0.041722934648706078 -0.929919211251725164 0.454744255785770268
-0.051780782715524720 -0.930769145839751788 0.453973893172177512
-0.061961446829887856 -0.931542102874168609 0.453203355748979131
-0.072269654259146388 -0.932233610709753302 0.452432648165096596
-0.082710287579350228 -0.932838826656135378 0.451661775070477334
-0.093288380057397313 -0.933352510778277855 0.450890741116067750
-0.104009109653658172 -0.933768997903993148 0.450119550953784642
-0.114877791501295456 -0.934082167707869004 0.449348209236487384
-0.125899868682502525 -0.934285412744336630 0.448576720617949509
-0.137080901088450891 -0.934371604287985602 0.447805089752831120
-0.148426552128742451 -0.934333055846821248 0.447033321296650354
-0.159942572996345789 -0.934161484201873504 0.446261419905755630
-0.173994885090942297 -0.933767398589824937 0.445489390237297223
-0.185906273102078079 -0.933270807839249761 0.444717236949199513
-0.198006788574659531 -0.932610175777672801 0.443944964700132727
-0.210302310143802573 -0.931774226476596468 0.443172578149484575
-0.222798668463352612 -0.930750839994696877 0.442400081957332769
-0.235501605993295282 -0.929526995500177700 0.441627480784416215
-0.248416730677277708 -0.928088711276513489 0.440854779292107424
-0.261549462704978974 -0.926420981668323096 0.440081982142383921
-0.274904973439096700 -0.924507711067053206 0.439309093997800659
-0.288488115475454110 -0.922331645136355016 0.438536119521461376
-0.302303342731204849 -0.919874299567049247 0.437763063376990780
-0.316354619291427719 -0.917115886784413581 0.436989930228506185
-0.330645315640653026 -0.914035241172400981 0.436216724740589701
-0.345178090813511085 -0.910609743576171859 0.435443451578259699
-0.359954758826507848 -0.906815246047275592 0.434670115406943058
-0.374976137644932428 -0.902625998081320491 0.433896720892446575
-0.390241878870478731 -0.898014575886358246 0.433123272700929207
-0.405750276183627356 -0.892951816613012594 0.432349775498873712
-0.421498050560121240 -0.887406759887865437 0.431576233953058608
-0.437480110189656379 -0.881346599519545748 0.430802652730529700
-0.453689283155234879 -0.874736648797936112 0.430029036498572770
-0.470116020903945275 -0.867540323497480337 0.429255389924684039
-0.486748070830719359 -0.859719147438746001 0.428481717676543417
-0.503570116576346871 -0.851232786287868026 0.427708024421985300
-0.520563385132930545 -0.842039116217195183 0.426934314828971262
-0.537705220481252244 -0.832094335060595602 0.426160593565560908
-0.554968624503244579 -0.821353124611779117 0.425386865299884787
-0.572321766982786695 -0.809768873868841332 0.424613134700115247
-0.589727468216023176 -0.797293974051677901 0.423839406434439070
-0.607142659594475331 -0.783880197240063747 0.423065685171028827
-0.624517830048179956 -0.769479171313899868 0.422291975578014622
-0.641796469097215216 -0.754042964442056762 0.421518282323456672
-0.658914520789122493 -0.737524792499451465 0.420744610075315939
-0.675799866821773287 -0.719879862331198161 0.419970963501427319
-0.692371861655122656 -0.701066362562904999 0.419197347269470222
-0.708540947495844176 -0.681046611268070867 0.418423766046941481
-0.724208382192972788 -0.659788366248703295 0.417650224501126266
-0.739266118474489975 -0.637266298388138641 0.416876727299070882
-0.753596877834252998 -0.613463621508361423 0.416103279107553403
-0.767074466530264454 -0.588373862960815619 0.415329884593057030
-0.779564383758325596 -0.562002747951222070 0.414556548421740223
-0.790924772480165794 -0.534370157095552245 0.413783275259410332
-0.801007760612334585 -0.505512101575847805 0.413010069771493848
-0.809661233545641457 -0.475482643675619376 0.412236936623009365
-0.816731067207367101 -0.444355673965889986 0.411463880478538657
-0.822063833633021046 -0.412226440529789739 0.410690906002199319
-0.825509967688479618 -0.379212713164559179 0.409918017857616057
-0.826927354596512343 -0.345455457513249797 0.409145220707892665
-0.826185264009849596 -0.311118893707128419 0.408372519215583762
-0.822283423667419688 -0.269414854443916219 0.407599918042667209
-0.816413250332838958 -0.234490874836668167 0.406827421850515403
-0.808090607851913889 -0.199656115682585705 0.406055035299867251
-0.797277917091582466 -0.165155123349828625 0.405282763050800465
-0.783969340684258054 -0.131242705891802369 0.404510609762702811
-0.768193188351604217 -0.098178829063255313 0.403738580094244404
-0.750013334080873340 -0.066222927933172138 0.402966678703349568
-0.729529492146746450 -0.035627860504030717 0.402194910247168913
-0.706876259519158445 -0.006633773005557619 0.401423279382050524
-0.682220905917235720 0.020537828824758908 0.400651790763512761
-0.655759972950506587 0.045689506439050731 0.399880449046215336
-0.627714822818862483 0.068652539844044680 0.399109258883932283
-0.598326346413859733 0.089290576244948378 0.398338224929522700
-0.567849093301489360 0.107502113326867793 0.397567351834903382
-0.536545116730989036 0.123221731528600165 0.396796644251020736
-0.504677832880369159 0.136420070821878597 0.396026106827822577
-0.472506175787181015 0.147102624700380186 0.395255744214229765
-0.440279291182404053 0.155307490013289279 0.394485561058108725
-0.408231959024458746 0.161102260829087574 0.393715562006243303
-0.376580872787552645 0.164580284684872707 0.392945751704306401
-0.345521840022373794 0.165856510194976436 0.392176134796831943
-0.315227909241481585 0.165063147816177591 0.391406715927187232
-0.285848377452460167 0.162345344096716193 0.390637499737544969
-0.257508593407375141 0.157857038235434677 0.389868490868854556
-0.230310444688307969 0.151757132722546484 0.389099693960814785
-0.204333402282738552 0.144206071296249017 0.388331113651845694
-0.179635992411816492 0.135362880763445215 0.387562754579060531
-0.156257570064209372 0.125382700660296498 0.386794621378237391
-0.134220279926305752 0.114414797857574399 0.386026718683791847
-0.113531105377680533 0.102601042407796827 0.385259051128749030
-0.094183923371113920 0.090074806243599523 0.384491623344714872
-0.076161500440041802 0.076960237142970178 0.383724439961849018
-0.059437381615821308 0.063371855811315214 0.382957505608836291
-0.046970275626138938 0.052230731914141015 0.382190824912859439
-0.032493601875185421 0.038046977820928876 0.381424402499570547
-0.019206360923761098 0.023658533443484869 0.380658242993063167
-0.007061600127312667 0.009143812644333001 0.379892351015845064
0.003989983582615202 -0.005427419886036711 0.379126731188809796
0.013999095795365403 -0.019993516658706353 0.378361388131208842
0.023017046582611871 -0.034500374809534808 0.377596326460623632
0.031095089023723325 -0.048900844527945533 0.376831550792938397
0.038283880203758593 -0.063154135663993305 0.376067065742311524
0.044633050312093657 -0.077225235447426099 0.375302875921148027
0.050190866034387570 -0.091084347078420266 0.374538985940071401
0.055003975080307327 -0.104706355874818011 0.373775400407896752
0.059117219786724878 -0.118070327472799316 0.373012123931601880
0.062573508832417954 -0.131159040633977320 0.372249161116299909
0.065413737314513540 -0.143958555834697438 0.371486516565211977
0.067676746565375825 -0.156457819592163677 0.370724194879638425
0.069399316252822585 -0.168648303786659209 0.369962200658932039
0.070616182311818237 -0.180523678546133853 0.369200538500469633
0.071360075225523567 -0.192079516950080770 0.368439212999625065
0.071661774014202789 -0.203313029478226159 0.367678228749740488
0.071550172052802952 -0.214222826076313017 0.366917590342099198
0.071052351501478400 -0.224808703639323704 0.366157302365898329
0.070193663685712643 -0.235071456695544689 0.365397369408220485
0.069262871675694684 -0.243050076833698170 0.364637796054006091
0.067813307053741612 -0.252735759939682669 0.363878586886026256
0.066065374444409963 -0.262104490980926808 0.363119746484854844
0.064038628142983139 -0.271159477003794003 0.362361279428840721
0.061751303742173649 -0.279904273981360752 0.361603190294080168
0.059220401855896304 -0.288342694228947760 0.360845483654389343
0.056461769531946010 -0.296478725055586090 0.360088164081276974
0.053490178981896022 -0.304316457474443636 0.359331236143916044
0.050319403372742960 -0.311860023800386688 0.358574704409116762
0.046962289522444439 -0.319113543146163692 0.357818573441299359
0.043430827395161770 -0.326081073931592136 0.357062847802465555
0.039736216370939520 -0.332766572576899455 0.356307532052171694
0.036670120327110672 -0.337914479895333686 0.355552630747501208
0.032707779741736803 -0.344101831047482154 0.354798148443037253
0.028609967171195017 -0.350017398668950375 0.354044089690834618
0.024385426025563539 -0.355664463931843478 0.353290459040392801
0.020042383459849961 -0.361046073586651528 0.352537261038628369
0.015588598959300370 -0.366165022665359829 0.351784500229847863
0.011031410229795507 -0.371023839796829069 0.351032181155719714
0.006377776522584117 -0.375624774786938009 0.350280308355247205
0.001634319537025003 -0.379969788156213684 0.349528886364741498
-0.002220860807175623 -0.383262662666019993 0.348777919717793483
-0.007110243832201990 -0.387151001488187818 0.348027412945247028
-0.012072384410533266 -0.390787299734251026 0.347277370575171052
-0.017101608719715694 -0.394172349787576815 0.346527797132833160
-0.022192413034936215 -0.397306623612574461 0.345778697140671221
-0.027339433734806295 -0.400190268770068858 0.345030075118266999
-0.032537418566713633 -0.402823104837235157 0.344281935582318011
-0.036729025205696847 -0.404748458470851391 0.343534283046611377
-0.042005759736209264 -0.406928323855159313 0.342787122021995572
-0.047319111868812130 -0.408855101879763150 0.342040457016353661
-0.052664006047510092 -0.410527335406929261 0.341294292534576271
-0.058035350506462358 -0.411943222709422130 0.340548633078533836
-0.063428011151915598 -0.413100613193983945 0.339803483147050112
-0.068836784941622070 -0.413997002566687866 0.339058847235874428
-0.073171848167796122 -0.414524281229619040 0.338314729837655315
-0.078596187960499941 -0.414943407332493575 0.337571135441912362
-0.084021467056576621 -0.415092589189035022 0.336828068535010128
-0.089441958412259409 -0.414967922194919070 0.336085533600130215
-0.094851720093486885 -0.414565114875872665 0.335343535117245406
-0.099167651406258994 -0.414039471531667314 0.334602077563091016
-0.104542297057177880 -0.413123926655195595 0.333861165411139194
-0.109888106245299155 -0.411916086432596251 0.333120803131571552
-0.115197955031096616 -0.410410099943387563 0.332380995191252027
-0.120464293696513208 -0.408599679828909157 0.331641746053699893
-0.124640657018671192 -0.406927640851922123 0.330903060179063069
-0.129808069246367924 -0.404551959680013229 0.330164942024091357
-0.134908053972460529 -0.401851823051252111 0.329427396042108855
-0.139930864470876215 -0.398819185216208960 0.328690426682987813
-0.144865990020675600 -0.395445515285608340 0.327954038393121539
-0.148743348851121587 -0.392494990122824294 0.327218235615397535
-0.153491348790630755 -0.388484395530760085 0.326483022789170574
-0.158117327561437870 -0.384106264277278175 0.325748404350236054
-0.162606920441065894 -0.379350199363953644 0.325014384730803463
-0.166089905220737716 -0.375265944718607358 0.324280968359469235
-0.170293494061547923 -0.369801895636946654 0.323548159661190049
-0.174312952521063047 -0.363928347152435328 0.322815963057256461
-0.178128027571354403 -0.357633242629520953 0.322084382965266092
-0.181018052136663388 -0.352285322880309004 0.321353423799096927
-0.184407682068664924 -0.345200023195228245 0.320623089968880448
-0.187524866660855161 -0.337657900217832485 0.319893385880975489
-0.190340502319938848 -0.329646117463053223 0.319164315937941478
-0.192354451394782744 -0.322889967333471029 0.318435884538511682
-0.194544286898038210 -0.314000881665517206 0.317708096077566726
-0.196334283624412242 -0.304607360736042776 0.316980954946108506
-0.197682321642597192 -0.294698129120991248 0.316254465531233042
-0.198411513265157879 -0.286392560300649635 0.315528632216104443
-0.198843959294111167 -0.275530487945239710 0.314803459379928152
-0.198692445859121075 -0.264128536356442956 0.314078951397925132
-0.198110284214301824 -0.254615193723818023 0.313355112641304667
-0.196751128301513034 -0.242232541240216870 0.312631947477238548
-0.194623451812586112 -0.229306584665874891 0.311909460268834315
-0.191649340306237009 -0.215844500955260310 0.311187655375109562
-0.188603886990346414 -0.204697566328426173 0.310466537150965005
-0.183887808800019231 -0.190309201696768709 0.309746109947158288
-0.178070018907212635 -0.175442363514136668 0.309026378110278277
-0.172552431363623721 -0.163230105814139825 0.308307345982718140
-0.164483142788049541 -0.147608475759769292 0.307589017902649531
-0.155002287575065512 -0.131650918697297670 0.306871398203996282
-0.146319552649845336 -0.118696536627174554 0.306154491216408586
-0.133988225056463739 -0.102350724939193477 0.305438301265236245
-0.122861389823498438 -0.089225684416904191 0.304722832671503130
-0.107269001828711824 -0.072877276224406887 0.304008089751880761
-0.089690514709187485 -0.056749328829737010 0.303294076818662772
-0.074119599299713027 -0.044136425014413470 0.302580798179738097
-0.052683549294751227 -0.028921365762197310 0.301868258138565604
-0.028976303784394641 -0.014558968094634653 0.301156460994148056
-0.008334101541040993 -0.003876839119066687 0.300445411041005861
0.019587661298354608 0.008196982025314853 0.299735112569151418
0.043613033637796700 0.016615679805757403 0.299025569864063145
0.075704539691801145 0.025276318590970112 0.298316787206659995
0.109973227325392692 0.031503607545657182 0.297608768873274754
0.138832193371418250 0.034466375150689128 0.296901519135629122
0.176493650554309600 0.035315783353956458 0.296195042260807340
0.207684766518690861 0.033478217525848508 0.295489342511231157
0.247656860456114736 0.027749336834248128 0.294784424144633184
0.288267038296250999 0.017941752311935538 0.294080291414031747
0.320843639053876195 0.007015344392338418 0.293376948567705464
0.361164826520858073 -0.010595182271730313 0.292674399849167044
0.392701477268224575 -0.027858136601079470 0.291972649497137970
0.430671708279840249 -0.053328509019194364 0.291271701745522582
0.459485310029545957 -0.076689569003342423 0.290571560823383868
0.493038226867949569 -0.109354156825569704 0.289872230954915933
0.517567208386987221 -0.137992725472757150 0.289173716359419908
0.544944956352431564 -0.176495114191834584 0.288476021251277581
0.563990623306654948 -0.209098245996914872 0.287779149839927695
0.584009702099195449 -0.251578259738577392 0.287083106329838189
0.599690543942141718 -0.295372870982280988 0.286387894920482278
0.609093628838774603 -0.330924109654025411 0.285693519806313190
0.616989780833005375 -0.375493257113846735 0.284999985176738024
0.620328736372532275 -0.410899376220652091 0.284307295216093381
0.620988658244040259 -0.454420458210945677 0.283615454103619102
0.618897031769323425 -0.488375266253945950 0.282924466013434350
0.614668857167750660 -0.521359705718040023 0.282234335114511015
0.606669050470402760 -0.560996240034831173 0.281545065570649733
0.598336160990850852 -0.591288683886017630 0.280856661540454244
0.585824296164861424 -0.627248302711096661 0.280169127177306077
0.574369676180093269 -0.654428205755968939 0.279482466629339732
0.558541067868657204 -0.686376977796461230 0.278796684039418097
0.544875035308648115 -0.710311805517561567 0.278111783545106850
0.526791805146101133 -0.738225819979261844 0.277427769278649428
0.511694729419368444 -0.758990423339932718 0.276744645366942488
0.492239516974133151 -0.783056097414079444 0.276062415931510929
0.476342002579967838 -0.800857277839304937 0.275381085088483135
0.460252639810136976 -0.817428175678172497 0.274700656948565658
0.439997915207862578 -0.836501321769674400 0.274021135617018741
0.423767115740382172 -0.850521293961904901 0.273342525193631669
0.403544335328696102 -0.866598259300767504 0.272664829772698014
0.387480479106830034 -0.878375106005238271 0.271988053442990652
0.371564165409242753 -0.889251760508746547 0.271312200287737060
0.351928905437139838 -0.901668561046658157 0.270637274384595228
0.336463081480032566 -0.910725423682673285 0.269963279805628786
0.317470220156932825 -0.921035933883155189 0.269290220617281972
0.302568317720527058 -0.928535561889709204 0.268618100880355593
0.287940378628544935 -0.935419564996891495 0.267946924649982543
0.270054824000192206 -0.943224497233694725 0.267276695975603384
0.256073537712863453 -0.948877485000440890 0.266607418900941251
0.242387137385379592 -0.954045864124791754 0.265939097463978480
0.225696157853301771 -0.959877845295613596 0.265271735696931188
0.212676730668109326 -0.964079983968494036 0.264605337626225900
0.199951816459818354 -0.967902582013527413 0.263939907272474572
0.184455385448228038 -0.972189088670910584 0.263275448650450827
0.172381287984966713 -0.975255952560561523 0.262611965769065092
0.160589313469740536 -0.978026225296557361 0.261949462631341390
0.149074209490082710 -0.980521619197986194 0.261287943234391862
0.135060965068999561 -0.983284824871489493 0.260627411569394229
0.124147476789707445 -0.985233064365536371 0.259967871621566038
0.113491227326294963 -0.986966561056610625 0.259309327370142229
0.100522739033189479 -0.988855221039178112 0.258651782788349882
0.090421349621436775 -0.990161099956021973 0.257995241843384959
0.080555772665709180 -0.991299057544322348 0.257339708496387765
0.070919353615227665 -0.992281289043638326 0.256685186702419799
0.059186008387995925 -0.993307204418299783 0.256031680410439610
0.050041103308567925 -0.993979051952841641 0.255379193563278428
0.041104125096143029 -0.994528887658047145 0.254727730097616900
0.032368747049717705 -0.994965496979228758 0.254077293943961557
0.021723589648021513 -0.995364370284573585 0.253427889026620723
0.013419344885192697 -0.995575055617684113 0.252779519263680752
0.005297054046588923 -0.995696828761207464 0.252132188566982385
-0.002649015929131859 -0.995736035011457465 0.251485900842097765
-0.010424442773354192 -0.995698554940419145 0.250840659988306292
-0.019912001432969784 -0.995552130740374963 0.250196469898570972
-0.027323056375944565 -0.995361434618063257 0.249553334459515330
-0.034580502680307434 -0.995110361399798249 0.248911257551399867
-0.041689245158943899 -0.994803177411724526 0.248270243048098749
-0.048654032277852144 -0.994443840948759927 0.247630294817075935
-0.055479458230118628 -0.994036025311796134 0.246991416719362256
-0.062169965368418012 -0.993583140075299909 0.246353612609532258
-0.070349896329916506 -0.992958455049710254 0.245716886335680784
-0.076752311302900056 -0.992415394347170521 0.245081241739399380
-0.083033231489770321 -0.991836751031247132 0.244446682655753811
-0.089196487215908671 -0.991225015489447081 0.243813212913260191
-0.095245773363961117 -0.990582502088334094 0.243180836333862671
-0.101184652729205071 -0.989911362165030395 0.242549556732909621
-0.107016559387736188 -0.989213596052880506 0.241919377919131262
-0.112744802004968281 -0.988491064226170835 0.241290303694616182
-0.118372567143271101 -0.987745497625205360 0.240662337854788411
-0.123902922468002663 -0.986978507239612668 0.240035484188385162
-0.130683370371258378 -0.985991917212480806 0.239409746477433349
-0.136005175246125543 -0.985182051564794881 0.238785128497226773
-0.141238756721093373 -0.984355272689942939 0.238161634016303414
-0.146386711472020037 -0.983512773663991480 0.237539266796423398
-0.151451533003598038 -0.982655667803928545 0.236918030592545070
-0.156435614450490812 -0.981784994731158545 0.236297929152803232
-0.161341251261944929 -0.980901726029057786 0.235678966218485830
-0.166170643874420376 -0.980006770502247271 0.235061145524012804
-0.170925900291918953 -0.979100979085008039 0.234444470796911636
-0.175609038676610318 -0.978185149401944343 0.233828945757796114
-0.180221989840068542 -0.977260030029234006 0.233214574120343354
-0.184766599757869521 -0.976326324449967031 0.232601359591271956
-0.189244632027429249 -0.975384694744404923 0.231989305870319185
-0.193657770356949921 -0.974435765008930810 0.231378416650218466
-0.198007620979078314 -0.973480124549700121 0.230768695616677788
-0.202295715157755740 -0.972518330820836052 0.230160146448356639
-0.206523511632804302 -0.971550912163177793 0.229552772816844636
-0.209655626531049355 -0.970821959588847538 0.228946578386638622
-0.213781202713665741 -0.969845890002010158 0.228341566815121244
-0.217850138893371514 -0.968865518265717984 0.227737741752538220
-0.221863644121043035 -0.967881284438957712 0.227135106841976964
-0.225822866525197841 -0.966893609867980341 0.226533665719343968
-0.229728896447624675 -0.965902898705011337 0.225933422013343488
-0.233582768688625264 -0.964909539511057623 0.225334379345455083
-0.237385465276408414 -0.963913906572134049 0.224736541329912165
-0.241137918040899901 -0.962916361131366805 0.224139911573680239
-0.244841011311890011 -0.961917252455149474 0.223544493676434614
-0.247586445709529535 -0.961167098936299702 0.222950291230539055
-0.251205154418634169 -0.960166062308406620 0.222357307821024419
-0.254776712394531146 -0.959164368446618343 0.221765547025566445
-0.258301849651508098 -0.958162329118697809 0.221175012414464467
-0.261781261407306010 -0.957160247541675391 0.220585707550619681
-0.265215610730208551 -0.956158418792644182 0.219997635989513968
-0.267762182659713133 -0.955407386235265887 0.219410801279188383
-0.271119180900419809 -0.954406686561060424 0.218825206960221313
-0.274432795673648700 -0.953407011483732303 0.218240856565707519
-0.277703592521622133 -0.952408627702482802 0.217657753621236849
-0.280932116873865323 -0.951411794584702264 0.217075901644872893
-0.283326086857317527 -0.950665339245387431 0.216495304147131529
-0.286481894721667685 -0.949671821713104602 0.215915964630959911
-0.289596845346947240 -0.948680529915388426 0.215337886591715516
-0.292671429088873281 -0.947691695125065015 0.214761073517145018
-0.294951165575897400 -0.946951816160463755 0.214185528887362697
-0.297956259057649331 -0.945967813980930217 0.213611256174830066
-0.300922289696288592 -0.944986863853494952 0.213038258844334860
-0.303121456547281676 -0.944253275325459107 0.212466540352969940
-0.306020240107415131 -0.943278144458651768 0.211896104150112174
-0.308881228033138777 -0.942306597169054294 0.211326953677402479
-0.311704878042931677 -0.941338810101647550 0.210759092368723977
-0.313798388035249787 -0.940615538525497730 0.210192523650182150
-0.316557799606723034 -0.939654729113608922 0.209627250940083665
-0.319281136650390152 -0.938698117694241718 0.209063277648916135
-0.321300244424055581 -0.937983499390027342 0.208500607179326947
-0.323961569247096959 -0.937034568411296842 0.207939242926103607
-0.326588103879713487 -0.936090200194356736 0.207379188276152232
-0.328535459183154466 -0.935384987357393838 0.206820446608478120
-0.331102256066000467 -0.934448872523383489 0.206263021294164489
-0.333005360250364479 -0.933749965959207673 0.205706915696352854
-0.335513898791871157 -0.932822400473695357 0.205152133170222351
-0.337989821308871008 -0.931899832696960528 0.204598677062969414
-0.339825657534477021 -0.931211228727791829 0.204046550713787689
-0.342245700031625577 -0.930297568084715865 0.203495757453848236
-0.344040203662651589 -0.929615709785941213 0.202946300606278940
-0.346405912179167885 -0.928711117084550564 0.202398183486144662
-0.348160251421317957 -0.928036106061780885 0.201851409400427062
-0.350473194249273756 -0.927140691934519090 0.201305981648004950
-0.352188552637468344 -0.926472592909798331 0.200761903519634410
-0.354450316433403079 -0.925586419931242244 0.200219178297928596
-0.356683552892998301 -0.924705538078037126 0.199677809257337857
-0.358340074571993794 -0.924048347753236854 0.199137799664130727
-0.360524650693687887 -0.923176714585500990 0.198599152776373439
-0.362145280841532413 -0.922526446488398433 0.198061871843910497
-0.363750898760971941 -0.921879131194088153 0.197525960108345194
-0.365868753553216020 -0.921020617245043693 0.196991420803020012
-0.367440204791376568 -0.920380143629152325 0.196458257152997223
-0.369513306369517402 -0.919530697240963146 0.195926472375038851
-0.371051792620656407 -0.918896977569004347 0.195396069677588241
-0.373081737237780098 -0.918056466251842895 0.194867052260749796
-0.374588450053238209 -0.917429390213083451 0.194339423316269994
-0.376576817271933151 -0.916597653319254801 0.193813186027518514
-0.378052933326820717 -0.915977090958101314 0.193288343569468529
-0.379516292022394008 -0.915359276152530654 0.192764899108677640
-0.381447956257599030 -0.914539748311271605 0.192242855803268775
-0.382882364235980488 -0.913928233351489316 0.191722216802911405
-0.384776179720834388 -0.913116996860792396 0.191202985248802360
-0.386182758644958379 -0.912511616480838672 0.190685164273646623
-0.387577746917957877 -0.911908812169839988 0.190168757001638655
-0.389420043188961840 -0.911109023709084087 0.189653766548444014
-0.390788751853571703 -0.910512102221433417 0.189140196021179541
-0.392146519068715504 -0.909917646081074394 0.188628048518395514
-0.393940180637695592 -0.909128814200526936 0.188117327130056300
-0.395273145372296075 -0.908539978300564544 0.187608034937522289
-0.396595784618298919 -0.907953494160314234 0.187100175013531100
-0.397908276054357968 -0.907369327662225778 0.186593750422178684
-0.399642779745533638 -0.906593985529062008 0.186088764218901248
-0.400932264261708249 -0.906015095151601946 0.185585219450456806
-0.402212167630863704 -0.905438410218373013 0.185083119154906633
-0.403904080823724476 -0.904672870930399053 0.184582466361596864
-0.405162251327584322 -0.904101205121436879 0.184083264091140619
-0.406411365372794764 -0.903531637347147920 0.183585515355399187
-0.407651571722754291 -0.902964136775849857 0.183089223157464454
-0.408883015025651331 -0.902398673355729430 0.182594390491640279
-0.410511550190594043 -0.901647840702662018 0.182101020343424957
-0.411723085290322810 -0.901087018715944654 0.181609115689492451
-0.412926308956709287 -0.900528140301021685 0.181118679497675406
-0.414121347298358977 -0.899971179633356488 0.180629714726946222
-0.415308322013184239 -0.899416112045092087 0.180142224327400208
-0.416878613553708977 -0.898678926372340592 0.179656211240236729
-0.418047221352971787 -0.898128187000633238 0.179171678397742395
-0.419208138874651026 -0.897579267620000620 0.178688628723273041
-0.420361468327769328 -0.897032149263270462 0.178207065131235742
-0.421507307370566464 -0.896486814420639710 0.177726990527071554
-0.422645749104923252 -0.895943247085299266 0.177248407807238162
-0.423776882073611361 -0.895401432797297447 0.176771319859192089
-0.424900790266998785 -0.894861358682548014 0.176295729561371350
-0.426017553137566951 -0.894323013487383189 0.175821639783178052
-0.427127245618391660 -0.893786387610814970 0.175349053384961262
-0.428595958319189285 -0.893073547490117248 0.174877973217999694
-0.429689419472322698 -0.892540905494159875 0.174408402124484219
-0.430776027791473948 -0.892009963060858002 0.173940342937500991
-0.431855839045767909 -0.891480718005697059 0.173473798481014518
-0.432928904721143759 -0.890953169889428187 0.173008771569850284
-0.433995272091316497 -0.890427320019501201 0.172545265009677762
-0.435054984290672020 -0.889903171449786923 0.172083281596993737
-0.436108080404719989 -0.889380728970119661 0.171622824119105372
-0.437154595560378056 -0.888859999095062969 0.171163895354113277
-0.438194561029217944 -0.888340990044859002 0.170706498070894802
-0.439228004338929667 -0.887823711720757025 0.170250635029087161
-0.440254949387385242 -0.887308175678109823 0.169796308979071303
-0.440935979489487151 -0.886965459355831820 0.169343522661954737
-0.441952137768591713 -0.886452857166073582 0.168892278809555235
-0.442961844776843139 -0.885942035864079713 0.168442580144384513
-0.443965112257688921 -0.885433012722558477 0.167994429379631272
-0.444961948984439304 -0.884925806456667519 0.167547829219145628
-0.445952360923912272 -0.884420437162610318 0.167102782357422014
-0.446936351401156451 -0.883916926253826674 0.166659291479583554
-0.447913921277392602 -0.883415296388557647 0.166217359261365216
-0.448885069129500880 -0.882915571394741194 0.165776988369098488
-0.449528931580631785 -0.882583491923653263 0.165338181459694394
-0.450489367284150455 -0.882086997586426058 0.164900941180628258
-0.451443367431849651 -0.881592476753458865 0.164465270169923072
-0.452390923851683335 -0.881099956819592522 0.164031171056134129
-0.453332026993832238 -0.880609465936730729 0.163598646458332858
-0.454266666133208707 -0.880121032915368140 0.163167698986090987
-0.454886162038213360 -0.879796568640209276 0.162738331239465017
-0.455810001463756054 -0.879311630876682182 0.162310545808980133
-0.456727344101138688 -0.878828830241092263 0.161884345275615377
-0.457638176678560493 -0.878348197067700953 0.161459732210787160
-0.458241775036345722 -0.878028994157090459 0.161036709176334170
-0.459141727519157605 -0.877552041232144919 0.160615278724501848
-0.460035134039000038 -0.877077337170868221 0.160195443397927406
-0.460921981514007317 -0.876604912374606915 0.159777205729623673
-0.461509563017428404 -0.876291243676172726 0.159360568242964351
-0.462385451160305050 -0.875822684513012373 0.158945533451668869
-0.463254748386497439 -0.875356484221583742 0.158532103859786916
-0.463830613118456636 -0.875047008855690756 0.158120281961683429
-0.464688903167483125 -0.874584804149761919 0.157710070242023437
-0.465540577514121423 -0.874125034197765993 0.157301471175757601
-0.466104681589292191 -0.873819886956411440 0.156894487228106394
-0.466945315381930348 -0.873364234718404742 0.156489120854546221
-0.467779318869209537 -0.872911087487340032 0.156085374500793544
-0.468331636478575397 -0.872610393165846210 0.155683250602791229
-0.469154585301404636 -0.872161474923105917 0.155282751586692802
-0.469699533211493658 -0.871863621367335195 0.154883879868848662
-0.470511430138189413 -0.871418994944179737 0.154486637855791142
-0.471316701337276767 -0.870976971358591867 0.154091027944219749
-0.471849871103123542 -0.870683744512774971 0.153697052520987060
-0.472644115660464548 -0.870246100895207153 0.153304713963084344
-0.473169943257547354 -0.869955810174802169 0.152914014637626994
-0.473953190898593668 -0.869522593154331336 0.152524956901840314
-0.474471699856504836 -0.869235267355455976 0.152137543103045308
-0.475243991529010812 -0.868806516607188550 0.151751775578644582
-0.475755212952572004 -0.868522179791456628 0.151367656656108324
-0.476516601066699408 -0.868097927764197141 0.150985188652959929
-0.477020573745144727 -0.867816599106163711 0.150604373876762149
-0.477771122263273673 -0.867396870836393497 0.150225214625103520
-0.478267892681733864 -0.867118564528019942 0.149847713185584097
-0.479007677065061921 -0.866703377538834085 0.149471871835801767
-0.479497299325209791 -0.866428102748684870 0.149097692843338375
-0.479984079145637677 -0.866154042009769309 0.148725178465746399
-0.480708941997104400 -0.865745227918682247 0.148354330950535129
-0.481188661860690481 -0.865474203132133857 0.147985152535156927
-0.481902987223629564 -0.865069941768640494 0.147617645446993906
-0.482375718676319287 -0.864801950200801306 0.147251811903344576
-0.482845676320742934 -0.864535170079445137 0.146887654111410415
-0.483545440329217424 -0.864137267989581237 0.146525174268282266
-0.484008520972725065 -0.863873509265694617 0.146164374560927651
-0.484468874861786858 -0.863610955451013518 0.145805257166176955
-0.485154324433223649 -0.863219378367127255 0.145447824250710761
-0.485607924833325988 -0.862959825242162415 0.145092077971046479
-0.486058850126379838 -0.862701467048438531 0.144738020473525603
-0.486730256292657981 -0.862316162643138817 0.144385653894300470
-0.487174562444065373 -0.862060776141075458 0.144034980359321579
-0.487616249203097984 -0.861806571407662814 0.143686001984324796
-0.488055333155084425 -0.861553544138340621 0.143338720874818359
-0.488709115778540482 -0.861176200994468788 0.142993139126070229
-0.489141767048713816 -0.860926097054781514 0.142649258823095815
-0.489571875634896014 -0.860677153745877943 0.142307082040644906
-0.489999459250467839 -0.860429365784531885 0.141966610843189456
-0.490424535823481056 -0.860182727689780990 0.141627847284910818
-0.491057489688959126 -0.859814914090962334 0.141290793409687837
-0.491476378380710566 -0.859571125452608165 0.140955451251084163
-0.491892824281005225 -0.859328466045958361 0.140621822832335985
-0.492306846126493003 -0.859086929589256698 0.140289910166339848
-0.492718462798464873 -0.858846509643023781 0.139959715255640799
-0.493127693314532045 -0.858607199614911831 0.139631240092419895
-0.493737106947685467 -0.858250300893034446 0.139304486658482385
-0.494140456056525457 -0.858013735883178641 0.138979456925245687
-0.494541486470650327 -0.857778256617804713 0.138656152853727538
-0.494940217678830063 -0.857543855901616636 0.138334576394534364
-0.495336669247502748 -0.857310526421751318 0.138014729487848986
-0.495730860807333529 -0.857078260756076404 0.137696614063419348
-0.496122812052802675 -0.856847051373601287 0.137380232040546862
-0.496512542725083827 -0.856616890645050755 0.137065585328074641
-0.496900072608805310 -0.856387770845076113 0.136752675824376058
-0.497285421520332060 -0.856159684159665590 0.136441505417343317
-0.497668609302401754 -0.855932622689688838 0.136132075984376016
-0.498049655820087644 -0.855706578453664157 0.135824389392369904
-0.498428580949076272 -0.855481543395248289 0.135518447497705474
-0.498805404569704625 -0.855257509387297388 0.135214252146237057
-0.499180146565584015 -0.855034468233018652 0.134911805173281107
-0.499552826811011319 -0.854812411674152672 0.134611108403605934
-0.499923465171620229 -0.854591331390937792 0.134312163651419847
-0.500292081495733010 -0.854371219007887817 0.134014972720361059
-0.500658695609802584 -0.854152066097039087 0.133719537403486022
-0.501023327316794775 -0.853933864179376889 0.133425859483258913
-0.501385996387570310 -0.853716604730656803 0.133133940731541361
-0.501566601103539900 -0.853608325756343156 0.132843782909580932
-0.501926363217153226 -0.853392463932080680 0.132555387768000910
-0.502284211965079885 -0.853177523081314559 0.132268757046789781
-0.502640166985396597 -0.852963494537857025 0.131983892475290826
-0.502994247865574895 -0.852750369603946567 0.131700795772191348
-0.503346474145652145 -0.852538139548767671 0.131419468645512461
-0.503696865311458852 -0.852326795613198129 0.131139912792598762
-0.503871378799264025 -0.852221453196534973 0.130862129900108481
-0.504219053705492248 -0.852011421959812498 0.130586121644002573
-0.504564941957372781 -0.851802254835314132 0.130311889689535138
-0.504909062832369249 -0.851593942980513052 0.130039435691243210
-0.505080466508796566 -0.851490105011422416 0.129768761292936907
-0.505421972313573997 -0.851283059444471357 0.129499868127689266
-0.505761758631374736 -0.851076846970034828 0.129232757817826449
-0.506099844492396311 -0.850871458692956661 0.128967431974918306
-0.506268255676791679 -0.850769070846429054 0.128703892199768077
-0.506603826361649801 -0.850564902168203130 0.128442140082403289
-0.506937743815842667 -0.850361535415390613 0.128182177202065650
-0.507104088442378753 -0.850260149974571555 0.127924005127202034
-0.507435561169570337 -0.850057969389652057 0.127667625415454483
-0.507765427357159793 -0.849856568438943305 0.127413039613651358
-0.507929763788029565 -0.849756157541174950 0.127160249257797620
-0.508257254848781037 -0.849555909334191561 0.126909255873065646
-0.508583185467249566 -0.849356418496554078 0.126660060973786071
-0.508745571319351386 -0.849256954314111301 0.126412666063438650
-0.509069195471050007 -0.849058582873362333 0.126167072634643274
-0.509230438292190501 -0.848959673400228265 0.125923282169150691
-0.509551796676140811 -0.848762401419903334 0.125681296137833798
-0.509871666962301906 -0.848565851373458413 0.125441116000678810
-0.510031049630176758 -0.848467844325117349 0.125202743206776296
-0.510348721069920352 -0.848272360692583605 0.124966179194312452
-0.510507014237121970 -0.848174881921334056 0.124731425390560466
-0.510822526389587028 -0.847980445018518658 0.124498483211871971
-0.510979749716189424 -0.847883484715156621 0.124267354063668414
-0.511293141652751415 -0.847690074996549470 0.124038039340432532
-0.511449314546545186 -0.847593623427390752 0.123810540425700069
-0.511760624819232679 -0.847401221509608837 0.123584858692051325
-0.511915766420158125 -0.847305269028076680 0.123360995501102993
-0.512070568459086495 -0.847209480783745805 0.123138952203499741
-0.512379162177342251 -0.847018392782824425 0.122918730138906251
-0.512532957986938320 -0.846923090927945932 0.122700330635999083
-0.512839557748116404 -0.846732966295616007 0.122483755012458659
-0.512992365758360602 -0.846638141448092019 0.122269004574961190
-0.513297008087357787 -0.846448961555905655 0.122056080619171087
-0.513448846387019042 -0.846354604473755434 0.121844984429732739
-0.513600365407621329 -0.846260401286024422 0.121635717280263234
-0.513902453415601923 -0.846072452589246682 0.121428280433344166
-0.514053026270513302 -0.845978705093101357 0.121222675140514505
-0.514203287579594881 -0.845885107518441703 0.121018902642262602
-0.514502883127677113 -0.845698358237243930 0.120816964168019139
-0.514652221108764962 -0.845605204602644767 0.120616860936149317
-0.514801255030591487 -0.845512197031911383 0.120418594153945749
-0.514949986723730047 -0.845419334580502224 0.120222165017621091
-0.515246550656572100 -0.845234041302385775 0.120027574712300855
-0.515394386470741761 -0.845141608629644492 0.119834824412016289
-0.515541927201800920 -0.845049317386403320 0.119643915279697144
-0.515689174591222210 -0.844957166672925308 0.119454848467164781
-0.515982796213381167 -0.844773283287174936 0.119267625115125314
-0.516129173831271659 -0.844681548866461185 0.119082246353162544
-0.516275264878632623 -0.844589951478183387 0.118898713299731174
-0.516421070996885945 -0.844498490275306768 0.118717027062150135
-0.516566593806849883 -0.844407164421779655 0.118537188736595883
-0.516856795885359155 -0.844224915472066906 0.118359199408095833
-0.517001478288739214 -0.844133990761729236 0.118183060150521657
-0.517145883653678751 -0.844043198172452325 0.118008772026582914
-0.517290013494763334 -0.843952536925950403 0.117836336087820667
-0.517433869297301507 -0.843862006260825970 0.117665753374601195
-0.517577452527583137 -0.843771605425933879 0.117497024916109374
-0.517720764627248808 -0.843681333684081047 0.117330151730342946
-0.517863807011683663 -0.843591190313073502 0.117165134824105996
-0.518006581073995997 -0.843501174603245252 0.117001975193003135
-0.518149088181665052 -0.843411285859605675 0.116840673821433358
-0.518291329675404810 -0.843321523402663864 0.116681231682584041
-0.518433306872474797 -0.843231886566296218 0.116523649738425272
-0.518575021062193442 -0.843142374700696307 0.116367928939703880
-0.518716473508122666 -0.843052987171085566 0.116214070225937813
-0.518857665446374794 -0.842963723358691963 0.116062074525410328
-0.518998598087933694 -0.842874582659430160 0.115911942755164490
-0.519139272613101999 -0.842785564487509964 0.115763675820997711
-0.519279690176344677 -0.842696668272323701 0.115617274617456051
-0.519419851904496355 -0.842607893459656143 0.115472740027829104
-0.519559758893255230 -0.842519239514036622 0.115330072924144461
-0.519699412211882761 -0.842430705915693467 0.115189274167162514
-0.519838812900006109 -0.842342292162716610 0.115050344606371285
-0.519977961966609836 -0.842253997771732266 0.114913285079981331
-0.520116860391563685 -0.842165822276991882 0.114778096414920497
-0.520255509125123194 -0.842077765230703545 0.114644779426829185
-0.520255509125123194 -0.842077765230703545 0.114513334920055415
-0.520393909085795414 -0.841989826204516123 0.114383763687649603
-0.520532061163506921 -0.841902004787452807 0.114256066511360263
-0.520669966214179825 -0.841814300589565523 0.114130244161628980
-0.520807625064758417 -0.841726713238644009 0.114006297397585929
-0.520945038510861491 -0.841639242381822195 0.113884226967045130
-0.520945038510861491 -0.841639242381822195 0.113764033606500142
-0.521082207315424872 -0.841551887686521338 0.113645718041119337
-0.521219132209310265 -0.841464648840110963 0.113529280984741868
-0.521355813890778119 -0.841377525550286332 0.113414723139873122
-0.521355813890778119 -0.841377525550286332 0.113302045197680529
-0.521492253026924035 -0.841290517544181604 0.113191247837989437
-0.521628450251724218 -0.841203624569718311 0.113082331729278909
-0.521628450251724218 -0.841203624569718311 0.112975297528677909
-0.521764406166256300 -0.841116846395487561 0.112870145881961009
-0.521900121337251277 -0.841030182811812521 0.112766877423544909
-0.521900121337251277 -0.841030182811812521 0.112665492776484119
-0.522035596300569726 -0.840943633628414844 0.112565992552467672
-0.522170831557470905 -0.840857198677010365 0.112468377351815099
-0.522170831557470905 -0.840857198677010365 0.112372647763472971
-0.522305827575139325 -0.840770877810993467 0.112278804365011281
-0.522440584788178564 -0.840684670904481846 0.112186847722619942
-0.522440584788178564 -0.840684670904481846 0.112096778391105545
-0.522575103596831014 -0.840598577853563622 0.112008596913887773
-0.522575103596831014 -0.840598577853563622 0.111922303822996186
-0.522709384368105212 -0.840512598575607006 0.111837899639067123
-0.522709384368105212 -0.840512598575607006 0.111755384871340541
-0.522843427433753338 -0.840426733010639637 0.111674760017656721
-0.522843427433753338 -0.840426733010639637 0.111596025564453569
-0.522977233093428140 -0.840340981119324315 0.111519181986763555
-0.522977233093428140 -0.840340981119324315 0.111444229748210735
-0.523110801611083254 -0.840255342885387502 0.111371169301008127
-0.523110801611083254 -0.840255342885387502 0.111300001085954892
-0.523244133215313489 -0.840169818315458450 0.111230725532433697
-0.523244133215313489 -0.840169818315458450 0.111163343058408165
-0.523377228103976355 -0.840084407436044955 0.111097854070420235
-0.523377228103976355 -0.840084407436044955 0.111034258963587817
-0.523377228103976355 -0.840084407436044955 0.110972558121602394
-0.523510086438938371 -0.839999110297078966 0.110912751916726629
-0.523510086438938371 -0.839999110297078966 0.110854840709792277
-0.523642708347234920 -0.839913926971207703 0.110798824850197819
-0.523642708347234920 -0.839913926971207703 0.110744704675906469
-0.523642708347234920 -0.839913926971207703 0.110692480513444172
-0.523775093921066359 -0.839828857553842179 0.110642152677897440
-0.523775093921066359 -0.839828857553842179 0.110593721472911730
-0.523775093921066359 -0.839828857553842179 0.110547187190689372
-0.523907243220165242 -0.839743902161630640 0.110502550111987896
-0.523907243220165242 -0.839743902161630640 0.110459810506118417
-0.523907243220165242 -0.839743902161630640 0.110418968630943887
-0.523907243220165242 -0.839743902161630640 0.110380024732877557
-0.524039156270343254 -0.839659060933494628 0.110342979046881562
-0.524039156270343254 -0.839659060933494628 0.110307831796465444
-0.524039156270343254 -0.839659060933494628 0.110274583193684828
-0.524039156270343254 -0.839659060933494628 0.110243233439140137
-0.524039156270343254 -0.839659060933494628 0.110213782721975392
-0.524170833061696428 -0.839574334031861436 0.110186231219877029
-0.524170833061696428 -0.839574334031861436 0.110160579099072869
-0.524170833061696428 -0.839574334031861436 0.110136826514331099
-0.524170833061696428 -0.839574334031861436 0.110114973608959388
-0.524170833061696428 -0.839574334031861436 0.110095020514803896
-0.524170833061696428 -0.839574334031861436 0.110076967352248589
-0.524170833061696428 -0.839574334031861436 0.110060814230214563
-0.524170833061696428 -0.839574334031861436 0.110046561246159164
-0.524302273549543951 -0.839489721642109554 0.110034208486075674
-0.524302273549543951 -0.839489721642109554 0.110023756024492547
-0.524302273549543951 -0.839489721642109554 0.110015203924473198
-0.524302273549543951 -0.839489721642109554 0.110008552237615381
-0.524302273549543951 -0.839489721642109554 0.110003801004051049
-0.524302273549543951 -0.839489721642109554 0.110000950252446050
-0.524302273549543951 -0.839489721642109554 0.110000000000000001
