-0.662848705388065507 -0.542789851590267269 0.739999999999999991
-0.662848705388065507 -0.542789851590267269 0.739999049747553928
-0.662848705388065507 -0.542789851590267269 0.739996198995948928
-0.662848705388065507 -0.542789851590267269 0.739991447762384680
-0.662848705388065507 -0.542789851590267269 0.739984796075526807
-0.662848705388065507 -0.542789851590267269 0.739976243975507431
-0.662848705388065507 -0.542789851590267269 0.739965791513924276
-0.662848705388065507 -0.542789851590267269 0.739953438753840897
-0.662848705388065507 -0.542789851590267269 0.739939185769785457
-0.662848705388065507 -0.542789851590267269 0.739923032647751389
-0.662848705388065507 -0.542789851590267269 0.739904979485196068
-0.662848705388065507 -0.542789851590267269 0.739885026391040590
-0.662848705388065507 -0.542789851590267269 0.739863173485668879
-0.662848705388065507 -0.542789851590267269 0.739839420900927136
-0.662848705388065507 -0.542789851590267269 0.739813768780122949
-0.662848705388065507 -0.542789851590267269 0.739786217278024627
-0.662848705388065507 -0.542789851590267269 0.739756766560859869
-0.662848705388065507 -0.542789851590267269 0.739725416806315206
-0.662848705388065507 -0.542789851590267269 0.739692168203534561
-0.662848705388065507 -0.542789851590267269 0.739657020953118471
-0.662848705388065507 -0.542789851590267269 0.739619975267122420
-0.662848705388065507 -0.542789851590267269 0.739581031369056063
-0.662848705388065507 -0.542789851590267269 0.739540189493881561
-0.662848705388065507 -0.542789851590267269 0.739497449888012137
-0.662848705388065507 -0.542789851590267269 0.739452812809310633
-0.662848705388065507 -0.542789851590267269 0.739406278527088290
-0.662848705388065507 -0.542789851590267269 0.739357847322102524
-0.662848705388065507 -0.542789851590267269 0.739307519486555820
-0.662848705388065507 -0.542789851590267269 0.739255295324093509
-0.662848705388065507 -0.542789851590267269 0.739201175149802103
-0.662848705388065507 -0.542789851590267269 0.739145159290207743
-0.662848705388065507 -0.542789851590267269 0.739087248083273307
-0.662848705388065507 -0.542789851590267269 0.739027441878397529
-0.662848705388065507 -0.542789851590267269 0.738965741036412216
-0.662848705388065507 -0.542789851590267269 0.738902145929579812
-0.662848705388065507 -0.542789851590267269 0.738836656941591730
-0.662848705388065507 -0.542789851590267269 0.738769274467566239
-0.662848705388065507 -0.542789851590267269 0.738699998914045142
-0.662848705388065507 -0.542789851590267269 0.738628830698991878
-0.662848705388065507 -0.542789851590267269 0.738555770251789201
-0.662848705388065507 -0.542789851590267269 0.738480818013236395
-0.662848705388065507 -0.542789851590267269 0.738403974435546395
-0.662848705388065507 -0.542789851590267269 0.738325239982343340
-0.662848705388065507 -0.542789851590267269 0.738244615128659576
-0.662848705388065507 -0.542789851590267269 0.738162100360932882
-0.662848705388065507 -0.542789851590267269 0.738077696177003806
-0.662848705388065507 -0.542789851590267269 0.737991403086112219
-0.662848705388065507 -0.542789851590267269 0.737903221608894433
-0.662848705388065507 -0.542789851590267269 0.737813152277379980
-0.662848705388065507 -0.542789851590267269 0.737721195634988725
-0.662848705388065507 -0.542789851590267269 0.737627352236526979
-0.662848705388065507 -0.542789851590267269 0.737531622648184837
-0.662848705388065507 -0.542789851590267269 0.737434007447532291
-0.662848705388065507 -0.542789851590267269 0.737334507223515900
-0.662848705388065507 -0.542789851590267269 0.737233122576455124
-0.662848705388065507 -0.542789851590267269 0.737129854118038996
-0.662848705388065507 -0.542789851590267269 0.737024702471322124
-0.662848705388065507 -0.542789851590267269 0.736917668270721027
-0.662848705388065507 -0.542789851590267269 0.736808752162010583
-0.662848705388065507 -0.542789851590267269 0.736697954802319477
-0.662848705388065507 -0.542789851590267269 0.736585276860126870
-0.662848705388065507 -0.542789851590267269 0.736470719015258179
-0.662848705388065507 -0.542789851590267269 0.736354281958880641
-0.662848705388065507 -0.542789851590267269 0.736235966393499863
-0.662848705388065507 -0.542789851590267269 0.736115773032954834
-0.662848705388065507 -0.542789851590267269 0.735993702602414035
-0.662848705388065507 -0.542789851590267269 0.735869755838370998
-0.662848705388065507 -0.542789851590267269 0.735743933488639756
-0.662848705388065507 -0.542789851590267269 0.735616236312350402
-0.662848705388065507 -0.542789851590267269 0.735486665079944646
-0.662848705388065507 -0.542789851590267269 0.735355220573170709
-0.662848705388065507 -0.542789851590267269 0.735221903585079439
-0.662848705388065507 -0.542789851590267269 0.735086714920018758
-0.662848705388065507 -0.542789851590267269 0.734949655393628665
-0.662848705388065507 -0.542789851590267269 0.734810725832837464
-0.662848705388065507 -0.542789851590267269 0.734669927075855544
-0.662848705388065507 -0.542789851590267269 0.734527259972170943
-0.662848705388065507 -0.542789851590267269 0.734382725382543899
-0.662848705388065507 -0.542789851590267269 0.734236324179002309
-0.662848705388065507 -0.542789851590267269 0.734088057244835501
-0.662848705388065507 -0.542789851590267269 0.733937925474589692
-0.662848705388065507 -0.542789851590267269 0.733785929774062096
-0.662848705388065507 -0.542789851590267269 0.733632071060296154
-0.662848705388065507 -0.542789851590267269 0.733476350261574761
-0.662848705388065507 -0.542789851590267269 0.733318768317415937
-0.662848705388065507 -0.542789851590267269 0.733159326178566717
-0.662848705388065507 -0.542789851590267269 0.732998024806996828
-0.662848705388065507 -0.542789851590267269 0.732834865175894024
-0.662848705388065507 -0.542789851590267269 0.732669848269657087
-0.662848705388065507 -0.542789851590267269 0.732502975083890617
-0.662848705388065507 -0.542789851590267269 0.732334246625398921
-0.662848705388065507 -0.542789851590267269 0.732163663912179352
-0.662848705388065507 -0.542789851590267269 0.731991227973417091
-0.662848705388065507 -0.542789851590267269 0.731816939849478376
-0.662848705388065507 -0.542789851590267269 0.731640800591904172
-0.662848705388065507 -0.542789851590267269 0.731462811263404067
-0.662848705388065507 -0.542789851590267269 0.731282972937849940
-0.662848705388065507 -0.542789851590267269 0.731101286700268749
-0.662848705388065507 -0.542789851590267269 0.730917753646837420
-0.662848705388065507 -0.542789851590267269 0.730732374884874636
-0.662848705388065507 -0.542789851590267269 0.730545151532835280
-0.662848705388065507 -0.542789851590267269 0.730356084720302889
-0.662848705388065507 -0.542789851590267269 0.730165175587983772
-0.662848705388065507 -0.542789851590267269 0.729972425287699123
-0.662848705388065507 -0.542789851590267269 0.729777834982378915
-0.662848705388065507 -0.542789851590267269 0.729581405846054243
-0.662848705388065507 -0.542789851590267269 0.729383139063850661
-0.662848705388065507 -0.542789851590267269 0.729183035831980852
-0.662848705388065507 -0.542789851590267269 0.728981097357737307
-0.662848705388065507 -0.542789851590267269 0.728777324859485542
-0.662848705388065507 -0.542789851590267269 0.728571719566655895
-0.662848705388065507 -0.542789851590267269 0.728364282719736744
-0.662848705388065507 -0.542789851590267269 0.728155015570267294
-0.662848705388065507 -0.542789851590267269 0.727943919380828919
-0.662848705388065507 -0.542789851590267269 0.727730995425038829
-0.662848705388065507 -0.542789851590267269 0.727516244987541416
-0.662848705388065507 -0.542789851590267269 0.727299669364000922
-0.662848705388065507 -0.542789851590267269 0.727081269861093782
-0.662848705388065507 -0.542789851590267269 0.726861047796500293
-0.662848705388065507 -0.542789851590267269 0.726639004498896957
-0.662848705388065507 -0.542789851590267269 0.726415141307948709
-0.662848705388065507 -0.542789851590267269 0.726189459574299923
-0.662848705388065507 -0.542789851590267269 0.725961960659567529
-0.662848705388065507 -0.542789851590267269 0.725732645936331688
-0.662848705388065507 -0.542789851590267269 0.725501516788128020
-0.662848705388065507 -0.542789851590267269 0.725268574609439609
-0.662848705388065507 -0.542789851590267269 0.725033820805687568
-0.662848705388065507 -0.542789851590267269 0.724797256793223710
-0.662848705388065507 -0.542789851590267269 0.724558883999321224
-0.662848705388065507 -0.542789851590267269 0.724318703862166235
-0.662848705388065507 -0.542789851590267269 0.724076717830849370
-0.662848705388065507 -0.542789851590267269 0.723832927365356760
-0.662848705388065507 -0.542789851590267269 0.723587333936561383
-0.662848705388065507 -0.542789851590267269 0.723339939026213963
-0.662848705388065507 -0.542789851590267269 0.723090744126934415
-0.662848705388065507 -0.542789851590267269 0.722839750742202303
-0.662848705388065507 -0.542789851590267269 0.722586960386348620
-0.662848705388065507 -0.542789851590267269 0.722332374584545467
-0.662848705388065507 -0.542789851590267269 0.722075994872797944
-0.662848705388065507 -0.542789851590267269 0.721817822797934383
-0.662848705388065507 -0.542789851590267269 0.721557859917596800
-0.662848705388065507 -0.542789851590267269 0.721296107800231900
-0.662848705388065507 -0.542789851590267269 0.721032568025081755
-0.662848705388065507 -0.542789851590267269 0.720767242182173473
-0.662848705388065507 -0.542789851590267269 0.720500131872310767
-0.662848705388065507 -0.542789851590267269 0.720231238707063071
-0.662848705388065507 -0.542789851590267269 0.719960564308756767
-0.662848705388065507 -0.542789851590267269 0.719688110310464868
-0.662848705388065507 -0.542789851590267269 0.719413878355997460
-0.662848705388065507 -0.542789851590267269 0.719137870099891496
-0.662848705388065507 -0.542789851590267269 0.718860087207401133
-0.662848705388065507 -0.542789851590267269 0.718580531354487628
-0.662848705388065507 -0.542789851590267269 0.718299204227808685
-0.662848705388065507 -0.542789851590267269 0.718016107524709124
-0.662848705388065507 -0.542789851590267269 0.717731242953210224
-0.662848705388065507 -0.542789851590267269 0.717444612231999179
-0.662848705388065507 -0.542789851590267269 0.717156217090419101
-0.662848705388065507 -0.542789851590267269 0.716866059268458589
-0.662848705388065507 -0.542789851590267269 0.716574140516741065
-0.662848705388065507 -0.542789851590267269 0.716280462596514012
-0.662848705388065507 -0.542789851590267269 0.715985027279638975
-0.662848705388065507 -0.542789851590267269 0.715687836348580131
-0.662848705388065507 -0.542789851590267269 0.715388891596394072
-0.662848705388065507 -0.542789851590267269 0.715088194826718926
-0.662848705388065507 -0.542789851590267269 0.714785747853762921
-0.662848705388065507 -0.542789851590267269 0.714481552502294504
-0.662848705388065507 -0.542789851590267269 0.714175610607630129
-0.662848705388065507 -0.542789851590267269 0.713867924015623934
-0.662848705388065507 -0.542789851590267269 0.713558494582656633
-0.662848705388065507 -0.542789851590267269 0.713247324175623976
-0.662848705388065507 -0.542789851590267269 0.712934414671925309
-0.662848705388065507 -0.542789851590267269 0.712619767959453143
-0.662848705388065507 -0.542789851590267269 0.712303385936580713
-0.662848705388065507 -0.542789851590267269 0.711985270512151103
-0.662848705388065507 -0.542789851590267269 0.711665423605465697
-0.662848705388065507 -0.542789851590267269 0.711343847146272412
-0.662848705388065507 -0.542789851590267269 0.711020543074754374
-0.662848705388065507 -0.542789851590267269 0.710695513341517593
-0.662848705388065507 -0.542789851590267269 0.710368759907580083
-0.662848705388065507 -0.542789851590267269 0.710040284744359096
-0.662848705388065507 -0.542789851590267269 0.709710089833660129
-0.662848705388065507 -0.542789851590267269 0.709378177167664048
-0.662848705388065507 -0.542789851590267269 0.709044548748915870
-0.662848705388065507 -0.542789851590267269 0.708709206590312113
-0.662848705388065507 -0.542789851590267269 0.708372152715089243
-0.662848705388065507 -0.542789851590267269 0.708033389156810689
-0.662848705388065507 -0.542789851590267269 0.707692917959355072
-0.662848705388065507 -0.542789851590267269 0.707350741176904108
-0.662848705388065507 -0.542789851590267269 0.707006860873929721
-0.662848705388065507 -0.542789851590267269 0.706661279125181618
-0.662848705388065507 -0.542789851590267269 0.706313998015675182
-0.662848705388065507 -0.542789851590267269 0.705965019640678482
-0.662848705388065507 -0.542789851590267269 0.705614346105699508
-0.662848705388065507 -0.542789851590267269 0.705261979526474403
-0.662848705388065507 -0.542789851590267269 0.704907922028953582
-0.662848705388065507 -0.542789851590267269 0.704552175749289300
-0.662848705388065507 -0.542789851590267269 0.704194742833822995
-0.662848705388065507 -0.542789851590267269 0.703835625439072410
-0.662848705388065507 -0.542789851590267269 0.703474825731717712
-0.662848705388065507 -0.542789851590267269 0.703112345888589618
-0.662848705388065507 -0.542789851590267269 0.702748188096655402
-0.662848705388065507 -0.542789851590267269 0.702382354553006127
-0.662848705388065507 -0.542789851590267269 0.702014847464843106
-0.662848705388065507 -0.542789851590267269 0.701645669049464793
-0.662848705388065507 -0.542789851590267269 0.701274821534253578
-0.662848705388065507 -0.542789851590267269 0.700902307156661686
-0.662848705388065507 -0.542789851590267269 0.700528128164198294
-0.662848705388065507 -0.542789851590267269 0.700152286814415881
-0.662848705388065507 -0.542789851590267269 0.699774785374896457
-0.662848705388065507 -0.542789851590267269 0.699395626123237801
-0.662848705388065507 -0.542789851590267269 0.699014811347040133
-0.662848705388065507 -0.542789851590267269 0.698632343343891682
-0.662848705388065507 -0.542789851590267269 0.698248224421355368
-0.662848705388065507 -0.542789851590267269 0.697862456896954697
-0.662848705388065507 -0.542789851590267269 0.697475043098159664
-0.662848705388065507 -0.542789851590267269 0.697085985362372984
-0.662848705388065507 -0.542789851590267269 0.696695286036915662
-0.662848705388065507 -0.542789851590267269 0.696302947479013001
-0.662848705388065507 -0.542789851590267269 0.695908972055780284
-0.662848705388065507 -0.542789851590267269 0.695513362144208891
-0.662848705388065507 -0.542789851590267269 0.695116120131151316
-0.662848705388065507 -0.542789851590267269 0.694717248413307176
-0.662848705388065507 -0.542789851590267269 0.694316749397208888
-0.662848705388065507 -0.542789851590267269 0.693914625499206461
-0.662848705388065507 -0.542789851590267269 0.693510879145453840
-0.662848705388065507 -0.542789851590267269 0.693105512771893584
-0.662848705388065507 -0.542789851590267269 0.692698528824242432
-0.662848705388065507 -0.542789851590267269 0.692289929757976541
-0.662848705388065507 -0.542789851590267269 0.691879718038316605
-0.662848705388065507 -0.542789851590267269 0.691467896140213090
-0.662848705388065507 -0.542789851590267269 0.691054466548331137
-0.662848705388065507 -0.542789851590267269 0.690639431757035682
-0.662848705388065507 -0.542789851590267269 0.690222794270376361
-0.664841462514950909 -0.541370966671268383 0.689804556602072627
-0.667787026322936628 -0.539236314127597538 0.689384721275498102
-0.670687381422248929 -0.537091070734689868 0.688963290823665919
-0.673549601644181761 -0.534932058342492023 0.688540267789212845
-0.676379927147861326 -0.532756282437198969 0.688115654724384629
-0.679183884641060831 -0.530560902826211822 0.687689454191019900
-0.681966386283084369 -0.528343208615156934 0.687261668760535072
-0.684731811482418573 -0.526100596724770830 0.686832301013909019
-0.688399188026083020 -0.523067352646861439 0.686401353541667092
-0.691139293497066598 -0.520756947873473153 0.685968828943865794
-0.693873865522835032 -0.518413506234965293 0.685534729830076905
-0.696605630619657301 -0.516034705523995330 0.685099058819371831
-0.699337038579429748 -0.513618255460540407 0.684661818540305611
-0.702070289492514710 -0.511161887971417372 0.684223011630901601
-0.705720871373698100 -0.507820741274941367 0.683782640738634817
-0.708465740841591307 -0.505262472066239421 0.683340708520416507
-0.711218253537379219 -0.502656775467754002 0.682897217642577936
-0.713979752600651718 -0.500001383376735276 0.682452170780854406
-0.716751420607007028 -0.497294007431252849 0.682005570620368706
-0.720464559205683530 -0.493599301030288595 0.681557419855615576
-0.723263722970713063 -0.490761560188345214 0.681107721190444715
-0.726075954746528085 -0.487863963744696039 0.680656477338045240
-0.728901838931628077 -0.484904045562243091 0.680203691020928702
-0.732691704264330057 -0.480856158491510255 0.679749364970912762
-0.735551040928589805 -0.477740850052554344 0.679293501929105314
-0.738425121963033559 -0.474554471806406364 0.678836104645886729
-0.742280296711722465 -0.470190506983888312 0.678377175880894634
-0.745188925941950409 -0.466827084335689979 0.677916718403006269
-0.748112168650154064 -0.463382658476986231 0.677454734990322271
-0.752032083965810672 -0.458658340406811471 0.676991228430149805
-0.754988215342821900 -0.455011702649986027 0.676526201518985459
-0.758950359188185764 -0.450004409290218177 0.676059657062499042
-0.761936635624242409 -0.446134750835726179 0.675591597875515815
-0.764934667623965447 -0.442162231937100025 0.675122026782000395
-0.768948843775357438 -0.436696995204842842 0.674650946615038660
-0.771970805905031865 -0.432464599711208209 0.674178360216821981
-0.776013073012615129 -0.426631851468720125 0.673704270438628683
-0.779052873495760911 -0.422106193612528102 0.673228680140807945
-0.782098045258895369 -0.417442380293830628 0.672751592192761816
-0.786163866361253683 -0.410993583026287079 0.672273009472928451
-0.789215095620502405 -0.405970864151441013 0.671792934868764235
-0.793281977796940541 -0.399002791034975324 0.671311371276726909
-0.796327994711216181 -0.393554862228666424 0.670828321602257471
-0.800378530733609872 -0.385962528080513345 0.670343788759763304
-0.803404012678887058 -0.379995039985335126 0.669857775672599853
-0.807413719396883112 -0.371625614143526795 0.669370285273053756
-0.811384473774376946 -0.362714481323860527 0.668881320502324628
-0.814327493540693226 -0.355617728120737664 0.668390884310507527
-0.818187643111577101 -0.345503511383303097 0.667898979656575076
-0.821018800643156799 -0.337339515082477837 0.667405609508359698
-0.824674823402486545 -0.325508405545534507 0.666910776842535635
-0.827293972784990617 -0.315764125770977511 0.666414484644600846
-0.830546049368324546 -0.301279383093687847 0.665916735908859470
-0.833377994482862872 -0.284529760049593794 0.665417533638403169
-0.835063977576841476 -0.269933923220419147 0.664916880845093483
-0.836320439903177171 -0.246588310682772816 0.664414780549543171
-0.835478697313691399 -0.216503115424196257 0.663911235781098785
-0.832097229588991794 -0.186852677743757245 0.663406249577821461
-0.819059673276302136 -0.130746016915210539 0.662899824986468933
-0.777479520410272018 -0.037649152125806384 0.662391965062477772
-0.677969826603793235 0.078914537051685774 0.661882672869943733
-0.126588510622471090 0.115782828286662101 0.661371951481604547
-0.289073355038845681 -0.754305063026621703 0.660859803978820493
-0.633758968621438545 -0.691988445371158112 0.660346233451555964
-0.771424816549876935 -0.566738981780726014 0.659831242998361267
-0.818956435536839056 -0.491743658213351365 0.659314835726353410
-0.841870444705271614 -0.443361770500693420 0.658797014751197674
-0.852656507982195278 -0.416524633621244644 0.658277783197088628
-0.862910449278181169 -0.388170737047339065 0.657757144196731369
-0.870549934778629186 -0.365206055662012252 0.657235100891322421
-0.876681137791229803 -0.345700861980000218 0.656711656430531421
-0.880636016454969361 -0.332644930277826878 0.656186813972481464
-0.885312370119821113 -0.316741900430315082 0.655660576683730012
-0.889486727213145034 -0.302106161816567409 0.655132947739250349
-0.893283706989876025 -0.288394267155578810 0.654603930322411820
-0.896782754089698431 -0.275365468732407082 0.654073527624961182
-0.900036250456421660 -0.262845386251132018 0.653541742847002838
-0.903079616490191528 -0.250703887843950590 0.653008579196979855
-0.905239199496643998 -0.241785263336871226 0.652474039891654756
-0.907968835428201837 -0.230078860431207399 0.651938128156089536
-0.910538644043459300 -0.218523222193944378 0.651400847223626678
-0.912957211444342165 -0.207062584627629886 0.650862200335869279
-0.915229978036726122 -0.195649247890489542 0.650322190742662065
-0.917359880720465259 -0.184241062043986048 0.649780821702071409
-0.919347743855601918 -0.172799486593320506 0.649238096480365567
-0.921192488074268567 -0.161288019084492973 0.648694018351995028
-0.922891195439289547 -0.149670847351396963 0.648148590599572971
-0.924439048563825749 -0.137911614795810877 0.647601816513855399
-0.925829145062830317 -0.125972206434728506 0.647053699393721038
-0.927052173695151138 -0.113811469629100492 0.646504242546151686
-0.928095921908493660 -0.101383779047002465 0.645953449286212344
-0.928944563100934428 -0.088637340217035232 0.645401322937030675
-0.929577641521710518 -0.075512097650512866 0.644847866829777683
-0.929968626793543418 -0.061937067196336848 0.644293084303647068
-0.930082837601923673 -0.047826839617797545 0.643736978705835461
-0.929874416042123064 -0.033076889247228902 0.643179553391521885
-0.929281835801399669 -0.017557144288967486 0.642620811723847774
-0.928221083842746597 -0.001102994108491351 0.642060757073896426
-0.926575040366769853 0.016497544255431817 0.641499392820673031
-0.924176440642361596 0.035522519089801141 0.640936722351083898
-0.920779597086366586 0.056343841098992042 0.640372749059916258
-0.916011600543006010 0.079469460137765846 0.639807476349817827
-0.909284226156777398 0.105608479401802513 0.639240907631276056
-0.899626348727582403 0.135772542907208804 0.638673046322597582
-0.880733114027136388 0.181436942460146078 0.638103895849887803
-0.855933929198065435 0.227072655403350365 0.637533459647030010
-0.814537940772740887 0.284145999652183567 0.636961741155665062
-0.739422151957088158 0.355087233139273595 0.636388743825169967
-0.590220490092441596 0.429798660442377745 0.635814471112637336
-0.294685531579471360 0.417040769160121116 0.635238926482855071
-0.001333361637881558 0.024212258094355198 0.634662113408284490
-0.360654309200239165 -0.463558407250579230 0.634084035369040122
-0.649575581449923334 -0.434529302822061370 0.633504695852868616
-0.785392838654655367 -0.341911211964349371 0.632924098355127196
-0.850094234336435717 -0.262474321527551957 0.632342246378763129
-0.883761718996807000 -0.200590591735761214 0.631759143434292514
-0.905941822705377264 -0.141070429924761154 0.631174793039778748
-0.915657023193164443 -0.103056285145235016 0.630589198720811650
-0.921436705280565871 -0.070820470189287332 0.630002364010486038
-0.924745190552734853 -0.042720214689263292 0.629414292449380408
-0.926615594426158817 -0.011753790952278187 0.628824987585535511
-0.926852286629722188 0.010592954484528516 0.628234452974433477
-0.926260660969160154 0.031342466770471811 0.627642692178975614
-0.924599535308235243 0.055589470302364719 0.627049708769460978
-0.922653835382878040 0.073965586618572055 0.626455506323565503
-0.920224969674604432 0.091657666080556477 0.625860088426319683
-0.916559614513070442 0.113054745907174015 0.625263458670087813
-0.913141958441734514 0.129756283808419470 0.624665620654545006
-0.909293589247003764 0.146205948129188634 0.624066577986656545
-0.903858983682850003 0.166557678428296219 0.623466334280656009
-0.898983104944973910 0.182776152309476858 0.622864893158023070
-0.893598593426493171 0.199028890935203762 0.622262258247461841
-0.886073824943276467 0.219522452070811003 0.621658433184878789
-0.879332397741147354 0.236171407862170335 0.621053421613361412
-0.871844879394605199 0.253159951973368491 0.620447227183155481
-0.861228839298205817 0.275068094590427970 0.619839853551643394
-0.851495716468923414 0.293330002455194805 0.619231304383322301
-0.837305301360986132 0.317434410162733993 0.618621583349781567
-0.823785712911843770 0.338112052468622748 0.618010694129680793
-0.802954121335243909 0.366435599014954039 0.617398640408728050
-0.781539627344981058 0.391896531361519418 0.616785425879656679
-0.753255833953144549 0.420936304945840944 0.616171054242203975
-0.700142311208188262 0.464446665019272120 0.615555529203088425
-0.627849045683638640 0.506247417619398177 0.614938854475987173
-0.435768294935876987 0.548329009692871905 0.614321033781514036
-0.090623517015233690 0.384711381996635959 0.613702070847196968
-0.456975755686050145 -0.346854031379471850 0.613081969407454963
-0.830570985470107548 -0.110757712560486443 0.612460733203576524
-0.883243232651060195 0.104108876156539520 0.611838365983696564
-0.873202352125623582 0.194702935267115518 0.611214871502773316
-0.851794056977474900 0.265861145558932310 0.610590253522566684
-0.833846083935320337 0.306161174290989102 0.609964515811614816
-0.811819837778980369 0.345461029003242159 0.609337662145211567
-0.790269482871721274 0.377408572821999577 0.608709696305383963
-0.773197273903872495 0.399566830349931235 0.608080622080868771
-0.751835751360874882 0.424328636052038299 0.607450443267090412
-0.734582291850450209 0.442381827336909395 0.606819163666137418
-0.712646953503057512 0.463261498315369447 0.606186787086739787
-0.694703772157450716 0.478863027696492916 0.605553317344246333
-0.671667382856891870 0.497211035584933625 0.604918758260600598
-0.647846637441773732 0.514443464764373415 0.604283113664319305
-0.628153584698213030 0.527509636740551513 0.603646387390467831
-0.602655939154624010 0.543015931532222718 0.603008583280637778
-0.581487781395654046 0.554801188005260015 0.602369705182924098
-0.553969383038639296 0.568805447568203948 0.601729756951901340
-0.525149077541887443 0.582054522180737610 0.601088742448600111
-0.501040958107435652 0.592155313600600475 0.600446665540484759
-0.469395647154905338 0.604234780849154163 0.599803530101429061
-0.435757363369379203 0.615829363944753294 0.599159340011693797
-0.407073251924070068 0.624881882009586498 0.598514099157902213
-0.368323328355966984 0.636145471220886827 0.597867811433017704
-0.325080539688115844 0.647698943799145166 0.597220480736319392
-0.285655044489464494 0.657452402871912422 0.596572110973379255
-0.226505585509596929 0.670538356599701069 0.595922706056038476
-0.147459126836458787 0.683583942288578439 0.595272269902383133
-0.026692738630965829 0.687079148596163369 0.594620806436721661
0.129521490930126659 0.646685926371687758 0.593968319589560312
0.340714165991230611 0.345323962078004476 0.593314813297580179
0.031567484681816679 -0.001287733812542361 0.592660291503612213
-0.205554556408206412 0.123078340842786654 0.592004758156615130
-0.236012579049906052 0.218114505962085814 0.591348217211650096
-0.222846747117778132 0.283535768818316769 0.590690672629857860
-0.196354486710780707 0.314694023261458844 0.590032128378433995
-0.168089098376829282 0.327298137497807118 0.589372588430605804
-0.146252370747406046 0.329250237080950803 0.588712056765608116
-0.120684657295022785 0.324974095853923450 0.588050537368658643
-0.097297771502779976 0.315445375110466220 0.587388034230934886
-0.076171971746870570 0.302151752195241596 0.586724551349549261
-0.057315198511460386 0.286077821370510910 0.586060092727525461
-0.043851253276503563 0.271695394743696750 0.585394662373774133
-0.029021341311604484 0.252273105780405238 0.584728264303068901
-0.016373599460850596 0.231658884832465939 0.584060902536021609
-0.005853983031231413 0.210224238506591776 0.583392581099058893
0.002603930583914379 0.188288121454891655 0.582723304024396649
0.009079535629743327 0.166131847749808992 0.582053075350017379
0.013665679573954329 0.144010058372601696 0.581381899119644441
0.016045657779761080 0.126497805095383914 0.580709779382718061
0.017511741723594494 0.105035631014684161 0.580036720194371247
0.017433868074113089 0.084280727675964062 0.579362725615404806
0.015986769030644790 0.064530846910458559 0.578687799712263029
0.013414125345321298 0.046221395231191786 0.578011946557009382
0.010137185947503416 0.030167402621687260 0.577335170227301964
0.007186415215161597 0.018431038038220472 0.576657474806368309
0.009033477146015115 0.019144670232604483 0.575978864382981293
0.124552570182730790 0.126606709602777118 0.575299343051434375
-0.040720864185569194 -0.137101122408385317 0.574618914911516843
-0.044018178389230632 -0.109097618033389118 0.573937584068489048
-0.051450938741256134 -0.109203677393377885 0.573255354633057546
-0.061101334302793284 -0.116745133333688564 0.572572230721350661
-0.072024472592295274 -0.126170675489243100 0.571888216454893183
-0.083843962015828472 -0.135947180794746048 0.571203315960581826
-0.096372242829046578 -0.145487745838500659 0.570517533370660246
-0.109499751280062479 -0.154524034968889723 0.569830872822694068
-0.123156644096933568 -0.162919099919300314 0.569143338459545789
-0.137297337446376844 -0.170597233142569610 0.568454934429350356
-0.151893486375089926 -0.177513024069277575 0.567765664885489074
-0.166930525746661979 -0.183635751331619884 0.567075533986565739
-0.182405890890544542 -0.188940440856357417 0.566384545896380986
-0.198328115068013039 -0.193401993981659165 0.565692704783906763
-0.214716429326045538 -0.196990703201871092 0.565000014823262009
-0.231600670252422314 -0.199668254582735100 0.564306480193686899
-0.249021373020729797 -0.201383640900056504 0.563612105079517756
-0.267029941731069975 -0.202068525710065394 0.562916893670161955
-0.285688760750238635 -0.201631600880038953 0.562220850160072394
-0.305071034141742914 -0.199951402847746734 0.561523978748722397
-0.325259992059238057 -0.196866902687543310 0.560826283640580292
-0.350680304711913693 -0.191007088654241375 0.560127769045084101
-0.372969455323699406 -0.183984106162051353 0.559428439176616110
-0.396356864767616113 -0.174598860844273229 0.558728298254477340
-0.420903113012404906 -0.162324870681896383 0.558027350502862229
-0.446608344477948616 -0.146461212009470626 0.557325600150833100
-0.473350690585851774 -0.126075907182014363 0.556623051432294513
-0.500776427695118986 -0.099938626787770352 0.555919708585968286
-0.528107006593292572 -0.066455873548248640 0.555215575855366850
-0.553809218219757260 -0.023651512727386081 0.554510657488768932
-0.575062253196701567 0.030694145990982247 0.553804957739192694
-0.586997947083031546 0.098489280775641563 0.553098480864371078
-0.577997617188359736 0.197526690343226008 0.552391231126725279
-0.538833718803742201 0.288658584529522977 0.551683212793339983
-0.461356335597861766 0.372321581731880291 0.550974430135936832
-0.347485481609985880 0.425526788173971493 0.550264887430848670
-0.216990003069062104 0.428223586880092100 0.549554588958994228
-0.100268455873057327 0.378825962819584361 0.548843539005852032
-0.019499598287211373 0.295682658458084779 0.548131741861434318
0.024998995728721288 0.184176572908169744 0.547419201820261936
0.028233777574085982 0.099407357047966494 0.546705923181337261
0.011919962817704927 0.028297065620135786 0.545991910248119217
-0.015949493407561511 -0.028872728761100381 0.545277167328497070
-0.050361727898026662 -0.073855860883105653 0.544561698734763899
-0.088561986975694312 -0.108791997749376201 0.543845508783591502
-0.137674083270122788 -0.140028577515111718 0.543128601796003752
-0.180992077711214810 -0.158678677534038887 0.542410982097350503
-0.226816834624152086 -0.171386021236780373 0.541692654017281949
-0.275873727534908020 -0.178243861569691409 0.540973621889721756
-0.340461078545447493 -0.177819254196624477 0.540253890052841745
-0.400489594453865005 -0.168260050729971966 0.539533462849035028
-0.467393172084218933 -0.146859349771652797 0.538812344624890471
-0.541515003138243856 -0.107966807106442103 0.538090539731165718
-0.620578477746613011 -0.042672610468125260 0.537368052522761430
-0.708474907437934620 0.087826546535973382 0.536644887358695422
-0.747126660651346475 0.251698844842095093 0.535921048602074901
-0.709659865198018491 0.452984141136852869 0.535196540620071826
-0.565753313629757337 0.633636445586182262 0.534471367783895701
-0.304653541387547189 0.721618817765731779 0.533745534468767047
-0.108219848580716094 0.678303097451687931 0.533019045053891527
0.023186952974753705 0.582169673356123463 0.532291903922433307
0.095613643700098089 0.477866126726496310 0.531564115461488407
0.132496827593241939 0.368861478178121316 0.530835684062058610
0.140125144601823903 0.296113796829322595 0.530106614119024488
0.137020424890528097 0.238086561147410281 0.529376910031119641
0.126407960805597075 0.183929038849639320 0.528646576200903162
0.115074495679180530 0.148705375834454367 0.527915617034733886
0.103034338397147512 0.120341088779265665 0.527184036942743628
0.088689719676239481 0.093248585748324980 0.526451840338810095
0.077259777130538859 0.075148886888475985 0.525719031640530909
0.066493394012626161 0.060231617729342567 0.524985615269196515
0.056458862396223893 0.047871636915074393 0.524251595649763980
0.045399812481229714 0.035745339905073420 0.523516977210829459
0.036980871478356742 0.027465127539794888 0.522781764384602554
0.029250435001043212 0.020539900332928032 0.522045961606878439
0.020825388202473039 0.013705249740268870 0.521309573317012220
0.014463895928604788 0.009031239615485472 0.520572603957891289
0.008656542043197640 0.005133274523282138 0.519835057975908787
0.002361591810949009 0.001317419834382601 0.519096939820936853
-0.002368314339879848 -0.001256060616719764 0.518358253946300196
-0.007480194559472596 -0.003733979842479985 0.517619004808748007
-0.011310988535734236 -0.005366966293210329 0.516879196868428425
-0.014787221612200233 -0.006666181984232648 0.516138834588860784
-0.018535906922968727 -0.007850448157027920 0.515397922436909073
-0.021344384427610177 -0.008572071576769856 0.514656464882754738
-0.023899488579047688 -0.009089477361367698 0.513914466399869707
-0.026675880553650215 -0.009482798871657053 0.513171931464990072
-0.028786712632963320 -0.009651385526879212 0.512428864558087671
-0.031128675341530958 -0.009696253658508501 0.511685270162344774
-0.032965896523833242 -0.009625123324188550 0.510941152764125550
-0.034744429086821259 -0.009473012779826782 0.510196516852949977
-0.036869914760723321 -0.009202940004757628 0.509451366921466198
-0.038700843872620794 -0.008917738915221421 0.508705707465423762
-0.041072863321862753 -0.008514599150220147 0.507959542983646317
-0.043295669807873950 -0.008131797518568532 0.507212877978004517
-0.045856931294606065 -0.007704160093836503 0.506465716953388712
-0.049574757260561042 -0.007117206503360552 0.505718064417682078
-0.053427695275425832 -0.006540111443458150 0.504969924881733090
-0.059340662489013145 -0.005676925232317196 0.504221302859328868
-0.065771296448870448 -0.004721912931260709 0.503472202867166985
-0.074133981829196505 -0.003400948048510023 0.502722629424828926
-0.087871611561012863 -0.000952745660285907 0.501972587054753117
-0.103929484420107188 0.002421540923655312 0.501222080282206495
-0.132088032216620910 0.009781676543309234 0.500471113635258535
-0.167804738843347401 0.021901649778294258 0.499719691644752828
-0.237629878092829205 0.055480753914589620 0.498967818844280431
-0.336534734690331072 0.131729122330997539 0.498215499770152170
-0.482112087876001960 0.464300072351887916 0.497462738961371664
0.003054851917997092 0.985117563287662534 0.496709540959607176
0.519400202005286249 0.538249568285784963 0.495955910309165471
0.443793139747281629 0.208444064276336716 0.495201851556962724
0.369764798436984621 0.115509828911102008 0.494447369252498770
0.314076028939114904 0.065847755471433289 0.493692467947828284
0.285237447629218932 0.043707395424683965 0.492937152197534589
0.263069978994938780 0.026952195894083472 0.492181426558700674
0.251223408568024886 0.017147944829429385 0.491425295590883215
0.242236766410360849 0.008028192215506727 0.490668763856084045
0.237827283784962512 0.001700282766225372 0.489911835918723060
0.235198341695853963 -0.005032330502437371 0.489154516345610635
0.234691400242034331 -0.010237233328000805 0.488396809705919865
0.235633600854884578 -0.016250143950013410 0.487638720571159257
0.237448527318857933 -0.021200107169918353 0.486880253515145078
0.240616011510510625 -0.027186914817015517 0.486121413113973777
0.243934384802191151 -0.032283865275852461 0.485362203945993942
0.248586490855324166 -0.038596854962967775 0.484602630591779604
0.252931437084253141 -0.044063139122173578 0.483842697634101593
0.258613320174407191 -0.050912527781023523 0.483082409657900780
0.263676694770868580 -0.056890370977837945 0.482321771250259546
0.270079867402640561 -0.064419025528999418 0.481560787000374912
0.275642503326670785 -0.071010400602592949 0.480799461499530345
0.282537341799983188 -0.079325431025007900 0.480037799341068050
0.288428741497671115 -0.086609690008117746 0.479275805120361664
0.295629059594991306 -0.095796906791864880 0.478513483434788112
0.301705492550611187 -0.103839059916675969 0.477750838883700013
0.309048696969768999 -0.113969865207987520 0.476987876068398153
0.315180582385545027 -0.122824543408758188 0.476224599592103282
0.322515952816198270 -0.133959194305829365 0.475461014059928577
0.329785392331224225 -0.145663287435094435 0.474697124078852117
0.335761684598688048 -0.155861482594108230 0.473932934257688454
0.342797740076244195 -0.168643557195408883 0.473168449207061581
0.348518439907567257 -0.179756102281424357 0.472403673539376345
0.355173598181860006 -0.193652177614328680 0.471638611868791302
0.360514149596080635 -0.205705058694566456 0.470873268811190182
0.366636424344844669 -0.220741320295372356 0.470107648984154913
0.371467686624441296 -0.233752032146827632 0.469341757006936922
0.376898688476144217 -0.249944031547486456 0.468575597500429597
0.381085508525571659 -0.263920765893972731 0.467809175087140594
0.385658892564764766 -0.281272264468272193 0.467042494391163687
0.389691099313469957 -0.299253101518816733 0.466275560038151071
0.392599040999003834 -0.314714177659955574 0.465508376655285161
0.395497842355225782 -0.333833316007445258 0.464740948871250947
0.397382405033564645 -0.350230519488050840 0.463973281316208130
0.398955527924835796 -0.370453344193756362 0.463205378621762642
0.399651590728347772 -0.387749855980991931 0.462437245420939558
0.399694833742448630 -0.409021687443980042 0.461668886348154228
0.399027081189063160 -0.427162371598036050 0.460900306039185248
0.397323833216387978 -0.449404386596523708 0.460131509131145422
0.394572243912690412 -0.472132150621952185 0.459362500262455065
0.391427999253072867 -0.491416111833737734 0.458593284072812746
0.386571444299848133 -0.514932554202406134 0.457823865203168145
0.381571897914736891 -0.534809264818407404 0.457054248295693633
0.374365427164464082 -0.558948545533333063 0.456284437993756620
0.365771531211870504 -0.583341147568879670 0.455514438941891142
0.357495910964730212 -0.603810213293837550 0.454744255785770268
0.346163533184094985 -0.628473586370791315 0.453973893172177512
0.335501712171394351 -0.649049055076916126 0.453203355748979131
0.321183364282290329 -0.673680225627323548 0.452432648165096596
0.307934257048473548 -0.694081550544594750 0.451661775070477334
0.290398220580313449 -0.718307961161856245 0.450890741116067750
0.271019808098130088 -0.742129122362140126 0.450119550953784642
0.253425569069511525 -0.761564770319590245 0.449348209236487384
0.230539716677686524 -0.784250918261183316 0.448576720617949509
0.209968098979956386 -0.802508516546316386 0.447805089752831120
0.183463917236121987 -0.823480625042282699 0.447033321296650354
0.154971046594358619 -0.843244128318034969 0.446261419905755630
0.129716350270402736 -0.858639946378870533 0.445489390237297223
0.097626014612430811 -0.875636640457643889 0.444717236949199513
0.069433955790645818 -0.888414059007597734 0.443944964700132727
0.033932154553532157 -0.901880579806459970 0.443172578149484575
-0.003291040984954086 -0.913086416800481526 0.442400081957332769
-0.035526356559331784 -0.920525789286767981 0.441627480784416215
-0.075521002344267230 -0.926971190334341055 0.440854779292107424
-0.109806184141431951 -0.930119968050882151 0.440081982142383921
-0.151892321899628202 -0.931045920231234447 0.439309093997800659
-0.194753428406819029 -0.928674978626613745 0.438536119521461376
-0.230845295827378116 -0.924056305898438124 0.437763063376990780
-0.274316272942220774 -0.915219460075006763 0.436989930228506185
-0.310431599510808232 -0.905037197428814277 0.436216724740589701
-0.353306229793449333 -0.889378421005512898 0.435443451578259699
-0.395296819144620948 -0.869947669283226643 0.434670115406943058
-0.429317283730529020 -0.850894592248709114 0.433896720892446575
-0.468617570648411697 -0.824669477397801054 0.433123272700929207
-0.499820393411288144 -0.800106314641131910 0.432349775498873712
-0.535066088716081967 -0.767543669638069082 0.431576233953058608
-0.567566146354341106 -0.731843266230908451 0.430802652730529700
-0.592310226870077727 -0.699906284339161577 0.430029036498572770
-0.618944012659702003 -0.659249094750333331 0.429255389924684039
-0.638426633380188902 -0.623676842936583542 0.428481717676543417
-0.658394550854611960 -0.579306384418192821 0.427708024421985300
-0.674536038504645274 -0.533492756998538153 0.426934314828971262
-0.685037252326629043 -0.494516273738473733 0.426160593565560908
-0.694139850539457592 -0.447142290344796467 0.425386865299884787
-0.698903475282087516 -0.407423151814983564 0.424613134700115247
-0.701443378923817695 -0.359762025983871858 0.423839406434439070
-0.700871977584870631 -0.312342043480738463 0.423065685171028827
-0.698409769348466547 -0.273100570802310871 0.422291975578014622
-0.693761673999579775 -0.226256664655706902 0.421518282323456672
-0.689289119842266040 -0.187095251362264903 0.420744610075315939
-0.684878918634377665 -0.138839545790978125 0.419970963501427319
-0.684890425852012097 -0.086062669514513634 0.419197347269470222
-0.693564943066227069 -0.032012959418636355 0.418423766046941481
-0.729522541833794280 0.075561548492450559 0.417650224501126266
-0.781384017504918926 0.343352933651395131 0.416876727299070882
0.189991142291978471 0.335595892741881174 0.416103279107553403
-0.166309355446956936 -0.063176669349586989 0.415329884593057030
-0.254407423120812604 -0.053370125525809567 0.414556548421740223
-0.281569711256145383 -0.028955667415545866 0.413783275259410332
-0.281220139353131893 -0.011213447856309677 0.413010069771493848
-0.268866607459590456 0.005957371748101209 0.412236936623009365
-0.249833448092600802 0.019080747100924791 0.411463880478538657
-0.231177820054975114 0.027290109982091235 0.410690906002199319
-0.206913063498874450 0.034220997502065240 0.409918017857616057
-0.185832139637980731 0.037786066722404255 0.409145220707892665
-0.160096545230644011 0.039650179735422522 0.408372519215583762
-0.134328311788892429 0.039106881663778868 0.407599918042667209
-0.113078091171362860 0.036970378745971658 0.406827421850515403
-0.088066338333120525 0.032556335495807734 0.406055035299867251
-0.067762467244199626 0.027460222902042419 0.405282763050800465
-0.044175090078703259 0.019791790171668225 0.404510609762702811
-0.021544203262158550 0.010580575073912123 0.403738580094244404
-0.003479556530133735 0.001834951023667031 0.402966678703349568
0.017187427276709927 -0.009820740886789187 0.402194910247168913
0.033534543480536874 -0.020410936978510642 0.401423279382050524
0.052070537682590706 -0.034063697222900272 0.400651790763512761
0.069406421684337721 -0.048636901655571829 0.399880449046215336
0.082926874341934367 -0.061405938783847480 0.399109258883932283
0.098035994022152448 -0.077391054730360703 0.398338224929522700
0.109698600428730184 -0.091200200522244729 0.397567351834903382
0.122585806870631836 -0.108281754610721967 0.396796644251020736
0.134275156738197676 -0.125844595217295324 0.396026106827822577
0.143111885127987754 -0.140794555573157454 0.395255744214229765
0.152645748351391775 -0.159052816889971138 0.394485561058108725
0.159711883344362648 -0.174490888292163832 0.393715562006243303
0.167154561760583881 -0.193234376732960178 0.392945751704306401
0.172507419565956555 -0.208999799886794541 0.392176134796831943
0.177930450835700332 -0.228051752838466959 0.391406715927187232
0.182282698068856136 -0.247208049328222851 0.390637499737544969
0.185107068300968791 -0.263222635207863542 0.389868490868854556
0.187551277079236467 -0.282470156404987793 0.389099693960814785
0.188814060324904637 -0.298512572593120806 0.388331113651845694
0.189416703224238203 -0.317741217177859858 0.387562754579060531
0.189170067305886425 -0.333728385877207046 0.386794621378237391
0.187989073347551106 -0.352848104097767568 0.386026718683791847
0.185855582830518895 -0.371876753227226353 0.385259051128749030
0.183358497535782039 -0.387650572004131777 0.384491623344714872
0.179506980321903820 -0.406464477154218740 0.383724439961849018
0.175589362641292379 -0.422037112232490852 0.382957505608836291
0.170041769645686153 -0.440586425645512203 0.382190824912859439
0.164713627425097708 -0.455921906072755512 0.381424402499570547
0.157470683273025963 -0.474169933875610905 0.380658242993063167
0.150721948711501297 -0.489242983283493138 0.379892351015845064
0.141756786658670281 -0.507165743529068180 0.379126731188809796
0.131828112760384863 -0.524905621823376078 0.378361388131208842
0.122799294200641396 -0.539548367936442896 0.377596326460623632
0.111028344846936355 -0.556952158816187870 0.376831550792938397
0.100407891400781074 -0.571318225567274074 0.376067065742311524
0.086638897417900151 -0.588398490203205560 0.375302875921148027
0.074260059232927222 -0.602505844403915525 0.374538985940071401
0.058236765714934302 -0.619294102986166939 0.373775400407896752
0.043826666624868615 -0.633178115657807350 0.373012123931601880
0.025128448114039192 -0.649728663416593299 0.372249161116299909
0.008234867594156925 -0.663444834793775140 0.371486516565211977
-0.013846697261214513 -0.679835880669622084 0.370724194879638425
-0.034002008782680448 -0.693456442159982478 0.369962200658932039
-0.060720866641545690 -0.709774012826343670 0.369200538500469633
-0.085562628155163578 -0.723353434258069861 0.368439212999625065
-0.119311289806407039 -0.739594486186471611 0.367678228749740488
-0.151690907404097242 -0.752990734088568092 0.366917590342099198
-0.197541206913422918 -0.768578661581449274 0.366157302365898329
-0.243908325957200023 -0.780537230261858284 0.365397369408220485
-0.314228257474708506 -0.791651002396852821 0.364637796054006091
-0.391555670210904427 -0.794184846802069688 0.363878586886026256
-0.520779241250464153 -0.774682811286170891 0.363119746484854844
-0.673135308206023741 -0.705920210167844786 0.362361279428840721
-0.879822885229756046 -0.437240846824603069 0.361603190294080168
-0.806583697478211237 0.020828811631966815 0.360845483654389343
-0.226440931466977691 0.186112328608906974 0.360088164081276974
0.029402751005939871 -0.052409937394779574 0.359331236143916044
0.074591456076805215 -0.288438394846239621 0.358574704409116762
0.048689231107431646 -0.408467322894870866 0.357818573441299359
0.002537227643351209 -0.498434164037995897 0.357062847802465555
-0.036941354418964234 -0.547584527130516641 0.356307532052171694
-0.082223344555327926 -0.588388834096754576 0.355552630747501208
-0.117947155783300867 -0.612556043556594543 0.354798148443037253
-0.158755373118858845 -0.633548991426207020 0.354044089690834618
-0.191407670549080117 -0.646112721887880825 0.353290459040392801
-0.229375345259150709 -0.656634506750431113 0.352537261038628369
-0.260260159181032513 -0.662277784234066691 0.351784500229847863
-0.296666466867292922 -0.665847951147234829 0.351032181155719714
-0.326602811677844163 -0.666429818915734273 0.350280308355247205
-0.356266314235592407 -0.664996390353055800 0.349528886364741498
-0.391580506239509463 -0.660742742418166329 0.348777919717793483
-0.420808636205735720 -0.655144809380960313 0.348027412945247028
-0.455649947251986598 -0.645992240941149820 0.347277370575171052
-0.484470960207607049 -0.636333351661700131 0.346527797132833160
-0.518743881944997876 -0.622279549379905927 0.345778697140671221
-0.546976940768454822 -0.608484941037879645 0.345030075118266999
-0.574831032573794642 -0.592764121864799876 0.344281935582318011
-0.607622118588225901 -0.571312967553619599 0.343534283046611377
-0.634287963679066480 -0.551249456460991327 0.342787122021995572
-0.665300485926262564 -0.524517935123631762 0.342040457016353661
-0.690150432535388214 -0.500018430829341387 0.341294292534576271
-0.718536854566931948 -0.467960634910202511 0.340548633078533836
-0.740794155884663463 -0.439060225445637053 0.339803483147050112
-0.761586058376354846 -0.408222873856730950 0.339058847235874428
-0.784337617905346729 -0.368763222319933193 0.338314729837655315
-0.801243636220399513 -0.333950830149304712 0.337571135441912362
-0.816085764681387493 -0.297520399040162142 0.336828068535010128
-0.830926086654768969 -0.251890003840056775 0.336085533600130215
-0.840631045945956279 -0.212487825153239829 0.335343535117245406
-0.848878015729392921 -0.163872123867594921 0.334602077563091016
-0.852790788343736006 -0.122526556886730364 0.333861165411139194
-0.853931488949988826 -0.080696683679053582 0.333120803131571552
-0.851586903214626600 -0.030239276452057429 0.332380995191252027
-0.846538755595132808 0.011705513278353452 0.331641746053699893
-0.838720186380966792 0.053266825863465594 0.330903060179063069
-0.825794920968514035 0.102265852182595818 0.330164942024091357
-0.812209521275201962 0.142082622984527507 0.329427396042108855
-0.796226362627429962 0.180740235439825703 0.328690426682987813
-0.774134422906879616 0.225331211455762181 0.327954038393121539
-0.753533309704311538 0.260807852722880429 0.327218235615397535
-0.731169812176046929 0.294626240143170848 0.326483022789170574
-0.702320825673415694 0.332904593777968771 0.325748404350236054
-0.676863966570533493 0.362831107090640703 0.325014384730803463
-0.650350508620706980 0.390954717870790169 0.324280968359469235
-0.617426087848857996 0.422357421336069072 0.323548159661190049
-0.589284044521208306 0.446633379940729602 0.322815963057256461
-0.560677417060250205 0.469270170764397421 0.322084382965266092
-0.525933961255685034 0.494406708977607356 0.321353423799096927
-0.496769612552257822 0.513794205353892197 0.320623089968880448
-0.467507328550188117 0.531892222400871750 0.319893385880975489
-0.438208914040162045 0.548826085875025127 0.319164315937941478
-0.403053371855809472 0.567787379112271617 0.318435884538511682
-0.373771590392967701 0.582599649843323020 0.317708096077566726
-0.344488874603706030 0.596636666309661945 0.316980954946108506
-0.309297210246783916 0.612606071075356695 0.316254465531233042
-0.279860952210431502 0.625292909791717144 0.315528632216104443
-0.250245472095975752 0.637496678702823005 0.314803459379928152
-0.220360742401786325 0.649275462930564817 0.314078951397925132
-0.183998576469114911 0.662901664058850315 0.313355112641304667
-0.153146814687835475 0.673850256742537512 0.312631947477238548
-0.121666723658897247 0.684418195797602325 0.311909460268834315
-0.089434362117619182 0.694568431022188459 0.311187655375109562
-0.056326124595187432 0.704236986906650375 0.310466537150965005
-0.015272846410361085 0.715071871703407358 0.309746109947158288
0.020168844339891800 0.723316451673585048 0.309026378110278277
0.056828998161426059 0.730683913479337699 0.308307345982718140
0.094779576828189549 0.736991399736923736 0.307589017902649531
0.142085207570103733 0.742865863787341763 0.306871398203996282
0.182987779161173481 0.746075711652546048 0.306154491216408586
0.225202370294083132 0.747485454629234658 0.305438301265236245
0.268649512393631940 0.746833048166720803 0.304722832671503130
0.313200417167696032 0.743854381804642917 0.304008089751880761
0.358674230823164075 0.738292860514936589 0.303294076818662772
0.414128438871971705 0.727876051002487534 0.302580798179738097
0.460738624964635524 0.715835936332020473 0.301868258138565604
0.507350935224557986 0.700570949772079232 0.301156460994148056
0.553588406255209775 0.681977103153779018 0.300445411041005861
0.599047600663595525 0.660013053415390516 0.299735112569151418
0.643311648903696298 0.634706262965683887 0.299025569864063145
0.694266560282656098 0.600070387237249259 0.298316787206659995
0.734461984031167026 0.567858376599786330 0.297608768873274754
0.772210009504089800 0.532864315012591350 0.296901519135629122
0.807196654641235245 0.495393849358367999 0.296195042260807340
0.839164608251546262 0.455797785202748496 0.295489342511231157
0.867920121512469667 0.414458838792896356 0.294784424144633184
0.893336371830433684 0.371777531725340560 0.294080291414031747
0.915353340685580497 0.328158241859251743 0.293376948567705464
0.933974546843825859 0.283996312102810067 0.292674399849167044
0.949261202905374191 0.239666922053867304 0.291972649497137970
0.963363137100017974 0.186735483954453829 0.291271701745522582
0.971762417516809918 0.143205648421177001 0.290571560823383868
0.977314649035565752 0.100485277115951177 0.289872230954915933
0.980230218036344692 0.058795615691456249 0.289173716359419908
0.980732167980364999 0.018316790631473290 0.288476021251277581
0.979048887731834183 -0.020810323525451702 0.287779149839927695
0.975407957938079329 -0.058481184704548272 0.287083106329838189
0.970031201024749379 -0.094623980067796765 0.286387894920482278
0.963130894724327113 -0.129195658570534999 0.285693519806313190
0.954907050230834997 -0.162177859039798922 0.284999985176738024
0.945545621233405575 -0.193572931727219066 0.284307295216093381
0.935217494776493852 -0.223400193553803195 0.283615454103619102
0.924078114156188457 -0.251692507166765667 0.282924466013434350
0.912267593252361619 -0.278493232988286987 0.282234335114511015
0.899911196803306002 -0.303853571912399922 0.281545065570649733
0.887120079108728476 -0.327830293311941023 0.280856661540454244
0.873992192217488251 -0.350483827442017226 0.280169127177306077
0.860613292367594207 -0.371876691699843998 0.279482466629339732
0.847057989437071668 -0.392072215112959310 0.278796684039418097
0.833390797946538697 -0.411133523809242563 0.278111783545106850
0.819667159742627605 -0.429122750778141160 0.277427769278649428
0.805934417819079818 -0.446100435454156674 0.276744645366942488
0.792232728172257539 -0.462125081612444921 0.276062415931510929
0.778595902258263695 -0.477252845571958628 0.275381085088483135
0.765052176893605163 -0.491537330214230628 0.274700656948565658
0.751624911550441532 -0.505029463779814058 0.274021135617018741
0.740979919862220116 -0.515285159807052029 0.273342525193631669
0.727807939583079655 -0.527470687606333311 0.272664829772698014
0.714796959638456353 -0.538991964475374008 0.271988053442990652
0.701956969003764586 -0.549889657536339782 0.271312200287737060
0.689295516441645884 -0.560201876856431524 0.270637274384595228
0.676818059198096456 -0.569964276201042286 0.269963279805628786
0.664528268120074150 -0.579210164287607299 0.269290220617281972
0.652428293826765482 -0.587970622232971030 0.268618100880355593
0.640518998299581588 -0.596274623830353234 0.267946924649982543
0.631128730902478119 -0.602607375515059829 0.267276695975603384
0.619561469201322823 -0.610156503798382155 0.266607418900941251
0.608182053593396277 -0.617320110173950498 0.265939097463978480
0.596988064791880269 -0.624120240554459915 0.265271735696931188
0.585976540088152587 -0.630577386332476397 0.264605337626225900
0.575144071896558029 -0.636710587114100779 0.263939907272474572
0.566604496084541442 -0.641395834888130789 0.263275448650450827
0.556084638024604061 -0.646989649710784431 0.262611965769065092
0.545732600460662298 -0.652305913958778238 0.261949462631341390
0.535543956010843591 -0.657358990727509807 0.261287943234391862
0.525514138178318602 -0.662162208149572717 0.260627411569394229
0.517601505294285946 -0.665833222978684192 0.259967871621566038
0.507845767354673350 -0.670217247200600719 0.259309327370142229
0.498235634240756120 -0.674383813603898541 0.258651782788349882
0.488766312557631810 -0.678342927372277082 0.257995241843384959
0.481289015489853256 -0.681367105338357648 0.257339708496387765
0.472061073345117210 -0.684975702760135863 0.256685186702419799
0.462960549938007337 -0.688401108163351205 0.256031680410439610
0.453982712687918788 -0.691650787369002651 0.255379193563278428
0.446885623220590555 -0.694128663738364571 0.254727730097616900
0.438116833117802473 -0.697079072366915131 0.254077293943961557
0.429457721317783869 -0.699871773803484754 0.253427889026620723
0.422606345591217514 -0.701996103241486979 0.252779519263680752
0.414133247137037808 -0.704518520688924621 0.252132188566982385
0.405757258834340107 -0.706897571702908456 0.251485900842097765
0.399123447522510721 -0.708700523603212451 0.250840659988306292
0.390911282663073512 -0.710832225540996343 0.250196469898570972
0.382784145018040090 -0.712831823012521903 0.249553334459515330
0.376340832390384850 -0.714338659983716928 0.248911257551399867
0.368356210063871203 -0.716108745504616673 0.248270243048098749
0.360445019410564893 -0.717755375375430216 0.247630294817075935
0.354166229788934361 -0.718985497858495970 0.246991416719362256
0.346377108102545961 -0.720416087680757489 0.246353612609532258
0.338650289280101213 -0.721729609995135801 0.245716886335680784
0.332511091766641842 -0.722697347088325559 0.245081241739399380
0.324886709562426490 -0.723804480503651426 0.244446682655753811
0.318824542844336922 -0.724608997788865894 0.243813212913260191
0.311290380340512152 -0.725514113243735381 0.243180836333862671
0.303801171657492763 -0.726308387007432943 0.242549556732909621
0.297839731511730932 -0.726864483494251257 0.241919377919131262
0.290422328731786028 -0.727460879268355898 0.241290303694616182
0.284513714489186942 -0.727859211668549055 0.240662337854788411
0.277156642396110486 -0.728258746489523490 0.240035484188385162
0.271291784032644645 -0.728499622527795654 0.239409746477433349
0.263983841205475800 -0.728702050894836084 0.238785128497226773
0.258153885648658432 -0.728784769963633172 0.238161634016303414
0.250884140203420869 -0.728788583465576734 0.237539266796423398
0.245080449446620552 -0.728711429270051059 0.236918030592545070
0.237838238714702777 -0.728513838721964957 0.236297929152803232
0.232052391270765657 -0.728274058117460044 0.235678966218485830
0.224827325881383211 -0.727870958538018087 0.235061145524012804
0.219051121983210140 -0.727464726632007563 0.234444470796911636
0.211833094947497025 -0.726850644921093414 0.233828945757796114
0.206058566027032097 -0.726273016117663595 0.233214574120343354
0.198837767591603154 -0.725441040737044851 0.232601359591271956
0.193057190776510124 -0.724685884946354775 0.231989305870319185
0.185824130148722122 -0.723627576357580349 0.231378416650218466
0.180030048825967570 -0.722687499124360255 0.230768695616677788
0.174227647767074334 -0.721662508851329321 0.230160146448356639
0.166960836279147096 -0.720259023940251542 0.229552772816844636
0.161134689222351912 -0.719035996755626461 0.228946578386638622
0.153833971326152619 -0.717378372018284027 0.228341566815121244
0.147977411082325983 -0.715946370404092702 0.227737741752538220
0.142105298460451557 -0.714417544450439923 0.227135106841976964
0.134741468267821352 -0.712366297906337653 0.226533665719343968
0.128830054532333760 -0.710609668612619094 0.225933422013343488
0.122899364887111617 -0.708746976473460633 0.225334379345455083
0.115457316906869334 -0.706264531633354897 0.224736541329912165
0.109479541993823648 -0.704151115413187756 0.224139911573680239
0.103479330630735444 -0.701920433242313901 0.223544493676434614
0.095946257111433675 -0.698961221496512408 0.222950291230539055
0.089892647603094677 -0.696452102909327908 0.222357307821024419
0.083814203263047116 -0.693812204960945644 0.221765547025566445
0.077710382029856195 -0.691036841760310105 0.221175012414464467
0.070044272814680453 -0.687369559782332606 0.220585707550619681
0.063881962672155568 -0.684270834882784174 0.219997635989513968
0.057693341720638669 -0.681019460924712883 0.219410801279188383
0.051478430137801900 -0.677609491775445161 0.218825206960221313
0.043673134367986699 -0.673114397085259109 0.218240856565707519
0.037400079955673016 -0.669324063461063323 0.217657753621236849
0.031102115548074738 -0.665353375711149608 0.217075901644872893
0.024780157109159595 -0.661194821596393423 0.216495304147131529
0.016845818172627369 -0.655720319063589407 0.215915964630959911
0.010474724292747484 -0.651109401253006759 0.215337886591715516
0.004084721348110609 -0.646283212003876617 0.214761073517145018
-0.002321838433104684 -0.641232325007566217 0.214185528887362697
-0.008742154801475777 -0.635946811806835877 0.213611256174830066
-0.015172927446284123 -0.630416222958179784 0.213038258844334860
-0.023220161499428793 -0.623141556803019192 0.212466540352969940
-0.029659400332025854 -0.617018525230955017 0.211896104150112174
-0.036094174009995705 -0.610612655716480490 0.211326953677402479
-0.042518332786073476 -0.603911108600094559 0.210759092368723977
-0.048924846652630416 -0.596900454262009661 0.210192523650182150
-0.055305708086531624 -0.589566670893483691 0.209627250940083665
-0.061651825353739642 -0.581895148079814684 0.209063277648916135
-0.067952905732549140 -0.573870697549774489 0.208500607179326947
-0.074197328088964287 -0.565477572626125524 0.207939242926103607
-0.080372004277499631 -0.556699498162508521 0.207379188276152232
-0.086462228944340885 -0.547519713055091062 0.206820446608478120
-0.092451517445810649 -0.537921027696749432 0.206263021294164489
-0.099767896576469062 -0.525306840684095722 0.205706915696352854
-0.105459387316021280 -0.514701106710448553 0.205152133170222351
-0.110981895704694272 -0.503618701355902698 0.204598677062969414
-0.116309294947239350 -0.492041726489840181 0.204046550713787689
-0.121412642854840741 -0.479952525714554157 0.203495757453848236
-0.126259957637909231 -0.467333911928098478 0.202946300606278940
-0.129706347143460909 -0.457512593976336757 0.202398183486144662
-0.134018695654282927 -0.443928556546931419 0.201851409400427062
-0.137969544965890700 -0.429772651563426311 0.201305981648004950
-0.141513529000840271 -0.415032284811052421 0.200761903519634410
-0.144601231291460297 -0.399697100162491825 0.200219178297928596
-0.147179029856032012 -0.383759532408519455 0.199677809257337857
-0.149188986140276619 -0.367215433805740676 0.199137799664130727
-0.150568792956813524 -0.350064777358281232 0.198599152776373439
-0.151251798841309570 -0.332312437876716105 0.198061871843910497
-0.151167128770478748 -0.313969049268650713 0.197525960108345194
-0.150239923584748664 -0.295051933005120059 0.196991420803020012
-0.148391722556073552 -0.275586088147146913 0.196458257152997223
-0.146352229355892344 -0.260646524372446453 0.195926472375038851
-0.142694731118912677 -0.240307366876994916 0.195396069677588241
-0.137887115272278205 -0.219536349232054506 0.194867052260749796
-0.131844015100600065 -0.198396582132361943 0.194339423316269994
-0.124481023467448243 -0.176963722340675644 0.193813186027518514
-0.118043259700532574 -0.160749764795829392 0.193288343569468529
-0.108176385566868538 -0.139026590900892255 0.192764899108677640
-0.096777132880563652 -0.117288998049932175 0.192242855803268775
-0.083781838699428623 -0.095665103565215473 0.191722216802911405
-0.069138063611560815 -0.074297104753205459 0.191202985248802360
-0.057049662768643310 -0.058532114736213794 0.190685164273646623
-0.039438405287914403 -0.037993386169716863 0.190168757001638655
-0.020114733985283802 -0.018165900160598696 0.189653766548444014
0.000907414208061010 0.000766844967074642 0.189140196021179541
0.017767003488607835 0.014265784747389456 0.188628048518395514
0.041655896636813149 0.031177388594163989 0.188117327130056300
0.067078135569875630 0.046673560765594632 0.187608034937522289
0.087086046951887514 0.057256161568501232 0.187100175013531100
0.114911387068426574 0.069840118230498183 0.186593750422178684
0.143904597150947999 0.080531990081074464 0.186088764218901248
0.166308597924308715 0.087221854195201592 0.185585219450456806
0.196900157881317567 0.094269867643676244 0.185083119154906633
0.228116639527306764 0.099086853273906011 0.184582466361596864
0.251802149478622839 0.101190261215258759 0.184083264091140619
0.283557196343756146 0.101945059954289971 0.183585515355399187
0.307372504720972328 0.100963611074624385 0.183089223157464454
0.338931743494296056 0.097599072599251047 0.182594390491640279
0.370052083390677633 0.091920368311113027 0.182101020343424957
0.392967152597891112 0.086181675287930748 0.181609115689492451
0.422781048351891453 0.076629940412877046 0.181118679497675406
0.444477392444766695 0.068102412351743025 0.180629714726946222
0.472374092319095940 0.055018940698966068 0.180142224327400208
0.492433696790300357 0.044001151496005225 0.179656211240236729
0.517915256347618369 0.027830506743626582 0.179171678397742395
0.536011933976537569 0.014683314174870343 0.178688628723273041
0.558708438782536621 -0.004067765467148154 0.178207065131235742
0.574613549972137205 -0.018952429704750029 0.177726990527071554
0.594283543041133067 -0.039755679204914574 0.177248407807238162
0.607861372155037549 -0.055983697311667857 0.176771319859192089
0.624379961968705599 -0.078324676506747792 0.176295729561371350
0.635575176751513538 -0.095523360663680501 0.175821639783178052
0.645748598832924570 -0.113033025705180479 0.175349053384961262
0.657733641188105178 -0.136763566226902833 0.174877973217999694
0.665549540009241825 -0.154780689642923297 0.174408402124484219
0.674429219439049210 -0.179003689994215204 0.173940342937500991
0.679950372002387837 -0.197264561318614695 0.173473798481014518
0.684511547450516455 -0.215562235262988289 0.173008771569850284
0.689124789855092068 -0.239956959260075292 0.172545265009677762
0.691501312972209847 -0.258212255462032747 0.172083281596993737
0.692962944542756754 -0.276403524119481603 0.171622824119105372
0.693506052883867019 -0.300520559620646444 0.171163895354113277
0.692868451391859708 -0.318480404278379869 0.170706498070894802
0.691339256620458031 -0.336312972005700872 0.170250635029087161
0.687911608096239080 -0.359869087617047168 0.169796308979071303
0.684291219117856508 -0.377356360236593968 0.169343522661954737
0.679757396120578949 -0.394678887022448688 0.168892278809555235
0.672256707277844479 -0.417504296042618461 0.168442580144384513
0.665502608023832209 -0.434408564505045003 0.167994429379631272
0.657738727579111115 -0.451117885033160970 0.167547829219145628
0.648915589009276150 -0.467620226812631490 0.167102782357422014
0.638971581688263290 -0.483899990184833262 0.166659291479583554
0.623836307959516723 -0.505222810200204542 0.166217359261365216
0.610954349086483495 -0.520887912777358020 0.165776988369098488
0.596631678698520518 -0.536225023887739738 0.165338181459694394
0.580727718887609656 -0.551173540276738594 0.164900941180628258
0.563075412507707984 -0.565650077142220153 0.164465270169923072
0.543477344116709449 -0.579540124405623969 0.164031171056134129
0.513913845462168561 -0.596868500474708630 0.163598646458332858
0.488808310307538130 -0.608676174811412896 0.163167698986090987
0.460833064590082331 -0.619110247252028345 0.162738331239465017
0.429626264062050789 -0.627723369917940865 0.162310545808980133
0.394797838313556082 -0.633904134812995235 0.161884345275615377
0.355953863692624384 -0.636819156624513272 0.161459732210787160
0.312746512669808907 -0.635338897654704415 0.161036709176334170
0.264967766483629186 -0.627948859826057859 0.160615278724501848
0.212714454704142714 -0.612657440369713480 0.160195443397927406
0.156661483983103977 -0.586933413543926585 0.159777205729623673
0.098479712392891744 -0.547747992817309459 0.159360568242964351
0.041399655266244062 -0.491863556072016650 0.158945533451668869
-0.009195768548426853 -0.416582603032292553 0.158532103859786916
-0.045515945176759026 -0.321151813748417836 0.158120281961683429
-0.058129539651809212 -0.208701503732045213 0.157710070242023437
-0.038435706806598649 -0.087826796654252248 0.157301471175757601
0.017464035693604739 0.027882849803301208 0.156894487228106394
0.105648351965505538 0.123510073965298353 0.156489120854546221
0.214805267447514936 0.188221254646414038 0.156085374500793544
0.330506449978867578 0.218800691700808014 0.155683250602791229
0.440303377324284761 0.219124337232109834 0.155282751586692802
0.536514434687784370 0.196877637345993367 0.154883879868848662
0.616188203769308496 0.160220241124733404 0.154486637855791142
0.679609714741893134 0.115878351830546455 0.154091027944219749
0.713782630976337207 0.084476173759585271 0.153697052520987060
0.754687873476516891 0.037030537908091077 0.153304713963084344
0.785340107022473477 -0.009048281492953114 0.152914014637626994
0.807922195241291830 -0.052639504843130069 0.152524956901840314
0.824241696650821476 -0.093246924803161102 0.152137543103045308
0.832366200636130205 -0.118588924669888685 0.151751775578644582
0.841284437654853168 -0.154050132871317802 0.151367656656108324
0.847097634515041165 -0.186598039530909365 0.150985188652959929
0.850527287424310385 -0.216452857724460601 0.150604373876762149
0.852125267133206910 -0.243855375542785968 0.150225214625103520
0.852385911295908905 -0.260879706655158639 0.149847713185584097
0.851820131873245012 -0.284719057854510016 0.149471871835801767
0.850342513407461142 -0.306709520374237488 0.149097692843338375
0.848956649758386583 -0.320438546072649877 0.148725178465746399
0.846402196842529486 -0.339764991549102779 0.148354330950535129
0.843396653495260717 -0.357710646304157498 0.147985152535156927
0.841196462995591698 -0.368977364244263306 0.147617645446993906
0.837666308432406637 -0.384925517399779482 0.147251811903344576
0.833922796412259526 -0.399831447567660980 0.146887654111410415
0.831337080607918555 -0.409239755422236728 0.146525174268282266
0.827357904662866961 -0.422625600805698998 0.146164374560927651
0.823291457467411503 -0.435211058960363606 0.145805257166176955
0.820547356841749398 -0.443192570542263298 0.145447824250710761
0.816400174130121781 -0.454599759251150592 0.145092077971046479
0.813623707217860370 -0.461853225296430581 0.144738020473525603
0.809454289150902229 -0.472245901192912487 0.144385653894300470
0.806677711359872096 -0.478870234934660965 0.144034980359321579
0.802526170787412174 -0.488383152181845859 0.143686001984324796
0.799771590348987482 -0.494460026658647966 0.143338720874818359
0.795665377009238339 -0.503204836148977708 0.142993139126070229
0.792947878801723904 -0.508802160642393253 0.142649258823095815
0.788905637527775205 -0.516872022560698197 0.142307082040644906
0.786235401475484763 -0.522046660153636100 0.141966610843189456
0.782269603600692642 -0.529519851846510292 0.141627847284910818
0.779653357655882395 -0.534319747590928484 0.141290793409687837
0.775772115380787053 -0.541262493668542399 0.140955451251084163
0.773214142568487528 -0.545728347361116639 0.140621822832335985
0.769422472527845125 -0.552197049321310751 0.140289910166339848
0.766925315565502475 -0.556363636709135800 0.139959715255640799
0.764452905339861322 -0.560419132701779232 0.139631240092419895
0.760790985380936369 -0.566303860615202770 0.139304486658482385
0.758380945509697812 -0.570100780293129383 0.138979456925245687
0.755995925538904268 -0.573801302121249468 0.138656152853727538
0.752465253537922152 -0.579179365189041340 0.138334576394534364
0.750142620260577098 -0.582654627531539404 0.138014729487848986
0.747844795526879214 -0.586045590985301956 0.137696614063419348
0.744444302204783304 -0.590980633641201125 0.137380232040546862
0.742207920744241134 -0.594173916048288508 0.137065585328074641
0.739995835453263640 -0.597292967239800632 0.136752675824376058
0.737807862256049884 -0.600340352616866468 0.136441505417343317
0.734570679080659206 -0.604782369543997889 0.136132075984376016
0.732442101553278269 -0.607661028698766148 0.135824389392369904
0.730336902735780447 -0.610476084683343134 0.135518447497705474
0.728254853953363757 -0.613229607751001327 0.135214252146237057
0.726195720321541449 -0.615923575612925989 0.134911805173281107
0.723149459417599783 -0.619856974416020168 0.134611108403605934
0.721146554171136378 -0.622410147093799160 0.134312163651419847
0.719165706800211524 -0.624910032292035567 0.134014972720361059
0.717206665562072021 -0.627358252782014292 0.133719537403486022
0.715269176824862463 -0.629756364192449070 0.133425859483258913
0.713352985680387075 -0.632105858584406599 0.133133940731541361
0.711457836306249036 -0.634408167936064138 0.132843782909580932
0.708654005142533960 -0.637776152898060888 0.132555387768000910
0.706810339068517202 -0.639966397990898050 0.132268757046789781
0.704986818400736848 -0.642114040360572735 0.131983892475290826
0.703183187852512104 -0.644220277967862631 0.131700795772191348
0.701399193208947502 -0.646286263655790005 0.131419468645512461
0.699634581325979998 -0.648313107532990984 0.131139912792598762
0.697889100393980222 -0.650301878995524829 0.130862129900108481
0.696162500083563729 -0.652253608699091880 0.130586121644002573
0.694454531698028621 -0.654169290392151770 0.130311889689535138
0.692764948306635930 -0.656049882642947724 0.130039435691243210
0.691093504859522589 -0.657896310466386081 0.129768761292936907
0.689439958288400545 -0.659709466857382076 0.129499868127689266
0.687804067596550217 -0.661490214234506602 0.129232757817826449
0.686185593948398731 -0.663239385794971548 0.128967431974918306
0.685382814486157566 -0.664102383346822478 0.128703892199768077
0.683790023465046137 -0.665805692663345106 0.128442140082403289
0.682214062228438278 -0.667479389615364571 0.128182177202065650
0.680654699971011912 -0.669124214807617301 0.127924005127202034
0.679111708270456749 -0.670740884894454492 0.127667625415454483
0.677584861139108985 -0.672330093567615417 0.127413039613651358
0.676073935047063257 -0.673892512507513364 0.127160249257797620
0.675324373217754625 -0.674663879929422339 0.126909255873065646
0.673836915019856986 -0.676187327704962038 0.126660060973786071
0.672364829956887400 -0.677685574413254166 0.126412666063438650
0.670907903277913054 -0.679159221457276696 0.126167072634643274
0.669465922761664278 -0.680608851925466496 0.125923282169150691
0.668750471686679893 -0.681324838327694193 0.125681296137833798
0.667330518049181753 -0.682739498898501718 0.125441116000678810
0.665924991125452559 -0.684131525064448076 0.125202743206776296
0.664533687582774202 -0.685501441184214855 0.124966179194312452
0.663843306727698423 -0.686178267621151639 0.124731425390560466
0.662472962535989862 -0.687515968377258924 0.124498483211871971
0.661116344448888449 -0.688832803970739649 0.124267354063668414
0.660443121811820744 -0.689483545675346643 0.124038039340432532
0.659106728954857335 -0.690769966157081861 0.123810540425700069
0.657783580608202301 -0.692036678825518781 0.123584858692051325
0.657126914186369482 -0.692662782773598606 0.123360995501102993
0.655823280317701651 -0.693900755198901709 0.123138952203499741
0.655176266718815459 -0.694512729137176765 0.122918730138906251
0.653891731942349730 -0.695722910634391178 0.122700330635999083
0.652619703172388044 -0.696915072873838581 0.122483755012458659
0.651988322637517381 -0.697504520150254992 0.122269004574961190
0.650734718778633758 -0.698670387878939869 0.122056080619171087
0.650112451695231464 -0.699246902718095753 0.121844984429732739
0.648876878936246904 -0.700387325531236948 0.121635717280263234
0.648263530379111663 -0.700951324118186392 0.121428280433344166
0.647045602789687480 -0.702067117650507222 0.121222675140514505
0.646440981740158627 -0.702618999623072837 0.121018902642262602
0.645240321145600149 -0.703710947244145957 0.120816964168019139
0.644644240429790294 -0.704251096513239694 0.120616860936149317
0.644050965552445343 -0.704787417588738085 0.120418594153945749
0.642872752498428124 -0.705848736445357061 0.120222165017621091
0.642287774257289334 -0.706373813561145591 0.120027574712300855
0.641125975196459530 -0.707412997673909416 0.119834824412016289
0.640549115122670210 -0.707927180972329984 0.119643915279697144
0.639974922074289521 -0.708437808484494447 0.119454848467164781
0.638834460004730542 -0.709448543444632374 0.119267625115125314
0.638268152786883425 -0.709948723372290091 0.119082246353162544
0.637143291465114836 -0.710938885897737238 0.118898713299731174
0.636584699941083021 -0.711428938264290656 0.118717027062150135
0.636028643105086666 -0.711915683819243417 0.118537188736595883
0.635475102563986094 -0.712399156365521202 0.118359199408095833
0.634375497414803591 -0.713356415549212364 0.118183060150521657
0.633829396644162157 -0.713830267714745448 0.118008772026582914
0.633285739835601769 -0.714300977944373749 0.117836336087820667
0.632744509215028894 -0.714768578000900101 0.117665753374601195
0.631669256036097582 -0.715694572713475696 0.117497024916109374
0.631135198526900476 -0.716153028976134753 0.117330151730342946
0.630603497304406235 -0.716608498289221019 0.117165134824105996
0.630074135186978412 -0.717061010530744669 0.117001975193003135
0.629547095113948019 -0.717510595215324898 0.116840673821433358
0.628499913428944068 -0.718401098207341882 0.116681231682584041
0.627979738271341459 -0.718842073789748737 0.116523649738425272
0.627461818062634791 -0.719280236377034088 0.116367928939703880
0.626946136313250024 -0.719715613760236295 0.116214070225937813
0.626432676648144948 -0.720148233398893112 0.116062074525410328
0.625921422800487015 -0.720578122429396561 0.115911942755164490
0.625412358617229769 -0.721005307665952166 0.115763675820997711
0.624905468053461699 -0.721429815608151559 0.115617274617456051
0.624400735177067290 -0.721851672441936043 0.115472740027829104
0.623898144161516677 -0.722270904048515239 0.115330072924144461
0.623397679289948048 -0.722687536005280684 0.115189274167162514
0.622899324953942291 -0.723101593590754654 0.115050344606371285
0.622403065651666698 -0.723513101789489022 0.114913285079981331
0.621908885985922533 -0.723922085296821005 0.114778096414920497
0.621416770667247320 -0.724328568520532734 0.114644779426829185
0.620926704511358563 -0.724732575586397698 0.114513334920055415
0.620438672438991534 -0.725134130341364203 0.114383763687649603
0.619952659473811507 -0.725533256358480649 0.114256066511360263
0.619468650743561722 -0.725929976939423960 0.114130244161628980
0.618986631479287785 -0.726324315118458075 0.114006297397585929
0.618506587016625087 -0.726716293664669499 0.113884226967045130
0.618028502789825906 -0.727105935089184863 0.113764033606500142
0.617552364336734105 -0.727493261644744038 0.113645718041119337
0.617552364336734105 -0.727493261644744038 0.113529280984741868
0.617078157298612484 -0.727878295329285163 0.113414723139873122
0.616605867412430730 -0.728261057893617392 0.113302045197680529
0.616135480523112067 -0.728641570836562780 0.113191247837989437
0.615666982568280452 -0.729019855417678331 0.113082331729278909
0.615666982568280452 -0.729019855417678331 0.112975297528677909
0.615200359590203916 -0.729395932652458390 0.112870145881961009
0.614735597729455185 -0.729769823319110000 0.112766877423544909
0.614272683224507010 -0.730141547961623116 0.112665492776484119
0.614272683224507010 -0.730141547961623116 0.112565992552467672
0.613811602415403890 -0.730511126890097229 0.112468377351815099
0.613352341736596030 -0.730878580187972471 0.112372647763472971
0.613352341736596030 -0.730878580187972471 0.112278804365011281
0.612894887726825432 -0.731243927708351338 0.112186847722619942
0.612439227017908427 -0.731607189083559928 0.112096778391105545
0.612439227017908427 -0.731607189083559928 0.112008596913887773
0.611985346341970660 -0.731968383723299310 0.111922303822996186
0.611533232528493675 -0.732327530818752237 0.111837899639067123
0.611533232528493675 -0.732327530818752237 0.111755384871340541
0.611082872504092989 -0.732684649345305417 0.111674760017656721
0.611082872504092989 -0.732684649345305417 0.111596025564453569
0.610634253292655749 -0.733039758064793712 0.111519181986763555
0.610187362017479584 -0.733392875526584165 0.111444229748210735
0.610187362017479584 -0.733392875526584165 0.111371169301008127
0.609742185896333222 -0.733744020072858438 0.111300001085954892
0.609742185896333222 -0.733744020072858438 0.111230725532433697
0.609298712244995322 -0.734093209838542204 0.111163343058408165
0.609298712244995322 -0.734093209838542204 0.111097854070420235
0.609298712244995322 -0.734093209838542204 0.111034258963587817
0.608856928477609749 -0.734440462753821022 0.110972558121602394
0.608856928477609749 -0.734440462753821022 0.110912751916726629
0.608416822103663102 -0.734785796547626546 0.110854840709792277
0.608416822103663102 -0.734785796547626546 0.110798824850197819
0.607978380729725321 -0.735129228749093921 0.110744704675906469
0.607978380729725321 -0.735129228749093921 0.110692480513444172
0.607978380729725321 -0.735129228749093921 0.110642152677897440
0.607541592061133340 -0.735470776688445183 0.110593721472911730
0.607541592061133340 -0.735470776688445183 0.110547187190689372
0.607541592061133340 -0.735470776688445183 0.110502550111987896
0.607106443898004056 -0.735810457501693937 0.110459810506118417
0.607106443898004056 -0.735810457501693937 0.110418968630943887
0.607106443898004056 -0.735810457501693937 0.110380024732877557
0.607106443898004056 -0.735810457501693937 0.110342979046881562
0.606672924138157099 -0.736148288130793027 0.110307831796465444
0.606672924138157099 -0.736148288130793027 0.110274583193684828
0.606672924138157099 -0.736148288130793027 0.110243233439140137
0.606672924138157099 -0.736148288130793027 0.110213782721975392
0.606241020776391526 -0.736484285326088561 0.110186231219877029
0.606241020776391526 -0.736484285326088561 0.110160579099072869
0.606241020776391526 -0.736484285326088561 0.110136826514331099
0.606241020776391526 -0.736484285326088561 0.110114973608959388
0.606241020776391526 -0.736484285326088561 0.110095020514803896
0.606241020776391526 -0.736484285326088561 0.110076967352248589
0.605810721904406879 -0.736818465648467980 0.110060814230214563
0.605810721904406879 -0.736818465648467980 0.110046561246159164
0.605810721904406879 -0.736818465648467980 0.110034208486075674
0.605810721904406879 -0.736818465648467980 0.110023756024492547
0.605810721904406879 -0.736818465648467980 0.110015203924473198
0.605810721904406879 -0.736818465648467980 0.110008552237615381
0.605810721904406879 -0.736818465648467980 0.110003801004051049
0.605810721904406879 -0.736818465648467980 0.110000950252446050
0.605810721904406879 -0.736818465648467980 0.110000000000000001
