-0.392410383425530473 0.421806417844794279 0.739999999999999991
-0.392410383425530473 0.421806417844794279 0.739999049747553928
-0.392410383425530473 0.421806417844794279 0.739996198995948928
-0.392410383425530473 0.421806417844794279 0.739991447762384680
-0.392410383425530473 0.421806417844794279 0.739984796075526807
-0.392410383425530473 0.421806417844794279 0.739976243975507431
-0.392410383425530473 0.421806417844794279 0.739965791513924276
-0.392410383425530473 0.421806417844794279 0.739953438753840897
-0.392410383425530473 0.421806417844794279 0.739939185769785457
-0.392410383425530473 0.421806417844794279 0.739923032647751389
-0.392410383425530473 0.421806417844794279 0.739904979485196068
-0.392410383425530473 0.421806417844794279 0.739885026391040590
-0.392410383425530473 0.421806417844794279 0.739863173485668879
-0.392410383425530473 0.421806417844794279 0.739839420900927136
-0.392410383425530473 0.421806417844794279 0.739813768780122949
-0.392410383425530473 0.421806417844794279 0.739786217278024627
-0.392410383425530473 0.421806417844794279 0.739756766560859869
-0.392410383425530473 0.421806417844794279 0.739725416806315206
-0.392410383425530473 0.421806417844794279 0.739692168203534561
-0.392410383425530473 0.421806417844794279 0.739657020953118471
-0.392410383425530473 0.421806417844794279 0.739619975267122420
-0.392410383425530473 0.421806417844794279 0.739581031369056063
-0.392410383425530473 0.421806417844794279 0.739540189493881561
-0.392410383425530473 0.421806417844794279 0.739497449888012137
-0.392410383425530473 0.421806417844794279 0.739452812809310633
-0.392410383425530473 0.421806417844794279 0.739406278527088290
-0.392410383425530473 0.421806417844794279 0.739357847322102524
-0.392410383425530473 0.421806417844794279 0.739307519486555820
-0.392410383425530473 0.421806417844794279 0.739255295324093509
-0.392410383425530473 0.421806417844794279 0.739201175149802103
-0.392410383425530473 0.421806417844794279 0.739145159290207743
-0.392410383425530473 0.421806417844794279 0.739087248083273307
-0.392410383425530473 0.421806417844794279 0.739027441878397529
-0.392410383425530473 0.421806417844794279 0.738965741036412216
-0.392410383425530473 0.421806417844794279 0.738902145929579812
-0.392410383425530473 0.421806417844794279 0.738836656941591730
-0.392410383425530473 0.421806417844794279 0.738769274467566239
-0.392410383425530473 0.421806417844794279 0.738699998914045142
-0.392410383425530473 0.421806417844794279 0.738628830698991878
-0.392410383425530473 0.421806417844794279 0.738555770251789201
-0.392410383425530473 0.421806417844794279 0.738480818013236395
-0.392410383425530473 0.421806417844794279 0.738403974435546395
-0.392410383425530473 0.421806417844794279 0.738325239982343340
-0.392410383425530473 0.421806417844794279 0.738244615128659576
-0.392410383425530473 0.421806417844794279 0.738162100360932882
-0.392410383425530473 0.421806417844794279 0.738077696177003806
-0.392410383425530473 0.421806417844794279 0.737991403086112219
-0.392410383425530473 0.421806417844794279 0.737903221608894433
-0.392410383425530473 0.421806417844794279 0.737813152277379980
-0.392410383425530473 0.421806417844794279 0.737721195634988725
-0.392410383425530473 0.421806417844794279 0.737627352236526979
-0.392410383425530473 0.421806417844794279 0.737531622648184837
-0.392410383425530473 0.421806417844794279 0.737434007447532291
-0.392410383425530473 0.421806417844794279 0.737334507223515900
-0.392410383425530473 0.421806417844794279 0.737233122576455124
-0.392410383425530473 0.421806417844794279 0.737129854118038996
-0.392410383425530473 0.421806417844794279 0.737024702471322124
-0.392410383425530473 0.421806417844794279 0.736917668270721027
-0.392410383425530473 0.421806417844794279 0.736808752162010583
-0.392410383425530473 0.421806417844794279 0.736697954802319477
-0.392410383425530473 0.421806417844794279 0.736585276860126870
-0.392410383425530473 0.421806417844794279 0.736470719015258179
-0.392410383425530473 0.421806417844794279 0.736354281958880641
-0.392410383425530473 0.421806417844794279 0.736235966393499863
-0.392410383425530473 0.421806417844794279 0.736115773032954834
-0.392410383425530473 0.421806417844794279 0.735993702602414035
-0.392410383425530473 0.421806417844794279 0.735869755838370998
-0.392410383425530473 0.421806417844794279 0.735743933488639756
-0.392410383425530473 0.421806417844794279 0.735616236312350402
-0.392410383425530473 0.421806417844794279 0.735486665079944646
-0.392410383425530473 0.421806417844794279 0.735355220573170709
-0.392410383425530473 0.421806417844794279 0.735221903585079439
-0.392410383425530473 0.421806417844794279 0.735086714920018758
-0.392410383425530473 0.421806417844794279 0.734949655393628665
-0.392410383425530473 0.421806417844794279 0.734810725832837464
-0.392410383425530473 0.421806417844794279 0.734669927075855544
-0.392410383425530473 0.421806417844794279 0.734527259972170943
-0.392410383425530473 0.421806417844794279 0.734382725382543899
-0.392410383425530473 0.421806417844794279 0.734236324179002309
-0.392410383425530473 0.421806417844794279 0.734088057244835501
-0.392410383425530473 0.421806417844794279 0.733937925474589692
-0.392410383425530473 0.421806417844794279 0.733785929774062096
-0.392410383425530473 0.421806417844794279 0.733632071060296154
-0.392410383425530473 0.421806417844794279 0.733476350261574761
-0.392410383425530473 0.421806417844794279 0.733318768317415937
-0.392410383425530473 0.421806417844794279 0.733159326178566717
-0.392410383425530473 0.421806417844794279 0.732998024806996828
-0.392410383425530473 0.421806417844794279 0.732834865175894024
-0.392410383425530473 0.421806417844794279 0.732669848269657087
-0.392410383425530473 0.421806417844794279 0.732502975083890617
-0.392410383425530473 0.421806417844794279 0.732334246625398921
-0.392410383425530473 0.421806417844794279 0.732163663912179352
-0.392410383425530473 0.421806417844794279 0.731991227973417091
-0.392410383425530473 0.421806417844794279 0.731816939849478376
-0.392410383425530473 0.421806417844794279 0.731640800591904172
-0.392410383425530473 0.421806417844794279 0.731462811263404067
-0.392410383425530473 0.421806417844794279 0.731282972937849940
-0.392410383425530473 0.421806417844794279 0.731101286700268749
-0.392410383425530473 0.421806417844794279 0.730917753646837420
-0.392410383425530473 0.421806417844794279 0.730732374884874636
-0.392410383425530473 0.421806417844794279 0.730545151532835280
-0.392410383425530473 0.421806417844794279 0.730356084720302889
-0.392410383425530473 0.421806417844794279 0.730165175587983772
-0.392410383425530473 0.421806417844794279 0.729972425287699123
-0.392410383425530473 0.421806417844794279 0.729777834982378915
-0.392410383425530473 0.421806417844794279 0.729581405846054243
-0.392410383425530473 0.421806417844794279 0.729383139063850661
-0.392410383425530473 0.421806417844794279 0.729183035831980852
-0.392410383425530473 0.421806417844794279 0.728981097357737307
-0.392410383425530473 0.421806417844794279 0.728777324859485542
-0.392410383425530473 0.421806417844794279 0.728571719566655895
-0.392410383425530473 0.421806417844794279 0.728364282719736744
-0.392410383425530473 0.421806417844794279 0.728155015570267294
-0.392410383425530473 0.421806417844794279 0.727943919380828919
-0.392410383425530473 0.421806417844794279 0.727730995425038829
-0.392410383425530473 0.421806417844794279 0.727516244987541416
-0.392410383425530473 0.421806417844794279 0.727299669364000922
-0.392410383425530473 0.421806417844794279 0.727081269861093782
-0.392410383425530473 0.421806417844794279 0.726861047796500293
-0.392410383425530473 0.421806417844794279 0.726639004498896957
-0.392410383425530473 0.421806417844794279 0.726415141307948709
-0.392410383425530473 0.421806417844794279 0.726189459574299923
-0.392410383425530473 0.421806417844794279 0.725961960659567529
-0.392410383425530473 0.421806417844794279 0.725732645936331688
-0.392410383425530473 0.421806417844794279 0.725501516788128020
-0.392410383425530473 0.421806417844794279 0.725268574609439609
-0.392410383425530473 0.421806417844794279 0.725033820805687568
-0.392410383425530473 0.421806417844794279 0.724797256793223710
-0.392410383425530473 0.421806417844794279 0.724558883999321224
-0.392410383425530473 0.421806417844794279 0.724318703862166235
-0.392410383425530473 0.421806417844794279 0.724076717830849370
-0.392410383425530473 0.421806417844794279 0.723832927365356760
-0.392410383425530473 0.421806417844794279 0.723587333936561383
-0.392410383425530473 0.421806417844794279 0.723339939026213963
-0.392410383425530473 0.421806417844794279 0.723090744126934415
-0.392410383425530473 0.421806417844794279 0.722839750742202303
-0.392410383425530473 0.421806417844794279 0.722586960386348620
-0.392410383425530473 0.421806417844794279 0.722332374584545467
-0.392410383425530473 0.421806417844794279 0.722075994872797944
-0.392410383425530473 0.421806417844794279 0.721817822797934383
-0.392410383425530473 0.421806417844794279 0.721557859917596800
-0.392410383425530473 0.421806417844794279 0.721296107800231900
-0.392410383425530473 0.421806417844794279 0.721032568025081755
-0.392410383425530473 0.421806417844794279 0.720767242182173473
-0.392410383425530473 0.421806417844794279 0.720500131872310767
-0.392410383425530473 0.421806417844794279 0.720231238707063071
-0.392410383425530473 0.421806417844794279 0.719960564308756767
-0.392410383425530473 0.421806417844794279 0.719688110310464868
-0.392410383425530473 0.421806417844794279 0.719413878355997460
-0.392410383425530473 0.421806417844794279 0.719137870099891496
-0.392410383425530473 0.421806417844794279 0.718860087207401133
-0.392410383425530473 0.421806417844794279 0.718580531354487628
-0.392410383425530473 0.421806417844794279 0.718299204227808685
-0.392410383425530473 0.421806417844794279 0.718016107524709124
-0.392410383425530473 0.421806417844794279 0.717731242953210224
-0.392410383425530473 0.421806417844794279 0.717444612231999179
-0.392410383425530473 0.421806417844794279 0.717156217090419101
-0.392410383425530473 0.421806417844794279 0.716866059268458589
-0.392410383425530473 0.421806417844794279 0.716574140516741065
-0.392410383425530473 0.421806417844794279 0.716280462596514012
-0.392410383425530473 0.421806417844794279 0.715985027279638975
-0.392410383425530473 0.421806417844794279 0.715687836348580131
-0.392410383425530473 0.421806417844794279 0.715388891596394072
-0.392410383425530473 0.421806417844794279 0.715088194826718926
-0.392410383425530473 0.421806417844794279 0.714785747853762921
-0.392410383425530473 0.421806417844794279 0.714481552502294504
-0.392410383425530473 0.421806417844794279 0.714175610607630129
-0.392410383425530473 0.421806417844794279 0.713867924015623934
-0.392410383425530473 0.421806417844794279 0.713558494582656633
-0.392410383425530473 0.421806417844794279 0.713247324175623976
-0.392410383425530473 0.421806417844794279 0.712934414671925309
-0.392410383425530473 0.421806417844794279 0.712619767959453143
-0.392410383425530473 0.421806417844794279 0.712303385936580713
-0.392410383425530473 0.421806417844794279 0.711985270512151103
-0.392410383425530473 0.421806417844794279 0.711665423605465697
-0.392410383425530473 0.421806417844794279 0.711343847146272412
-0.392410383425530473 0.421806417844794279 0.711020543074754374
-0.392410383425530473 0.421806417844794279 0.710695513341517593
-0.392410383425530473 0.421806417844794279 0.710368759907580083
-0.392410383425530473 0.421806417844794279 0.710040284744359096
-0.392410383425530473 0.421806417844794279 0.709710089833660129
-0.392410383425530473 0.421806417844794279 0.709378177167664048
-0.392410383425530473 0.421806417844794279 0.709044548748915870
-0.392410383425530473 0.421806417844794279 0.708709206590312113
-0.392410383425530473 0.421806417844794279 0.708372152715089243
-0.392410383425530473 0.421806417844794279 0.708033389156810689
-0.392410383425530473 0.421806417844794279 0.707692917959355072
-0.392410383425530473 0.421806417844794279 0.707350741176904108
-0.392410383425530473 0.421806417844794279 0.707006860873929721
-0.392410383425530473 0.421806417844794279 0.706661279125181618
-0.392410383425530473 0.421806417844794279 0.706313998015675182
-0.392410383425530473 0.421806417844794279 0.705965019640678482
-0.392410383425530473 0.421806417844794279 0.705614346105699508
-0.392410383425530473 0.421806417844794279 0.705261979526474403
-0.392410383425530473 0.421806417844794279 0.704907922028953582
-0.392410383425530473 0.421806417844794279 0.704552175749289300
-0.392410383425530473 0.421806417844794279 0.704194742833822995
-0.392410383425530473 0.421806417844794279 0.703835625439072410
-0.392410383425530473 0.421806417844794279 0.703474825731717712
-0.392410383425530473 0.421806417844794279 0.703112345888589618
-0.392410383425530473 0.421806417844794279 0.702748188096655402
-0.392410383425530473 0.421806417844794279 0.702382354553006127
-0.392410383425530473 0.421806417844794279 0.702014847464843106
-0.392410383425530473 0.421806417844794279 0.701645669049464793
-0.392410383425530473 0.421806417844794279 0.701274821534253578
-0.392410383425530473 0.421806417844794279 0.700902307156661686
-0.392410383425530473 0.421806417844794279 0.700528128164198294
-0.392410383425530473 0.421806417844794279 0.700152286814415881
-0.392410383425530473 0.421806417844794279 0.699774785374896457
-0.392410383425530473 0.421806417844794279 0.699395626123237801
-0.392410383425530473 0.421806417844794279 0.699014811347040133
-0.392410383425530473 0.421806417844794279 0.698632343343891682
-0.392410383425530473 0.421806417844794279 0.698248224421355368
-0.392410383425530473 0.421806417844794279 0.697862456896954697
-0.392410383425530473 0.421806417844794279 0.697475043098159664
-0.392410383425530473 0.421806417844794279 0.697085985362372984
-0.392410383425530473 0.421806417844794279 0.696695286036915662
-0.392410383425530473 0.421806417844794279 0.696302947479013001
-0.392410383425530473 0.421806417844794279 0.695908972055780284
-0.392410383425530473 0.421806417844794279 0.695513362144208891
-0.392410383425530473 0.421806417844794279 0.695116120131151316
-0.392410383425530473 0.421806417844794279 0.694717248413307176
-0.392410383425530473 0.421806417844794279 0.694316749397208888
-0.392410383425530473 0.421806417844794279 0.693914625499206461
-0.392410383425530473 0.421806417844794279 0.693510879145453840
-0.392410383425530473 0.421806417844794279 0.693105512771893584
-0.392410383425530473 0.421806417844794279 0.692698528824242432
-0.392410383425530473 0.421806417844794279 0.692289929757976541
-0.392410383425530473 0.421806417844794279 0.691879718038316605
-0.392410383425530473 0.421806417844794279 0.691467896140213090
-0.392410383425530473 0.421806417844794279 0.691054466548331137
-0.392410383425530473 0.421806417844794279 0.690639431757035682
-0.392410383425530473 0.421806417844794279 0.690222794270376361
-0.391424662521326072 0.422375902168571682 0.689804556602072627
-0.389958819029790349 0.423236252364587062 0.689384721275498102
-0.388507454023197085 0.424105230512845766 0.688963290823665919
-0.387069690168444724 0.424984322324473640 0.688540267789212845
-0.385644568735545590 0.425875051209258559 0.688115654724384629
-0.384232177741677339 0.426779230670801646 0.687689454191019900
-0.382830346368767283 0.427698280824780896 0.687261668760535072
-0.381439158343534090 0.428634201611802268 0.686832301013909019
-0.379599398190002879 0.429911706487932699 0.686401353541667092
-0.378230033984035430 0.430894816545141501 0.685968828943865794
-0.376868873863668130 0.431901953635439095 0.685534729830076905
-0.375515245642610740 0.432935733091847075 0.685099058819371831
-0.374168480648825352 0.433999073433045168 0.684661818540305611
-0.372827908715063716 0.435095273648610004 0.684223011630901601
-0.371048941466116167 0.436614617782910552 0.683782640738634817
-0.369720164945618546 0.437803328393658042 0.683340708520416507
-0.368395264529510269 0.439040342528318139 0.682897217642577936
-0.367073492813721147 0.440332534533971698 0.682452170780854406
-0.365754060344967769 0.441688589275299803 0.682005570620368706
-0.363996979350701855 0.443616152177655820 0.681557419855615576
-0.362679558897803012 0.445172656796036958 0.681107721190444715
-0.361361249806457063 0.446851080985891269 0.680656477338045240
-0.360040688828097255 0.448689637022118448 0.680203691020928702
-0.358273121071049416 0.451505540977055086 0.679749364970912762
-0.356938072383492011 0.454059352175969766 0.679293501929105314
-0.355586673620877813 0.457317788343195863 0.678836104645886729
-0.353706015826934506 0.464419418234559955 0.678377175880894634
-0.351896479472824320 0.478314542625456973 0.677916718403006269
0.235217929633713463 0.913966331783772068 0.677454734990322271
-0.348901295845784942 0.438706135885324700 0.676991228430149805
-0.347789255738128744 0.448976471819781953 0.676526201518985459
-0.345990304991748820 0.455749663492793444 0.676059657062499042
-0.344576820457265010 0.459457884495727276 0.675591597875515815
-0.343127656961715322 0.462760446350500954 0.675122026782000395
-0.341141567331964879 0.466943260967373708 0.674650946615038660
-0.339607544267620132 0.470065123881781011 0.674178360216821981
-0.337492648552537855 0.474332353139394036 0.673704270438628683
-0.335844855541165777 0.477669040635257447 0.673228680140807945
-0.334133909821848096 0.481162509870217636 0.672751592192761816
-0.331733559604525718 0.486120477973300824 0.672273009472928451
-0.329823775473138237 0.490105681124330506 0.671792934868764235
-0.327091247513541905 0.495839376800765563 0.671311371276726909
-0.324863904351519461 0.500502846493703579 0.670828321602257471
-0.321572520324365785 0.507284949354063985 0.670343788759763304
-0.318757168253152368 0.512871857415720611 0.669857775672599853
-0.314427603184366911 0.520946599997821336 0.669370285273053756
-0.308716262908699302 0.529966711702160809 0.668881320502324628
-0.302581650188886553 0.537186909143523961 0.668390884310507527
-0.284950477109826128 0.545546037978951959 0.667898979656575076
-0.044567710681465783 0.375121999009339291 0.667405609508359698
-0.318336577733617676 0.583437032498796082 0.666910776842535635
-0.303274464834650426 0.595617993954986824 0.666414484644600846
-0.288944219446259920 0.616922234365659072 0.665916735908859470
-0.273233784276973757 0.643887296887510563 0.665417533638403169
-0.258272164727658016 0.668696176510236162 0.664916880845093483
-0.230481758391553271 0.709748838167305496 0.664414780549543171
-0.186476427391825461 0.762613108294782904 0.663911235781098785
-0.133790779265584969 0.811398632520526464 0.663406249577821461
-0.011916857709075412 0.884314265326681226 0.662899824986468933
0.233659216729373953 0.920655038465794107 0.662391965062477772
0.429556168377751180 0.853633208781496733 0.661882672869943733
0.666715362879020557 0.417704919757190374 0.661371951481604547
0.439105099536703070 0.029148217256602188 0.660859803978820493
0.214433176947938176 -0.040563385113760245 0.660346233451555964
0.020381146390976018 -0.008663321782511824 0.659831242998361267
-0.083746426069732205 0.049736209193587941 0.659314835726353410
-0.140836104113305272 0.101990835856021228 0.658797014751197674
-0.166607914043605754 0.134411544364888697 0.658277783197088628
-0.183824872025712432 0.168731179605032394 0.657757144196731369
-0.210269880098025580 0.200138108400892967 0.657235100891322421
-0.215014832883652529 0.222585061937553064 0.656711656430531421
-0.217855582734640063 0.237036465873651153 0.656186813972481464
-0.219591191625264942 0.253487548262576856 0.655660576683730012
-0.219301393721899079 0.267291084920047162 0.655132947739250349
-0.217306679095342403 0.278932904984671493 0.654603930322411820
-0.213807269697511265 0.288763778732643916 0.654073527624961182
-0.208898798886838821 0.297028072532164011 0.653541742847002838
-0.202591392785317320 0.303885748941880696 0.653008579196979855
-0.196906197795447602 0.308162413813346803 0.652474039891654756
-0.187948271084428131 0.312738107555363465 0.651938128156089536
-0.177225451357602259 0.316011499996599388 0.651400847223626678
-0.164435277722261630 0.317921385572145609 0.650862200335869279
-0.149136858737545619 0.318379448141916377 0.650322190742662065
-0.130669010594391677 0.317341501521360536 0.649780821702071409
-0.107940664375299658 0.315051256162704241 0.649238096480365567
-0.078710884172176795 0.312925475482381810 0.648694018351995028
-0.035898808271078581 0.317203607004095667 0.648148590599572971
0.067049870678139833 0.354149110101339759 0.647601816513855399
0.474159771189610890 0.000442125419859996 0.647053699393721038
0.100177147511334275 -0.209265520208775285 0.646504242546151686
0.019295535191572150 -0.322431090303151979 0.645953449286212344
-0.170888183660192566 -0.519896105115025042 0.645401322937030675
-0.565033157451071966 -0.578735822739556593 0.644847866829777683
-0.895001084116536116 -0.323744972590668145 0.644293084303647068
-0.958240975083820334 -0.009407961512394147 0.643736978705835461
-0.894912463498004684 0.194702958966647632 0.643179553391521885
-0.812956585714195379 0.310113201451985954 0.642620811723847774
-0.741703843335912771 0.377096230182201508 0.642060757073896426
-0.684333701524038385 0.418916800337234663 0.641499392820673031
-0.638463175855100262 0.447398295345545427 0.640936722351083898
-0.601248062476351985 0.468750182340989252 0.640372749059916258
-0.570318928301624228 0.486667554005013048 0.639807476349817827
-0.543677122256045253 0.504182035444378673 0.639240907631276056
-0.518905883332735463 0.526276874581806831 0.638673046322597582
-0.468838481280239527 0.607731202764463796 0.638103895849887803
-0.489098023259875281 0.346369485818057432 0.637533459647030010
-0.480867225898625850 0.469117824115313442 0.636961741155665062
-0.465709636646289726 0.495889618282001399 0.636388743825169967
-0.452465828098951361 0.510958060318280172 0.635814471112637336
-0.440386799722218059 0.522349530103659809 0.635238926482855071
-0.429053027236303397 0.532213790771030038 0.634662113408284490
-0.415519513993272471 0.543660490537698382 0.634084035369040122
-0.404942130761282382 0.552620141444829627 0.633504695852868616
-0.394382948723946580 0.561687787305161779 0.632924098355127196
-0.383656166971961365 0.571063369105632268 0.632342246378763129
-0.372561761619261522 0.580928745993781526 0.631759143434292514
-0.357820826129130409 0.594233769121175204 0.631174793039778748
-0.344974448046063920 0.605911938540459105 0.630589198720811650
-0.330774555054294317 0.618779224854451027 0.630002364010486038
-0.314687016372424355 0.633141411115320074 0.629414292449380408
-0.290729904317026722 0.653775723892054295 0.628824987585535511
-0.267020026142398170 0.672993674524462349 0.628234452974433477
-0.237173144430517180 0.695183767684616871 0.627642692178975614
-0.186049845707137312 0.727685945255945321 0.627049708769460978
-0.126653973863395608 0.756901490226078666 0.626455506323565503
-0.038646269251654153 0.784597197130468049 0.625860088426319683
0.141209221693671116 0.787907170882729324 0.625263458670087813
0.352661284081298487 0.685638475229116695 0.624665620654545006
0.493688267107902035 0.375642618024649044 0.624066577986656545
0.244268850996637421 0.005308056960010896 0.623466334280656009
-0.012407106802248168 0.004680769119067684 0.622864893158023070
-0.140020236443908430 0.105058454147638258 0.622262258247461841
-0.164600564144134792 0.248899786465757611 0.621658433184878789
-0.028493911994801946 0.358520548247785120 0.621053421613361412
0.123315690103405123 0.045646213494298829 0.620447227183155481
-0.088519237121505237 0.052542913569755836 0.619839853551643394
-0.039468701202703224 0.046769792071692746 0.619231304383322301
0.019919335631056023 -0.304803540650208205 0.618621583349781567
-0.688459217774145427 -0.420346659341845674 0.618010694129680793
-0.724041972378782983 0.135673896301027830 0.617398640408728050
-0.617169232220205477 0.257499503360293702 0.616785425879656679
-0.548923693599762785 0.308808829203103041 0.616171054242203975
-0.492876225278471636 0.342482179680787646 0.615555529203088425
-0.459796569744623462 0.359222947463040621 0.614938854475987173
-0.425563988477081434 0.373505845525457791 0.614321033781514036
-0.400787815608863229 0.381285614658523897 0.613702070847196968
-0.370249816048090485 0.387188582705435769 0.613081969407454963
-0.344313284215333804 0.388690203294308090 0.612460733203576524
-0.307103533951935903 0.385228510976132255 0.611838365983696564
-0.270393272113387206 0.375728888474098910 0.611214871502773316
-0.208854045843423208 0.347061210056077540 0.610590253522566684
-0.138472264865244610 0.293139027361448534 0.609964515811614816
-0.020817547292211559 0.102961485273473430 0.609337662145211567
-0.231170144024786861 -0.459348837414401745 0.608709696305383963
-0.951944052426185294 -0.222721528970701355 0.608080622080868771
-0.882645465931731321 0.278764591931527306 0.607450443267090412
-0.760353407392242775 0.393788191395667786 0.606819163666137418
-0.664276909766728041 0.446609967271416386 0.606186787086739787
-0.614529076973135746 0.465956226643406302 0.605553317344246333
-0.570736066650633256 0.479721563850154575 0.604918758260600598
-0.538919596396171263 0.488327514266222840 0.604283113664319305
-0.518823710507717917 0.493361791821667506 0.603646387390467831
-0.498128313094176212 0.498359782881438729 0.603008583280637778
-0.484078455306870770 0.501703660250012673 0.602369705182924098
-0.468746175907390483 0.505347147801386232 0.601729756951901340
-0.455224991198561080 0.508570824645365738 0.601088742448600111
-0.445372640080284043 0.510924304604363000 0.600446665540484759
-0.433957222714294044 0.513642443776306190 0.599803530101429061
-0.423286989045597806 0.516151508999707298 0.599159340011693797
-0.415142548952699697 0.518025543239421182 0.598514099157902213
-0.405305137154090112 0.520212879256419236 0.597867811433017704
-0.395711110637643249 0.522231567950475428 0.597220480736319392
-0.388122529348675638 0.523722668418399318 0.596572110973379255
-0.378641878090407724 0.525422083761113767 0.595922706056038476
-0.369053985576591137 0.526920060393550882 0.595272269902383133
-0.359233147551059839 0.528186324725301248 0.594620806436721661
-0.351116461539462188 0.529003434385888816 0.593968319589560312
-0.340513297020424044 0.529728874565183805 0.593314813297580179
-0.329225939645805765 0.530045625966691913 0.592660291503612213
-0.317019294932996187 0.529831756300226386 0.592004758156615130
-0.306388774925819063 0.529160170881908032 0.591348217211650096
-0.291680773376568614 0.527475070998694839 0.590690672629857860
-0.274877663547761442 0.524474078253893694 0.590032128378433995
-0.255189837804804198 0.519508428648919329 0.589372588430605804
-0.236586087692719216 0.513390274077532238 0.588712056765608116
-0.208296640389165399 0.501423109586499050 0.588050537368658643
-0.171887877771236181 0.481110628449268440 0.587388034230934886
-0.123264799897137511 0.444208271445691139 0.586724551349549261
-0.057839450822860627 0.369639576276569459 0.586060092727525461
0.000711843320875843 0.244848270387442613 0.585394662373774133
-0.040678486274293435 -0.096158654019526377 0.584728264303068901
-0.641595126571670948 -0.270740611214941862 0.584060902536021609
-0.875700096212180257 0.216722306905069828 0.583392581099058893
-0.755104673958532313 0.450571790220827273 0.582723304024396649
-0.651485118797175411 0.532829850962082019 0.582053075350017379
-0.581766751906254709 0.567421764005970108 0.581381899119644441
-0.541685963160802642 0.582098906092544333 0.580709779382718061
-0.503772629776126801 0.593249945475672336 0.580036720194371247
-0.474617479604019676 0.600407135476465847 0.579362725615404806
-0.451186652523892173 0.605508993625939351 0.578687799712263029
-0.431660874293948116 0.609471501896317269 0.578011946557009382
-0.414894820784603713 0.612763596768485130 0.577335170227301964
-0.400135264107764288 0.615640689533932028 0.576657474806368309
-0.386867646201901505 0.618248710927800538 0.575978864382981293
-0.374728658959057326 0.620674117621609289 0.575299343051434375
-0.363454274871781668 0.622969471136683550 0.574618914911516843
-0.354923313600735924 0.624734378449739003 0.573937584068489048
-0.344741057907048398 0.626868927677811771 0.573255354633057546
-0.334980711116173668 0.628936242535538481 0.572572230721350661
-0.325545204987484849 0.630944342175861039 0.571888216454893183
-0.316356363478519864 0.632897559567912493 0.571203315960581826
-0.307350139322625115 0.634797712700143624 0.570517533370660246
-0.298473196184918799 0.636644857337886227 0.569830872822694068
-0.289680412100006557 0.638437777927281180 0.569143338459545789
-0.280933025595331454 0.640174310760006637 0.568454934429350356
-0.272197237726112040 0.641851557354834901 0.567765664885489074
-0.263443142424715060 0.643466024507495238 0.567075533986565739
-0.254643896444284978 0.645013714434050422 0.566384545896380986
-0.245775066172083778 0.646490180310634543 0.565692704783906763
-0.236814106272430880 0.647890557411964108 0.565000014823262009
-0.227739937282912530 0.649209576763865370 0.564306480193686899
-0.218532597791972177 0.650441566092950008 0.563612105079517756
-0.209172952778852228 0.651580441461390159 0.562916893670161955
-0.199642443916120682 0.652619692047531119 0.562220850160072394
-0.189922870573626473 0.653552359952758843 0.561523978748722397
-0.179996192303757907 0.654371016514877946 0.560826283640580292
-0.167785353285598710 0.655191714010038506 0.560127769045084101
-0.157339162247198766 0.655730909380439431 0.559428439176616110
-0.146627101069283505 0.656128851705061855 0.558728298254477340
-0.135629823261019716 0.656375847911388255 0.558027350502862229
-0.124327172959931509 0.656461602469365024 0.557325600150833100
-0.112697952408727486 0.656375200301468231 0.556623051432294513
-0.100719650513204084 0.656105096457169523 0.555919708585968286
-0.088368117198746376 0.655639114916431121 0.555215575855366850
-0.075617163529184905 0.654964459302537771 0.554510657488768932
-0.062438060736775269 0.654067738712762914 0.553804957739192694
-0.048798901626315727 0.652935012253277325 0.553098480864371078
-0.031773728175110483 0.651243875192055954 0.552391231126725279
-0.016988769202077703 0.649540622676435531 0.551683212793339983
-0.001608846747905679 0.647554006888829692 0.550974430135936832
0.014424053064518993 0.645268818400980049 0.550264887430848670
0.031179741326529897 0.642669925699202560 0.549554588958994228
0.048743785600950107 0.639742429269889112 0.548843539005852032
0.067223110327125302 0.636471739726643504 0.548131741861434318
0.090801173045167494 0.632073592629219250 0.547419201820261936
0.111833298228815325 0.627996458123311285 0.546705923181337261
0.134387882785843848 0.623526060411490057 0.545991910248119217
0.158809804958139067 0.618637565802205303 0.545277167328497070
0.185585296198913285 0.613288964183683061 0.544561698734763899
0.215420926047629774 0.607398923023907411 0.543845508783591502
0.256797373811696650 0.599363688178529030 0.543128601796003752
0.297978756275210310 0.591373523839558546 0.542410982097350503
0.348404783807318652 0.581124303617295723 0.541692654017281949
0.413319898000268582 0.565969214468076243 0.540973621889721756
0.524133762805898296 0.530137979061634845 0.540253890052841745
0.663439522883023769 0.454141897658408678 0.539533462849035028
0.842963306725867279 0.233999382526264010 0.538812344624890471
0.772346622254238113 -0.273404765270076400 0.538090539731165718
0.197621972829159498 -0.373366796721043448 0.537368052522761430
-0.001663182205279674 -0.036916133699294619 0.536644887358695422
0.033622718651619872 0.113646135069931181 0.535921048602074901
0.092030106342911353 0.186062180406491751 0.535196540620071826
0.151236085149292959 0.220450211995884104 0.534471367783895701
0.222275394803386150 0.234863297548362548 0.533745534468767047
0.284961081268454819 0.231538992467386212 0.533019045053891527
0.354709793436650322 0.214637618175400280 0.532291903922433307
0.434833705498349377 0.179771273839451684 0.531564115461488407
0.545906645992198403 0.100063467940597950 0.530835684062058610
0.642875797780056990 -0.017144441139716693 0.530106614119024488
0.717957562587319575 -0.199462421374096421 0.529376910031119641
0.710803017957459593 -0.499378618083476111 0.528646576200903162
0.572113493904377379 -0.755163374881498539 0.527915617034733886
0.329871695426029177 -0.930379222651476323 0.527184036942743628
0.004306300156874832 -0.989333533976856194 0.526451840338810095
-0.230749559167797880 -0.943698634577867734 0.525719031640530909
-0.416989972681917898 -0.853035076152627525 0.524985615269196515
-0.560866010213270427 -0.741219999696277942 0.524251595649763980
-0.690691278605546910 -0.592689197985091010 0.523516977210829459
-0.769878506867881951 -0.459194406899436691 0.522781764384602554
-0.823517342535245112 -0.315795498141395736 0.522045961606878439
-0.847924318339524530 -0.129987921802196427 0.521309573317012220
-0.824624218637582507 0.032141691163165953 0.520572603957891289
-0.750318836218148322 0.188295779495631421 0.519835057975908787
-0.587569941267949591 0.334090585672009610 0.519096939820936853
-0.406910578347080443 0.385230630678523867 0.518358253946300196
-0.192553491175691233 0.336944064940687404 0.517619004808748007
-0.065500108334903467 0.223422265635363826 0.516879196868428425
-0.005958314468440917 0.083298970314812690 0.516138834588860784
-0.011205950836012668 -0.073003504001522584 0.515397922436909073
-0.056168027154125930 -0.174291088559067775 0.514656464882754738
-0.118960072497824282 -0.246507782865439062 0.513914466399869707
-0.201738132031263978 -0.300370793271937386 0.513171931464990072
-0.269617590897444748 -0.324190829558048399 0.512428864558087671
-0.345631461748164504 -0.334579241891218182 0.511685270162344774
-0.403496654886842887 -0.332299270483395193 0.510941152764125550
-0.456638832774280856 -0.322789160132996078 0.510196516852949977
-0.515703577162655247 -0.303960103604212883 0.509451366921466198
-0.563845936774547640 -0.282364534372113618 0.508705707465423762
-0.632109456576514517 -0.243418449636593787 0.507959542983646317
-0.766323579651492226 -0.131327138469484905 0.507212877978004517
-0.403422236476500162 -0.274538436356967175 0.506465716953388712
-0.587822373690520150 -0.233455666712519883 0.505718064417682078
-0.631203755797642874 -0.204853082280217258 0.504969924881733090
-0.664211898784728749 -0.174986693443730329 0.504221302859328868
-0.684965159327518558 -0.151801036578210036 0.503472202867166985
-0.702087035805175619 -0.129578094813181888 0.502722629424828926
-0.719237219197956135 -0.103892643277814445 0.501972587054753117
-0.731343792306029972 -0.083195308595721496 0.501222080282206495
-0.743765353450922539 -0.059132128925612260 0.500471113635258535
-0.752642348795161897 -0.039686400622654716 0.499719691644752828
-0.761793353589556022 -0.017042083234762362 0.498967818844280431
-0.768332198194489613 0.001279319087553854 0.498215499770152170
-0.775043553501142402 0.022639301784265542 0.497462738961371664
-0.779799707833339406 0.039943770288609237 0.496709540959607176
-0.783879233944830500 0.056821613662932979 0.495955910309165471
-0.787975284440290080 0.076543803215405826 0.495201851556962724
-0.790789600361646916 0.092563173182904634 0.494447369252498770
-0.793521176666144523 0.111322051950983714 0.493692467947828284
-0.795308825227704297 0.126594753659783732 0.492937152197534589
-0.796921688132623429 0.144525266616778281 0.492181426558700674
-0.797858563340841487 0.159164224254146613 0.491425295590883215
-0.798533958297073188 0.176402383488413417 0.490668763856084045
-0.798749275189940100 0.190521453385759265 0.489911835918723060
-0.798619165242503204 0.207204807075785147 0.489154516345610635
-0.798205577793916765 0.220919768427572993 0.488396809705919865
-0.797362302741768669 0.237189333931539681 0.487638720571159257
-0.796382210375125243 0.250620152359020187 0.486880253515145078
-0.794884239115939417 0.266623989035730813 0.486121413113973777
-0.793373197518604023 0.279898600277708298 0.485362203945993942
-0.791247632368621723 0.295797495012435685 0.484602630591779604
-0.789215099311346702 0.309057697766499939 0.483842697634101593
-0.786456837976762468 0.325033984242863283 0.483082409657900780
-0.783883837089485391 0.338444643989976923 0.482321771250259546
-0.780450393029030076 0.354716185931864159 0.481560787000374912
-0.777282715719212924 0.368480127150087378 0.480799461499530345
-0.773082103505043472 0.385323521149042669 0.480037799341068050
-0.769215744413725644 0.399706950577504494 0.479275805120361664
-0.764081324790951699 0.417498444709947569 0.478513483434788112
-0.759332264420876868 0.432877396988368524 0.477750838883700013
-0.752969470899378490 0.452170688730728854 0.476987876068398153
-0.747007396672063173 0.469123238216315519 0.476224599592103282
-0.738870889563141620 0.490811754703768754 0.475461014059928577
-0.729357256464982173 0.514412556707978696 0.474697124078852117
-0.720024836687161551 0.536018307634410274 0.473932934257688454
-0.706453913412698919 0.565125353132196473 0.473168449207061581
-0.692254446845374405 0.593057774002021310 0.472403673539376345
-0.669578684805280488 0.633112230698686829 0.471638611868791302
-0.642485717516224297 0.674778882931316049 0.470873268811190182
-0.589307893750721234 0.741182069015018152 0.470107648984154913
-0.502991507736967658 0.818102250275373422 0.469341757006936922
-0.228449887456529943 0.915304320662488236 0.468575597500429597
0.269012583432877095 0.542570182285112446 0.467809175087140594
-0.357341355602187827 -0.009292844052948723 0.467042494391163687
-0.609609453080658392 0.234179354524982342 0.466275560038151071
-0.639221563225315426 0.363374328092345211 0.465508376655285161
-0.630509086102770344 0.463664506989920233 0.464740948871250947
-0.609536169240113890 0.525757543878920375 0.463973281316208130
-0.573872253324251735 0.587891762361643644 0.463205378621762642
-0.535268402276149025 0.634052248784992667 0.462437245420939558
-0.475465169536980481 0.684980438226194255 0.461668886348154228
-0.410526147581553202 0.723086714633177752 0.460900306039185248
-0.307455820085855647 0.758438385042861096 0.460131509131145422
-0.168456200684287016 0.767373278469921094 0.459362500262455065
-0.024069270338928972 0.730806242807202411 0.458593284072812746
0.153981513084020999 0.590002356406203354 0.457823865203168145
0.235682979945379734 0.378353227629878830 0.457054248295693633
0.159485452584248677 0.110119991657531863 0.456284437993756620
-0.038240839912749701 -0.007536284423009939 0.455514438941891142
-0.163976922552677096 0.022599282879639929 0.454744255785770268
-0.166665395054805598 0.108555748524627474 0.453973893172177512
-0.035918708389867111 0.065579414878618111 0.453203355748979131
-0.066789110142825153 -0.257571318393204018 0.452432648165096596
-0.342016355381191794 -0.352946121941044466 0.451661775070477334
-0.561381888231436532 -0.255284861472528823 0.450890741116067750
-0.659234221204757054 -0.137219923936409083 0.450119550953784642
-0.698173258991927836 -0.055417813160331730 0.449348209236487384
-0.721058110218642856 0.024159324072824784 0.448576720617949509
-0.729360298055488965 0.078836606209426008 0.447805089752831120
-0.731773566538476805 0.134402495537692290 0.447033321296650354
-0.728758317175643433 0.181986030227220041 0.446261419905755630
-0.723191252596384837 0.217140361927553205 0.445489390237297223
-0.713452874918003688 0.255280438449907943 0.444717236949199513
-0.702945832580207597 0.284469046992729735 0.443944964700132727
-0.687371924223058262 0.317114657579059767 0.443172578149484575
-0.668159987978139691 0.347736035033558544 0.442400081957332769
-0.648828122285634690 0.371994494565746958 0.441627480784416215
-0.620623805675507012 0.399718961923848315 0.440854779292107424
-0.591771933840721132 0.421525674980641862 0.440081982142383921
-0.548545786276491087 0.445416700650533792 0.439309093997800659
-0.492429740302790020 0.464831367357088743 0.438536119521461376
-0.432057656401498735 0.474251930240391140 0.437763063376990780
-0.337496859345064959 0.468566624254167508 0.436989930228506185
-0.236608767643100959 0.435105916492117106 0.436216724740589701
-0.096976148878254939 0.324793188401467425 0.435443451578259699
0.000398363972990264 0.088485025962207114 0.434670115406943058
-0.059470883319420700 -0.180826117716847423 0.433896720892446575
-0.340631430462862761 -0.392264728497770720 0.433123272700929207
-0.597754215564761826 -0.385426483062352276 0.432349775498873712
-0.796409789740851526 -0.263860239115565887 0.431576233953058608
-0.891181372362611857 -0.128875888179612041 0.430802652730529700
-0.926088592080787643 -0.033347606558751963 0.430029036498572770
-0.941878044959392424 0.058994821030323386 0.429255389924684039
-0.944020059809425716 0.121031867793493342 0.428481717676543417
-0.940130095217061590 0.182420245841604434 0.427708024421985300
-0.932714932280222841 0.233726680776343732 0.426934314828971262
-0.925160821665468092 0.271231143010338349 0.426160593565560908
-0.915115327793767253 0.312385720638824527 0.425386865299884787
-0.905986856745267355 0.345510994224889623 0.424613134700115247
-0.893351497848089871 0.388129628116334280 0.423839406434439070
-0.873811935264104056 0.448912283393032574 0.423065685171028827
-0.794405392740911154 0.606698170037731299 0.422291975578014622
-0.875550566620885151 0.243323589884862357 0.421518282323456672
-0.875569235409024205 0.362887499445824047 0.420744610075315939
-0.864622227240395169 0.414022677935065697 0.419970963501427319
-0.853927882048760356 0.447220924890487370 0.419197347269470222
-0.845135963267392709 0.470168399754828270 0.418423766046941481
-0.834487969691203202 0.495063304879518551 0.417650224501126266
-0.825383319242694591 0.514609846582457120 0.416876727299070882
-0.814012391133506430 0.537304373459518869 0.416103279107553403
-0.801975695130665800 0.559613374759785009 0.415329884593057030
-0.791290221068708055 0.578144480928147297 0.414556548421740223
-0.777484426798648931 0.600518965081221823 0.413783275259410332
-0.764981640702262267 0.619408730926380713 0.413010069771493848
-0.748512330467938081 0.642504442238731266 0.412236936623009365
-0.730090713547171921 0.666182340801150352 0.411463880478538657
-0.712922074445117793 0.686420754464569405 0.410690906002199319
-0.689658474310973824 0.711346036809093141 0.409918017857616057
-0.667593554213361529 0.732626173853185958 0.409145220707892665
-0.637181057263816353 0.758649543420673034 0.408372519215583762
-0.601507394116384875 0.784903158930023159 0.407599918042667209
-0.566864787731268360 0.806538101593919143 0.406827421850515403
-0.518112322946893467 0.831339222340677142 0.406055035299867251
-0.470353260928676631 0.849939914969234045 0.405282763050800465
-0.402943109479206474 0.867587006210694733 0.404510609762702811
-0.323051399278120099 0.876459698138815635 0.403738580094244404
-0.246446026669432272 0.873116403872371105 0.402966678703349568
-0.143741768073546106 0.849676260269100370 0.402194910247168913
-0.052747008232707338 0.807916703147532278 0.401423279382050524
0.053423308989421270 0.724139968510262300 0.400651790763512761
0.139820773455358677 0.601052748939427506 0.399880449046215336
0.182098599183221133 0.473868409018636472 0.399109258883932283
0.184309936648403228 0.309070182365297597 0.398338224929522700
0.144705007540859715 0.179585334424991638 0.397567351834903382
0.058727987097817076 0.052877307383154944 0.396796644251020736
-0.049613764152430545 -0.033116851937903605 0.396026106827822577
-0.143139471688213393 -0.074793111487145347 0.395255744214229765
-0.248312691878552316 -0.096010420184200737 0.394485561058108725
-0.325862534321050057 -0.096330669656390103 0.393715562006243303
-0.405310894697987700 -0.083230638133761414 0.392945751704306401
-0.460690501102856587 -0.065415358312559513 0.392176134796831943
-0.515725023380435799 -0.039584571392985934 0.391406715927187232
-0.560272713438877190 -0.011572839015910941 0.390637499737544969
-0.590806277695777982 0.012157142385431363 0.389868490868854556
-0.621010548793470729 0.040199237278380318 0.389099693960814785
-0.641777749718901447 0.062807308261557837 0.388331113651845694
-0.662412394692814321 0.088760071778600902 0.387562754579060531
-0.676666648783150748 0.109318581541672954 0.386794621378237391
-0.690887353196106613 0.132685266025076798 0.386026718683791847
-0.702520255140184013 0.154667575663360368 0.385259051128749030
-0.710580447334438481 0.171981672144135012 0.384491623344714872
-0.718620275922788654 0.191631885994057560 0.383724439961849018
-0.724168025597656917 0.207134129389247357 0.382957505608836291
-0.729658639699937495 0.224773579539486235 0.382190824912859439
-0.733400045529098654 0.238734339909438376 0.381424402499570547
-0.737033260374432064 0.254677788817736006 0.380658242993063167
-0.739440456549147251 0.267345842820034263 0.379892351015845064
-0.741682800838205702 0.281872231323474054 0.379126731188809796
-0.743308274026996729 0.295728449064581955 0.378361388131208842
-0.744247619792515858 0.306809950729104997 0.377596326460623632
-0.744932089769577033 0.319600351016040118 0.376831550792938397
-0.745169816528160833 0.329872842609518213 0.376067065742311524
-0.745094455725375138 0.341779309276550092 0.375302875921148027
-0.744756265263769479 0.351381856601499287 0.374538985940071401
-0.744046492444043528 0.362557883482308052 0.373775400407896752
-0.743218791268460244 0.371608478800136866 0.373012123931601880
-0.741959690026284480 0.382185275476876751 0.372249161116299909
-0.740699810766988875 0.390785771125356007 0.371486516565211977
-0.738945797900716017 0.400878045749508805 0.370724194879638425
-0.737288200488412260 0.409118956377974907 0.369962200658932039
-0.735068485555457674 0.418830871453040099 0.369200538500469633
-0.733027726634994381 0.426796761307556283 0.368439212999625065
-0.730347881463643822 0.436229437781025964 0.367678228749740488
-0.727917974497265030 0.444006714358687771 0.366917590342099198
-0.724756021696581820 0.453270892510999612 0.366157302365898329
-0.721903305814793894 0.460963143734711367 0.365397369408220485
-0.718193341576663369 0.470208213511659312 0.364637796054006091
-0.714831223034426255 0.477976885110793837 0.363878586886026256
-0.710404790437931588 0.487480667945233481 0.363119746484854844
-0.706294221412534506 0.495693348112203447 0.362361279428840721
-0.700603692166619108 0.506265945563947217 0.361603190294080168
-0.694742070830331571 0.516369868418006250 0.360845483654389343
-0.684148061626655091 0.533083486862058642 0.360088164081276974
-0.659664585681437488 0.566314971625291208 0.359331236143916044
-0.731156596588916741 0.438534023438608478 0.358574704409116762
-0.699136819576646862 0.507895057414135431 0.357818573441299359
-0.686412165484761139 0.528286753691998512 0.357062847802465555
-0.678796408476618041 0.539148932329752473 0.356307532052171694
-0.670495953620769081 0.550028486597202049 0.355552630747501208
-0.663697698170642281 0.558296555659392624 0.354798148443037253
-0.655373687520501957 0.567736655380932875 0.354044089690834618
-0.648167412275418187 0.575371029709976001 0.353290459040392801
-0.639081909517584812 0.584365174033692147 0.352537261038628369
-0.631072636091050576 0.591769204519989378 0.351784500229847863
-0.620849438696659872 0.600578686905751225 0.351032181155719714
-0.611751697105292980 0.607869905057101922 0.350280308355247205
-0.602062334455259918 0.615118286117813606 0.349528886364741498
-0.589559017514868389 0.623752354622606475 0.348777919717793483
-0.578321404038216524 0.630879116210807278 0.348027412945247028
-0.563727430677986363 0.639317027363653478 0.347277370575171052
-0.550528290737348214 0.646215749649536320 0.346527797132833160
-0.533278708037817850 0.654266683771087210 0.345778697140671221
-0.517579527028269482 0.660712575285638426 0.345030075118266999
-0.500521724720666916 0.666829365787970252 0.344281935582318011
-0.478025363226489475 0.673574749915414550 0.343534283046611377
-0.457368620323938213 0.678522486644127287 0.342787122021995572
-0.429971104306144325 0.683346222547895343 0.342040457016353661
-0.404688346599462623 0.686115847457772654 0.341294292534576271
-0.371025405251032281 0.687386000402766317 0.340548633078533836
-0.339894319272831369 0.686150595329048540 0.339803483147050112
-0.305698436683344732 0.682129686611921970 0.339058847235874428
-0.260347359905743536 0.672397227298167088 0.338314729837655315
-0.218880477738091161 0.658864905626155073 0.337571135441912362
-0.174258356870584025 0.638860721375108409 0.336828068535010128
-0.117418666384349418 0.603782159530478646 0.336085533600130215
-0.068850987253569501 0.562879019293421989 0.335343535117245406
-0.012734291214451493 0.496567498868775214 0.334602077563091016
0.027686510724265534 0.424951879321611214 0.333861165411139194
0.056591586827849538 0.338045417287499428 0.333120803131571552
0.066975181183360766 0.216703138400149042 0.332380995191252027
0.048334726188847987 0.108077910672652655 0.331641746053699893
0.001409544324117366 0.002314075181709552 0.330903060179063069
-0.089634120412099741 -0.106044805602727971 0.330164942024091357
-0.186270805766613562 -0.170895952376721560 0.329427396042108855
-0.291182289834913177 -0.208471123352498039 0.328690426682987813
-0.414529389048616081 -0.219546369727962404 0.327954038393121539
-0.507215804564814965 -0.206041817999079307 0.327218235615397535
-0.587033868019780414 -0.178196031745726791 0.326483022789170574
-0.664898973696824269 -0.133435767246473880 0.325748404350236054
-0.715946049971258103 -0.091541627574759588 0.325014384730803463
-0.756167992156442592 -0.048503926945788423 0.324280968359469235
-0.792683145325800975 0.002208280836899335 0.323548159661190049
-0.815269602487596057 0.042540170324204762 0.322815963057256461
-0.832235944346523815 0.080608193240897574 0.322084382965266092
-0.846782869860366216 0.123083276597136693 0.321353423799096927
-0.855122039845881865 0.155835425221747037 0.320623089968880448
-0.860774202997738325 0.186315834765842514 0.319893385880975489
-0.864284205889953916 0.214697480549368658 0.319164315937941478
-0.866258605181197905 0.246255400516264211 0.318435884538511682
-0.866415373854409809 0.270698438601734537 0.317708096077566726
-0.865478720825187842 0.293655466189397585 0.316980954946108506
-0.863166146395963230 0.319491378352940503 0.316254465531233042
-0.860405690613015084 0.339787716351857838 0.315528632216104443
-0.856990183814208661 0.359126300448952163 0.314803459379928152
-0.852984376029384816 0.377650554871545474 0.314078951397925132
-0.847451570584502267 0.398995547407888063 0.313355112641304667
-0.842251848469461661 0.416198909775945869 0.312631947477238548
-0.836505690409008795 0.433007248290701252 0.311909460268834315
-0.830177988601148775 0.449548768515219743 0.311187655375109562
-0.823206850814165003 0.465955995172823156 0.310466537150965005
-0.813856714239085566 0.485666904007958200 0.309746109947158288
-0.805079195311077633 0.502294915240403816 0.309026378110278277
-0.795190524458069703 0.519297375616539769 0.308307345982718140
-0.783902050168549303 0.536884163720623198 0.307589017902649531
-0.767915632665474801 0.559115758600270296 0.306871398203996282
-0.751824343376466420 0.578944341639533122 0.306154491216408586
-0.732188891455356705 0.600358321117124505 0.305438301265236245
-0.707476282121998978 0.623796729371228431 0.304722832671503130
-0.675183049199543306 0.649693894959398000 0.304008089751880761
-0.631012896529749789 0.678212930476325027 0.303294076818662772
-0.550967353391482839 0.714119861136063738 0.302580798179738097
-0.443345515832972714 0.737070603396843937 0.301868258138565604
-0.269173036020648682 0.720901722295228975 0.301156460994148056
-0.022258749048560400 0.553409163230054291 0.300445411041005861
0.044776338464446855 0.087437872185235854 0.299735112569151418
-0.357860808042238465 -0.216598747641698508 0.299025569864063145
-0.729590484956035512 -0.091198397579039414 0.298316787206659995
-0.838347972807816699 0.055639176274233371 0.297608768873274754
-0.875576203988620128 0.163650255876776396 0.296901519135629122
-0.886243684612773253 0.240575305461908473 0.296195042260807340
-0.886516137729061682 0.297210690617901507 0.295489342511231157
-0.882510770822378499 0.340690326690655354 0.294784424144633184
-0.876718461371501334 0.375390673746397563 0.294080291414031747
-0.870212153511700226 0.404034671643808407 0.293376948567705464
-0.863466598206819702 0.428374567168620046 0.292674399849167044
-0.856687676436458490 0.449580801806893415 0.291972649497137970
-0.848614648720630083 0.472016876624082204 0.291271701745522582
-0.841952006695362964 0.488868805611582302 0.290571560823383868
-0.835325514502745392 0.504488948407620486 0.289872230954915933
-0.828694764117448912 0.519197892380951265 0.289173716359419908
-0.822006582702270561 0.533256355025656825 0.288476021251277581
-0.815195995463858458 0.546886597723940104 0.287779149839927695
-0.808184531581572108 0.560288361867247953 0.287083106329838189
-0.800876208008915569 0.573651772605010990 0.286387894920482278
-0.793150856149448691 0.587168955991235975 0.285693519806313190
-0.784853778743791142 0.601045811223128057 0.284999985176738024
-0.775779773966920994 0.615515358779499477 0.284307295216093381
-0.765647960267687444 0.630854305593454900 0.283615454103619102
-0.754060862126650577 0.647404907763906245 0.282924466013434350
-0.740435353061247747 0.665604757279299131 0.282234335114511015
-0.723880838270463567 0.686027189010814387 0.281545065570649733
-0.702973140180689571 0.709432103859505725 0.280856661540454244
-0.675309554962936098 0.736810974503180782 0.280169127177306077
-0.636574104504261995 0.769338165321068912 0.279482466629339732
-0.578437392044314214 0.807822833005874430 0.278796684039418097
-0.483631560960866180 0.849751518884465540 0.278111783545106850
-0.315782627878260336 0.874392667123343847 0.277427769278649428
-0.027188565053936520 0.774374535380209617 0.276744645366942488
0.164403370284064432 0.290078108759327824 0.276062415931510929
-0.238923379336974412 -0.113516530325395201 0.275381085088483135
-0.598547661728279889 -0.038447858039857452 0.274700656948565658
-0.739563041838678936 0.104000087726958124 0.274021135617018741
-0.784559507541285006 0.191553382914683767 0.273342525193631669
-0.808073692103337349 0.270723810059683712 0.272664829772698014
-0.816243527640643896 0.327218717234128376 0.271988053442990652
-0.817887971014878756 0.369218210132559121 0.271312200287737060
-0.816564167408174613 0.401675249035572168 0.270637274384595228
-0.813839415119357978 0.427604051957028330 0.269963279805628786
-0.810453110135765598 0.448901138085933682 0.269290220617281972
-0.806771730547648280 0.466804991258250812 0.268618100880355593
-0.802982751774267922 0.482153106692214006 0.267946924649982543
-0.799941190133149793 0.492990172735528087 0.267276695975603384
-0.796170696281151447 0.505097288352060136 0.266607418900941251
-0.792460366750737166 0.515905240057096925 0.265939097463978480
-0.788822664352880731 0.525658280191858007 0.265271735696931188
-0.785261363368169762 0.534542506226757475 0.264605337626225900
-0.781775479361265013 0.542702147907892507 0.263939907272474572
-0.779038756589643056 0.548785250593188723 0.263275448650450827
-0.775678877286614998 0.555911019213392366 0.262611965769065092
-0.772381880693920442 0.562575906882667232 0.261949462631341390
-0.769142337790159392 0.568842030180015445 0.261287943234391862
-0.765954901865305793 0.574760523725669881 0.260627411569394229
-0.763439017978146173 0.579273820710301424 0.259967871621566038
-0.760332660846708586 0.584668979609574535 0.259309327370142229
-0.757264825371457007 0.589819051900696500 0.258651782788349882
-0.754231262372803246 0.594750447018612904 0.257995241843384959
-0.751826434353105699 0.598553404075105489 0.257339708496387765
-0.748844848674478203 0.603145962974790950 0.256685186702419799
-0.745887254687533141 0.607575515490605844 0.256031680410439610
-0.742950493624796593 0.611857110297318818 0.255379193563278428
-0.740614110218317134 0.615184749596889180 0.254727730097616900
-0.737707611969983801 0.619232074012823208 0.254077293943961557
-0.734814257378762825 0.623164387713255219 0.253427889026620723
-0.732507416154472124 0.626233679945555899 0.252779519263680752
-0.729631757882631460 0.629981581999647600 0.252132188566982385
-0.726762859220718815 0.633637883226255694 0.251485900842097765
-0.724471223909997519 0.636501519833434615 0.250840659988306292
-0.721609374984079954 0.640009455559086171 0.250196469898570972
-0.718748736901239527 0.643443022522017571 0.249553334459515330
-0.716459842747141362 0.646139765191411808 0.248911257551399867
-0.713596697550532455 0.649451996076251370 0.248270243048098749
-0.710729582736861043 0.652703052050037980 0.247630294817075935
-0.708431783686049421 0.655262568569878523 0.246991416719362256
-0.705552799933661046 0.658413486409754944 0.246353612609532258
-0.702664479783372653 0.661513884330310442 0.245716886335680784
-0.700345692960745336 0.663960135567938203 0.245081241739399380
-0.697435149676357224 0.666978157872750166 0.244446682655753811
-0.695095530181287780 0.669362782467551320 0.243813212913260191
-0.692154726891065719 0.672309068285761424 0.243180836333862671
-0.689192929504491292 0.675220141578250832 0.242549556732909621
-0.686805966399819057 0.677525985293852995 0.241919377919131262
-0.683796791184382968 0.680382656388448526 0.241290303694616182
-0.681365907254939729 0.682650044569981684 0.240662337854788411
-0.678292666739869210 0.685465742332978523 0.240035484188385162
-0.675801550421663677 0.687706848854069186 0.239409746477433349
-0.672638732000600426 0.690499407036010981 0.238785128497226773
-0.670061327695157027 0.692731479463687627 0.238161634016303414
-0.666766150419871417 0.695527972155752350 0.237539266796423398
-0.664056412985589151 0.697779133588712130 0.236918030592545070
-0.660548541363226271 0.700627257125572944 0.236297929152803232
-0.657613916505042639 0.702951266752308790 0.235678966218485830
-0.653717877915617862 0.705951121507848223 0.235061145524012804
-0.650335499009430551 0.708473211039826078 0.234444470796911636
-0.645570981558080792 0.711890642622856062 0.233828945757796114
-0.641024015375478262 0.715001123521175952 0.233214574120343354
-0.633424940568270922 0.719881280201967622 0.232601359591271956
-0.623538984592108880 0.725716092599635765 0.231989305870319185
-0.588420228671772461 0.743268778417576104 0.231378416650218466
-0.776329330145422603 -0.009286144008590069 0.230768695616677788
-0.685599762068127117 0.687353891314822052 0.230160146448356639
-0.657614293899338676 0.707289373484428108 0.229552772816844636
-0.648554647728059819 0.713360848819590498 0.228946578386638622
-0.641187082945474440 0.718251835812691031 0.228341566815121244
-0.636604355268355460 0.721282720999128824 0.227737741752538220
-0.632600368783263423 0.723919047352734157 0.227135106841976964
-0.628056386446204984 0.726888080489328292 0.226533665719343968
-0.624642647699331199 0.729096053170458225 0.225933422013343488
-0.621350701786350545 0.731202447369501352 0.225334379345455083
-0.617343439438134300 0.733731859282158227 0.224736541329912165
-0.614190120713875687 0.735692925861944680 0.224139911573680239
-0.611062700021684169 0.737610776491184561 0.223544493676434614
-0.607168996512404302 0.739959294352205865 0.222950291230539055
-0.604053824777695203 0.741806075380846752 0.222357307821024419
-0.600929597314617259 0.743629050537517156 0.221765547025566445
-0.597789636185754869 0.745431523278284547 0.221175012414464467
-0.593833960738506583 0.747659728256306333 0.220585707550619681
-0.590638849800654731 0.749424895587822104 0.219997635989513968
-0.587411795651758384 0.751176397620382685 0.219410801279188383
-0.584148754751824595 0.752915582729173138 0.218825206960221313
-0.580013554148279042 0.755073923119394474 0.218240856565707519
-0.576655830531887292 0.756789181074522199 0.217657753621236849
-0.573250199969603580 0.758495086087454307 0.217075901644872893
-0.569793147355426188 0.760192224238200209 0.216495304147131529
-0.565394157382796525 0.762302014598529087 0.215915964630959911
-0.561808488251010263 0.763980953663893181 0.215337886591715516
-0.558159796756064530 0.765652233700199081 0.214761073517145018
-0.554444356817554218 0.767315974067835249 0.214185528887362697
-0.550658327781537782 0.768972193626534684 0.213611256174830066
-0.546797733485325010 0.770620809522769679 0.213038258844334860
-0.541860821994962660 0.772670590618956932 0.212466540352969940
-0.537817078630231094 0.774301245023708562 0.211896104150112174
-0.533684667454872086 0.775923275901251874 0.211326953677402479
-0.529458810442660743 0.777536113884102265 0.210759092368723977
-0.525134485898478331 0.779139053086431055 0.210192523650182150
-0.520706405673736716 0.780731238962776852 0.209627250940083665
-0.516168991018634005 0.782311654131330858 0.209063277648916135
-0.511516346813277623 0.783879101957194346 0.208500607179326947
-0.506742233936822051 0.785432187632498779 0.207939242926103607
-0.501840039487632117 0.786969296451584865 0.207379188276152232
-0.496802744615955638 0.788488568894751829 0.206820446608478120
-0.491622889658225093 0.789987872087647647 0.206263021294164489
-0.484935453444172659 0.791830171644548275 0.205706915696352854
-0.479405017752733587 0.793275099340172596 0.205152133170222351
-0.473704253416765697 0.794690809162616474 0.204598677062969414
-0.467823363101104617 0.796073578754072364 0.204046550713787689
-0.461751869194717002 0.797419177672812451 0.203495757453848236
-0.455478554860101970 0.798722799709012943 0.202946300606278940
-0.450633925701589722 0.799669711393124150 0.202398183486144662
-0.443977979731738803 0.800886291826597541 0.201851409400427062
-0.437085012169147524 0.802044027674334470 0.201305981648004950
-0.429940416955253091 0.803135151644557621 0.200761903519634410
-0.422528492613179540 0.804150823547232774 0.200219178297928596
-0.414832349407954215 0.805080972846593523 0.199677809257337857
-0.406833810063573109 0.805914115230877415 0.199137799664130727
-0.398513304296870818 0.806637138528142339 0.198599152776373439
-0.389849757756230542 0.807235052403786679 0.198061871843910497
-0.380820476429534316 0.807690695201854436 0.197525960108345194
-0.371401028256975962 0.807984390010310194 0.196991420803020012
-0.361565124587639231 0.808093540502936136 0.196458257152997223
-0.353897974933771176 0.808038803610931389 0.195926472375038851
-0.343264027794533133 0.807760104008642621 0.195396069677588241
-0.332130859363588105 0.807215471899404569 0.194867052260749796
-0.320464304210406281 0.806366375001359215 0.194339423316269994
-0.308227957221926807 0.805168204865693404 0.193813186027518514
-0.298653623742127783 0.804009679693335810 0.193288343569468529
-0.285325967741349551 0.802071175847339446 0.192764899108677640
-0.271317457772010107 0.799620350166767468 0.192242855803268775
-0.256584439383119589 0.796578807035425274 0.191722216802911405
-0.241082314545156745 0.792855115936288879 0.191202985248802360
-0.228924115232220948 0.789551120819780294 0.190685164273646623
-0.211969398233903705 0.784366103756629074 0.190168757001638655
-0.194127163319802176 0.778160284147902725 0.189653766548444014
-0.175361547548357699 0.770769804442043238 0.189140196021179541
-0.160664595342985217 0.764335554949796436 0.188628048518395514
-0.140225751485312966 0.754392577541147857 0.188117327130056300
-0.118825570404965775 0.742659716432277683 0.187608034937522289
-0.102159863377282778 0.732512986938454125 0.187100175013531100
-0.079165988498026307 0.716925295621716918 0.186593750422178684
-0.055386316314086192 0.698644621286860334 0.186088764218901248
-0.037134697994363031 0.682918342815632351 0.185585219450456806
-0.012440067761440798 0.658895892712616171 0.185083119154906633
0.012343628244292693 0.630929763046962466 0.184582466361596864
0.030704428469316036 0.607055327705176118 0.184083264091140619
0.054371172173817817 0.570937634369200642 0.183585515355399187
0.071061731039271131 0.540365802469252365 0.183089223157464454
0.091076214375870435 0.494624717319981977 0.182594390491640279
0.107360784433613299 0.442954118626069926 0.182101020343424957
0.116219400207959900 0.400292296804611647 0.181609115689492451
0.122174938540301786 0.338465074262344956 0.181118679497675406
0.121236061495508973 0.288815771276448197 0.180629714726946222
0.111291534200892217 0.219322494371418569 0.180142224327400208
0.096400659586733800 0.165806584196451001 0.179656211240236729
0.065637278685049052 0.094661397221773066 0.179171678397742395
0.034068618976489877 0.043151498386697018 0.178688628723273041
-0.019093529096134234 -0.020356634449609331 0.178207065131235742
-0.066536752188626813 -0.062285559244984398 0.177726990527071554
-0.138024165755271849 -0.108260016219416527 0.177248407807238162
-0.196103255384938086 -0.134129245290863591 0.176771319859192089
-0.276622455126287192 -0.156251904559728899 0.176295729561371350
-0.337329263598717011 -0.163558444892380750 0.175821639783178052
-0.396732865522447964 -0.163334461720074875 0.175349053384961262
-0.471885175776614818 -0.152556316137301889 0.174877973217999694
-0.524065349959721427 -0.137790748936714169 0.174408402124484219
-0.586993522721920291 -0.111091567785308737 0.173940342937500991
-0.628858918797046806 -0.087088357037448882 0.173473798481014518
-0.666106857956435983 -0.060686772752046592 0.173008771569850284
-0.708823684425453848 -0.023114240717285406 0.172545265009677762
-0.735972948018628670 0.005991974735061467 0.172083281596993737
-0.759283588557776223 0.035307419516622418 0.171622824119105372
-0.784997966873500319 0.074031066844144455 0.171163895354113277
-0.800718488153245200 0.102417351998591366 0.170706498070894802
-0.813763651626423168 0.130007419737057817 0.170250635029087161
-0.827545053619785476 0.165320005958470240 0.169796308979071303
-0.835547184374272334 0.190591022193676463 0.169343522661954737
-0.841836560928319710 0.214774898319167906 0.168892278809555235
-0.847949473981534640 0.245311648189601994 0.168442580144384513
-0.851085962622825987 0.266947712966768780 0.167994429379631272
-0.853171799030762568 0.287527744459396828 0.167547829219145628
-0.854354891148215945 0.307088602987710624 0.167102782357422014
-0.854763731667915527 0.325673206472087196 0.166659291479583554
-0.854294607856939558 0.349014833256657109 0.166217359261365216
-0.853303815373410490 0.365505567061806813 0.165776988369098488
-0.851854195565109551 0.381180147014082982 0.165338181459694394
-0.850013681011089872 0.396086684181488902 0.164900941180628258
-0.847840665934969429 0.410271959672777298 0.164465270169923072
-0.845385284982069329 0.423781018274198784 0.164031171056134129
-0.841745608889076791 0.440815307927991507 0.163598646458332858
-0.838788019639613136 0.452910246802992411 0.163167698986090987
-0.835668802890789930 0.464464064695548240 0.162738331239465017
-0.832413448390688648 0.475512548462601270 0.162310545808980133
-0.829043653654690904 0.486089344663512890 0.161884345275615377
-0.825577835477824817 0.496226037384248087 0.161459732210787160
-0.822031569225888825 0.505952243100423305 0.161036709176334170
-0.818417965700487415 0.515295715935138454 0.160615278724501848
-0.814747994124045638 0.524282458416554853 0.160195443397927406
-0.811030758682801389 0.532936834112847979 0.159777205729623673
-0.807273735000105574 0.541281679666488547 0.159360568242964351
-0.803482972054910705 0.549338414410381226 0.158945533451668869
-0.799663264235548787 0.557127146418527897 0.158532103859786916
-0.795818297552008280 0.564666774222930545 0.158120281961683429
-0.791950773403097052 0.571975083811374962 0.157710070242023437
-0.788062512803949122 0.579068840695544429 0.157301471175757601
-0.784154543480994670 0.585963877104725750 0.156894487228106394
-0.780227171904434913 0.592675174373921920 0.156489120854546221
-0.776280041936066145 0.599216940780619600 0.156085374500793544
-0.772312181480688142 0.605602685112495376 0.155683250602791229
-0.768322038278544617 0.611845286267714839 0.155282751586692802
-0.764307505712024993 0.617957059250578977 0.154883879868848662
-0.760265939302393057 0.623949817908978410 0.154486637855791142
-0.756194164345292297 0.629834934802812163 0.154091027944219749
-0.753461057201960993 0.633703985692978478 0.153697052520987060
-0.749330433043081556 0.639433954290593465 0.153304713963084344
-0.745158508022503274 0.645084880140473271 0.152914014637626994
-0.740940090035369980 0.650666993373476665 0.152524956901840314
-0.736669378096693528 0.656190334951045395 0.152137543103045308
-0.733790026337561629 0.659844805935276169 0.151751775578644582
-0.729417471863387457 0.665292153761049887 0.151367656656108324
-0.724973814865679467 0.670706962931083783 0.150985188652959929
-0.720450566970294415 0.676099009108479532 0.150604373876762149
-0.715838327269902153 0.681478111762568006 0.150225214625103520
-0.712708960931556446 0.685061879529272888 0.149847713185584097
-0.707924687047405854 0.690441509170111711 0.149471871835801767
-0.703021018890743421 0.695834978658345538 0.149097692843338375
-0.699678817291027877 0.699443445530094188 0.148725178465746399
-0.694544672127361040 0.704883261459968713 0.148354330950535129
-0.689250610046569068 0.710365341884762636 0.147985152535156927
-0.685623282891667629 0.714049097148473200 0.147617645446993906
-0.680020151071634604 0.719626893540434631 0.147251811903344576
-0.674202065177493259 0.725277989100700959 0.146887654111410415
-0.670191372201728530 0.729092255286048818 0.146525174268282266
-0.663956242458371704 0.734893530633786929 0.146164374560927651
-0.657429624755030084 0.740802580892320872 0.145805257166176955
-0.652898862145118941 0.744808668218066239 0.145447824250710761
-0.645803009638270753 0.750928499007666117 0.145092077971046479
-0.640852840545527713 0.755088548009706262 0.144738020473525603
-0.633059886517491233 0.761459997822033663 0.144385653894300470
-0.627594171535900913 0.765801790666138071 0.144034980359321579
-0.618940744850953295 0.772466982989793216 0.143686001984324796
-0.612835838447724823 0.777018562062351981 0.143338720874818359
-0.603110363440020669 0.784018640314128934 0.142993139126070229
-0.596205007970313172 0.788806099152063900 0.142649258823095815
-0.585129504598229100 0.796176434824640511 0.142307082040644906
-0.577210250079559062 0.801219391120990276 0.141966610843189456
-0.564413902281588609 0.808979963963429416 0.141627847284910818
-0.555193803763854188 0.814282582976238900 0.141290793409687837
-0.540174133889674946 0.822419032001657224 0.140955451251084163
-0.529261329493217914 0.827952386938246132 0.140621822832335985
-0.511326791996110419 0.836378732093291388 0.140289910166339848
-0.498178045079330889 0.842045980597187049 0.139959715255640799
-0.483936598166460841 0.847712497362691164 0.139631240092419895
-0.460216464408488291 0.856097338726269030 0.139304486658482385
-0.442590279876444115 0.861503183903060243 0.138979456925245687
-0.423289262844380287 0.866641107605174210 0.138656152853727538
-0.390700051852361896 0.873516966683651419 0.138334576394534364
-0.366166871906683233 0.877240959419457789 0.138014729487848986
-0.339041235946914488 0.879936856271939849 0.137696614063419348
-0.292765787067210348 0.881133851669678614 0.137380232040546862
-0.257682336747474261 0.879184601737373894 0.137065585328074641
-0.218822096078585770 0.874103025324784788 0.136752675824376058
-0.175924614023596548 0.864800032684569286 0.136441505417343317
-0.103870560563850300 0.839734733695484792 0.136132075984376016
-0.051178535313801787 0.812855619183215472 0.135824389392369904
0.004036869862228343 0.775132643472504101 0.135518447497705474
0.059624284568892849 0.723982123158088187 0.135214252146237057
0.112007475156089276 0.657010801250826670 0.134911805173281107
0.172620464286098535 0.524283952502868855 0.134611108403605934
0.190894337953516013 0.416390746760145480 0.134312163651419847
0.183421733611693366 0.299289685549232187 0.134014972720361059
0.146141542216056075 0.182484236075081824 0.133719537403486022
0.079905862166909564 0.077207273407777555 0.133425859483258913
-0.009040625781469110 -0.006772815049408648 0.133133940731541361
-0.110883673619490294 -0.063976957007451929 0.132843782909580932
-0.265867671034321851 -0.100041746939480175 0.132555387768000910
-0.359915704427873739 -0.097089093928119555 0.132268757046789781
-0.442072182319326434 -0.079220484615814990 0.131983892475290826
-0.511407623689116408 -0.051766925975098438 0.131700795772191348
-0.568556824102882219 -0.018944987567840355 0.131419468645512461
-0.614922859679784883 0.016224328991316095 0.131139912792598762
-0.652150838970289026 0.051734905530323783 0.130862129900108481
-0.681837232354858380 0.086343893532736971 0.130586121644002573
-0.705398090994244553 0.119341014081784769 0.130311889689535138
-0.724028804910635371 0.150368496885483427 0.130039435691243210
-0.738709921325914065 0.179292064717927468 0.129768761292936907
-0.750232409798451516 0.206113205314816361 0.129499868127689266
-0.759228377381347852 0.230911608435619697 0.129232757817826449
-0.766200645228380162 0.253808426744242865 0.128967431974918306
-0.769056118434759295 0.264587112638007882 0.128703892199768077
-0.773715294311015711 0.284895458633604992 0.128442140082403289
-0.777200959642461831 0.303657908577099345 0.128182177202065650
-0.779738748397998505 0.321012301483800278 0.127924005127202034
-0.781509049167204761 0.337087528122965774 0.127667625415454483
-0.782656567236954759 0.352002154621385899 0.127413039613651358
-0.783297801875356692 0.365864099234188778 0.127160249257797620
-0.783458721835448735 0.372431190950822222 0.126909255873065646
-0.783511328145263586 0.384893949700097160 0.126660060973786071
-0.783260786757845606 0.396529862462332905 0.126412666063438650
-0.782763229822855289 0.407413561429124438 0.126167072634643274
-0.782064576650610244 0.417611926017665946 0.125923282169150691
-0.781651891520483311 0.422473084709803270 0.125681296137833798
-0.780720114781486174 0.431753834028273054 0.125441116000678810
-0.779669349388952493 0.440487623813551221 0.125202743206776296
-0.778522871042840903 0.448720105229705513 0.124966179194312452
-0.777919899439485474 0.452661340663682465 0.124731425390560466
-0.776664949928110859 0.460217471624637664 0.124498483211871971
-0.775356522923388303 0.467367288729216956 0.124267354063668414
-0.774686131177334092 0.470799827400049553 0.124038039340432532
-0.773319596367126882 0.477398450276217301 0.123810540425700069
-0.771926238641807094 0.483664133589882139 0.123584858692051325
-0.771221960445862109 0.486679897756010615 0.123360995501102993
-0.769802402190790325 0.492491544631555977 0.123138952203499741
-0.769088586994169709 0.495292737732376753 0.122918730138906251
-0.767656083506349729 0.500698228226131192 0.122700330635999083
-0.766220722363423645 0.505856381891164775 0.122483755012458659
-0.765503160479738876 0.508348022915252273 0.122269004574961190
-0.764070300163418592 0.513166249827818222 0.122056080619171087
-0.763355706364361009 0.515496506373868013 0.121844984429732739
-0.761931722523080945 0.520007894992383757 0.121635717280263234
-0.761222863025120655 0.522192244691895513 0.121428280433344166
-0.759812556496564873 0.526425797473562773 0.121222675140514505
-0.759111504954080196 0.528477831041409440 0.121018902642262602
-0.757718455057403983 0.532459059013148495 0.120816964168019139
-0.757026747135847167 0.534390751862113822 0.120616860936149317
-0.756338419738116885 0.536284746651727873 0.120418594153945749
-0.754972335628062430 0.539964111534844249 0.120222165017621091
-0.754294764389722427 0.541751607972303040 0.120027574712300855
-0.752950949448856210 0.545227240734915131 0.119834824412016289
-0.752284832393522063 0.546917268106542509 0.119643915279697144
-0.751622646336230882 0.548576637728888761 0.119454848467164781
-0.750310235422447569 0.551806809167287193 0.119267625115125314
-0.749660078361737092 0.553379235873573627 0.119082246353162544
-0.748371986950072232 0.556442614437638206 0.118898713299731174
-0.747734087463389208 0.557935021327548131 0.118717027062150135
-0.747100301047276871 0.559402167074759094 0.118537188736595883
-0.746470634207503259 0.560844716515651709 0.118359199408095833
-0.745223666888117364 0.563658571062080060 0.118183060150521657
-0.744606361919054160 0.565031093997824252 0.118008772026582914
-0.743993168096945157 0.566381458114730063 0.117836336087820667
-0.743384076069845801 0.567710221901465473 0.117665753374601195
-0.742178148112963121 0.570305089811102173 0.117497024916109374
-0.741581282203578884 0.571572220552945653 0.117330151730342946
-0.740988458504298175 0.572819805625396472 0.117165134824105996
-0.740399657501074393 0.574048317441779532 0.117001975193003135
-0.739814858161212729 0.575258213222004211 0.116840673821433358
-0.738657173559464919 0.577623913190283722 0.116681231682584041
-0.738084239842232370 0.578780561143113936 0.116523649738425272
-0.737515211108541680 0.579920281661029491 0.116367928939703880
-0.736950060638279503 0.581043464499590767 0.116214070225937813
-0.736388760893603500 0.582150487444518361 0.116062074525410328
-0.735831283612382259 0.583241716762242235 0.115911942755164490
-0.735277599884045063 0.584317507639891098 0.115763675820997711
-0.734727680232591829 0.585378204594207974 0.115617274617456051
-0.734181494680688385 0.586424141873908678 0.115472740027829104
-0.733639012818497305 0.587455643835443242 0.115330072924144461
-0.733100203863545574 0.588473025306914144 0.115189274167162514
-0.732565036715013718 0.589476591935376382 0.115050344606371285
-0.732033480007435511 0.590466640518239827 0.114913285079981331
-0.731505502154333631 0.591443459324117127 0.114778096414920497
-0.730981071393264736 0.592407328396319599 0.114644779426829185
-0.730460155831155533 0.593358519840766263 0.114513334920055415
-0.729942723475992095 0.594297298110281869 0.114383763687649603
-0.729428742268889430 0.595223920274638774 0.114256066511360263
-0.728918180123773518 0.596138636270164834 0.114130244161628980
-0.728411004951212693 0.597041689151365462 0.114006297397585929
-0.727907184683451058 0.597933315327968229 0.113884226967045130
-0.727406687304019361 0.598813744787868085 0.113764033606500142
-0.726909480865074231 0.599683201318816472 0.113645718041119337
-0.726909480865074231 0.599683201318816472 0.113529280984741868
-0.726415533513230960 0.600541902713375264 0.113414723139873122
-0.725924813503077360 0.601390060973525098 0.113302045197680529
-0.725437289217842451 0.602227882500864786 0.113191247837989437
-0.724952929183928840 0.603055568282525489 0.113082331729278909
-0.724952929183928840 0.603055568282525489 0.112975297528677909
-0.724471702085709879 0.603873314068624656 0.112870145881961009
-0.723993576776650882 0.604681310544956108 0.112766877423544909
-0.723518522294106181 0.605479743494688472 0.112665492776484119
-0.723518522294106181 0.605479743494688472 0.112565992552467672
-0.723046507867151078 0.606268793958919083 0.112468377351815099
-0.722577502927899573 0.607048638387187922 0.112372647763472971
-0.722577502927899573 0.607048638387187922 0.112278804365011281
-0.722111477118782541 0.607819448784931660 0.112186847722619942
-0.721648400301864390 0.608581392852872494 0.112096778391105545
-0.721648400301864390 0.608581392852872494 0.112008596913887773
-0.721188242563989057 0.609334634123981589 0.111922303822996186
-0.720730974222098308 0.610079332094657922 0.111837899639067123
-0.720730974222098308 0.610079332094657922 0.111755384871340541
-0.720276565833432025 0.610815642345977960 0.111674760017656721
-0.720276565833432025 0.610815642345977960 0.111596025564453569
-0.719824988193471182 0.611543716670885695 0.111519181986763555
-0.719376212344390975 0.612263703186397557 0.111444229748210735
-0.719376212344390975 0.612263703186397557 0.111371169301008127
-0.718930209577748003 0.612975746447248060 0.111300001085954892
-0.718930209577748003 0.612975746447248060 0.111230725532433697
-0.718486951436449472 0.613679987554557993 0.111163343058408165
-0.718486951436449472 0.613679987554557993 0.111097854070420235
-0.718486951436449472 0.613679987554557993 0.111034258963587817
-0.718046409717669976 0.614376564259870750 0.110972558121602394
-0.718046409717669976 0.614376564259870750 0.110912751916726629
-0.717608556475763715 0.615065611065121254 0.110854840709792277
-0.717608556475763715 0.615065611065121254 0.110798824850197819
-0.717173364021655213 0.615747259321369866 0.110744704675906469
-0.717173364021655213 0.615747259321369866 0.110692480513444172
-0.717173364021655213 0.615747259321369866 0.110642152677897440
-0.716740804926914388 0.616421637320087035 0.110593721472911730
-0.716740804926914388 0.616421637320087035 0.110547187190689372
-0.716740804926914388 0.616421637320087035 0.110502550111987896
-0.716310852020804911 0.617088870386611088 0.110459810506118417
-0.716310852020804911 0.617088870386611088 0.110418968630943887
-0.716310852020804911 0.617088870386611088 0.110380024732877557
-0.716310852020804911 0.617088870386611088 0.110342979046881562
-0.715883478393965711 0.617749080964417607 0.110307831796465444
-0.715883478393965711 0.617749080964417607 0.110274583193684828
-0.715883478393965711 0.617749080964417607 0.110243233439140137
-0.715883478393965711 0.617749080964417607 0.110213782721975392
-0.715458657398036824 0.618402388700026284 0.110186231219877029
-0.715458657398036824 0.618402388700026284 0.110160579099072869
-0.715458657398036824 0.618402388700026284 0.110136826514331099
-0.715458657398036824 0.618402388700026284 0.110114973608959388
-0.715458657398036824 0.618402388700026284 0.110095020514803896
-0.715458657398036824 0.618402388700026284 0.110076967352248589
-0.715036362644821955 0.619048910524404250 0.110060814230214563
-0.715036362644821955 0.619048910524404250 0.110046561246159164
-0.715036362644821955 0.619048910524404250 0.110034208486075674
-0.715036362644821955 0.619048910524404250 0.110023756024492547
-0.715036362644821955 0.619048910524404250 0.110015203924473198
-0.715036362644821955 0.619048910524404250 0.110008552237615381
-0.715036362644821955 0.619048910524404250 0.110003801004051049
-0.715036362644821955 0.619048910524404250 0.110000950252446050
-0.715036362644821955 0.619048910524404250 0.110000000000000001
