-0.136225368611717801 -0.943106932787956431 0.739999999999999991
-0.136225368611717801 -0.943106932787956431 0.739999049747553928
-0.136225368611717801 -0.943106932787956431 0.739996198995948928
-0.136225368611717801 -0.943106932787956431 0.739991447762384680
-0.136225368611717801 -0.943106932787956431 0.739984796075526807
-0.136225368611717801 -0.943106932787956431 0.739976243975507431
-0.136225368611717801 -0.943106932787956431 0.739965791513924276
-0.136225368611717801 -0.943106932787956431 0.739953438753840897
-0.136225368611717801 -0.943106932787956431 0.739939185769785457
-0.136225368611717801 -0.943106932787956431 0.739923032647751389
-0.136225368611717801 -0.943106932787956431 0.739904979485196068
-0.136225368611717801 -0.943106932787956431 0.739885026391040590
-0.136225368611717801 -0.943106932787956431 0.739863173485668879
-0.136225368611717801 -0.943106932787956431 0.739839420900927136
-0.136225368611717801 -0.943106932787956431 0.739813768780122949
-0.136225368611717801 -0.943106932787956431 0.739786217278024627
-0.136225368611717801 -0.943106932787956431 0.739756766560859869
-0.136225368611717801 -0.943106932787956431 0.739725416806315206
-0.136225368611717801 -0.943106932787956431 0.739692168203534561
-0.136225368611717801 -0.943106932787956431 0.739657020953118471
-0.136225368611717801 -0.943106932787956431 0.739619975267122420
-0.136225368611717801 -0.943106932787956431 0.739581031369056063
-0.136225368611717801 -0.943106932787956431 0.739540189493881561
-0.136225368611717801 -0.943106932787956431 0.739497449888012137
-0.136225368611717801 -0.943106932787956431 0.739452812809310633
-0.136225368611717801 -0.943106932787956431 0.739406278527088290
-0.136225368611717801 -0.943106932787956431 0.739357847322102524
-0.136225368611717801 -0.943106932787956431 0.739307519486555820
-0.136225368611717801 -0.943106932787956431 0.739255295324093509
-0.136225368611717801 -0.943106932787956431 0.739201175149802103
-0.136225368611717801 -0.943106932787956431 0.739145159290207743
-0.136225368611717801 -0.943106932787956431 0.739087248083273307
-0.136225368611717801 -0.943106932787956431 0.739027441878397529
-0.136225368611717801 -0.943106932787956431 0.738965741036412216
-0.136225368611717801 -0.943106932787956431 0.738902145929579812
-0.136225368611717801 -0.943106932787956431 0.738836656941591730
-0.136225368611717801 -0.943106932787956431 0.738769274467566239
-0.136225368611717801 -0.943106932787956431 0.738699998914045142
-0.136225368611717801 -0.943106932787956431 0.738628830698991878
-0.136225368611717801 -0.943106932787956431 0.738555770251789201
-0.136225368611717801 -0.943106932787956431 0.738480818013236395
-0.136225368611717801 -0.943106932787956431 0.738403974435546395
-0.136225368611717801 -0.943106932787956431 0.738325239982343340
-0.136225368611717801 -0.943106932787956431 0.738244615128659576
-0.136225368611717801 -0.943106932787956431 0.738162100360932882
-0.136225368611717801 -0.943106932787956431 0.738077696177003806
-0.136225368611717801 -0.943106932787956431 0.737991403086112219
-0.136225368611717801 -0.943106932787956431 0.737903221608894433
-0.136225368611717801 -0.943106932787956431 0.737813152277379980
-0.136225368611717801 -0.943106932787956431 0.737721195634988725
-0.136225368611717801 -0.943106932787956431 0.737627352236526979
-0.136225368611717801 -0.943106932787956431 0.737531622648184837
-0.136225368611717801 -0.943106932787956431 0.737434007447532291
-0.136225368611717801 -0.943106932787956431 0.737334507223515900
-0.136225368611717801 -0.943106932787956431 0.737233122576455124
-0.136225368611717801 -0.943106932787956431 0.737129854118038996
-0.136225368611717801 -0.943106932787956431 0.737024702471322124
-0.136225368611717801 -0.943106932787956431 0.736917668270721027
-0.136225368611717801 -0.943106932787956431 0.736808752162010583
-0.136225368611717801 -0.943106932787956431 0.736697954802319477
-0.136225368611717801 -0.943106932787956431 0.736585276860126870
-0.136225368611717801 -0.943106932787956431 0.736470719015258179
-0.136225368611717801 -0.943106932787956431 0.736354281958880641
-0.136225368611717801 -0.943106932787956431 0.736235966393499863
-0.136225368611717801 -0.943106932787956431 0.736115773032954834
-0.136225368611717801 -0.943106932787956431 0.735993702602414035
-0.136225368611717801 -0.943106932787956431 0.735869755838370998
-0.136225368611717801 -0.943106932787956431 0.735743933488639756
-0.136225368611717801 -0.943106932787956431 0.735616236312350402
-0.136225368611717801 -0.943106932787956431 0.735486665079944646
-0.136225368611717801 -0.943106932787956431 0.735355220573170709
-0.136225368611717801 -0.943106932787956431 0.735221903585079439
-0.136225368611717801 -0.943106932787956431 0.735086714920018758
-0.136225368611717801 -0.943106932787956431 0.734949655393628665
-0.136225368611717801 -0.943106932787956431 0.734810725832837464
-0.136225368611717801 -0.943106932787956431 0.734669927075855544
-0.136225368611717801 -0.943106932787956431 0.734527259972170943
-0.136225368611717801 -0.943106932787956431 0.734382725382543899
-0.136225368611717801 -0.943106932787956431 0.734236324179002309
-0.136225368611717801 -0.943106932787956431 0.734088057244835501
-0.136225368611717801 -0.943106932787956431 0.733937925474589692
-0.136225368611717801 -0.943106932787956431 0.733785929774062096
-0.136225368611717801 -0.943106932787956431 0.733632071060296154
-0.136225368611717801 -0.943106932787956431 0.733476350261574761
-0.136225368611717801 -0.943106932787956431 0.733318768317415937
-0.136225368611717801 -0.943106932787956431 0.733159326178566717
-0.136225368611717801 -0.943106932787956431 0.732998024806996828
-0.136225368611717801 -0.943106932787956431 0.732834865175894024
-0.136225368611717801 -0.943106932787956431 0.732669848269657087
-0.136225368611717801 -0.943106932787956431 0.732502975083890617
-0.136225368611717801 -0.943106932787956431 0.732334246625398921
-0.136225368611717801 -0.943106932787956431 0.732163663912179352
-0.136225368611717801 -0.943106932787956431 0.731991227973417091
-0.136225368611717801 -0.943106932787956431 0.731816939849478376
-0.136225368611717801 -0.943106932787956431 0.731640800591904172
-0.136225368611717801 -0.943106932787956431 0.731462811263404067
-0.136225368611717801 -0.943106932787956431 0.731282972937849940
-0.136225368611717801 -0.943106932787956431 0.731101286700268749
-0.136225368611717801 -0.943106932787956431 0.730917753646837420
-0.136225368611717801 -0.943106932787956431 0.730732374884874636
-0.136225368611717801 -0.943106932787956431 0.730545151532835280
-0.136225368611717801 -0.943106932787956431 0.730356084720302889
-0.136225368611717801 -0.943106932787956431 0.730165175587983772
-0.136225368611717801 -0.943106932787956431 0.729972425287699123
-0.136225368611717801 -0.943106932787956431 0.729777834982378915
-0.136225368611717801 -0.943106932787956431 0.729581405846054243
-0.136225368611717801 -0.943106932787956431 0.729383139063850661
-0.136225368611717801 -0.943106932787956431 0.729183035831980852
-0.136225368611717801 -0.943106932787956431 0.728981097357737307
-0.136225368611717801 -0.943106932787956431 0.728777324859485542
-0.136225368611717801 -0.943106932787956431 0.728571719566655895
-0.136225368611717801 -0.943106932787956431 0.728364282719736744
-0.136225368611717801 -0.943106932787956431 0.728155015570267294
-0.136225368611717801 -0.943106932787956431 0.727943919380828919
-0.136225368611717801 -0.943106932787956431 0.727730995425038829
-0.136225368611717801 -0.943106932787956431 0.727516244987541416
-0.136225368611717801 -0.943106932787956431 0.727299669364000922
-0.136225368611717801 -0.943106932787956431 0.727081269861093782
-0.136225368611717801 -0.943106932787956431 0.726861047796500293
-0.136225368611717801 -0.943106932787956431 0.726639004498896957
-0.136225368611717801 -0.943106932787956431 0.726415141307948709
-0.136225368611717801 -0.943106932787956431 0.726189459574299923
-0.136225368611717801 -0.943106932787956431 0.725961960659567529
-0.136225368611717801 -0.943106932787956431 0.725732645936331688
-0.136225368611717801 -0.943106932787956431 0.725501516788128020
-0.136225368611717801 -0.943106932787956431 0.725268574609439609
-0.136225368611717801 -0.943106932787956431 0.725033820805687568
-0.136225368611717801 -0.943106932787956431 0.724797256793223710
-0.136225368611717801 -0.943106932787956431 0.724558883999321224
-0.136225368611717801 -0.943106932787956431 0.724318703862166235
-0.136225368611717801 -0.943106932787956431 0.724076717830849370
-0.136225368611717801 -0.943106932787956431 0.723832927365356760
-0.136225368611717801 -0.943106932787956431 0.723587333936561383
-0.136225368611717801 -0.943106932787956431 0.723339939026213963
-0.136225368611717801 -0.943106932787956431 0.723090744126934415
-0.136225368611717801 -0.943106932787956431 0.722839750742202303
-0.136225368611717801 -0.943106932787956431 0.722586960386348620
-0.136225368611717801 -0.943106932787956431 0.722332374584545467
-0.136225368611717801 -0.943106932787956431 0.722075994872797944
-0.136225368611717801 -0.943106932787956431 0.721817822797934383
-0.136225368611717801 -0.943106932787956431 0.721557859917596800
-0.136225368611717801 -0.943106932787956431 0.721296107800231900
-0.136225368611717801 -0.943106932787956431 0.721032568025081755
-0.136225368611717801 -0.943106932787956431 0.720767242182173473
-0.136225368611717801 -0.943106932787956431 0.720500131872310767
-0.136225368611717801 -0.943106932787956431 0.720231238707063071
-0.136225368611717801 -0.943106932787956431 0.719960564308756767
-0.136225368611717801 -0.943106932787956431 0.719688110310464868
-0.136225368611717801 -0.943106932787956431 0.719413878355997460
-0.136225368611717801 -0.943106932787956431 0.719137870099891496
-0.136225368611717801 -0.943106932787956431 0.718860087207401133
-0.136225368611717801 -0.943106932787956431 0.718580531354487628
-0.136225368611717801 -0.943106932787956431 0.718299204227808685
-0.136225368611717801 -0.943106932787956431 0.718016107524709124
-0.136225368611717801 -0.943106932787956431 0.717731242953210224
-0.136225368611717801 -0.943106932787956431 0.717444612231999179
-0.136225368611717801 -0.943106932787956431 0.717156217090419101
-0.136225368611717801 -0.943106932787956431 0.716866059268458589
-0.136225368611717801 -0.943106932787956431 0.716574140516741065
-0.136225368611717801 -0.943106932787956431 0.716280462596514012
-0.136225368611717801 -0.943106932787956431 0.715985027279638975
-0.136225368611717801 -0.943106932787956431 0.715687836348580131
-0.136225368611717801 -0.943106932787956431 0.715388891596394072
-0.136225368611717801 -0.943106932787956431 0.715088194826718926
-0.136225368611717801 -0.943106932787956431 0.714785747853762921
-0.136225368611717801 -0.943106932787956431 0.714481552502294504
-0.136225368611717801 -0.943106932787956431 0.714175610607630129
-0.136225368611717801 -0.943106932787956431 0.713867924015623934
-0.136225368611717801 -0.943106932787956431 0.713558494582656633
-0.136225368611717801 -0.943106932787956431 0.713247324175623976
-0.136225368611717801 -0.943106932787956431 0.712934414671925309
-0.136225368611717801 -0.943106932787956431 0.712619767959453143
-0.136225368611717801 -0.943106932787956431 0.712303385936580713
-0.136225368611717801 -0.943106932787956431 0.711985270512151103
-0.136225368611717801 -0.943106932787956431 0.711665423605465697
-0.136225368611717801 -0.943106932787956431 0.711343847146272412
-0.136225368611717801 -0.943106932787956431 0.711020543074754374
-0.136225368611717801 -0.943106932787956431 0.710695513341517593
-0.136225368611717801 -0.943106932787956431 0.710368759907580083
-0.136225368611717801 -0.943106932787956431 0.710040284744359096
-0.136225368611717801 -0.943106932787956431 0.709710089833660129
-0.136225368611717801 -0.943106932787956431 0.709378177167664048
-0.136225368611717801 -0.943106932787956431 0.709044548748915870
-0.136225368611717801 -0.943106932787956431 0.708709206590312113
-0.136225368611717801 -0.943106932787956431 0.708372152715089243
-0.136225368611717801 -0.943106932787956431 0.708033389156810689
-0.136225368611717801 -0.943106932787956431 0.707692917959355072
-0.136225368611717801 -0.943106932787956431 0.707350741176904108
-0.136225368611717801 -0.943106932787956431 0.707006860873929721
-0.136225368611717801 -0.943106932787956431 0.706661279125181618
-0.136225368611717801 -0.943106932787956431 0.706313998015675182
-0.136225368611717801 -0.943106932787956431 0.705965019640678482
-0.136225368611717801 -0.943106932787956431 0.705614346105699508
-0.136225368611717801 -0.943106932787956431 0.705261979526474403
-0.136225368611717801 -0.943106932787956431 0.704907922028953582
-0.136225368611717801 -0.943106932787956431 0.704552175749289300
-0.136225368611717801 -0.943106932787956431 0.704194742833822995
-0.136225368611717801 -0.943106932787956431 0.703835625439072410
-0.136225368611717801 -0.943106932787956431 0.703474825731717712
-0.136225368611717801 -0.943106932787956431 0.703112345888589618
-0.136225368611717801 -0.943106932787956431 0.702748188096655402
-0.136225368611717801 -0.943106932787956431 0.702382354553006127
-0.136225368611717801 -0.943106932787956431 0.702014847464843106
-0.136225368611717801 -0.943106932787956431 0.701645669049464793
-0.136225368611717801 -0.943106932787956431 0.701274821534253578
-0.136225368611717801 -0.943106932787956431 0.700902307156661686
-0.136225368611717801 -0.943106932787956431 0.700528128164198294
-0.136225368611717801 -0.943106932787956431 0.700152286814415881
-0.136225368611717801 -0.943106932787956431 0.699774785374896457
-0.136225368611717801 -0.943106932787956431 0.699395626123237801
-0.136225368611717801 -0.943106932787956431 0.699014811347040133
-0.136225368611717801 -0.943106932787956431 0.698632343343891682
-0.136225368611717801 -0.943106932787956431 0.698248224421355368
-0.136225368611717801 -0.943106932787956431 0.697862456896954697
-0.136225368611717801 -0.943106932787956431 0.697475043098159664
-0.136225368611717801 -0.943106932787956431 0.697085985362372984
-0.136225368611717801 -0.943106932787956431 0.696695286036915662
-0.136225368611717801 -0.943106932787956431 0.696302947479013001
-0.136225368611717801 -0.943106932787956431 0.695908972055780284
-0.136225368611717801 -0.943106932787956431 0.695513362144208891
-0.136225368611717801 -0.943106932787956431 0.695116120131151316
-0.136225368611717801 -0.943106932787956431 0.694717248413307176
-0.136225368611717801 -0.943106932787956431 0.694316749397208888
-0.136225368611717801 -0.943106932787956431 0.693914625499206461
-0.136225368611717801 -0.943106932787956431 0.693510879145453840
-0.136225368611717801 -0.943106932787956431 0.693105512771893584
-0.136225368611717801 -0.943106932787956431 0.692698528824242432
-0.136225368611717801 -0.943106932787956431 0.692289929757976541
-0.136225368611717801 -0.943106932787956431 0.691879718038316605
-0.136225368611717801 -0.943106932787956431 0.691467896140213090
-0.136225368611717801 -0.943106932787956431 0.691054466548331137
-0.136225368611717801 -0.943106932787956431 0.690639431757035682
-0.136225368611717801 -0.943106932787956431 0.690222794270376361
-0.144109395508886962 -0.944094439868715662 0.689804556602072627
-0.156239473931081785 -0.945384789345805387 0.689384721275498102
-0.168656342156259798 -0.946494726453593893 0.688963290823665919
-0.181735852231202810 -0.947253683100380273 0.688540267789212845
-0.195321833889328278 -0.947750793967396810 0.688115654724384629
-0.209589102873239730 -0.947913907196860306 0.687689454191019900
-0.224685710363417834 -0.947682916427158295 0.687261668760535072
-0.240802473130850903 -0.946973942062736551 0.686832301013909019
-0.264410442122643252 -0.945027286502969188 0.686401353541667092
-0.283680586192864403 -0.942814679274060596 0.685968828943865794
-0.305521824607644488 -0.939292717056375182 0.685534729830076905
-0.330225865108360994 -0.934197966649308098 0.685099058819371831
-0.358879761136808639 -0.926720153396400237 0.684661818540305611
-0.393090403502065810 -0.915451670623176339 0.684223011630901601
-0.452148053429502150 -0.889368717296831757 0.683782640738634817
-0.513673724509069007 -0.851619243761273514 0.683340708520416507
-0.607733334599628194 -0.763977548586765920 0.682897217642577936
0.075436537279127580 -0.844927727677664886 0.682452170780854406
-0.692946766953944193 -0.616579406253390028 0.682005570620368706
-0.497302822321045057 -0.027141930111803741 0.681557419855615576
0.134205134438408730 -0.099440292412897355 0.681107721190444715
0.267706568086985230 -0.513866038296900696 0.680656477338045240
0.182809633732244903 -0.728767196244542559 0.680203691020928702
0.067754241628604439 -0.845642391311041131 0.679749364970912762
0.003836233231657993 -0.884871040418490074 0.679293501929105314
-0.045759110689034321 -0.906951056505675646 0.678836104645886729
-0.097126947881713610 -0.923308119058806165 0.678377175880894634
-0.128272002687539799 -0.930281816046923504 0.677916718403006269
-0.155095073096379044 -0.934599457719010540 0.677454734990322271
-0.186094244503231476 -0.937700891968135997 0.676991228430149805
-0.206759003275708175 -0.938664613195125064 0.676526201518985459
-0.231851488898792479 -0.938662028807888293 0.676059657062499042
-0.249298140266841051 -0.937906240715241424 0.675591597875515815
-0.265871520052675558 -0.936616318175642837 0.675122026782000395
-0.286970924974772668 -0.934166028166957929 0.674650946615038660
-0.302265723076275750 -0.931820895089594980 0.674178360216821981
-0.322222551239313204 -0.928034962832277044 0.673704270438628683
-0.337027263381399045 -0.924688834915865843 0.673228680140807945
-0.351827259709342477 -0.920878867576652382 0.672751592192761816
-0.371769189998527205 -0.914995408640151053 0.672273009472928451
-0.387060638520729361 -0.909886691472537534 0.671792934868764235
-0.408209538789665427 -0.901938385388054154 0.671311371276726909
-0.424915827918752209 -0.894908578623591078 0.670828321602257471
-0.448872035525030466 -0.883611939268479363 0.670343788759763304
-0.468654268602656965 -0.873139554739046586 0.669857775672599853
-0.498733267659491275 -0.855061021638529928 0.669370285273053756
-0.535638328872964142 -0.828872515895162199 0.668881320502324628
-0.570940023085383941 -0.798892333621924133 0.668390884310507527
-0.636816348487837525 -0.724898947313213360 0.667898979656575076
-0.707845244789962247 -0.589046385586583843 0.667405609508359698
-0.185829657738182080 0.063357011648433062 0.666910776842535635
-0.479000517408461890 -0.799926417716700477 0.666414484644600846
0.099682323266081063 -0.826050410480680952 0.665916735908859470
-0.233084720440833004 -0.935451540307042806 0.665417533638403169
-0.329018086283338618 -0.923055766223686791 0.664916880845093483
-0.405368744750872478 -0.899293342398568840 0.664414780549543171
-0.459083803008512481 -0.874000525258405769 0.663911235781098785
-0.493018290747630372 -0.853672740334771030 0.663406249577821461
-0.534807354052394546 -0.823028986969826071 0.662899824986468933
-0.575897317181699231 -0.785285618023497611 0.662391965062477772
-0.607681464963815698 -0.749126329663197588 0.661882672869943733
-0.652143554425574146 -0.682666813377412862 0.661371951481604547
-0.695575190546472100 -0.577345917156834032 0.660859803978820493
-0.714001371306703492 -0.449202857042095283 0.660346233451555964
-0.627562772514994149 -0.164611029849094759 0.659831242998361267
-0.106117984508558402 0.037886963359573915 0.659314835726353410
0.274380022044914740 -0.501326465035216162 0.658797014751197674
0.048740600446980364 -0.864851568265420978 0.658277783197088628
-0.052819166051442656 -0.914372515862889257 0.657757144196731369
-0.197687249335618431 -0.943415299007235975 0.657235100891322421
-0.293500297744770600 -0.939280070256775623 0.656711656430531421
-0.348519569718241828 -0.928653060271303010 0.656186813972481464
-0.411603251455311403 -0.908625817527101920 0.655660576683730012
-0.478046342350980702 -0.877444405939042937 0.655132947739250349
-0.629212130083829591 -0.749955130770540879 0.654603930322411820
-0.417848839793516391 -0.902252098297917970 0.654073527624961182
-0.195218401651306050 -0.941165203312150700 0.653541742847002838
-0.433260537261112466 -0.899661758105005371 0.653008579196979855
-0.473483888822136434 -0.880222335444106330 0.652474039891654756
-0.507477886160833669 -0.860475599266942393 0.651938128156089536
-0.532996032063116854 -0.843459596067099748 0.651400847223626678
-0.554346415180844154 -0.827633735360558398 0.650862200335869279
-0.573172783696624499 -0.812360563990095597 0.650322190742662065
-0.590277119823667262 -0.797307088207463099 0.649780821702071409
-0.606113237022956941 -0.782267623110465160 0.649238096480365567
-0.620964333531239365 -0.767096755034772038 0.648694018351995028
-0.635019513324464935 -0.751679128956292519 0.648148590599572971
-0.648411234784194490 -0.735913630997506729 0.647601816513855399
-0.661235445072249184 -0.719703712499703885 0.647053699393721038
-0.673563200129448258 -0.702950298170646137 0.646504242546151686
-0.685447729443526166 -0.685545431203677724 0.645953449286212344
-0.696928877767006627 -0.667365389055986191 0.645401322937030675
-0.708035922173793852 -0.648262019220541719 0.644847866829777683
-0.718789289466603587 -0.628050590016802190 0.644293084303647068
-0.729201421838095887 -0.606491312767849289 0.643736978705835461
-0.739276814781042679 -0.583259177610748858 0.643179553391521885
-0.749010921067474800 -0.557890991817279636 0.642620811723847774
-0.758386744438393934 -0.529684166397809575 0.642060757073896426
-0.767364723084291489 -0.497481523273065496 0.641499392820673031
-0.775846314462229514 -0.459143897961639125 0.640936722351083898
-0.783497981124225529 -0.409969335553509728 0.640372749059916258
-0.788454238487953152 -0.336215254679124942 0.639807476349817827
-0.765594219865466163 -0.168042257903166403 0.639240907631276056
-0.129243821202384257 -0.667851313944698433 0.638673046322597582
-0.723989647718157325 -0.427294951423478730 0.638103895849887803
-0.729787890594461253 -0.295723763537789897 0.637533459647030010
-0.686033270494777359 -0.165173359291059751 0.636961741155665062
-0.547679526336307676 -0.008082127048515408 0.636388743825169967
-0.154981643501500704 0.067737595097594167 0.635814471112637336
0.206880950655283974 -0.505771214490477017 0.635238926482855071
-0.229776255315977007 -0.893389213476724953 0.634662113408284490
-0.566715136231259242 -0.798787991009801912 0.634084035369040122
-0.670449196148394377 -0.695893043447011195 0.633504695852868616
-0.721437071627145543 -0.611983245530710263 0.632924098355127196
-0.748787181146992609 -0.542666710864068924 0.632342246378763129
-0.763596342679498719 -0.482763612632314709 0.631759143434292514
-0.771416963194416549 -0.415532136656357964 0.631174793039778748
-0.771691410475459971 -0.385846863875985102 0.630589198720811650
-0.767398946120792513 -0.322541556363146520 0.630002364010486038
-0.758968945859334720 -0.276578843259358720 0.629414292449380408
-0.742573722019277627 -0.220940014763181203 0.628824987585535511
-0.724474015293088858 -0.177277117001770124 0.628234452974433477
-0.701499500326858261 -0.134276730980937453 0.627642692178975614
-0.665055359118215339 -0.081708655570482291 0.627049708769460978
-0.628832135739586184 -0.041088790903682060 0.626455506323565503
-0.585341161354651973 -0.002489677233605880 0.625860088426319683
-0.518978773650702552 0.041226425177170317 0.625263458670087813
-0.454407892650299794 0.070463436197653911 0.624665620654545006
-0.377255598706805750 0.091545875051823294 0.624066577986656545
-0.257737802221008061 0.098283592885719515 0.623466334280656009
-0.136382007328271659 0.073592410159786778 0.622864893158023070
0.016844565527532218 -0.013644574730627999 0.622262258247461841
0.185113614785336666 -0.404534244937214793 0.621658433184878789
-0.420531271473175705 -0.842633394365808641 0.621053421613361412
-0.735589118087395244 -0.185054404866098199 0.620447227183155481
-0.420768550358958993 0.086380760134658285 0.619839853551643394
-0.238833732561297973 0.099673262269644167 0.619231304383322301
-0.081048930380707901 0.052013280817706460 0.618621583349781567
0.009747074358064193 -0.007988784450697449 0.618010694129680793
0.090850741209368535 -0.096447394910998227 0.617398640408728050
0.134178308919641665 -0.172375289966413020 0.616785425879656679
0.160977700697896492 -0.249273660703032196 0.616171054242203975
0.174416501100320087 -0.342873125289931913 0.615555529203088425
0.171567966657791948 -0.413378103531983343 0.614938854475987173
0.154166408373134473 -0.493837259843553533 0.614321033781514036
0.131312445826062191 -0.551033586537380549 0.613702070847196968
0.093988746149284597 -0.612740078977196512 0.613081969407454963
0.058378762043108268 -0.653809275809499879 0.612460733203576524
0.007050413206895867 -0.693544706645662701 0.611838365983696564
-0.041734188065336908 -0.712683470419905207 0.611214871502773316
-0.134471541692183671 -0.688976723383528666 0.610590253522566684
0.699897453506436396 -0.528700346653040221 0.609964515811614816
-0.063588536470874590 -0.870949899155869733 0.609337662145211567
-0.146542035202782028 -0.861687063481886284 0.608709696305383963
-0.193573514355463938 -0.861502582481080803 0.608080622080868771
-0.245181500981129452 -0.861376714631988283 0.607450443267090412
-0.283473657704831350 -0.859879098158822908 0.606819163666137418
-0.328964601374390320 -0.855681336811402682 0.606186787086739787
-0.363958055871488662 -0.850342139191000879 0.605553317344246333
-0.406385900603536632 -0.841142746373899186 0.604918758260600598
-0.447733993727438717 -0.829086079766515160 0.604283113664319305
-0.480288320394947177 -0.817305779159492540 0.603646387390467831
-0.520648357548831209 -0.799721435805538894 0.603008583280637778
-0.552928859718931687 -0.783131279797275370 0.602369705182924098
-0.593662405965075357 -0.758743742599318760 0.601729756951901340
-0.635331184891469114 -0.729441585046973318 0.601088742448600111
-0.669773440629721883 -0.701523261855140357 0.600446665540484759
-0.714859089118940028 -0.659177282914550910 0.599803530101429061
-0.763030253643990797 -0.605169581760696018 0.599159340011693797
-0.804353325524672202 -0.549459573497868226 0.598514099157902213
-0.859480744167836708 -0.454590041267292300 0.597867811433017704
-0.913888577315675521 -0.309500687407356201 0.597220480736319392
-0.937753086294641380 -0.122845524723480926 0.596572110973379255
-0.797414095029335024 0.266817842480610523 0.595922706056038476
-0.102320206740844452 0.323114963074612016 0.595272269902383133
-0.100541177783770558 -0.138525343936970247 0.594620806436721661
-0.172777382696743448 -0.079990940157239954 0.593968319589560312
0.075078786143431164 -0.012538387864417404 0.593314813297580179
0.332233197467700969 -0.306575131323271022 0.592660291503612213
0.267528844996486381 -0.651036942326620349 0.592004758156615130
0.123416185378475041 -0.799441597783350555 0.591348217211650096
-0.044478472368168931 -0.875853476762878502 0.590690672629857860
-0.175331722858369288 -0.894779994552196256 0.590032128378433995
-0.275513304507097267 -0.889364634725232861 0.589372588430605804
-0.339762259902877284 -0.877010057971686963 0.588712056765608116
-0.406012785581919555 -0.856679107302683152 0.588050537368658643
-0.461050012508642970 -0.833460621060729823 0.587388034230934886
-0.508083084941040264 -0.808562534267128541 0.586724551349549261
-0.549279806706081231 -0.782427411948033669 0.586060092727525461
-0.579060440532360166 -0.760675476097846914 0.585394662373774133
-0.613239793081516216 -0.732306449810937288 0.584728264303068901
-0.644789136755173464 -0.702345271005812455 0.584060902536021609
-0.674306396162936306 -0.670351279819511370 0.583392581099058893
-0.702214199895007329 -0.635722367044676995 0.582723304024396649
-0.728775602526289923 -0.597649586894170581 0.582053075350017379
-0.754072422366043105 -0.555037026434940906 0.581381899119644441
-0.773293140645691879 -0.516681373025573154 0.580709779382718061
-0.795585181371564643 -0.461684691543745362 0.580036720194371247
-0.814767760358016457 -0.396167475728032181 0.579362725615404806
-0.828170763169616575 -0.316053066963087659 0.578687799712263029
-0.830076109441033383 -0.215579636791524587 0.578011946557009382
-0.808112805717764449 -0.087445049257433127 0.577335170227301964
-0.735650155404486084 0.073462361013958422 0.576657474806368309
-0.561188260434988928 0.251856439188781089 0.575978864382981293
-0.222373402373324702 0.368372195999924212 0.575299343051434375
0.327187488301998786 0.117094228756135871 0.574618914911516843
0.337701528794481121 -0.317134077703932038 0.573937584068489048
0.155835578839364691 -0.637702364338064265 0.573255354633057546
-0.074737771087253269 -0.768486075189479312 0.572572230721350661
-0.266750668384822753 -0.786746638384380415 0.571888216454893183
-0.412741300887948359 -0.751423753329271471 0.571203315960581826
-0.523652001015891821 -0.687527847777082535 0.570517533370660246
-0.608091148469332432 -0.601934194041042203 0.569830872822694068
-0.667910134143051448 -0.492547854710684074 0.569143338459545789
-0.694680502497664665 -0.352880355130241297 0.568454934429350356
-0.662273181722380921 -0.179663201588460830 0.567765664885489074
-0.521137509057317150 0.001457468882511248 0.567075533986565739
-0.241088712223488377 0.086724423856081062 0.566384545896380986
0.056423423346862012 -0.050371087726223319 0.565692704783906763
0.175401920134861056 -0.325904275641949959 0.565000014823262009
0.127145904723159453 -0.555282548121975417 0.564306480193686899
0.020681101480671205 -0.690243535222917481 0.563612105079517756
-0.086003930000442264 -0.758504512343701198 0.562916893670161955
-0.177263309014785431 -0.789103790276036277 0.562220850160072394
-0.252393266018892670 -0.799442051316267888 0.561523978748722397
-0.314203099861198931 -0.798825377282317728 0.560826283640580292
-0.374975457637191201 -0.790371616948028599 0.560127769045084101
-0.417266649689306712 -0.779833562904025612 0.559428439176616110
-0.453904472113644042 -0.767531989557842298 0.558728298254477340
-0.486268504016300507 -0.754162440390150679 0.558027350502862229
-0.515458451522575078 -0.740080473392090821 0.557325600150833100
-0.542411985501678462 -0.725419336417354566 0.556623051432294513
-0.568022405999184077 -0.710131451792598734 0.555919708585968286
-0.593291780872294727 -0.693960464230061413 0.555215575855366850
-0.619603189481964800 -0.676297556111982057 0.554510657488768932
-0.649354878509903144 -0.655723721802453530 0.553804957739192694
-0.687848075596409481 -0.628345823662821101 0.553098480864371078
-0.770109951970817663 -0.561893085567712114 0.552391231126725279
-0.940306823733437658 -0.232597366986765530 0.551683212793339983
-0.203154467748854539 -0.589684375429191387 0.550974430135936832
-0.481137605603128682 -0.649886779643547907 0.550264887430848670
-0.559416475563080606 -0.629095319156635524 0.549554588958994228
-0.600820612884026328 -0.605500134893745101 0.548843539005852032
-0.631868607650728498 -0.573867027120487205 0.548131741861434318
-0.611982140219240134 -0.188346362545812995 0.547419201820261936
-0.636849031306475188 -0.626980742441269223 0.546705923181337261
-0.664362796482235840 -0.585875423761213487 0.545991910248119217
-0.681712581377248217 -0.562568277984628939 0.545277167328497070
-0.696742939659729776 -0.542931160485386366 0.544561698734763899
-0.711136636364667396 -0.524011639367884641 0.543845508783591502
-0.728794049680671741 -0.500358875852774165 0.543128601796003752
-0.744771105852195525 -0.478439250976529395 0.542410982097350503
-0.763011850088763044 -0.452645561089420390 0.541692654017281949
-0.785149830490987188 -0.419648771264907072 0.540973621889721756
-0.820698651619881758 -0.359203584605347237 0.540253890052841745
-0.861082961603242936 -0.262182907706116075 0.539533462849035028
-0.870664187667308687 -0.011439325232075026 0.538812344624890471
-0.144369029053850489 0.232740759290489818 0.538090539731165718
-0.231704701457458639 -0.498780115838817095 0.537368052522761430
-0.484387866593864014 -0.534616240844878465 0.536644887358695422
-0.564950195138599232 -0.509117585318065391 0.535921048602074901
-0.609083433453034284 -0.483763983062450609 0.535196540620071826
-0.637369493150692801 -0.460739694850659243 0.534471367783895701
-0.660820407576927060 -0.435272533615246315 0.533745534468767047
-0.675398363560141490 -0.414999188307212497 0.533019045053891527
-0.687170455161791427 -0.394966813948811168 0.532291903922433307
-0.697009205787526787 -0.374684877020899587 0.531564115461488407
-0.706980130332358181 -0.349354640492038349 0.530835684062058610
-0.714104020873931322 -0.326810499770946117 0.530106614119024488
-0.720296269123685162 -0.302270389135841033 0.529376910031119641
-0.726449988979516625 -0.268906647218913997 0.528646576200903162
-0.730176555595457799 -0.236237941360751103 0.527915617034733886
-0.731767452064971069 -0.196810605493977331 0.527184036942743628
-0.727756538719757540 -0.135172623435318939 0.526451840338810095
-0.712309572712966244 -0.063867672949372123 0.525719031640530909
-0.665763781136697430 0.037387213842653810 0.524985615269196515
-0.525563598755172223 0.169843355552266095 0.524251595649763980
-0.086689936597680400 0.119324854993236723 0.523516977210829459
-0.022758304560574649 -0.348257445782616304 0.522781764384602554
-0.281921688835621909 -0.513691595665879519 0.522045961606878439
-0.466407730330583581 -0.484565997231585832 0.521309573317012220
-0.544135779878501036 -0.431490060034754874 0.520572603957891289
-0.603244547935375408 -0.348209267247272469 0.519835057975908787
-0.581249468100147659 -0.396715996734766763 0.519096939820936853
-0.608705228016209854 -0.343826870726018918 0.518358253946300196
-0.621590610059220450 -0.300711778866915858 0.517619004808748007
-0.625960428374698008 -0.268900787359818483 0.516879196868428425
-0.626318529852982975 -0.238301072701411432 0.516138834588860784
-0.621980096696617135 -0.201438953904919588 0.515397922436909073
-0.614050593967221059 -0.169342646955430054 0.514656464882754738
-0.601074528642470018 -0.134657656604898313 0.513914466399869707
-0.575240808740108189 -0.087056447333856590 0.513171931464990072
-0.537953151364801263 -0.039037577187266359 0.512428864558087671
-0.446479859713712735 0.034014942714565843 0.511685270162344774
-0.248926425377010818 0.086736457944230419 0.510941152764125550
0.148943451858487341 -0.267808202567466513 0.510196516852949977
-0.506469368967373379 -0.622264870460816466 0.509451366921466198
-0.643737312843986276 -0.390469054296596396 0.508705707465423762
-0.645226840286968528 -0.245505414305203284 0.507959542983646317
-0.625222320586676261 -0.172589062546867761 0.507212877978004517
-0.599742600831046579 -0.118376841070386818 0.506465716953388712
-0.564376610412072655 -0.066153447474205485 0.505718064417682078
-0.530730181711444260 -0.029143606408508937 0.504969924881733090
-0.484342272074525959 0.009553769828456293 0.504221302859328868
-0.439664601682941136 0.037311860498731725 0.503472202867166985
-0.388494960458215632 0.060361851000156092 0.502722629424828926
-0.317132695585902458 0.079759640225580769 0.501972587054753117
-0.248289642624929419 0.086093271119553449 0.501222080282206495
-0.153474762416494576 0.075567480281442195 0.500471113635258535
-0.064433772466282069 0.042788858788463439 0.499719691644752828
0.049396466947669318 -0.051461226918215114 0.498967818844280431
0.106625636439448529 -0.244798351535907399 0.498215499770152170
-0.361470512335938077 -0.199704928792649117 0.497462738961371664
0.003023286251989879 -0.001282157433215692 0.496709540959607176
0.160493217350606815 -0.143022646562971506 0.495955910309165471
0.218083458166887845 -0.323855555677892037 0.495201851556962724
0.207939863628904875 -0.464330861786745430 0.494447369252498770
0.146785379553217105 -0.608598281162372468 0.493692467947828284
0.067505326926075027 -0.701514155297737085 0.492937152197534589
-0.046851304318196341 -0.776548580720298975 0.492181426558700674
-0.148821824760234089 -0.809376021539541912 0.491425295590883215
-0.271300908126729690 -0.815983841765654194 0.490668763856084045
-0.370293786025531313 -0.795629088402481144 0.489911835918723060
-0.483962858584786493 -0.737286871621338880 0.489154516345610635
-0.572687237276812700 -0.648977707851676744 0.488396809705919865
-0.650303151008433389 -0.448819161581126946 0.487638720571159257
-0.552404649357863820 -0.122836087024582763 0.486880253515145078
0.233243746530066492 -0.242367717909537900 0.486121413113973777
0.021555960977656552 -0.853564219232352039 0.485362203945993942
-0.365988237306583697 -0.905435761354281499 0.484602630591779604
-0.579965677170153793 -0.806985830795298842 0.483842697634101593
-0.804336128412574292 -0.445420894599106054 0.483082409657900780
0.016972737295266757 -0.015775352450532940 0.482321771250259546
-0.130561484587216337 -0.795804679826899952 0.481560787000374912
-0.330216609794142357 -0.827742426273708864 0.480799461499530345
-0.450083834205960431 -0.802511050584756802 0.480037799341068050
-0.511485552951333244 -0.775018629489267696 0.479275805120361664
-0.563565775940197189 -0.742225270680683225 0.478513483434788112
-0.596502370673938742 -0.716043248302740909 0.477750838883700013
-0.628097829171005095 -0.686059806042320197 0.476987876068398153
-0.649794749770828850 -0.662109306502050021 0.476224599592103282
-0.671788227662758697 -0.634361438249648635 0.475461014059928577
-0.690414911932812347 -0.607426872888700342 0.474697124078852117
-0.703903501493833961 -0.585405149458737561 0.473932934257688454
-0.718090767614078862 -0.559256379729639375 0.473168449207061581
-0.728490243097509094 -0.537513408937671744 0.472403673539376345
-0.739474204772257560 -0.511232417788653692 0.471638611868791302
-0.747486073595419631 -0.488961088027227153 0.470873268811190182
-0.755792035088282521 -0.461480012644643667 0.470107648984154913
-0.761612240093321846 -0.437659319739608477 0.469341757006936922
-0.767168626393443742 -0.407513667995160311 0.468575597500429597
-0.770427897093311720 -0.380634774458148195 0.467809175087140594
-0.772273123005307482 -0.345504756021123238 0.467042494391163687
-0.771048201605119665 -0.306091733613331085 0.466275560038151071
-0.766598590667921131 -0.268764623075005704 0.465508376655285161
-0.754753443885895714 -0.216525443689950470 0.464740948871250947
-0.735946286274511641 -0.164549256297332525 0.463973281316208130
-0.693653547821109995 -0.088512486160998993 0.463205378621762642
-0.627072771541081653 -0.012019792073677371 0.462437245420939558
-0.468487115352616224 0.083784472200878202 0.461668886348154228
-0.217748786111193804 0.103121379845892008 0.460900306039185248
0.142176517173934813 -0.198322060134574985 0.460131509131145422
0.026581866800123199 -0.725294086826933748 0.459362500262455065
-0.283246864407183274 -0.865150191540703162 0.458593284072812746
-0.532492009053406656 -0.820968464670212228 0.457823865203168145
-0.647450493327239696 -0.750078649104545359 0.457054248295693633
-0.727894862638224560 -0.670485587475897926 0.456284437993756620
-0.776564255999388720 -0.602811602099108557 0.455514438941891142
-0.804227000508013656 -0.553983813499088429 0.454744255785770268
-0.828532156902992423 -0.501823407509837449 0.453973893172177512
-0.844101497472797280 -0.461956348530539240 0.453203355748979131
-0.859095422435029454 -0.416633618975981834 0.452432648165096596
-0.869367142865021814 -0.379787092216111177 0.451661775070477334
-0.879600540753837867 -0.335327004038992793 0.450890741116067750
-0.887756469354162414 -0.289128405149452095 0.450119550953784642
-0.892829793319384502 -0.248051027966590620 0.449348209236487384
-0.896206353840626413 -0.193807876846407656 0.448576720617949509
-0.895660633903378578 -0.142552624835122821 0.447805089752831120
-0.888091362057792599 -0.070346591690495397 0.447033321296650354
-0.866115764750843065 0.018908470076287653 0.446261419905755630
-0.825089808265071722 0.111468785374022272 0.445489390237297223
-0.714085289443701976 0.245803177202755130 0.444717236949199513
-0.511216023173706735 0.344495856164946379 0.443944964700132727
-0.108738391981490184 0.219408293761609863 0.443172578149484575
-0.059497086050179421 -0.285876613103218824 0.442400081957332769
-0.341215886147142156 -0.460836365380072777 0.441627480784416215
-0.587114006928448395 -0.396163855169331613 0.440854779292107424
-0.686024922540125370 -0.278880865725022464 0.440081982142383921
-0.718824582780019594 -0.120241053133377407 0.439309093997800659
-0.667314357495369270 0.042914088380688220 0.438536119521461376
-0.547654488319780031 0.161295237653386936 0.437763063376990780
-0.309240679016230202 0.214772883295638539 0.436989930228506185
-0.093683445993979875 0.120915545801249677 0.436216724740589701
0.038505670634297363 -0.126271480845978112 0.435443451578259699
-0.003706291261361822 -0.361097263723122230 0.434670115406943058
-0.102399024719120491 -0.482351539009444052 0.433896720892446575
-0.227590252059284820 -0.551465556628190412 0.433123272700929207
-0.317778117243214309 -0.569751742302825881 0.432349775498873712
-0.405424521137085325 -0.566438802787055162 0.431576233953058608
-0.473945911508720508 -0.548609038708245289 0.430802652730529700
-0.519644741859409898 -0.527805796616634293 0.430029036498572770
-0.563989027330352499 -0.498632110733391809 0.429255389924684039
-0.594046045236034992 -0.471809905470272517 0.428481717676543417
-0.623469157173193400 -0.436933899682193594 0.427708024421985300
-0.646727165370983847 -0.398722711196667912 0.426934314828971262
-0.661763076153205843 -0.363441173634720061 0.426160593565560908
-0.674368588711098171 -0.314154086484858430 0.425386865299884787
-0.678879281720159211 -0.252832601450382555 0.424613134700115247
-0.676518864535915032 -0.244287304619242668 0.423839406434439070
-0.660344017074258494 -0.160954990679588572 0.423065685171028827
-0.627785493093272695 -0.089847258303841493 0.422291975578014622
-0.548888262841597308 0.004130833765945419 0.421518282323456672
-0.427023360561434528 0.076737417908282562 0.420744610075315939
-0.186701699687844364 0.093668042648193728 0.419970963501427319
0.081660057363669519 -0.093643730043004900 0.419197347269470222
0.148023502219564368 -0.388692876512277352 0.418423766046941481
0.002478543899258612 -0.663750876571952197 0.417650224501126266
-0.165794850214671441 -0.758867909766543169 0.416876727299070882
-0.329062477242738849 -0.779032986458405019 0.416103279107553403
-0.442893126388887948 -0.758949797046000629 0.415329884593057030
-0.510375001801865680 -0.733014712222188392 0.414556548421740223
-0.569681967697107217 -0.700282746161488223 0.413783275259410332
-0.606925321978838084 -0.674224319313748377 0.413010069771493848
-0.641789999192470151 -0.645376502495964122 0.412236936623009365
-0.669214272025362211 -0.619251614394766614 0.411463880478538657
-0.688024863505373174 -0.599384452599201700 0.410690906002199319
-0.707044851405819741 -0.577538157967066867 0.409918017857616057
-0.720637161358260503 -0.560770609056269742 0.409145220707892665
-0.734874731534537751 -0.542118588332127782 0.408372519215583762
-0.747347244316946213 -0.524829507626098146 0.407599918042667209
-0.756674298064328843 -0.511307413352341644 0.406827421850515403
-0.766839427143962804 -0.495986398305362952 0.406055035299867251
-0.774607296572988435 -0.483868820359443341 0.405282763050800465
-0.783238748105231419 -0.469993465825891854 0.404510609762702811
-0.791250649721917498 -0.456737405775705652 0.403738580094244404
-0.797537166746506987 -0.446092189239053860 0.402966678703349568
-0.804695609856258653 -0.433723638593562111 0.402194910247168913
-0.810395319615083931 -0.423700336370146702 0.401423279382050524
-0.816978457450483364 -0.411948392992235179 0.400651790763512761
-0.823343368500730532 -0.400429827923817871 0.399880449046215336
-0.828525410097073367 -0.390957518542418336 0.399109258883932283
-0.834650763838800658 -0.379677360858312662 0.398338224929522700
-0.839721724550451354 -0.370293105832687042 0.397567351834903382
-0.845829592963568189 -0.358967448543943524 0.396796644251020736
-0.852044792961250907 -0.347457633374348818 0.396026106827822577
-0.857386273832217327 -0.337611502285457721 0.395255744214229765
-0.864122604417230544 -0.325296938439733896 0.394485561058108725
-0.870157316310433471 -0.314392919190553732 0.393715562006243303
-0.878197008881399732 -0.300075963867598772 0.392945751704306401
-0.885939608206436358 -0.286491224859645177 0.392176134796831943
-0.897350279237785542 -0.266654097942463975 0.391406715927187232
-0.913034572096299457 -0.239005116293750708 0.390637499737544969
-0.932773720752726909 -0.201533900963407675 0.389868490868854556
-0.974063654643111287 -0.093056845641134145 0.389099693960814785
-0.851203230524943288 0.386740903212095088 0.388331113651845694
-0.574502784931055777 -0.444838305434615611 0.387562754579060531
-0.749581242628760469 -0.377218636867286572 0.386794621378237391
-0.807323358179645512 -0.332425403454669199 0.386026718683791847
-0.833175589959125440 -0.305500800235392722 0.385259051128749030
-0.846571916138140979 -0.288811488223086277 0.384491623344714872
-0.858174850528052424 -0.272251035887009385 0.383724439961849018
-0.865761785482237589 -0.260121035504378761 0.382957505608836291
-0.873373811301597858 -0.246754533630807960 0.382190824912859439
-0.878895629769497311 -0.236238187258876464 0.381424402499570547
-0.884852330912623941 -0.224067685246630399 0.380658242993063167
-0.889413388722560483 -0.214140749294481680 0.379892351015845064
-0.894534168208527269 -0.202336999402671414 0.379126731188809796
-0.899367712116409534 -0.190522985994187044 0.378361388131208842
-0.903229851595545474 -0.180585220795363321 0.377596326460623632
-0.907712976810524319 -0.168453458678646972 0.376831550792938397
-0.911351718345595918 -0.158096072664639264 0.376067065742311524
-0.915631569540280021 -0.145265360291044865 0.375302875921148027
-0.919145821555352516 -0.134143262334204205 0.374538985940071401
-0.923322718712943691 -0.120132781225543384 0.373775400407896752
-0.926786384865355028 -0.107754815659140968 0.373012123931601880
-0.930942370219007720 -0.091801048328725154 0.372249161116299909
-0.934420237192137515 -0.077303957165045456 0.371486516565211977
-0.938626103120785982 -0.057919126947279576 0.370724194879638425
-0.942158488469000410 -0.039428564768927699 0.369962200658932039
-0.946379950101103207 -0.012941419104615381 0.369200538500469633
-0.949705862178706672 0.014926275872793104 0.368439212999625065
-0.952518443035643592 0.061492027284632989 0.367678228749740488
-0.950389413938232730 0.123890653126389916 0.366917590342099198
-0.907993835832336393 0.285794600884624495 0.366157302365898329
-0.404595587243034349 0.565533018309891333 0.365397369408220485
-0.640943388305867057 -0.351822624165749442 0.364637796054006091
-0.839427779630346871 -0.202405059098357376 0.363878586886026256
-0.894571443951148182 -0.106829843800032132 0.363119746484854844
-0.911904958340787219 -0.054400040952879869 0.362361279428840721
-0.921166161918846926 -0.001363338272631520 0.361603190294080168
-0.922814660491574901 0.043578522340808667 0.360845483654389343
-0.914530727017682454 0.113487614329959297 0.360088164081276974
-0.864051071346764510 0.242586018787149638 0.359331236143916044
-0.926405331453004521 -0.057392364687078312 0.358574704409116762
-0.906860210139301959 0.152640103830254004 0.357818573441299359
-0.785044749540650844 0.338815066801994358 0.357062847802465555
-0.282247416612713131 0.420957604128987306 0.356307532052171694
-0.566884189322153897 -0.477287282562602999 0.355552630747501208
-0.870169643317519448 -0.279828731394412888 0.354798148443037253
-0.941252330923878056 -0.134448994048450787 0.354044089690834618
-0.958557170295760042 -0.062083861813243324 0.353290459040392801
-0.966112912295155724 0.000463021965673105 0.352537261038628369
-0.967758712456623815 0.042617435932832293 0.351784500229847863
-0.966611944728354544 0.087146720533813393 0.351032181155719714
-0.963664498630388722 0.121590163309910571 0.350280308355247205
-0.959024391603813697 0.154901219813428415 0.349528886364741498
-0.951070742095603716 0.194472584275505844 0.348777919717793483
-0.942160063585838814 0.227760974740726596 0.348027412945247028
-0.928140914250288218 0.268695663670135143 0.347277370575171052
-0.913034811765515486 0.303998023175559684 0.346527797132833160
-0.889650511160916757 0.348120805690123603 0.345778697140671221
-0.864539490853456938 0.386477492201408368 0.345030075118266999
-0.832766440089703575 0.426185695391275321 0.344281935582318011
-0.782970870307305611 0.474968939813449897 0.343534283046611377
-0.728423082150861378 0.515189945232274904 0.342787122021995572
-0.641395559716940067 0.558897744629960114 0.342040457016353661
-0.544855100146496074 0.584666114716466012 0.341294292534576271
-0.392426594756327463 0.584307548499224283 0.340548633078533836
-0.235519275814408513 0.529619719598651950 0.339803483147050112
-0.076105945373078160 0.385926921095069764 0.339058847235874428
0.010402007090333121 0.068115359867418832 0.338314729837655315
-0.119425079172205739 -0.225475246105188015 0.337571135441912362
-0.401213358883845739 -0.375201216245012903 0.336828068535010128
-0.724457690903850704 -0.316561807506450132 0.336085533600130215
-0.888762188762833638 -0.166953894278411841 0.335343535117245406
-0.972256362792010442 0.032527635763193286 0.334602077563091016
-0.977638339688926994 0.185122105754590760 0.333861165411139194
-0.944468376328185366 0.317939967659308098 0.333120803131571552
-0.868678837623083400 0.449451170547860102 0.332380995191252027
-0.783075787580346239 0.534953784517749331 0.331641746053699893
-0.682242177712940268 0.597131468306258406 0.330903060179063069
-0.548016844290575622 0.638529683401363735 0.330164942024091357
-0.431791239840741581 0.643818830320640800 0.329427396042108855
-0.318453585893072710 0.622560623583669592 0.328690426682987813
-0.195467120523189292 0.564948167803343337 0.327954038393121539
-0.110411262638541896 0.495094662971447774 0.327218235615397535
-0.045220514782398968 0.411506548195521682 0.326483022789170574
0.004897431945466268 0.301959457987357516 0.325748404350236054
0.024197955059846635 0.209784873318771437 0.325014384730803463
0.025619603624900761 0.121709572980049530 0.324280968359469235
0.008250057280012187 0.025704220602836891 0.323548159661190049
-0.018208550069550092 -0.044301914052831681 0.322815963057256461
-0.052333193548890163 -0.104635769466385919 0.322084382965266092
-0.099916742959905991 -0.164587800988724886 0.321353423799096927
-0.142873887696101626 -0.204934492360073661 0.320623089968880448
-0.187388305047720388 -0.237438677802268683 0.319893385880975489
-0.232565903578979438 -0.262977217648857842 0.319164315937941478
-0.286925973102409193 -0.285570118811489526 0.318435884538511682
-0.332103015581531102 -0.298488413518667173 0.317708096077566726
-0.377224024469896613 -0.306582006588240141 0.316980954946108506
-0.431725945623820162 -0.310327348806508696 0.316254465531233042
-0.478102376638080639 -0.308468624465912389 0.315528632216104443
-0.526286725317282267 -0.301617584184562082 0.314803459379928152
-0.577584915348879457 -0.288622867849949116 0.314078951397925132
-0.645948884757480357 -0.261345355248254141 0.313355112641304667
-0.711711163071191866 -0.222428004775396260 0.312631947477238548
-0.788383982171782627 -0.155480655289565173 0.311909460268834315
-0.872447880420902377 -0.030411991025748208 0.311187655375109562
-0.915075582890494177 0.217912854917839460 0.310466537150965005
-0.562212322104389983 0.633843955190042441 0.309746109947158288
-0.033297720838081329 0.418936066282353581 0.309026378110278277
0.011085763686028332 0.030589109514078568 0.308307345982718140
-0.102081270625565504 -0.155196861906623435 0.307589017902649531
-0.223384478416181170 -0.242909082938974147 0.306871398203996282
-0.298459249271084026 -0.272265204976794684 0.306154491216408586
-0.356446933038190750 -0.284940107166890388 0.305438301265236245
-0.402715511822956285 -0.289254612222070828 0.304722832671503130
-0.440815594499110786 -0.288976977591475226 0.304008089751880761
-0.473048067574435738 -0.285971889624053566 0.303294076818662772
-0.506090663646166616 -0.280128023955031502 0.302580798179738097
-0.530111709117986996 -0.274015809544948474 0.301868258138565604
-0.551687502213237924 -0.267095651471900730 0.301156460994148056
-0.571326523245853535 -0.259540198809490807 0.300445411041005861
-0.589417106583577599 -0.251448019840079195 0.299735112569151418
-0.606267591928762339 -0.242867729471158006 0.299025569864063145
-0.625209345893111945 -0.231940274115604667 0.298316787206659995
-0.640189598656860648 -0.222278985269569962 0.297608768873274754
-0.654661847135458164 -0.212048652629386991 0.296901519135629122
-0.668840808113784657 -0.201145329393587091 0.296195042260807340
-0.682967112933133502 -0.189407136371158413 0.295489342511231157
-0.697335571360508277 -0.176583952331807126 0.294784424144633184
-0.712339859731414893 -0.162280064496988341 0.294080291414031747
-0.728550150643848093 -0.145840058041034004 0.293376948567705464
-0.746859078871900617 -0.126102975249232918 0.292674399849167044
-0.768776685166106644 -0.100811366219313803 0.291972649497137970
-0.803878208557369467 -0.055633743814077208 0.291271701745522582
-0.846993997246670460 0.012639859204401305 0.290571560823383868
-0.905845909869734123 0.176902072831692236 0.289872230954915933
-0.630949125722152449 0.727476489449948360 0.289173716359419908
-0.069535189446076395 -0.080581996970943509 0.288476021251277581
-0.405891116254395501 -0.209720558634174825 0.287779149839927695
-0.524408130585967358 -0.188844087350360151 0.287083106329838189
-0.580334563026484784 -0.163268463884946757 0.286387894920482278
-0.612506222547144485 -0.140210813047958488 0.285693519806313190
-0.633099686193681510 -0.119139539750913293 0.284999985176738024
-0.646956773270604302 -0.099169156979915851 0.284307295216093381
-0.656296118456907052 -0.079619583296651031 0.283615454103619102
-0.662196749469418533 -0.059980728496521085 0.282924466013434350
-0.665152287489255256 -0.039844425548830720 0.282234335114511015
-0.665296869235276644 -0.018857213578800325 0.281545065570649733
-0.662491958139985404 0.003307335497914399 0.280856661540454244
-0.656339839356800514 0.026959773287619282 0.280169127177306077
-0.646144914552881700 0.052386679596742869 0.279482466629339732
-0.630823700750857030 0.079810955003071449 0.278796684039418097
-0.608753157153021363 0.109290332984769895 0.278111783545106850
-0.577543776800412911 0.140487858604513016 0.277427769278649428
-0.533745452827733002 0.172174659947584185 0.276744645366942488
-0.472603591486143781 0.201188652230293558 0.276062415931510929
-0.388370286370857520 0.220394226525210957 0.275381085088483135
-0.276764922649216927 0.215346012045765367 0.274700656948565658
-0.143091560023985570 0.161634054601046795 0.274021135617018741
-0.039525133018604587 0.065193687571973483 0.273342525193631669
0.036574801766712864 -0.123475331571793898 0.272664829772698014
0.006471918538225513 -0.335954666723280893 0.271988053442990652
-0.114954001911610482 -0.494680540833083771 0.271312200287737060
-0.265244149496772885 -0.570961865565537519 0.270637274384595228
-0.399100544963710280 -0.585400982849296869 0.269963279805628786
-0.503286945883322900 -0.567059692503842583 0.269290220617281972
-0.580552550934832490 -0.535164711737215359 0.268618100880355593
-0.637383823638489666 -0.499506403100144547 0.267946924649982543
-0.672089839829075109 -0.471283307839274246 0.267276695975603384
-0.705751394258683051 -0.437906421860137951 0.266607418900941251
-0.731556023254125387 -0.407168233138703872 0.265939097463978480
-0.751710815280764777 -0.379077671515458736 0.265271735696931188
-0.767728775005048214 -0.353404979571438516 0.264605337626225900
-0.780656613621079742 -0.329846405217103622 0.263939907272474572
-0.789274502082942919 -0.312314177947341953 0.263275448650450827
-0.798342353539082117 -0.291800336681741157 0.262611965769065092
-0.805881680147013446 -0.272602035233487472 0.261949462631341390
-0.812180433885614228 -0.254489650831032255 0.261287943234391862
-0.817447370035265131 -0.237261141611994963 0.260627411569394229
-0.821020817533031577 -0.223993740457152424 0.259967871621566038
-0.824780275913080674 -0.207917263697313115 0.259309327370142229
-0.827825490376691508 -0.192265679919419175 0.258651782788349882
-0.830205482172694742 -0.176898852600738787 0.257995241843384959
-0.831647058746934675 -0.164719822696508533 0.257339708496387765
-0.832872597147573002 -0.149527027965845938 0.256685186702419799
-0.833438126153136172 -0.134241752465646680 0.256031680410439610
-0.833298001553961498 -0.118721097256972496 0.255379193563278428
-0.832628009457624163 -0.106031301556276158 0.254727730097616900
-0.831001437308003688 -0.089683266231177172 0.254077293943961557
-0.828353875641846371 -0.072612831238566433 0.253427889026620723
-0.825358491191472643 -0.058284519154090164 0.252779519263680752
-0.820270168044142656 -0.039309380211324740 0.252132188566982385
-0.813302243450450324 -0.018851158060113393 0.251485900842097765
-0.805986166083877409 -0.001158009328506404 0.250840659988306292
-0.793959948884047750 0.023007216984849144 0.250196469898570972
-0.777568818072655987 0.049962803173655312 0.249553334459515330
-0.760062566688382235 0.073947796306225222 0.248911257551399867
-0.730231968267307963 0.107439534110191415 0.248270243048098749
-0.687137157189370296 0.145013824241640277 0.247630294817075935
-0.637949768622609548 0.177276086410152744 0.246991416719362256
-0.547366065689177561 0.215892074293457470 0.246353612609532258
-0.406354504889464896 0.235767516343508621 0.245716886335680784
-0.245033012890860907 0.205310961456990321 0.245081241739399380
-0.014633906150322364 0.023071329734401964 0.244446682655753811
0.068053572997589948 -0.274856035235835683 0.243813212913260191
-0.113928099791486548 -0.632278208541711906 0.243180836333862671
-0.417496445664208515 -0.743122323687137820 0.242549556732909621
-0.600195982906728043 -0.712735164493398021 0.241919377919131262
-0.741321477873990053 -0.634244126121277119 0.241290303694616182
-0.808618349791573099 -0.571178417346570599 0.240662337854788411
-0.860572265609106379 -0.502988863491838467 0.240035484188385162
-0.887036308259328887 -0.457401158641750905 0.239409746477433349
-0.909167951509619821 -0.409836731293975520 0.238785128497226773
-0.921398878976527280 -0.377826391799238270 0.238161634016303414
-0.932412794136808998 -0.343671114696474544 0.237539266796423398
-0.938944985703461743 -0.320050392097290359 0.236918030592545070
-0.945218324902014850 -0.294141673685782201 0.236297929152803232
-0.949178219449119398 -0.275734196112934205 0.235678966218485830
-0.953209878759846196 -0.255027522628291814 0.235061145524012804
-0.955904555382512622 -0.239957980583654251 0.234444470796911636
-0.958801050393052190 -0.222619529914137138 0.233828945757796114
-0.960842157928655682 -0.209723685370543700 0.233214574120343354
-0.963148579366717605 -0.194571463397590350 0.232601359591271956
-0.964853752751627325 -0.183063885778762758 0.231989305870319185
-0.966869028600404357 -0.169255616946605958 0.231378416650218466
-0.968423573084342015 -0.158537749549603757 0.230768695616677788
-0.969953582156345084 -0.147997042505991938 0.230160146448356639
-0.971864939481031698 -0.134902648158049643 0.229552772816844636
-0.973418102707321209 -0.124345239507836047 0.228946578386638622
-0.975422534144867015 -0.110813321051130842 0.228341566815121244
-0.977101046339440837 -0.099503421614036580 0.227737741752538220
-0.978868098412361998 -0.087511806193430519 0.227135106841976964
-0.981229618277007942 -0.071066262526873425 0.226533665719343968
-0.983254770132368838 -0.056163801946822578 0.225933422013343488
-0.985388560786502721 -0.038912675634468041 0.225334379345455083
-0.988078361508958114 -0.012139350901819557 0.224736541329912165
-0.989877886547320784 0.016180963579714935 0.224139911573680239
-0.990266111901266344 0.055415810170868940 0.223544493676434614
-0.982388134860645135 0.135772141157276094 0.222950291230539055
-0.944304701574879002 0.258860760943274648 0.222357307821024419
-0.720732404560709305 0.494619662093944479 0.221765547025566445
0.003031077137789297 0.045349766873771374 0.221175012414464467
-0.621208558489082296 -0.421010131796704878 0.220585707550619681
-0.793357555428657379 -0.334385632568988123 0.219997635989513968
-0.858314915665097988 -0.272937460394321152 0.219410801279188383
-0.890283567358370442 -0.232150814382312387 0.218825206960221313
-0.912351687568908609 -0.197290757008264650 0.218240856565707519
-0.923318872815175551 -0.176871875738237705 0.217657753621236849
-0.931119697289863990 -0.160559373089475099 0.217075901644872893
-0.936966072814800155 -0.147047359297283353 0.216495304147131529
-0.942518041426573028 -0.132894642669336760 0.215915964630959911
-0.946014614475788607 -0.123152111511500129 0.215337886591715516
-0.948922251334635258 -0.114454021860694921 0.214761073517145018
-0.951390278924387989 -0.106571973437763978 0.214185528887362697
-0.953521683996225167 -0.099339910483185190 0.213611256174830066
-0.955389692698354720 -0.092634021553126167 0.213038258844334860
-0.957434356949178000 -0.084849881095827528 0.212466540352969940
-0.958884861329929228 -0.079014158296770665 0.211896104150112174
-0.960202081359704529 -0.073466035374145366 0.211326953677402479
-0.961408121930357629 -0.068161058218106252 0.210759092368723977
-0.962520426774765570 -0.063062728797588063 0.210192523650182150
-0.963552946423989365 -0.058140635332892765 0.209627250940083665
-0.964516973102200970 -0.053369069910930100 0.209063277648916135
-0.965421748027322169 -0.048725988290167221 0.208500607179326947
-0.966274910162300382 -0.044192213375694567 0.207939242926103607
-0.967082832566684925 -0.039750814185859573 0.207379188276152232
-0.967850877775179308 -0.035386612173894938 0.206820446608478120
-0.968583593965970380 -0.031085780177616484 0.206263021294164489
-0.969455674860805749 -0.025779412683049840 0.205706915696352854
-0.970122291517506730 -0.021575416433115169 0.205152133170222351
-0.970764365518342442 -0.017395445674950993 0.204598677062969414
-0.971384333282741985 -0.013228165760311272 0.204046550713787689
-0.971984328851632107 -0.009062202182485712 0.203495757453848236
-0.972566227728205890 -0.004885911103129081 0.202946300606278940
-0.972991776622671667 -0.001739628655779701 0.202398183486144662
-0.973545857097558143 0.002484449995363958 0.201851409400427062
-0.974085908303424008 0.006754361771775297 0.201305981648004950
-0.974613062824500220 0.011085204102758595 0.200761903519634410
-0.975128273365493570 0.015493867053350374 0.200219178297928596
-0.975632298785665264 0.019999561985383663 0.199677809257337857
-0.976125673332333577 0.024624490129836307 0.199137799664130727
-0.976608652298230684 0.029394704023011642 0.198599152776373439
-0.977081123167401921 0.034341237147122783 0.198061871843910497
-0.977542464564001845 0.039501611139908077 0.197525960108345194
-0.977991324047762123 0.044921882495801868 0.196991420803020012
-0.978425266469846733 0.050659473805127253 0.196458257152997223
-0.978738563665249028 0.055213966321861985 0.195926472375038851
-0.979135086597168192 0.061694425319454127 0.195396069677588241
-0.979498404132102207 0.068748168722728986 0.194867052260749796
-0.979813040246924727 0.076529130662042810 0.194339423316269994
-0.980053506671308750 0.085248107043118915 0.193813186027518514
-0.980160328574446238 0.092576978530363396 0.193288343569468529
-0.980149276177413542 0.103729792142419897 0.192764899108677640
-0.979852377770681571 0.117010009817099303 0.192242855803268775
-0.979048340337844158 0.133332913750014381 0.191722216802911405
-0.977287835810131345 0.154209361118025801 0.191202985248802360
-0.974778553888356991 0.174388410563733831 0.190685164273646623
-0.968105810667508893 0.211052968993542478 0.190168757001638655
-0.952187297540321165 0.267446328601704808 0.189653766548444014
-0.906405904026922560 0.364342833482977690 0.189140196021179541
-0.799117798620514574 0.487918138051764649 0.188628048518395514
-0.219278849561123645 0.524792448835560643 0.188117327130056300
-0.347715696631895277 -0.369964019029908886 0.187608034937522289
-0.703023670540900425 -0.337610035183058599 0.187100175013531100
-0.853582918616277553 -0.222562876924972841 0.186593750422178684
-0.905718180905893178 -0.151982632353173330 0.186088764218901248
-0.925094860832579968 -0.117033936854030407 0.185585219450456806
-0.940220762219755812 -0.083890631463913845 0.185083119154906633
-0.949328768111647348 -0.060011572118284340 0.184582466361596864
-0.954026126552567133 -0.045958299022626325 0.184083264091140619
-0.958592891900769350 -0.030683437462005858 0.183585515355399187
-0.961174120553945244 -0.021112180354315668 0.183089223157464454
-0.963863009644314372 -0.010177898253361795 0.182594390491640279
-0.965948629996491892 -0.000812216546714539 0.182101020343424957
-0.967227163518213695 0.005423028127625462 0.181609115689492451
-0.968647776675733319 0.012911446186452291 0.181118679497675406
-0.969546314177841317 0.018023540512960345 0.180629714726946222
-0.970570592612089333 0.024295166246110611 0.180142224327400208
-0.971232918125734868 0.028657729835307288 0.179656211240236729
-0.972001799852595161 0.034097075467123095 0.179171678397742395
-0.972506823784671792 0.037935554371412550 0.178688628723273041
-0.973100655253816837 0.042781923854799619 0.178207065131235742
-0.973494943406337354 0.046240686619471116 0.177726990527071554
-0.973962561129202542 0.050651229672542486 0.177248407807238162
-0.974275192995900263 0.053827343453445253 0.176771319859192089
-0.974647816565113456 0.057909987717811917 0.176295729561371350
-0.974897784174560966 0.060871473528873288 0.175821639783178052
-0.975125096342887798 0.063756936663107000 0.175349053384961262
-0.975396340800442574 0.067499549436764450 0.174877973217999694
-0.975578058651974223 0.070236958625883361 0.174408402124484219
-0.975794063568578229 0.073805612772439577 0.173940342937500991
-0.975937888009495547 0.076428108793206884 0.173473798481014518
-0.976067257168397595 0.079009642817959413 0.173008771569850284
-0.976218750365887789 0.082395374498953400 0.172545265009677762
-0.976317579162801374 0.084897480144419168 0.172083281596993737
-0.976404434972471758 0.087371652346510786 0.171622824119105372
-0.976502547091830708 0.090632700601326943 0.171163895354113277
-0.976563454669725273 0.093053986752037854 0.170706498070894802
-0.976613929938157099 0.095457369913819257 0.170250635029087161
-0.976665562274523502 0.098638515482807720 0.169796308979071303
-0.976692884690282037 0.101010015635673689 0.169343522661954737
-0.976710678353230666 0.103371775454939308 0.168892278809555235
-0.976719876746997784 0.106509424564171173 0.168442580144384513
-0.976716048943251591 0.108856858580259397 0.167994429379631272
-0.976703128147134114 0.111201563366856770 0.167547829219145628
-0.976681169002658001 0.113545494026958516 0.167102782357422014
-0.976650194110264991 0.115890556655847021 0.166659291479583554
-0.976594851098143479 0.119022289125186753 0.166217359261365216
-0.976542755409486762 0.121377199465474372 0.165776988369098488
-0.976481500480433917 0.123739357331892508 0.165338181459694394
-0.976410979644406263 0.126110557024085745 0.164900941180628258
-0.976331057081491149 0.128492587273006165 0.164465270169923072
-0.976241567553713274 0.130887238093416847 0.164031171056134129
-0.976107024541547408 0.134102847377314871 0.163598646458332858
-0.975994400075732571 0.136533964127703356 0.163167698986090987
-0.975871437279149823 0.138983761970366937 0.162738331239465017
-0.975737834704958340 0.141454112138414301 0.162310545808980133
-0.975593256106506157 0.143946921939082928 0.161884345275615377
-0.975437328631382550 0.146464141432042061 0.161459732210787160
-0.975269640725692000 0.149007770316683552 0.161036709176334170
-0.975089739730005345 0.151579865065257391 0.160615278724501848
-0.974897129136711005 0.154182546383144548 0.160195443397927406
-0.974691265479320501 0.156818007044934205 0.159777205729623673
-0.974471554813864493 0.159488520184015381 0.159360568242964351
-0.974237348749588561 0.162196448104901692 0.158945533451668869
-0.973987939977014383 0.164944251697288824 0.158532103859786916
-0.973722557235422115 0.167734500531474873 0.158120281961683429
-0.973440359649407672 0.170569883734718153 0.157710070242023437
-0.973140430355380781 0.173453221747751518 0.157301471175757601
-0.972821769326776220 0.176387479068477238 0.156894487228106394
-0.972483285289337474 0.179375778116204143 0.156489120854546221
-0.972123786603777185 0.182421414348036715 0.156085374500793544
-0.971741970969280500 0.185527872790339610 0.155683250602791229
-0.971336413782423080 0.188698846151043820 0.155282751586692802
-0.970905554951849603 0.191938254719186407 0.154883879868848662
-0.970447683940714567 0.195250268268127580 0.154486637855791142
-0.969960922767312272 0.198639330213442655 0.154091027944219749
-0.969619353914164206 0.200943838877236436 0.153697052520987060
-0.969079751899119435 0.204472018119828791 0.153304713963084344
-0.968505277079038551 0.208090644989500195 0.152914014637626994
-0.967893249661356148 0.211805417704986343 0.152524956901840314
-0.967240705058762917 0.215622460245337877 0.152137543103045308
-0.966781557541784409 0.218227207088458108 0.151751775578644582
-0.966054004578373982 0.222229605048193779 0.151367656656108324
-0.965276340158951585 0.226353033431166417 0.150985188652959929
-0.964444196461771597 0.230605591926888398 0.150604373876762149
-0.963552693705620467 0.234996058990548873 0.150225214625103520
-0.962922709134487409 0.238004326352658446 0.149847713185584097
-0.961919803134366203 0.242646231396429712 0.149471871835801767
-0.960841425586270503 0.247453367279376280 0.149097692843338375
-0.960076920743109241 0.250755789762961867 0.148725178465746399
-0.958855644691354314 0.255865473073462191 0.148354330950535129
-0.957536680578490507 0.261174870788272229 0.147985152535156927
-0.956597990869003212 0.264832893494231558 0.147617645446993906
-0.955092246446990201 0.270509777029693477 0.147251811903344576
-0.953457526478119100 0.276430478215479114 0.146887654111410415
-0.952288759364376292 0.280522703886995795 0.146525174268282266
-0.950404727588705200 0.286894503818526547 0.146164374560927651
-0.948346592199019733 0.293567278543140020 0.145805257166176955
-0.946867072868241122 0.298195595591005114 0.145447824250710761
-0.944468218177108909 0.305428535432330839 0.145092077971046479
-0.942737040745049271 0.310457351976393126 0.144738020473525603
-0.939918446222745785 0.318335607045673263 0.144385653894300470
-0.937875536060767567 0.323826906698310768 0.144034980359321579
-0.934533961825911419 0.332452137896256827 0.143686001984324796
-0.932100314699995214 0.338480029745595545 0.143338720874818359
-0.928099038455907133 0.347973906374249242 0.142993139126070229
-0.925169280598205024 0.354627125750229810 0.142649258823095815
-0.920324560530044744 0.365135278945727781 0.142307082040644906
-0.916755985782202965 0.372519901256170849 0.141966610843189456
-0.910816940979000567 0.384215943311317476 0.141627847284910818
-0.906413078926458171 0.392457868245450259 0.141290793409687837
-0.899031270168348606 0.405546384201848631 0.140955451251084163
-0.893516834797964177 0.414792438911105177 0.140621822832335985
-0.884199504354506449 0.429508237293309281 0.140289910166339848
-0.877181593386487712 0.439923122489163265 0.139959715255640799
-0.869415048032990634 0.450853490547073077 0.139631240092419895
-0.856125993224185255 0.468272895298203373 0.139304486658482385
-0.845986198897047958 0.480602286670313017 0.138979456925245687
-0.834642362655235504 0.493525421701243805 0.138656152853727538
-0.814956036821470109 0.514037725359562936 0.138334576394534364
-0.799720139425325161 0.528449680240068109 0.138014729487848986
-0.782476196193032103 0.543409641922659170 0.137696614063419348
-0.752113253086113875 0.566700635889430537 0.137380232040546862
-0.728290807651456595 0.582586753158572668 0.137065585328074641
-0.701053854723776237 0.598486068813109284 0.136752675824376058
-0.669855738532195266 0.614030959732434378 0.136441505417343317
-0.614290543596188954 0.635450092366958041 0.136132075984376016
-0.570455816098413449 0.647240787371038406 0.135824389392369904
-0.520470479056544200 0.655627832688615686 0.135518447497705474
-0.463885824319757945 0.658921641076190223 0.135214252146237057
-0.400603958360966628 0.654928663193917071 0.134911805173281107
-0.294565903049091915 0.629249115415117632 0.134611108403605934
-0.219222037128907393 0.594476066293418537 0.134312163651419847
-0.144354016600222929 0.542216376888866702 0.134014972720361059
-0.075461275361529662 0.470823006064727712 0.133719537403486022
-0.019288360974939245 0.380913797186626046 0.133425859483258913
0.017395051544251111 0.276209745978096388 0.133133940731541361
0.029579983532203091 0.163521938862419391 0.132843782909580932
-0.000549805103376442 -0.001499627881499087 0.132555387768000910
-0.048316890143682817 -0.097224997570036747 0.132268757046789781
-0.111136605337265285 -0.175559124575879744 0.131983892475290826
-0.182177922309535223 -0.234943223941910251 0.131700795772191348
-0.255540627247985541 -0.276359911166087102 0.131419468645512461
-0.326920841274925933 -0.302289226365711372 0.131139912792598762
-0.393641760459302215 -0.315762818773004494 0.130862129900108481
-0.454345148285059119 -0.319734064568962084 0.130586121644002573
-0.508593698900567603 -0.316760101241276293 0.130311889689535138
-0.556520057661639811 -0.308901381997783164 0.130039435691243210
-0.598567219709487119 -0.297741264553458174 0.129768761292936907
-0.635316980520377106 -0.284456840531329302 0.129499868127689266
-0.667386207087687477 -0.269901806181609416 0.129232757817826449
-0.695369470050400063 -0.254682875143287968 0.128967431974918306
-0.708001263580898099 -0.246962391133218329 0.128703892199768077
-0.730856926666591411 -0.231497405083004704 0.128442140082403289
-0.750871835050456071 -0.216186934981477341 0.128182177202065650
-0.768436838981460202 -0.201185907427519850 0.127924005127202034
-0.783887115069804574 -0.186591163353534539 0.127667625415454483
-0.797508561209565592 -0.172458611617319901 0.127413039613651358
-0.809544349125600693 -0.158815574803182646 0.127160249257797620
-0.815033455646920535 -0.152180576731242023 0.126909255873065646
-0.825068216590056025 -0.139281619924869760 0.126660060973786071
-0.833977070644027485 -0.126867354446043246 0.126412666063438650
-0.841897692380309093 -0.114919698591226249 0.126167072634643274
-0.848947373634327818 -0.103415969347622427 0.125923282169150691
-0.852177484119048811 -0.097822700292505838 0.125681296137833798
-0.858103774332896863 -0.086936693646526841 0.125441116000678810
-0.863382764183601936 -0.076428607715432140 0.125202743206776296
-0.868082209581374498 -0.066270935995170144 0.124966179194312452
-0.870233091171815243 -0.061314962742823997 0.124731425390560466
-0.874169488089716173 -0.051631921267312031 0.124498483211871971
-0.877656404756316677 -0.042232144583241538 0.124267354063668414
-0.879243891921324239 -0.037630430077671029 0.124038039340432532
-0.882128880146463734 -0.028607686334047477 0.123810540425700069
-0.884652715443447257 -0.019805562837110324 0.123584858692051325
-0.885787668993126998 -0.015479807998066475 0.123360995501102993
-0.887818278589571852 -0.006964467203323943 0.123138952203499741
-0.888719068226706099 -0.002769231744770284 0.122918730138906251
-0.890302805771532313 0.005510204916422068 0.122700330635999083
-0.891608642836352661 0.013659653576411523 0.122483755012458659
-0.892161350391914132 0.017692299100229569 0.122269004574961190
-0.893072798383709010 0.025686572060440338 0.122056080619171087
-0.893433617274237757 0.029653407223799055 0.121844984429732739
-0.893969433302975069 0.037539422307180770 0.121635717280263234
-0.894145555332886088 0.041463769994076416 0.121428280433344166
-0.894315884755387813 0.049288089328527129 0.121222675140514505
-0.894310295532937838 0.053193267156126600 0.121018902642262602
-0.894116961141999678 0.061002802889811913 0.120816964168019139
-0.893928486214178530 0.064912490254626920 0.120616860936149317
-0.893678051134290108 0.068829062155575826 0.120418594153945749
-0.892988031874144439 0.076693905950635188 0.120222165017621091
-0.892546375117272972 0.080647817161531909 0.120027574712300855
-0.891463193908609952 0.088613126542007037 0.119834824412016289
-0.890818445684367521 0.092630517892973496 0.119643915279697144
-0.890102421305824842 0.096675182978167518 0.119454848467164781
-0.888447643166575984 0.104859173050732779 0.119267625115125314
-0.887503807419928403 0.109005146773749395 0.119082246353162544
-0.885368452205237966 0.117422439907196308 0.118898713299731174
-0.884170093414850644 0.121701053842320661 0.118717027062150135
-0.882879483883899807 0.126031382901719169 0.118537188736595883
-0.881492305392249098 0.130417397529721923 0.118359199408095833
-0.878408852441220800 0.139373095167208638 0.118183060150521657
-0.876701709127801654 0.143951474145321556 0.118008772026582914
-0.874876170621155858 0.148602947118532169 0.117836336087820667
-0.872925419487269094 0.153332288776374837 0.117665753374601195
-0.868617678014639072 0.163044603955644851 0.117497024916109374
-0.866243513921393982 0.168038071637281572 0.117330151730342946
-0.863709630904383463 0.173130404835554197 0.117165134824105996
-0.861005193812860892 0.178327347533074609 0.117001975193003135
-0.858118287148784464 0.183634842061101144 0.116840673821433358
-0.851743257303547052 0.194606208337033015 0.116681231682584041
-0.848224726587059386 0.200282878285558075 0.116523649738425272
-0.844462578348552317 0.206095653391209832 0.116367928939703880
-0.840437316104349685 0.212051256066421556 0.116214070225937813
-0.836127341036776883 0.218156460642420946 0.116062074525410328
-0.831508690952599050 0.224418025422425338 0.115911942755164490
-0.826554742569293843 0.230842602308121980 0.115763675820997711
-0.821235871736947010 0.237436617838553021 0.115617274617456051
-0.815519065478021332 0.244206117839349479 0.115472740027829104
-0.809367478956929620 0.251156565716851798 0.115330072924144461
-0.802739929701011601 0.258292581703946755 0.115189274167162514
-0.795590320662531325 0.265617606836492881 0.115050344606371285
-0.787866983122492370 0.273133470902938269 0.114913285079981331
-0.779511930121918883 0.280839837838602779 0.114778096414920497
-0.770460011378802156 0.288733494541906444 0.114644779426829185
-0.760637961802636875 0.296807439554254315 0.114513334920055415
-0.749963338413623948 0.305049715872656502 0.114383763687649603
-0.738343345576163768 0.313441916538514054 0.114256066511360263
-0.725673557289866267 0.321957272142774586 0.114130244161628980
-0.711836559911484312 0.330558204711200454 0.114006297397585929
-0.696700561999404333 0.339193202347802480 0.113884226967045130
-0.680118054447482301 0.347792832586550138 0.113764033606500142
-0.661924659858612041 0.356264670471439726 0.113645718041119337
-0.661924659858612041 0.356264670471439726 0.113529280984741868
-0.641938394291352576 0.364486871661311662 0.113414723139873122
-0.619959689257434832 0.372300077117524719 0.113302045197680529
-0.595772703711845875 0.379497305408633023 0.113191247837989437
-0.569148715027961494 0.385811493633230251 0.113082331729278909
-0.569148715027961494 0.385811493633230251 0.112975297528677909
-0.539852737217698331 0.390900427979045229 0.112870145881961009
-0.507654992510619296 0.394329027501908735 0.112766877423544909
-0.472349458928478350 0.395549418388495722 0.112665492776484119
-0.472349458928478350 0.395549418388495722 0.112565992552467672
-0.433782382773074793 0.393880123694959061 0.112468377351815099
-0.391894227113443627 0.388487216185653239 0.112372647763472971
-0.391894227113443627 0.388487216185653239 0.112278804365011281
-0.346778674741835602 0.378372687947273634 0.112186847722619942
-0.298761344781456661 0.362378743917435076 0.112096778391105545
-0.298761344781456661 0.362378743917435076 0.112008596913887773
-0.248497713980932622 0.339221035140647165 0.111922303822996186
-0.197082881622758527 0.307567952922104926 0.111837899639067123
-0.197082881622758527 0.307567952922104926 0.111755384871340541
-0.146153981703853714 0.266184363650802946 0.111674760017656721
-0.146153981703853714 0.266184363650802946 0.111596025564453569
-0.097949604321459771 0.214151835401687640 0.111519181986763555
-0.055274218674681047 0.151157501057352150 0.111444229748210735
-0.055274218674681047 0.151157501057352150 0.111371169301008127
-0.021310795790608839 0.077806980185441008 0.111300001085954892
-0.021310795790608839 0.077806980185441008 0.111230725532433697
0.000751561148710972 -0.004129450166341262 0.111163343058408165
0.000751561148710972 -0.004129450166341262 0.111097854070420235
0.000751561148710972 -0.004129450166341262 0.111034258963587817
0.008244863439614440 -0.091659152616199946 0.110972558121602394
0.008244863439614440 -0.091659152616199946 0.110912751916726629
-0.000415184930487811 -0.180798671177090448 0.110854840709792277
-0.000415184930487811 -0.180798671177090448 0.110798824850197819
-0.025317313254721321 -0.267102462774321092 0.110744704675906469
-0.025317313254721321 -0.267102462774321092 0.110692480513444172
-0.025317313254721321 -0.267102462774321092 0.110642152677897440
-0.064962612738021702 -0.346363367467983962 0.110593721472911730
-0.064962612738021702 -0.346363367467983962 0.110547187190689372
-0.064962612738021702 -0.346363367467983962 0.110502550111987896
-0.116544985053692207 -0.415266000309496786 0.110459810506118417
-0.116544985053692207 -0.415266000309496786 0.110418968630943887
-0.116544985053692207 -0.415266000309496786 0.110380024732877557
-0.116544985053692207 -0.415266000309496786 0.110342979046881562
-0.176502213719311268 -0.471790322841799836 0.110307831796465444
-0.176502213719311268 -0.471790322841799836 0.110274583193684828
-0.176502213719311268 -0.471790322841799836 0.110243233439140137
-0.176502213719311268 -0.471790322841799836 0.110213782721975392
-0.241139556881138306 -0.515280141589929075 0.110186231219877029
-0.241139556881138306 -0.515280141589929075 0.110160579099072869
-0.241139556881138306 -0.515280141589929075 0.110136826514331099
-0.241139556881138306 -0.515280141589929075 0.110114973608959388
-0.241139556881138306 -0.515280141589929075 0.110095020514803896
-0.241139556881138306 -0.515280141589929075 0.110076967352248589
-0.307139762647683723 -0.546229961979601164 0.110060814230214563
-0.307139762647683723 -0.546229961979601164 0.110046561246159164
-0.307139762647683723 -0.546229961979601164 0.110034208486075674
-0.307139762647683723 -0.546229961979601164 0.110023756024492547
-0.307139762647683723 -0.546229961979601164 0.110015203924473198
-0.307139762647683723 -0.546229961979601164 0.110008552237615381
-0.307139762647683723 -0.546229961979601164 0.110003801004051049
-0.307139762647683723 -0.546229961979601164 0.110000950252446050
-0.307139762647683723 -0.546229961979601164 0.110000000000000001
