0.298637828110167258 -0.423223311126436574 0.739999999999999991
0.298637828110167258 -0.423223311126436574 0.739999049747553928
0.298637828110167258 -0.423223311126436574 0.739996198995948928
0.298637828110167258 -0.423223311126436574 0.739991447762384680
0.298637828110167258 -0.423223311126436574 0.739984796075526807
0.298637828110167258 -0.423223311126436574 0.739976243975507431
0.298329673999716272 -0.425094868853938157 0.739965791513924276
0.298329673999716272 -0.425094868853938157 0.739953438753840897
0.298329673999716272 -0.425094868853938157 0.739939185769785457
0.298329673999716272 -0.425094868853938157 0.739923032647751389
0.298329673999716272 -0.425094868853938157 0.739904979485196068
0.298329673999716272 -0.425094868853938157 0.739885026391040590
0.298329673999716272 -0.425094868853938157 0.739863173485668879
0.298329673999716272 -0.425094868853938157 0.739839420900927136
0.298329673999716272 -0.425094868853938157 0.739813768780122949
0.298006400251103754 -0.426862974951088769 0.739786217278024627
0.298006400251103754 -0.426862974951088769 0.739756766560859869
0.298006400251103754 -0.426862974951088769 0.739725416806315206
0.298006400251103754 -0.426862974951088769 0.739692168203534561
0.297669690587310742 -0.428535684561982544 0.739657020953118471
0.297669690587310742 -0.428535684561982544 0.739619975267122420
0.297669690587310742 -0.428535684561982544 0.739581031369056063
0.297669690587310742 -0.428535684561982544 0.739540189493881561
0.297321003579559207 -0.430120233486635029 0.739497449888012137
0.297321003579559207 -0.430120233486635029 0.739452812809310633
0.297321003579559207 -0.430120233486635029 0.739406278527088290
0.297321003579559207 -0.430120233486635029 0.739357847322102524
0.296961607058282950 -0.431623139793429644 0.739307519486555820
0.296961607058282950 -0.431623139793429644 0.739255295324093509
0.296961607058282950 -0.431623139793429644 0.739201175149802103
0.296592606584977436 -0.433050290691916917 0.739145159290207743
0.296592606584977436 -0.433050290691916917 0.739087248083273307
0.296214969125886685 -0.434407017084423031 0.739027441878397529
0.296214969125886685 -0.434407017084423031 0.738965741036412216
0.296214969125886685 -0.434407017084423031 0.738902145929579812
0.295829542821599178 -0.435698157791736540 0.738836656941591730
0.295829542821599178 -0.435698157791736540 0.738769274467566239
0.295437073569937703 -0.436928115080678636 0.738699998914045142
0.295437073569937703 -0.436928115080678636 0.738628830698991878
0.295038218992337675 -0.438100902835740547 0.738555770251789201
0.295038218992337675 -0.438100902835740547 0.738480818013236395
0.294633560241886860 -0.439220188487895347 0.738403974435546395
0.294633560241886860 -0.439220188487895347 0.738325239982343340
0.294223612024448244 -0.440289329621059933 0.738244615128659576
0.294223612024448244 -0.440289329621059933 0.738162100360932882
0.293808831132156723 -0.441311406028700948 0.738077696177003806
0.293808831132156723 -0.441311406028700948 0.737991403086112219
0.293389623736918570 -0.442289247870350399 0.737903221608894433
0.293389623736918570 -0.442289247870350399 0.737813152277379980
0.292966351642046541 -0.443225460463613663 0.737721195634988725
0.292539337658705434 -0.444122446176508257 0.737627352236526979
0.292539337658705434 -0.444122446176508257 0.737531622648184837
0.292108870243518171 -0.444982423807259220 0.737434007447532291
0.291675207509102141 -0.445807445781053635 0.737334507223515900
0.291675207509102141 -0.445807445781053635 0.737233122576455124
0.291238580702822936 -0.446599413442342219 0.737129854118038996
0.290799197232080031 -0.447360090692553614 0.737024702471322124
0.290799197232080031 -0.447360090692553614 0.736917668270721027
0.290357243301132883 -0.448091116168692793 0.736808752162010583
0.289912886215178633 -0.448794014147615161 0.736697954802319477
0.289912886215178633 -0.448794014147615161 0.736585276860126870
0.289466276399092892 -0.449470204327568179 0.736470719015258179
0.289017549168191112 -0.450121010620249784 0.736354281958880641
0.288566826287050437 -0.450747669065007739 0.736235966393499863
0.288114217342689771 -0.451351334971257623 0.736115773032954834
0.288114217342689771 -0.451351334971257623 0.735993702602414035
0.287659820957739620 -0.451933089368756424 0.735869755838370998
0.287203725863285131 -0.452493944850571539 0.735743933488639756
0.286746011850523452 -0.453034850866568584 0.735616236312350402
0.286286750614945629 -0.453556698531975111 0.735486665079944646
0.286286750614945629 -0.453556698531975111 0.735355220573170709
0.285826006507406083 -0.454060325000502030 0.735221903585079439
0.285363837203258974 -0.454546517447016740 0.735086714920018758
0.284900294298866652 -0.455016016699128945 0.734949655393628665
0.284435423844463242 -0.455469520555676466 0.734810725832837464
0.283969266821050281 -0.455907686820299751 0.734669927075855544
0.283501859567157344 -0.456331136079849653 0.734527259972170943
0.283033234161132907 -0.456740454251686800 0.734382725382543899
0.282563418765205132 -0.457136194922142747 0.734236324179002309
0.282092437933400053 -0.457518881495661611 0.734088057244835501
0.281620312889384106 -0.457889009171805139 0.733937925474589692
0.281147061775485652 -0.458247046767533972 0.733785929774062096
0.280672699877787923 -0.458593438396191821 0.733632071060296154
0.280197239828672728 -0.458928605017116131 0.733476350261574761
0.279720691788622577 -0.459252945869300599 0.733318768317415937
0.279243063611246678 -0.459566839795330306 0.733159326178566717
0.278764360991418658 -0.459870646467823552 0.732998024806996828
0.278284587598825794 -0.460164707525347827 0.732834865175894024
0.277803745198307250 -0.460449347626778693 0.732669848269657087
0.277321833758843561 -0.460724875428772274 0.732502975083890617
0.276838851550769816 -0.460991584494262807 0.732334246625398921
0.276354795234163397 -0.461249754136675849 0.732163663912179352
0.275869659936982814 -0.461499650206052103 0.731991227973417091
0.275383439326982005 -0.461741525819098608 0.731816939849478376
0.274407709906734576 -0.462202168524166179 0.731640800591904172
0.273918181663764693 -0.462421384090388909 0.731462811263404067
0.273427529337005426 -0.462633477294737028 0.731282972937849940
0.272935740111559466 -0.462838646935576692 0.731101286700268749
0.272442799999961627 -0.463037082538016898 0.730917753646837420
0.271948693871829850 -0.463228964805000920 0.730732374884874636
0.270956917481443016 -0.463593750529993853 0.730545151532835280
0.270459211456227533 -0.463766974937823206 0.730356084720302889
0.269960267921845021 -0.463934288623750968 0.730165175587983772
0.269460066344623494 -0.464095833979676575 0.729972425287699123
0.268455801720406839 -0.464402156214689110 0.729777834982378915
0.267951692413638476 -0.464547185654179906 0.729581405846054243
0.267446232547896567 -0.464686952398127906 0.729383139063850661
0.266431157237617566 -0.464951139223623300 0.729183035831980852
0.265921487235923848 -0.465075766669474311 0.728981097357737307
0.265410357545969089 -0.465195546542195415 0.728777324859485542
0.264897738245016612 -0.465310570040977145 0.728571719566655895
0.263867905710677475 -0.465526689458182541 0.728364282719736744
0.263350627176246133 -0.465627944976957808 0.728155015570267294
0.262311173876877191 -0.465817214575262872 0.727943919380828919
0.261788926968890334 -0.465905363135691308 0.727730995425038829
0.261264949814655867 -0.465989270625417173 0.727516244987541416
0.260211647202782892 -0.466144588876257648 0.727299669364000922
0.259682239803144976 -0.466216103704797047 0.727081269861093782
0.258617698154165077 -0.466347078255700098 0.726861047796500293
0.258082473973512749 -0.466406620998105259 0.726639004498896957
0.257545218590156000 -0.466462250446123106 0.726415141307948709
0.256464418544962214 -0.466561898855174795 0.726189459574299923
0.255920772243390771 -0.466605974425387537 0.725961960659567529
0.254826721086783226 -0.466682745933543808 0.725732645936331688
0.254276204870435341 -0.466715479488483187 0.725501516788128020
0.253167899719647038 -0.466769712892782906 0.725268574609439609
0.252609988757058535 -0.466791231729673073 0.725033820805687568
0.251486330636749189 -0.466823097965171407 0.724797256793223710
0.250351774825789353 -0.466840065199059406 0.724558883999321224
0.249780233768368221 -0.466842948591345119 0.724318703862166235
0.248628252642873082 -0.466837461140708787 0.724076717830849370
0.248047656363760693 -0.466829059183231032 0.723832927365356760
0.246876842989458972 -0.466800836544663145 0.723587333936561383
0.246286454212153449 -0.466780964971490131 0.723339939026213963
0.245095262264457825 -0.466729548435269148 0.723090744126934415
0.243889549513222975 -0.466662322381059869 0.722839750742202303
0.243280997905785695 -0.466622675220563776 0.722586960386348620
0.242051975050893653 -0.466531068320406805 0.722332374584545467
0.240806311891322067 -0.466422672532964766 0.722075994872797944
0.240176945577913858 -0.466362023673159543 0.721817822797934383
0.238904518638189983 -0.466227475576906580 0.721557859917596800
0.237612948465350082 -0.466074741779323065 0.721296107800231900
0.236959635611969227 -0.465991342485959470 0.721032568025081755
0.235637212647266947 -0.465810008358468364 0.720767242182173473
0.234292675012925999 -0.465608601305612213 0.720500131872310767
0.232924679501517906 -0.465386207547925479 0.720231238707063071
0.232231438098296578 -0.465266827361283108 0.719960564308756767
0.230825515280844440 -0.465011013911645621 0.719688110310464868
0.229392317185349248 -0.464731461324583817 0.719413878355997460
0.227930106866742588 -0.464426854956484170 0.719137870099891496
0.226437009997067507 -0.464095740038077631 0.718860087207401133
0.225678252527550027 -0.463919745455065147 0.718580531354487628
0.224134977373743882 -0.463545797741826082 0.718299204227808685
0.222555436285948760 -0.463140992442791555 0.718016107524709124
0.220937156710772020 -0.462703257507116383 0.717731242953210224
0.219277453657046872 -0.462230298197435885 0.717444612231999179
0.217573406823552890 -0.461719570780005029 0.717156217090419101
0.216703771251255312 -0.461449173662908829 0.716866059268458589
0.214927153891429024 -0.460876404167557263 0.716574140516741065
0.213097683931185805 -0.460258207151565790 0.716280462596514012
0.211211389383038184 -0.459590895619877815 0.715985027279638975
0.209263915142702706 -0.458870353993193314 0.715687836348580131
0.207250476354062074 -0.458091978534501565 0.715388891596394072
0.205165804852651013 -0.457250607445005786 0.715088194826718926
0.203004087484954049 -0.456340438505147716 0.714785747853762921
0.200758894850648878 -0.455354931627497184 0.714481552502294504
0.198423098731865671 -0.454286693036798528 0.714175610607630129
0.195988776099758233 -0.453127336952475979 0.713867924015623934
0.193447097154977599 -0.451867319566076731 0.713558494582656633
0.190788194311430570 -0.450495738696624515 0.713247324175623976
0.188001008353049170 -0.449000090644157523 0.712934414671925309
0.185073107173962859 -0.447365973318645249 0.712619767959453143
0.181990471477696814 -0.445576721434417233 0.712303385936580713
0.178737240565441352 -0.443612955159147504 0.711985270512151103
0.175295409796801693 -0.441452017604799962 0.711665423605465697
0.171644469448294090 -0.439067268317776205 0.711343847146272412
0.167760972476065917 -0.436427188506655628 0.711020543074754374
0.161439737922198123 -0.431904203316936797 0.710695513341517593
0.156848028467561545 -0.428444648528382266 0.710368759907580083
0.151910086905504893 -0.424561207519840278 0.710040284744359096
0.146581139809168648 -0.420180293463913279 0.709710089833660129
0.140809028252306845 -0.415210881763454887 0.709378177167664048
0.134532862211190707 -0.409539178147770855 0.709044548748915870
0.127681503603689545 -0.403021260893159927 0.708709206590312113
0.116140823549933742 -0.391239887114576523 0.708372152715089243
0.107458997362227943 -0.381673629624935618 0.708033389156810689
0.097851919301359558 -0.370325267268430847 0.707692917959355072
0.087191137544508565 -0.356700073360716741 0.707350741176904108
0.068944740602224178 -0.330425016219866197 0.707006860873929721
0.055145324106936705 -0.307465325927024469 0.706661279125181618
0.040085623763656056 -0.278263377084270402 0.706313998015675182
0.024171100462317199 -0.240299496458868889 0.705965019640678482
0.001921270736796571 -0.158030448094750142 0.705614346105699508
-0.005509477458652462 -0.076892267422099120 0.705261979526474403
0.006813333410122167 0.035878778309659624 0.704907922028953582
0.068996886500949775 0.186530954936552251 0.704552175749289300
0.379787211868991226 0.406972413272822964 0.704194742833822995
0.728129775776395705 0.357296504038380314 0.703835625439072410
0.956513959075949383 0.087345602722691207 0.703474825731717712
0.933261063523640910 -0.298207109987821906 0.703112345888589618
0.836129312932795354 -0.432847042542207461 0.702748188096655402
0.705624915749634374 -0.525891039294747120 0.702382354553006127
0.639427386324259217 -0.553078141715538041 0.702014847464843106
0.587177616335742281 -0.567374940973656261 0.701645669049464793
0.527934925246406617 -0.576800242611795744 0.701274821534253578
0.497586450527092605 -0.579030441952161912 0.700902307156661686
0.461561170776209451 -0.579524633266645939 0.700528128164198294
0.442228523300703613 -0.578872137446651447 0.700152286814415881
0.425714418444545661 -0.577835586212598118 0.699774785374896457
0.405022682471916473 -0.575956300635325102 0.699395626123237801
0.393358515568648870 -0.574637877657695140 0.699014811347040133
0.378326387398177866 -0.572701093035952846 0.698632343343891682
0.369633944809558856 -0.571479278698894477 0.698248224421355368
0.358183898605206719 -0.569786401287618149 0.697862456896954697
0.351429488007632240 -0.568759648643298976 0.697475043098159664
0.342376311755480389 -0.567375464168382249 0.697085985362372984
0.336949815074492620 -0.566554683247223689 0.696695286036915662
0.329573022418619743 -0.565469796567196981 0.696302947479013001
0.322969150920511705 -0.564550283758887161 0.695908972055780284
0.318931355162269004 -0.564023141946530027 0.695513362144208891
0.313343591668901023 -0.563352264322688034 0.695116120131151316
0.309893128439808596 -0.562979885904801747 0.694717248413307176
0.305075011472482394 -0.562525552180870192 0.694316749397208888
0.300631685427370177 -0.562187385804461703 0.693914625499206461
0.297852029810616703 -0.562021929502119821 0.693510879145453840
0.293923966257476521 -0.561857548164337306 0.693105512771893584
0.291449922110541493 -0.561800548383174392 0.692698528824242432
0.287931667281410286 -0.561788819769412640 0.692289929757976541
0.284619856072136634 -0.561860105370390106 0.691879718038316605
0.282514551652237489 -0.561950972012145056 0.691467896140213090
0.279494669893530390 -0.562148548814056070 0.691054466548331137
0.276623951128424139 -0.562415631230185786 0.690639431757035682
0.274784860301455935 -0.562630271998613152 0.690222794270376361
0.272127547435060069 -0.563004379221961115 0.689804556602072627
0.269580400174697032 -0.563438114742986551 0.689384721275498102
0.267131997734808668 -0.563928497288801900 0.688963290823665919
0.265549559526117696 -0.564285566107421532 0.688540267789212845
0.263243894599102357 -0.564864604755858535 0.688115654724384629
0.261012535870261186 -0.565493838874380983 0.687689454191019900
0.258848087093848156 -0.566171318330184192 0.687261668760535072
0.257438987785544415 -0.566648908846297594 0.686832301013909019
0.255371634196441377 -0.567403034963900432 0.686401353541667092
0.253354906823488712 -0.568201193810715877 0.685968828943865794
0.251383732826957251 -0.569042119168696847 0.685534729830076905
0.249453492324576115 -0.569924690092918240 0.685099058819371831
0.247559961613642965 -0.570847917193839982 0.684661818540305611
0.246316074906797855 -0.571485554526095951 0.684223011630901601
0.244475265354569510 -0.572474662981408700 0.683782640738634817
0.242661488646180035 -0.573502345159875415 0.683340708520416507
0.240871603462400830 -0.574568001237883985 0.682897217642577936
0.239102686398360076 -0.575671117678735911 0.682452170780854406
0.237352006501344831 -0.576811260509281332 0.682005570620368706
0.235617002889880800 -0.577988069377057601 0.681557419855615576
0.233895264990078899 -0.579201252287178558 0.681107721190444715
0.232184515029273675 -0.580450580943080996 0.680656477338045240
0.230482592455541729 -0.581735886616401521 0.680203691020928702
0.229351861720823003 -0.582612686384721190 0.679749364970912762
0.227660125136503161 -0.583957729181893814 0.679293501929105314
0.225971926211919777 -0.585338563764865816 0.678836104645886729
0.224285425491051210 -0.586755211554243705 0.678377175880894634
0.222598846698528918 -0.588207739695674636 0.677916718403006269
0.220910468054386633 -0.589696258999061307 0.677454734990322271
0.219218614323090699 -0.591220922089584433 0.676991228430149805
0.217521649481618479 -0.592781921810268342 0.676526201518985459
0.215817969947444677 -0.594379489798939731 0.676059657062499042
0.214105998266171688 -0.596013895237278657 0.675591597875515815
0.211807781164640996 -0.598250938575689228 0.675122026782000395
0.210070429804509240 -0.599972547873373840 0.674650946615038660
0.208319643439172308 -0.601732150022561418 0.674178360216821981
0.206553893592008958 -0.603530165925815099 0.673704270438628683
0.204771649730421917 -0.605367049611180486 0.673228680140807945
0.202971374636912699 -0.607243287710656943 0.672751592192761816
0.201151519895641201 -0.609159399018123993 0.672273009472928451
0.199310521458788414 -0.611115934104624059 0.671792934868764235
0.197446795262956026 -0.613113474984139040 0.671311371276726909
0.195558732866428553 -0.615152634827789146 0.670828321602257471
0.193000625635176282 -0.617937372859018175 0.670343788759763304
0.191049354017162387 -0.620076201316113407 0.669857775672599853
0.189068152317756921 -0.622258914546760855 0.669370285273053756
0.187055255407906212 -0.624486258045467646 0.668881320502324628
0.185008849807845821 -0.626759007285399128 0.668390884310507527
0.182927068862532155 -0.629077967503450686 0.667898979656575076
0.180092996759197155 -0.632243245213951699 0.667405609508359698
0.177921077707217851 -0.634673327833529699 0.666910776842535635
0.175707111600887700 -0.637152517142496655 0.666414484644600846
0.173448941120793676 -0.639681744061880941 0.665916735908859470
0.170365401219412432 -0.643133544176495708 0.665417533638403169
0.167995223517609565 -0.645783301743898530 0.664916880845093483
0.165573019984150888 -0.648486398575374712 0.664414780549543171
0.163096229190745373 -0.651243882112562789 0.663911235781098785
0.159704289607947941 -0.655006984874613063 0.663406249577821461
0.157089521783408154 -0.657895580699444427 0.662899824986468933
0.154410771881287823 -0.660842226306903147 0.662391965062477772
0.151664931237536382 -0.663848066754923471 0.661882672869943733
0.147893790271818537 -0.667949947702805136 0.661371951481604547
0.144978448290921214 -0.671098460170407085 0.660859803978820493
0.141984503729246814 -0.674310102202827499 0.660346233451555964
0.137863637517387810 -0.678692577588681401 0.659831242998361267
0.134670994863234111 -0.682056219132320174 0.659314835726353410
0.130269904676925952 -0.686645758414153873 0.658797014751197674
0.126854933765511074 -0.690167988369905561 0.658277783197088628
0.123336685278621128 -0.693760179279565792 0.657757144196731369
0.118476027393848438 -0.698660616156503655 0.657235100891322421
0.114696116529899639 -0.702420555704421523 0.656711656430531421
0.110794457698821514 -0.706254237584865052 0.656186813972481464
0.105392001088649323 -0.711482315721888692 0.655660576683730012
0.101181306783900637 -0.715492003955489841 0.655132947739250349
0.095341638034757648 -0.720958085093502010 0.654603930322411820
0.090782893289213129 -0.725148496877721538 0.654073527624961182
0.084450288966152975 -0.730858007459525671 0.653541742847002838
0.079498705224387456 -0.735232426341642542 0.653008579196979855
0.072609105713549116 -0.741188458361272895 0.652474039891654756
0.067213126206420448 -0.745748049872770657 0.651938128156089536
0.059692700766037332 -0.751950296254099593 0.651400847223626678
0.053792837765806123 -0.756693177423736651 0.650862200335869279
0.045556311986420739 -0.763136484620295041 0.650322190742662065
0.039083796607520149 -0.768056458895830407 0.649780821702071409
0.030032519626555176 -0.774728858843556578 0.649238096480365567
0.022907750886467348 -0.779813695759997372 0.648694018351995028
0.012927492287604925 -0.786693729313810319 0.648148590599572971
0.005058286065928230 -0.791922824650377111 0.647601816513855399
-0.005983221012345830 -0.798975901161572688 0.647053699393721038
-0.014703554744627256 -0.804317094865187432 0.646504242546151686
-0.026959257079256227 -0.811490542861008857 0.645953449286212344
-0.039986336887216922 -0.818699923955720443 0.645401322937030675
-0.050300124804899149 -0.824112142376207668 0.644847866829777683
-0.064829867070672398 -0.831305636431363126 0.644293084303647068
-0.076349523287835896 -0.836659545270210581 0.643736978705835461
-0.092599430566740248 -0.843701149078187829 0.643179553391521885
-0.109940506758595069 -0.850574484387119689 0.642620811723847774
-0.123713285104589732 -0.855574560482352142 0.642060757073896426
-0.143170858209614560 -0.861964151780009402 0.641499392820673031
-0.158634836141936020 -0.866491989632646398 0.640936722351083898
-0.180490371488563339 -0.872079666822315192 0.640372749059916258
-0.203847157712567006 -0.877022924160358430 0.639807476349817827
-0.228799662185718233 -0.881153956960291085 0.639240907631276056
-0.248615615558428316 -0.883601051252947411 0.638673046322597582
-0.276571594278935740 -0.885811997914468519 0.638103895849887803
-0.306344313494777920 -0.886577595330685586 0.637533459647030010
-0.329895793837615137 -0.886021183736182660 0.636961741155665062
-0.362943299304161915 -0.883494445192051447 0.636388743825169967
-0.397852974795194936 -0.878569335837424470 0.635814471112637336
-0.425215157055228887 -0.873040612464923482 0.635238926482855071
-0.463159807202325691 -0.862839579072467444 0.634662113408284490
-0.502567144010270916 -0.848933177557761987 0.634084035369040122
-0.543101933902803147 -0.830781408059630744 0.633504695852868616
-0.584290550773381101 -0.807837932658548308 0.632924098355127196
-0.615236228219974035 -0.787170438234415570 0.632342246378763129
-0.655937676022053440 -0.754628678657747742 0.631759143434292514
-0.695121791151923185 -0.716064743134444681 0.631174793039778748
-0.731669718157281546 -0.671290754624863983 0.630589198720811650
-0.756596797489939132 -0.633657176187433002 0.630002364010486038
-0.785449473878539695 -0.578332177367385070 0.629414292449380408
-0.808062584784753568 -0.517721085185254948 0.628824987585535511
-0.823188024917944294 -0.452824584371447680 0.628234452974433477
-0.829796839816283494 -0.385000835078653736 0.627642692178975614
-0.827201114374186641 -0.315900423740164582 0.627049708769460978
-0.815149789939359160 -0.247353194128366621 0.626455506323565503
-0.800028708808974809 -0.197428878534131991 0.625860088426319683
-0.772281038507227513 -0.134257925622797036 0.625263458670087813
-0.736821400134547555 -0.076366575958910998 0.624665620654545006
-0.694988286160625357 -0.024949057368606087 0.624066577986656545
-0.648303650557582101 0.019212153045876201 0.623466334280656009
-0.598334263096371055 0.055753362918885718 0.622864893158023070
-0.546571362458751597 0.084690044378292556 0.622262258247461841
-0.494342154994988681 0.106346033346134711 0.621658433184878789
-0.442757495640914045 0.121268798528419514 0.621053421613361412
-0.392692635801514367 0.130145477063865200 0.620447227183155481
-0.356537997510054772 0.133287771835534419 0.619839853551643394
-0.310562060567985632 0.133403987806093416 0.619231304383322301
-0.267405475477453358 0.129542227811321548 0.618621583349781567
-0.227225865335976551 0.122390573112015399 0.618010694129680793
-0.190066058499710422 0.112567390096265041 0.617398640408728050
-0.155884219157398834 0.100614415637621329 0.616785425879656679
-0.124579281602588743 0.086996629610975096 0.616171054242203975
-0.096011426327159477 0.072106439781539203 0.615555529203088425
-0.070017925425656630 0.056270289301660018 0.614938854475987173
-0.046424974234052986 0.039756344613824927 0.614321033781514036
-0.025056219559428293 0.022782374349844658 0.613702070847196968
-0.005738673356773723 0.005523274359954138 0.613081969407454963
0.011693378282379725 -0.011882060045367343 0.612460733203576524
0.027395961406164196 -0.029324647882953980 0.611838365983696564
0.041514086915853413 -0.046720149978086163 0.611214871502773316
0.057135774856706865 -0.068302128367706993 0.610590253522566684
0.068159096614247516 -0.085381614387848886 0.609964515811614816
0.077989703777086028 -0.102260482131042718 0.609337662145211567
0.086724795567911850 -0.118917021487758068 0.608709696305383963
0.094451650215218189 -0.135337504874907560 0.608080622080868771
0.101248348652902193 -0.151514515481973699 0.607450443267090412
0.107184503551738086 -0.167445584216515758 0.606819163666137418
0.112321967093524919 -0.183132081349995229 0.606186787086739787
0.116715500790347954 -0.198578317108888597 0.605553317344246333
0.120413397610502640 -0.213790812901773125 0.604918758260600598
0.123458051424845824 -0.228777711248671772 0.604283113664319305
0.126401152997892618 -0.247208311071540038 0.603646387390467831
0.128103866398733585 -0.261722688185375529 0.603008583280637778
0.129256234928612546 -0.276043939018104922 0.602369705182924098
0.129880683435672356 -0.290182744985796270 0.601729756951901340
0.129995858943312448 -0.304149715614745797 0.601088742448600111
0.129616883084694767 -0.317955221290100398 0.600446665540484759
0.128465945388371583 -0.335000215312268645 0.599803530101429061
0.127013505157708984 -0.348478170618211180 0.599159340011693797
0.125093949253866965 -0.361825117064194735 0.598514099157902213
0.122709237090153911 -0.375049013885928706 0.597867811433017704
0.119858426517140473 -0.388156977462683128 0.597220480736319392
0.115633291646796116 -0.404388199892733280 0.596572110973379255
0.111715054043934628 -0.417256241738341860 0.595922706056038476
0.107306990959065041 -0.430024323642513140 0.595272269902383133
0.102394893529739295 -0.442694661105771270 0.594620806436721661
0.096960827072358591 -0.455267892401023277 0.593968319589560312
0.089400117021583042 -0.470845878359393455 0.593314813297580179
0.082703512387819006 -0.483193018104093097 0.592660291503612213
0.075394529254658615 -0.495430792154471278 0.592004758156615130
0.067432360809530772 -0.507549402246128656 0.591348217211650096
0.056485209889114624 -0.522508553317714730 0.590690672629857860
0.046857406050974493 -0.534300519086417403 0.590032128378433995
0.036374194650426905 -0.545907157092718642 0.589372588430605804
0.021920786962266459 -0.560096729766059953 0.588712056765608116
0.009129394116230372 -0.571128845571496790 0.588050537368658643
-0.004925669576112679 -0.581796070157794443 0.587388034230934886
-0.020453084886398354 -0.591991045874252220 0.586724551349549261
-0.042363005340959325 -0.603826820391224595 0.586060092727525461
-0.062368313750619520 -0.612267997513561424 0.585394662373774133
-0.085178407263787059 -0.619365298540580200 0.584728264303068901
-0.118906590653481248 -0.625281383546632652 0.584060902536021609
-0.151596012736978758 -0.626092978334958583 0.583392581099058893
-0.191439849707437187 -0.620699991332797740 0.582723304024396649
-0.255665037602749612 -0.596499061835390032 0.582053075350017379
-0.321895829755419083 -0.546153288714967156 0.581381899119644441
-0.403658671561603954 -0.382001677432444287 0.580709779382718061
-0.323206893628888881 -0.108489487512384311 0.580036720194371247
0.087518379025895890 -0.029199561303930803 0.579362725615404806
0.287258388196955650 -0.391208092928174267 0.578687799712263029
0.225881968290453872 -0.565994492056091980 0.578011946557009382
0.152055779258731955 -0.652654215564131279 0.577335170227301964
0.076343638890531917 -0.709312993644763967 0.576657474806368309
0.027348165433859428 -0.736474535551708831 0.575978864382981293
-0.024396987574701379 -0.759611256220002806 0.575299343051434375
-0.060791460679374354 -0.773145211588643466 0.574618914911516843
-0.102256963571482340 -0.786162943950526882 0.573937584068489048
-0.133254516202365114 -0.794317321982503044 0.573255354633057546
-0.162935394680413514 -0.800880714582022257 0.572572230721350661
-0.198755614284309934 -0.807165757887166047 0.571888216454893183
-0.226697963284030135 -0.810801153759582283 0.571203315960581826
-0.261011634423059080 -0.813704436969330591 0.570517533370660246
-0.288104844162184626 -0.814747768157674024 0.569830872822694068
-0.321634426495214731 -0.814465794876017224 0.569143338459545789
-0.348231846703249415 -0.812966928543343625 0.568454934429350356
-0.381214802053394142 -0.809485861100465165 0.567765664885489074
-0.407381325061001331 -0.805400083784551413 0.567075533986565739
-0.439778514665751685 -0.798646649595894154 0.566384545896380986
-0.465406049133549826 -0.791914318452736410 0.565692704783906763
-0.497006187714557290 -0.781825451352472722 0.565000014823262009
-0.521876392705250103 -0.772412508718669288 0.564306480193686899
-0.552357878427082616 -0.758973666086884324 0.563612105079517756
-0.576182846911581392 -0.746895259909647780 0.562916893670161955
-0.605157547015227171 -0.730163348073724849 0.562220850160072394
-0.627611035256508298 -0.715497814780164498 0.561523978748722397
-0.654660135934237331 -0.695613918720746627 0.560826283640580292
-0.675404372774783046 -0.678509455738578016 0.560127769045084101
-0.700110018261949407 -0.655703021030160427 0.559428439176616110
-0.718819629842737284 -0.636377829683683949 0.558728298254477340
-0.740793030330919033 -0.610963006115821883 0.558027350502862229
-0.757175935074527739 -0.589699453046694910 0.557325600150833100
-0.776081210485904727 -0.562064425865758999 0.556623051432294513
-0.789895637905869807 -0.539198067756957555 0.555919708585968286
-0.805468211668353473 -0.509788706918918200 0.555215575855366850
-0.819105311517471013 -0.479600960011686228 0.554510657488768932
-0.828593441772616957 -0.454993148527250868 0.553804957739192694
-0.838653837028243032 -0.423791167277114023 0.553098480864371078
-0.845253851180548632 -0.398572070871741513 0.552391231126725279
-0.851693126100522835 -0.366854332529177374 0.551683212793339983
-0.856132410577332914 -0.335060145310949298 0.550974430135936832
-0.858260324301943878 -0.309666669933236771 0.550264887430848670
-0.859170957389763679 -0.278093160023338948 0.549554588958994228
-0.858528472490764361 -0.253050951912879074 0.548843539005852032
-0.856057012746441748 -0.222122890197724687 0.548131741861434318
-0.851789416144173028 -0.191718654274467049 0.547419201820261936
-0.847127635009765845 -0.167844098683266496 0.546705923181337261
-0.839801924747382689 -0.138643825348959027 0.545991910248119217
-0.830882669018843001 -0.110240285008549765 0.545277167328497070
-0.822652966348610515 -0.088144633519363802 0.544561698734763899
-0.811065478450384902 -0.061368579236904086 0.543845508783591502
-0.798108484864932466 -0.035588108953543363 0.543128601796003752
-0.786810718850962654 -0.015717579369049051 0.542410982097350503
-0.771589459578384762 0.008138056087605983 0.541692654017281949
-0.755218542695944461 0.030863380315372058 0.540973621889721756
-0.741343795431789965 0.048205682911347303 0.540253890052841745
-0.723087299221197632 0.068810134353235353 0.539533462849035028
-0.703878953203836755 0.088196879879760770 0.538812344624890471
-0.687869564176523784 0.102813621766965901 0.538090539731165718
-0.667104259592044890 0.119950907488908076 0.537368052522761430
-0.645553088452785140 0.135810242028586659 0.536644887358695422
-0.627780679124949392 0.147564817374038454 0.535921048602074901
-0.604940303974406790 0.161075822415233133 0.535196540620071826
-0.581445822150590486 0.173254370265971319 0.534471367783895701
-0.562205873195784855 0.182023007381531682 0.533745534468767047
-0.537630934658422710 0.191745150766202938 0.533019045053891527
-0.512503838677112800 0.200064309632629000 0.532291903922433307
-0.486855734617937741 0.206947221361729661 0.531564115461488407
-0.465982003330492944 0.211393374552438174 0.530835684062058610
-0.439470030582517213 0.215587803443674425 0.530106614119024488
-0.412518850477263332 0.218218300732913817 0.529376910031119641
-0.385159209776778311 0.219223803932822481 0.528646576200903162
-0.363000050390040019 0.218810976367470766 0.527915617034733886
-0.334994023681927766 0.216705880966492653 0.527184036942743628
-0.306688877858615150 0.212749975902346150 0.526451840338810095
-0.278138821301286920 0.206840441386016788 0.525719031640530909
-0.255166817215194408 0.200629040159454680 0.524985615269196515
-0.226355029894578424 0.190903374960996269 0.524251595649763980
-0.197529114420450208 0.178868624942820298 0.523516977210829459
-0.168812468259248505 0.164374592346677284 0.522781764384602554
-0.146019612065356297 0.150901218857779656 0.522045961606878439
-0.117909562080038735 0.131571454380030761 0.521309573317012220
-0.090432537315030259 0.109318146943009786 0.520572603957891289
-0.063859109681329532 0.083973170374399858 0.519835057975908787
-0.038514882837315433 0.055378916302983680 0.519096939820936853
-0.019382446407985997 0.030071667838649854 0.518358253946300196
0.002729089038200486 -0.004689720553207209 0.517619004808748007
0.022357795925208437 -0.042976901896354364 0.516879196868428425
0.038926055476141266 -0.084775371078000927 0.516138834588860784
0.051793594167255881 -0.129974214333009458 0.515397922436909073
0.058960854203772402 -0.168429111025127504 0.514656464882754738
0.063410625438125243 -0.219058874977958562 0.513914466399869707
0.062184730016313985 -0.272039508675141428 0.513171931464990072
0.054612793018146213 -0.326661952448894399 0.512428864558087671
0.040121102015922450 -0.382023021141932595 0.511685270162344774
0.018293740800198410 -0.437035959727060885 0.510941152764125550
-0.004590202668553395 -0.479967364333291902 0.510196516852949977
-0.039931266255286507 -0.531166610343248524 0.509451366921466198
-0.082435706715024148 -0.578361053870742214 0.508705707465423762
-0.131450768243629057 -0.620250280046127367 0.507959542983646317
-0.186014612477606561 -0.655685699149331613 0.507212877978004517
-0.244905833707366627 -0.683760092165808686 0.506465716953388712
-0.294196152583758974 -0.700506779556603565 0.505718064417682078
-0.357285749434936850 -0.714059190043496606 0.504969924881733090
-0.420641233295435790 -0.719454576312671179 0.504221302859328868
-0.482886179904953750 -0.717046117259996230 0.503472202867166985
-0.542819824438570908 -0.707455200464475520 0.502722629424828926
-0.599468181211943119 -0.691498904610490905 0.501972587054753117
-0.652106809684911415 -0.670112109946960133 0.501222080282206495
-0.700258263209568854 -0.644274496960163812 0.500471113635258535
-0.735372420238629476 -0.621049035326661336 0.499719691644752828
-0.774941252027983141 -0.589587325874816992 0.498967818844280431
-0.809772668010618091 -0.556195906389354122 0.498215499770152170
-0.840051408693774260 -0.521599291008571830 0.497462738961371664
-0.866046151925862873 -0.486410113678287792 0.496709540959607176
-0.888077972039059582 -0.451131271174841864 0.495955910309165471
-0.906494833485508078 -0.416163792297111035 0.495201851556962724
-0.921652080111533989 -0.381817954805335424 0.494447369252498770
-0.933898322298619354 -0.348325770625884712 0.493692467947828284
-0.941823414043042373 -0.322260305296647176 0.492937152197534589
-0.949652400636505800 -0.290687156842894812 0.492181426558700674
-0.955442450051560477 -0.260304555142930771 0.491425295590883215
-0.959456737946386085 -0.231153533921601650 0.490668763856084045
-0.961931767439324514 -0.203247288463786147 0.489911835918723060
-0.963078298128703381 -0.176577861645001499 0.489154516345610635
-0.963082895139354189 -0.151121602544930345 0.488396809705919865
-0.962109821844762347 -0.126843554371818878 0.487638720571159257
-0.960303081409249026 -0.103700932817767599 0.486880253515145078
-0.957788474914651911 -0.081645847132204519 0.486121413113973777
-0.954675590486100845 -0.060627400901991035 0.485362203945993942
-0.951059671625357650 -0.040593291334353687 0.484602630591779604
-0.947860654903056710 -0.025239421977996945 0.483842697634101593
-0.943539988040181687 -0.006845220794679252 0.483082409657900780
-0.938920677020597783 0.010709545393807973 0.482321771250259546
-0.934057773684856540 0.027474040126889920 0.481560787000374912
-0.928998793044452542 0.043495440062019497 0.480799461499530345
-0.923784702571465388 0.058818738183274544 0.480037799341068050
-0.918450788289745246 0.073486637764494156 0.479275805120361664
-0.913027410497698755 0.087539514089014281 0.478513483434788112
-0.907540661476173183 0.101015426013602694 0.477750838883700013
-0.902012936751491523 0.113950163422005979 0.476987876068398153
-0.896463430502710601 0.126377319852657766 0.476224599592103282
-0.890908564673384862 0.138328382091122970 0.475461014059928577
-0.885362360336193532 0.149832830450735643 0.474697124078852117
-0.879836758858030255 0.160918245074133326 0.473932934257688454
-0.874341899523605082 0.171610414731387828 0.473168449207061581
-0.868886359439249079 0.181933445549990525 0.472403673539376345
-0.863477360794703941 0.191909867823494062 0.471638611868791302
-0.858120949905528119 0.201560739587999527 0.470873268811190182
-0.852822151868203759 0.210905746096159585 0.470107648984154913
-0.847585104155858637 0.219963294609421989 0.469341757006936922
-0.842413172038017577 0.228750604184421780 0.468575597500429597
-0.837309048304446413 0.237283790318349008 0.467809175087140594
-0.832274839461162097 0.245577944417145422 0.467042494391163687
-0.827312140250941686 0.253647208176695171 0.466275560038151071
-0.822422098113510969 0.261504843014069788 0.465508376655285161
-0.817605468975676875 0.269163294736553149 0.464740948871250947
-0.813805310813974780 0.275154524108029985 0.463973281316208130
-0.809121661423834571 0.282483433901381198 0.463205378621762642
-0.804511845994036801 0.289644165249539121 0.462437245420939558
-0.799975521992919880 0.296646577264768119 0.461668886348154228
-0.795512135828276401 0.303499964832366076 0.460900306039185248
-0.791120947483108794 0.310213100272125730 0.460131509131145422
-0.786801052033623494 0.316794271831607521 0.459362500262455065
-0.782551398485878957 0.323251319233106016 0.458593284072812746
-0.778370806301242335 0.329591666490544388 0.457823865203168145
-0.774257979937571394 0.335822352184940165 0.457054248295693633
-0.770211521675013389 0.341950057388462292 0.456284437993756620
-0.766229942963212673 0.347981131411889411 0.455514438941891142
-0.762311674484964730 0.353921615540136902 0.454744255785770268
-0.758455075104648047 0.359777264907852834 0.453973893172177512
-0.754658439841302875 0.365553568663889217 0.453203355748979131
-0.750920006985291710 0.371255768553619303 0.452432648165096596
-0.747237964455598869 0.376888876048778632 0.451661775070477334
-0.743610455482265786 0.382457688140775853 0.450890741116067750
-0.740035583677347231 0.387966801905733738 0.450119550953784642
-0.736511417554791104 0.393420627947741242 0.449348209236487384
-0.733035994543741687 0.398823402804222016 0.448576720617949509
-0.729607324532664414 0.404179200411555417 0.447805089752831120
-0.726223392975990034 0.409491942704859890 0.447033321296650354
-0.722882163589774862 0.414765409430693621 0.446261419905755630
-0.718926159491310557 0.421046851362961660 0.445489390237297223
-0.715671614235592224 0.426246573056293210 0.444717236949199513
-0.712453133464744148 0.431418260596943659 0.443944964700132727
-0.709268610551091250 0.436565188476848831 0.443172578149484575
-0.706115925242588927 0.441690529699242274 0.442400081957332769
-0.702992944196737857 0.446797362006582433 0.441627480784416215
-0.699897521215882112 0.451888673684675168 0.440854779292107424
-0.696827497190011913 0.456967368983944633 0.440081982142383921
-0.693780699764636632 0.462036273183415169 0.439309093997800659
-0.690754942742924483 0.467098137316731998 0.438536119521461376
-0.687748025235868532 0.472155642586803759 0.437763063376990780
-0.684757730573553047 0.477211404480549772 0.436989930228506185
-0.681781824986627982 0.482267976606385762 0.436216724740589701
-0.678818056077268084 0.487327854254094472 0.435443451578259699
-0.675864151084663467 0.492393477699834659 0.434670115406943058
-0.672917814964823169 0.497467235251336293 0.433896720892446575
-0.669976728290184065 0.502551466048284157 0.433123272700929207
-0.667038544983155068 0.507648462618872198 0.432349775498873712
-0.664100889894587931 0.512760473191493538 0.431576233953058608
-0.661161356233491038 0.517889703772153043 0.430802652730529700
-0.658217502854701375 0.523038319985550837 0.430029036498572770
-0.655266851416522855 0.528208448676165343 0.429255389924684039
-0.652306883400979975 0.533402179285271894 0.428481717676543417
-0.649335037009603377 0.538621564990705126 0.427708024421985300
-0.646348703923910084 0.543868623623063430 0.426934314828971262
-0.643345225934696230 0.549145338355448098 0.426160593565560908
-0.640321891434713963 0.554453658167299190 0.425386865299884787
-0.637275931753927605 0.559795498101229305 0.424613134700115247
-0.634204517331852347 0.565172739309664496 0.423839406434439070
-0.631104753742086300 0.570587228866678009 0.423065685171028827
-0.627973677467777103 0.576040779438649286 0.422291975578014622
-0.624808251519595181 0.581535168699868654 0.421518282323456672
-0.621605360789940553 0.587072138591995030 0.420744610075315939
-0.618361807121582951 0.592653394418835133 0.419970963501427319
-0.615074304118809145 0.598280603729780758 0.419197347269470222
-0.611739471585670547 0.603955395073099810 0.418423766046941481
-0.608353829640195354 0.609679356546845019 0.417650224501126266
-0.604913792387069216 0.615454034213510082 0.416876727299070882
-0.601415661159188986 0.621280930333362291 0.416103279107553403
-0.597855617260111272 0.627161501431291790 0.415329884593057030
-0.594229714172063050 0.633097156172715669 0.414556548421740223
-0.590533869166916636 0.639089253050154515 0.413783275259410332
-0.586763854276226238 0.645139097847814869 0.413010069771493848
-0.582915286566533575 0.651247940854698504 0.412236936623009365
-0.578983617656321892 0.657416973798720550 0.411463880478538657
-0.574964122429656110 0.663647326440874319 0.410690906002199319
-0.570851886870111569 0.669940062787469315 0.409918017857616057
-0.566641794962455037 0.676296176845766261 0.409145220707892665
-0.562328514604955476 0.682716587831978305 0.408372519215583762
-0.557008519001271130 0.690507128278394333 0.407599918042667209
-0.552448291368718869 0.697071823701671645 0.406827421850515403
-0.547766176656635961 0.703703186819230941 0.406055035299867251
-0.542955756229960174 0.710401753947701442 0.405282763050800465
-0.538010303552114766 0.717167948608763650 0.404510609762702811
-0.532922762485631529 0.724002070560963995 0.403738580094244404
-0.527685724147424096 0.730904283170156432 0.402966678703349568
-0.522291402245661063 0.737874598880440602 0.402194910247168913
-0.516731606871295712 0.744912862480807347 0.401423279382050524
-0.510997716675039459 0.752018731873670632 0.400651790763512761
-0.505080649409642035 0.759191655974798207 0.399880449046215336
-0.498970830813472876 0.766430849354287624 0.399109258883932283
-0.492658161822410456 0.773735263180586164 0.398338224929522700
-0.486131984125495742 0.781103551970117715 0.397567351834903382
-0.479381044100968434 0.788534035604525174 0.396796644251020736
-0.472393455200017187 0.796024656001804387 0.396026106827822577
-0.465156658897831476 0.803572927764966360 0.395255744214229765
-0.457657384355360630 0.811175882065620746 0.394485561058108725
-0.449881607024164798 0.818830002931940859 0.393715562006243303
-0.441814506498735882 0.826531155006982265 0.392945751704306401
-0.433440423992669022 0.834274501784480704 0.392176134796831943
-0.424742819965236384 0.842054413180494010 0.391406715927187232
-0.415704232542993490 0.849864361219748177 0.390637499737544969
-0.406306237560296157 0.857696802485378385 0.389868490868854556
-0.396529411252283026 0.865543045860082794 0.389099693960814785
-0.386353296888306774 0.873393103963783335 0.388331113651845694
-0.375756376933276015 0.881235526570195993 0.387562754579060531
-0.364716052685602921 0.889057214178397448 0.386794621378237391
-0.353208633786686155 0.896843209802531405 0.386026718683791847
-0.341209340486886004 0.904576466988261219 0.385259051128749030
-0.328692322191304731 0.912237592014035092 0.384491623344714872
-0.315630696481026873 0.919804558281543394 0.383724439961849018
-0.301996613695014071 0.927252390975589535 0.382957505608836291
-0.290657904054414717 0.933106003906429282 0.382190824912859439
-0.275920521641898453 0.940265700771389268 0.381424402499570547
-0.260528528743373455 0.947217572897256832 0.380658242993063167
-0.244451638836634066 0.953921999236052143 0.379892351015845064
-0.227659488866220727 0.960334444921870700 0.379126731188809796
-0.210122009741993021 0.966404959147497133 0.378361388131208842
-0.191809889534307387 0.972077647531299438 0.377596326460623632
-0.172695145500249947 0.977290126068084408 0.376831550792938397
-0.152751822651139568 0.981972967149785436 0.376067065742311524
-0.131956838107812724 0.986049152370282567 0.375302875921148027
-0.110290991345460609 0.989433552161634200 0.374538985940071401
-0.087740160770553077 0.992032458728119626 0.373775400407896752
-0.064296706116648561 0.993743206467497697 0.373012123931601880
-0.039961093626736555 0.994453923032236120 0.372249161116299909
-0.014743756233026706 0.994043464335726212 0.371486516565211977
0.011332806806479079 0.992381597857655340 0.370724194879638425
0.038231697961295497 0.989329510037293081 0.369962200658932039
0.065899080486172101 0.984740724479645779 0.369200538500469633
0.094261473654643102 0.978462526826499479 0.368439212999625065
0.123222957009744782 0.970337997650454809 0.367678228749740488
0.152662390797717096 0.960208754120290719 0.366917590342099198
0.182430799362826523 0.947918491588402135 0.366157302365898329
0.212349108148396137 0.933317394172949344 0.365397369408220485
0.236251087527446613 0.919879417830787860 0.364637796054006091
0.265885984554063204 0.900782873092262459 0.363878586886026256
0.294998495471954780 0.879039020346260358 0.363119746484854844
0.323288435185760448 0.854578119700365679 0.362361279428840721
0.350427979365516618 0.827369120873283848 0.361603190294080168
0.376066874521149397 0.797427343873845951 0.360845483654389343
0.399839764433346456 0.764821554956099048 0.360088164081276974
0.421375633767396174 0.729679821887582514 0.359331236143916044
0.440309176344734154 0.692193485079163229 0.358574704409116762
0.456293671215787677 0.652618599226213347 0.357818573441299359
0.469014718520198104 0.611274301373604501 0.357062847802465555
0.478203983072074679 0.568537752178987499 0.356307532052171694
0.482869455484697951 0.533631404462692527 0.355552630747501208
0.485220007183192137 0.489489637734098870 0.354798148443037253
0.483632818492952921 0.445235305984939711 0.354044089690834618
0.478110331437985536 0.401362632667501495 0.353290459040392801
0.468736748133954106 0.358359151555539768 0.352537261038628369
0.455674662277497977 0.316689109465567331 0.351784500229847863
0.439157788053906428 0.276778340356026387 0.351032181155719714
0.419480419504018764 0.239001617933021326 0.350280308355247205
0.396984520676392671 0.203673217690188757 0.349528886364741498
0.377209977934784446 0.177342207196679841 0.348777919717793483
0.350599935094674298 0.146999519748134966 0.348027412945247028
0.322260889532363093 0.119627341962967329 0.347277370575171052
0.292587441995868947 0.095286554318454023 0.346527797132833160
0.261958512794269682 0.073979464366998565 0.345778697140671221
0.230728779176638754 0.055657218399300185 0.345030075118266999
0.199222438874934432 0.040228121101248987 0.344281935582318011
0.174014117960604953 0.029884216591564573 0.343534283046611377
0.142715479728953931 0.019327786264496542 0.342787122021995572
0.111859263321251790 0.011251965071533428 0.342040457016353661
0.081633192695967499 0.005477416051680728 0.341294292534576271
0.052190808648273392 0.001818447734428973 0.340548633078533836
0.023654064196660336 0.000088114446432521 0.339803483147050112
-0.003883629810638837 0.000102305142410898 0.339058847235874428
-0.025147920694461614 0.001249748103637559 0.338314729837655315
-0.050730522798337202 0.003960706175011451 0.337571135441912362
-0.075176574793753115 0.007939394696557016 0.336828068535010128
-0.098471608327171820 0.013034468233618139 0.336085533600130215
-0.120614746673923218 0.019105858643999350 0.335343535117245406
-0.137506433121776128 0.024579108873171364 0.334602077563091016
-0.157607879906207782 0.032091389911538148 0.333861165411139194
-0.176606990655944068 0.040248188051150671 0.333120803131571552
-0.194534062745822828 0.048951609014947522 0.332380995191252027
-0.211423506950657480 0.058113733793731873 0.331641746053699893
-0.224212967651151951 0.065720578926487527 0.330903060179063069
-0.239329978650499320 0.075516079408049649 0.330164942024091357
-0.253517986826613084 0.085571389114553892 0.329427396042108855
-0.266817578799544430 0.095830224037183540 0.328690426682987813
-0.279269284341767121 0.106242967511428893 0.327954038393121539
-0.288647097543682341 0.114654496274107218 0.327218235615397535
-0.299672931179332525 0.125238088531329061 0.326483022789170574
-0.309960672526063186 0.135866821912370844 0.325748404350236054
-0.319547394862698897 0.146510908310357457 0.325014384730803463
-0.326736061108944598 0.155019757540349856 0.324280968359469235
-0.335149841852814157 0.165628793507809402 0.323548159661190049
-0.342958675992918960 0.176189505530959217 0.322815963057256461
-0.350193919196860992 0.186684977344414083 0.322084382965266092
-0.355589185558668031 0.195024625639333343 0.321353423799096927
-0.361865920806746511 0.205367865390189253 0.320623089968880448
-0.367648462064790404 0.215610939596839996 0.319893385880975489
-0.372962240286090152 0.225745000882287772 0.319164315937941478
-0.376891900725234374 0.233768805419472647 0.318435884538511682
-0.381421318885998395 0.243689150506522983 0.317708096077566726
-0.385545505409574829 0.253483318368803057 0.316980954946108506
-0.389284575736500216 0.263147366659900461 0.316254465531233042
-0.392011259202277862 0.270782858323793785 0.315528632216104443
-0.395103823484280636 0.280205603441504913 0.314803459379928152
-0.397861075215510618 0.289491682289362839 0.314078951397925132
-0.399835995910603204 0.296821407527647851 0.313355112641304667
-0.402028393822290442 0.305859137122707792 0.312631947477238548
-0.403926685844654243 0.314758450940019641 0.311909460268834315
-0.405543738761144912 0.323519534919917584 0.311187655375109562
-0.406642965683191471 0.330429207309427042 0.310466537150965005
-0.407783401094829689 0.338942931619123589 0.309746109947158288
-0.408674040124627769 0.347320474290137182 0.309026378110278277
-0.409213262828472590 0.353925207618153048 0.308307345982718140
-0.409678309677816155 0.362060548194877707 0.307589017902649531
-0.409919023777395475 0.370063175822329504 0.306871398203996282
-0.409955346935991338 0.376370677859658331 0.306154491216408586
-0.409811535244479663 0.384138035345321538 0.305438301265236245
-0.409549309204929102 0.390259232048646931 0.304722832671503130
-0.409042778741603663 0.397796114230427933 0.304008089751880761
-0.408342966917945582 0.405207016356727512 0.303294076818662772
-0.407647480652557792 0.411045993784430463 0.302580798179738097
-0.406612592877514722 0.418233691126625118 0.301868258138565604
-0.405397829761303341 0.425299246069676562 0.301156460994148056
-0.404299150859619372 0.430864569929868990 0.300445411041005861
-0.402770174259892866 0.437713268896946950 0.299735112569151418
-0.401424454017700216 0.443106497978823732 0.299025569864063145
-0.399591469627494866 0.449741625748954210 0.298316787206659995
-0.397593147189456375 0.456259230386799330 0.297608768873274754
-0.395876842133221885 0.461389111738357560 0.296901519135629122
-0.393585855430893083 0.467696591634769676 0.296195042260807340
-0.391637461338432080 0.472658857901665563 0.295489342511231157
-0.389058383478673664 0.478757136857884791 0.294784424144633184
-0.386320486560453979 0.484739162252648403 0.294080291414031747
-0.384016134585065949 0.489440885494426214 0.293376948567705464
-0.380993281069334999 0.495212735817980587 0.292674399849167044
-0.378460979213756488 0.499745510595024645 0.291972649497137970
-0.375152712615566375 0.505304772919021428 0.291271701745522582
-0.372391333564347893 0.509666047049510018 0.290571560823383868
-0.368795294474996538 0.515008706136302230 0.289872230954915933
-0.365802189656241394 0.519194569667923433 0.289173716359419908
-0.361914111386742177 0.524314811385944601 0.288476021251277581
-0.358685096545270365 0.528319828018896098 0.287779149839927695
-0.354498773291245128 0.533209812045678189 0.287083106329838189
-0.350143344357195019 0.537967655144202084 0.286387894920482278
-0.346535318923939628 0.541676413285720804 0.285693519806313190
-0.341867987118453232 0.546187125245732541 0.284999985176738024
-0.338006068612937860 0.549692743838914866 0.284307295216093381
-0.333015334387419093 0.553941952265614823 0.283615454103619102
-0.328889426430848730 0.557231676281755739 0.282924466013434350
-0.324642461051555808 0.560420630975731027 0.282234335114511015
-0.319159633519070063 0.564259988934037726 0.281545065570649733
-0.314630735099487802 0.567209514978000984 0.280856661540454244
-0.308786477323859498 0.570737322232077515 0.280169127177306077
-0.303960704294383377 0.573426859828534141 0.279482466629339732
-0.297734966313825899 0.576614869186748646 0.278796684039418097
-0.292595143281342507 0.579019597327785851 0.278111783545106850
-0.285964987373591994 0.581833722565034517 0.277427769278649428
-0.280491554353901162 0.583923689187263673 0.276744645366942488
-0.273430975098138629 0.586322779315825993 0.276062415931510929
-0.267601855978162828 0.588061795556522715 0.275381085088483135
-0.261606889322615055 0.589631278075088971 0.274700656948565658
-0.253872160994648266 0.591340304452442789 0.274021135617018741
-0.247485031463641758 0.592492609589330033 0.273342525193631669
-0.239242739309771746 0.593645536977842281 0.272664829772698014
-0.232435085134497260 0.594322474788174904 0.271988053442990652
-0.225430825121067824 0.594766175205877712 0.271312200287737060
-0.216389543641647614 0.594969287836863203 0.270637274384595228
-0.208920007690031911 0.594829816121449695 0.269963279805628786
-0.199276885346979932 0.594247003581451771 0.269290220617281972
-0.191309568496696447 0.593428362410200361 0.268618100880355593
-0.183110632999097439 0.592271299712393118 0.267946924649982543
-0.172526896382292128 0.590309609716051620 0.267276695975603384
-0.163784816363570146 0.588292977913714932 0.266607418900941251
-0.154792560062766787 0.585844262068764277 0.265939097463978480
-0.143193792928323349 0.582121551492562173 0.265271735696931188
-0.133624096378295532 0.578565762343153711 0.264605337626225900
-0.123794176420455093 0.574448953725456124 0.263939907272474572
-0.111141534942971743 0.568439175279990661 0.263275448650450827
-0.100731049437040338 0.562873796675841032 0.262611965769065092
-0.090071359120518307 0.556569329761935072 0.261949462631341390
-0.079173431868048122 0.549458464820372749 0.261287943234391862
-0.065241279484378828 0.539322208336134978 0.260627411569394229
-0.053876620192327696 0.530114465304015514 0.259967871621566038
-0.042352616372303031 0.519831449791121503 0.259309327370142229
-0.027791166368612757 0.505312425066217652 0.258651782788349882
-0.016088024362731490 0.492231194471053346 0.257995241843384959
-0.004418873526152861 0.477717913370909297 0.257339708496387765
0.007119450357040341 0.461644841704532183 0.256685186702419799
0.021171232814748281 0.439154062899306086 0.256031680410439610
0.031927775710002465 0.419070699498649835 0.255379193563278428
0.042045581485740863 0.396974921910066669 0.254727730097616900
0.051288683956578540 0.372728347100308000 0.254077293943961557
0.061174439521357038 0.339203164525153755 0.253427889026620723
0.067326918503202438 0.309683904192707082 0.252779519263680752
0.071474186606017565 0.277695348982851309 0.252132188566982385
0.073138863456853498 0.243230581687316483 0.251485900842097765
0.071781199317114949 0.206359821909869096 0.250840659988306292
0.064923286348658557 0.157163581657764617 0.250196469898570972
0.054531275830202008 0.115714425939099280 0.249553334459515330
0.039078856217811722 0.072944397597644636 0.248911257551399867
0.017958596953310868 0.029551465667339495 0.248270243048098749
-0.009341104388643443 -0.013564156393374157 0.247630294817075935
-0.043167026367048993 -0.055306043240736159 0.246991416719362256
-0.083626688502184687 -0.094413260848998218 0.246353612609532258
-0.143190096015845647 -0.137513374765500518 0.245716886335680784
-0.197292985451807484 -0.165706482352337342 0.245081241739399380
-0.256047308350730196 -0.186981431889704591 0.244446682655753811
-0.318101691785077745 -0.200382944958053033 0.243813212913260191
-0.381867865028182873 -0.205322480035966315 0.243180836333862671
-0.445648645904702490 -0.201642652317615717 0.242549556732909621
-0.507782150877639893 -0.189628141045010801 0.241919377919131262
-0.566777144011034517 -0.169961599245664924 0.241290303694616182
-0.621417426100437931 -0.143635416048855102 0.240662337854788411
-0.670822011741189383 -0.111838564609151314 0.240035484188385162
-0.724436122808604366 -0.066331485484200148 0.239409746477433349
-0.760603957463827030 -0.026822723872248377 0.238785128497226773
-0.790910997523877501 0.014230779046565611 0.238161634016303414
-0.815670818856188307 0.055873639544760323 0.237539266796423398
-0.835324246331641707 0.097324641888888674 0.236918030592545070
-0.850383362092788753 0.137974822790471074 0.236297929152803232
-0.861386899267906347 0.177373058487111990 0.235678966218485830
-0.868867539651560827 0.215204891113618402 0.235061145524012804
-0.873329955215590870 0.251268955709164521 0.234444470796911636
-0.875237641959422552 0.285453926946731718 0.233828945757796114
-0.875006419291776472 0.317717678588091745 0.233214574120343354
-0.873002648493247047 0.348069438375055551 0.232601359591271956
-0.869544563719811592 0.376555116754984764 0.231989305870319185
-0.864905483444937673 0.403245630708852609 0.231378416650218466
-0.859318011988316588 0.428227864532487956 0.230768695616677788
-0.852978622258268482 0.451597845509942752 0.230160146448356639
-0.846052226633274507 0.473455717095986661 0.229552772816844636
-0.840555937681190635 0.488917404997037286 0.228946578386638622
-0.832919416372360888 0.508370148339996053 0.228341566815121244
-0.825020591970448081 0.526581734055535433 0.227737741752538220
-0.816941304199752416 0.543643663513645459 0.227135106841976964
-0.808748746252243578 0.559642220155326719 0.226533665719343968
-0.800497840524449611 0.574658122432350038 0.225933422013343488
-0.792233261326294236 0.588766427679642157 0.225334379345455083
-0.783991146543641881 0.602036608843501964 0.224736541329912165
-0.775800539384608578 0.614532746099105909 0.224139911573680239
-0.767684598381893513 0.626313791014612153 0.223544493676434614
-0.761657801260706036 0.634713029532073980 0.222950291230539055
-0.753714078384523090 0.645370193648309165 0.222357307821024419
-0.745886050551975321 0.655450500653636636 0.221765547025566445
-0.738182557419128083 0.664996509188905516 0.221175012414464467
-0.730610079458565043 0.674047175786124053 0.220585707550619681
-0.723173163109238404 0.682638156922156902 0.219997635989513968
-0.717686272963325655 0.688799465211041184 0.219410801279188383
-0.710492940937567541 0.696662872809794997 0.218825206960221313
-0.703440374655672218 0.704149882171958064 0.218240856565707519
-0.696528557541560511 0.711286142711572089 0.217657753621236849
-0.689756757562865697 0.718095177654207162 0.217075901644872893
-0.684769028020499326 0.723000267155630594 0.216495304147131529
-0.678238847558341740 0.729287543116085457 0.215915964630959911
-0.671844075165893950 0.735302830054841428 0.215337886591715516
-0.665582393290352070 0.741063256926800307 0.214761073517145018
-0.660971952415542630 0.745225862017115936 0.214185528887362697
-0.654936972221796032 0.750577496035312763 0.213611256174830066
-0.649027739942811377 0.755714752124191813 0.213038258844334860
-0.644676608799430229 0.759434652468262250 0.212466540352969940
-0.638980476930844921 0.764226599376463200 0.211896104150112174
-0.633402065723680185 0.768836702116993953 0.211326953677402479
-0.627938410468433905 0.773275183668133081 0.210759092368723977
-0.623914197900821255 0.776497148865638476 0.210192523650182150
-0.618644262065192518 0.780657702070947868 0.209627250940083665
-0.613481008497769542 0.784671119318472221 0.209063277648916135
-0.609676848999062271 0.787589312176987244 0.208500607179326947
-0.604693405845857179 0.791363591300599190 0.207939242926103607
-0.599808861846854557 0.795010823817616785 0.207379188276152232
-0.596208710860901769 0.797666743527042588 0.206820446608478120
-0.591490701619812209 0.801106806240843738 0.206263021294164489
-0.588012401002860563 0.803614095555256092 0.205706915696352854
-0.583452875990097986 0.806864452075727323 0.205152133170222351
-0.578980424720627163 0.810013512120111079 0.204598677062969414
-0.575681746219985024 0.812311712967815569 0.204046550713787689
-0.571355791623760045 0.815294812090370469 0.203495757453848236
-0.568164251714299073 0.817473601070597300 0.202946300606278940
-0.563977588872195512 0.820303862599716549 0.202398183486144662
-0.560887905662593944 0.822372573397816442 0.201851409400427062
-0.556833652328242779 0.825061810238638338 0.201305981648004950
-0.553840782624419825 0.827028857719080079 0.200761903519634410
-0.549912369785210964 0.829587736087234906 0.200219178297928596
-0.546053033240642249 0.832076520021231780 0.199677809257337857
-0.543202662176719642 0.833898908289102736 0.199137799664130727
-0.539459449549259840 0.836272106173121754 0.198599152776373439
-0.536693963320804879 0.838010997442193206 0.198061871843910497
-0.533963540877981035 0.839715956757540405 0.197525960108345194
-0.530376199429113182 0.841938260737003841 0.196991420803020012
-0.527724640227842157 0.843568057229918566 0.196458257152997223
-0.524239769276690470 0.845693699724912262 0.195926472375038851
-0.521663098341894726 0.847253555496773614 0.195396069677588241
-0.518275525129737735 0.849289196118608758 0.194867052260749796
-0.515769956605938051 0.850783889972527074 0.194339423316269994
-0.512474755428754314 0.852735628567829473 0.193813186027518514
-0.510036685164423687 0.854169541349082850 0.193288343569468529
-0.507626483072029844 0.855578655980268721 0.192764899108677640
-0.504455167545275418 0.857420127630701523 0.192242855803268775
-0.502107617546377560 0.858774105568403612 0.191722216802911405
-0.499017686402203342 0.860544486874668446 0.191202985248802360
-0.496729600010956285 0.861846895308099770 0.190685164273646623
-0.494466062256926353 0.863128223343028633 0.190168757001638655
-0.491485261323501621 0.864804871874998771 0.189653766548444014
-0.489276911956542104 0.866039240703580737 0.189140196021179541
-0.487091347756796189 0.867254391966912119 0.188628048518395514
-0.484211838469182254 0.868845591924255256 0.188117327130056300
-0.482077504954013691 0.870017884946766129 0.187608034937522289
-0.479964326722783441 0.871172618097274198 0.187100175013531100
-0.477871840182807428 0.872310252210377168 0.186593750422178684
-0.475113265480589519 0.873801266137637977 0.186088764218901248
-0.473067321185383416 0.874900706736728040 0.185585219450456806
-0.471040605866220152 0.875984473053166512 0.185083119154906633
-0.468367515856112027 0.877405794931974348 0.184582466361596864
-0.466384075740058357 0.878454504009186454 0.184083264091140619
-0.464418526272358911 0.879488805969426135 0.183585515355399187
-0.462470489728024015 0.880509052655239821 0.183089223157464454
-0.460539599208292350 0.881515583550721016 0.182594390491640279
-0.457991136095170726 0.882836853423252688 0.182101020343424957
-0.456098886414437743 0.883812634326717861 0.181609115689492451
-0.454222637006264751 0.884775746425740084 0.181118679497675406
-0.452362067027648029 0.885726479738767725 0.180629714726946222
-0.450516866060145404 0.886665113743354327 0.180142224327400208
-0.448079988311702260 0.887898268510786792 0.179656211240236729
-0.446269499210378617 0.888809700676727044 0.179171678397742395
-0.444473418739263049 0.889709892798962176 0.178688628723273041
-0.442691480781571611 0.890599082050395618 0.178207065131235742
-0.440923429228468833 0.891477496572694483 0.177726990527071554
-0.439169017890216784 0.892345355736079537 0.177248407807238162
-0.437428010402045264 0.893202870394062320 0.176771319859192089
-0.435700180132541526 0.894050243128469480 0.176295729561371350
-0.433985310078011666 0.894887668494761201 0.175821639783178052
-0.432283192757078383 0.895715333259668456 0.175349053384961262
-0.430033199574241243 0.896804011813154167 0.174877973217999694
-0.428360084385657425 0.897609586157073647 0.174408402124484219
-0.426699097590930387 0.898405969193439180 0.173940342937500991
-0.425050071569742838 0.899193316611621163 0.173473798481014518
-0.423412847538565451 0.899971777529191774 0.173008771569850284
-0.421787275394929495 0.900741494713420798 0.172545265009677762
-0.420173213547265556 0.901502604804884644 0.172083281596993737
-0.418570528754247939 0.902255238529195536 0.171622824119105372
-0.416979095930549937 0.902999520920546250 0.171163895354113277
-0.415398797964207978 0.903735571533171855 0.170706498070894802
-0.413829525510138629 0.904463504659105633 0.170250635029087161
-0.412271176775327097 0.905183429544256124 0.169796308979071303
-0.411238299410970232 0.905658982198588425 0.169343522661954737
-0.409697950482225792 0.906365789751442330 0.168892278809555235
-0.408168289038774890 0.907064857334022312 0.168442580144384513
-0.406649239006919405 0.907756277512465015 0.167994429379631272
-0.405140730741593513 0.908440138799854746 0.167547829219145628
-0.403642700756659534 0.909116525867112002 0.167102782357422014
-0.402155091444095447 0.909785519754270244 0.166659291479583554
-0.400677850789835643 0.910447198077158570 0.166217359261365216
-0.399210932072533664 0.911101635237417162 0.165776988369098488
-0.398238699866216739 0.911533939182736508 0.165338181459694394
-0.396788893966176004 0.912176464993934233 0.164900941180628258
-0.395349308960064649 0.912811933887720417 0.164465270169923072
-0.393919914883540723 0.913440410222327137 0.164031171056134129
-0.392500685587196307 0.914061956084166294 0.163598646458332858
-0.391091598406426377 0.914676631481222691 0.163167698986090987
-0.390157831704379288 0.915082626928088616 0.162738331239465017
-0.388765606084913007 0.915685979860224264 0.162310545808980133
-0.387383476622134959 0.916282613627519282 0.161884345275615377
-0.386011430548443280 0.916872582218990151 0.161459732210787160
-0.385102329619778860 0.917262217839268423 0.161036709176334170
-0.383747065855855607 0.917841194532796445 0.160615278724501848
-0.382401859859519022 0.918413644494288195 0.160195443397927406
-0.381066704235340059 0.918979618034953871 0.159777205729623673
-0.380182180698687977 0.919353360271478626 0.159360568242964351
-0.378863761011348554 0.919908649927094646 0.158945533451668869
-0.377555374530594678 0.920457594621811648 0.158532103859786916
-0.376688687752754214 0.920820056820504051 0.158120281961683429
-0.375397008944803323 0.921358534691338993 0.157710070242023437
-0.374115345294740442 0.921890797179311994 0.157301471175757601
-0.373266462877389182 0.922242209831976356 0.156894487228106394
-0.372001472572146552 0.922764221381885297 0.156489120854546221
-0.370746473115984743 0.923280147504563109 0.156085374500793544
-0.369915351566335815 0.923620741751111196 0.155683250602791229
-0.368676976614867369 0.924126635065872892 0.155282751586692802
-0.367856925169528615 0.924460586810990637 0.154883879868848662
-0.366635133540482605 0.924956586021534188 0.154486637855791142
-0.365423268018249758 0.925446716351402632 0.154091027944219749
-0.364620861996639789 0.925770234779945245 0.153697052520987060
-0.363425492474206857 0.926250698216924184 0.153304713963084344
-0.362634061606163516 0.926567820395144626 0.152914014637626994
-0.361455118208164672 0.927038762823706897 0.152524956901840314
-0.360674611674534851 0.927349587084603355 0.152137543103045308
-0.359512011610432280 0.927811157662960739 0.151751775578644582
-0.358742369734518118 0.928115784570828217 0.151367656656108324
-0.357596016607490852 0.928568135855161292 0.150985188652959929
-0.356837170469284870 0.928866668256368877 0.150604373876762149
-0.355706953824823813 0.929309956223786426 0.150225214625103520
-0.354958825034355441 0.929602499231764967 0.149847713185584097
-0.353844620121518627 0.930036883217833288 0.149471871835801767
-0.353107120729204804 0.930323544144536996 0.149097692843338375
-0.352373846337986962 0.930607882755621452 0.148725178465746399
-0.351281821032022545 0.931030074930283225 0.148354330950535129
-0.350559036980089500 0.931308685147454796 0.147985152535156927
-0.349482665944676252 0.931722368433480996 0.147617645446993906
-0.348770261794107805 0.931995362264612881 0.147251811903344576
-0.348061976677127793 0.932266141273552007 0.146887654111410415
-0.347007229059043076 0.932668196998109988 0.146525174268282266
-0.346309154384632056 0.932933519096677877 0.146164374560927651
-0.345615127641240749 0.933196690702605691 0.145805257166176955
-0.344581630270878680 0.933587456532996685 0.145447824250710761
-0.343897628303042047 0.933845333196967164 0.145092077971046479
-0.343217596963974525 0.934101124549272188 0.144738020473525603
-0.342204944148023160 0.934480942617104793 0.144385653894300470
-0.341534737196857452 0.934731602745636603 0.144034980359321579
-0.340868418009671548 0.934980243290106428 0.143686001984324796
-0.340205961984886285 0.935226883087114436 0.143338720874818359
-0.339219466631754729 0.935593132612975498 0.142993139126070229
-0.338566558429671316 0.935834853011467405 0.142649258823095815
-0.337917424402134847 0.936074638638013323 0.142307082040644906
-0.337272038371772775 0.936312508327093229 0.141966610843189456
-0.336630373851728726 0.936548480896163160 0.141627847284910818
-0.335674796269746001 0.936898923744774237 0.141290793409687837
-0.335042317816801161 0.937130235650195265 0.140955451251084163
-0.334413466029486073 0.937359716048262848 0.140621822832335985
-0.333788213259552546 0.937587383591204970 0.140289910166339848
-0.333166531646270303 0.937813256877636836 0.139959715255640799
-0.332548393127282460 0.938037354448827854 0.139631240092419895
-0.331627766825079218 0.938370211736860971 0.139304486658482385
-0.331018362114392062 0.938589950701578468 0.138979456925245687
-0.330412400935739314 0.938807978308061175 0.138656152853727538
-0.329809854516105949 0.939024312771239766 0.138334576394534364
-0.329210693960542811 0.939238972221707824 0.138014729487848986
-0.328614890263493165 0.939451974702262049 0.137696614063419348
-0.328022414324764811 0.939663338162694428 0.137380232040546862
-0.327433236960736562 0.939873080456522070 0.137065585328074641
-0.326847328910745361 0.940081219339432672 0.136752675824376058
-0.326264660852829513 0.940287772464360350 0.136441505417343317
-0.325685203415287838 0.940492757378202260 0.136132075984376016
-0.325108927178627549 0.940696191522069070 0.135824389392369904
-0.324535802693199982 0.940898092225759930 0.135518447497705474
-0.323965800480904176 0.941098476708220333 0.135214252146237057
-0.323398891050205917 0.941297362073065691 0.134911805173281107
-0.322835044899700940 0.941494765308373616 0.134611108403605934
-0.322274232524614956 0.941690703285384068 0.134312163651419847
-0.321716424425931125 0.941885192756301781 0.134014972720361059
-0.321161591117869349 0.942078250352702984 0.133719537403486022
-0.320609703132194446 0.942269892585099300 0.133425859483258913
-0.320060731024327194 0.942460135841906133 0.133133940731541361
-0.319787329229982431 0.942554737942587484 0.132843782909580932
-0.319242675795723296 0.942742913194975274 0.132555387768000910
-0.318700864767698544 0.942929729902953540 0.132268757046789781
-0.318161866827942008 0.943115204020821496 0.131983892475290826
-0.317625652704261796 0.943299351378081519 0.131700795772191348
-0.317092193176221504 0.943482187678406747 0.131419468645512461
-0.316561459079318985 0.943663728499363086 0.131139912792598762
-0.316297104969623377 0.943754017938633005 0.130862129900108481
-0.315770404469215726 0.943933644471664612 0.130586121644002573
-0.315246356759985191 0.944112013915817450 0.130311889689535138
-0.314724932907423649 0.944289141404415777 0.130039435691243210
-0.314465195904424566 0.944377244110142455 0.129768761292936907
-0.313947653746321442 0.944552536762539696 0.129499868127689266
-0.313432663442415160 0.944726624735267584 0.129232757817826449
-0.312920196338779044 0.944899522714014117 0.128967431974918306
-0.312664900056235706 0.944985530010094665 0.128703892199768077
-0.312156164223205468 0.945156670252641273 0.128442140082403289
-0.311649880359513021 0.945326656651613528 0.128182177202065650
-0.311397649063562376 0.945411221612407870 0.127924005127202034
-0.310894990094229606 0.945579503891421869 0.127667625415454483
-0.310394712508875958 0.945746667662652252 0.127413039613651358
-0.310145457968716953 0.945829834458323804 0.127160249257797620
-0.309648699931958926 0.945995346496431799 0.126909255873065646
-0.309154253425374281 0.946159774536883602 0.126660060973786071
-0.308907888330356983 0.946241586303539384 0.126412666063438650
-0.308416857202836403 0.946404413746097295 0.126167072634643274
-0.308172184294957630 0.946485432763337853 0.125923282169150691
-0.307684506675929947 0.946646689677444919 0.125681296137833798
-0.307199030613907076 0.946806916046720404 0.125441116000678810
-0.306957109692255981 0.946886646849526281 0.125202743206776296
-0.306474885209039594 0.947045351760061105 0.124966179194312452
-0.306234574940579263 0.947124329067347226 0.124731425390560466
-0.305755541665480468 0.947281541318545361 0.124498483211871971
-0.305516812023414075 0.947359779407367264 0.124267354063668414
-0.305040910237606544 0.947515527303923299 0.124038039340432532
-0.304803731535697398 0.947593040200702896 0.123810540425700069
-0.304330902227163635 0.947747351540722760 0.123584858692051325
-0.304095245148872095 0.947824153014801940 0.123360995501102993
-0.303860088830823161 0.947900720362798932 0.123138952203499741
-0.303391265702314117 0.948053158632970572 0.122918730138906251
-0.303157592545030219 0.948129032506412672 0.122700330635999083
-0.302691707302840174 0.948280097031587887 0.122483755012458659
-0.302459488974578639 0.948355290572538534 0.122269004574961190
-0.301996485430176209 0.948505007355609053 0.122056080619171087
-0.301765694081268854 0.948579533423349552 0.121844984429732739
-0.301535372290937131 0.948653839807862109 0.121635717280263234
-0.301076125345703327 0.948801799055923656 0.121428280433344166
-0.300847194218660297 0.948875454657270190 0.121222675140514505
-0.300618720711724741 0.948948896049172985 0.121018902642262602
-0.300163134857643676 0.949095141553731425 0.120816964168019139
-0.299936016718785559 0.949167948311392839 0.120616860936149317
-0.299709344618079243 0.949240546149254016 0.120418594153945749
-0.299483115718800819 0.949312936360300785 0.120222165017621091
-0.299031976310654479 0.949457099010749372 0.120027574712300855
-0.298807060258856561 0.949528873973832233 0.119834824412016289
-0.298582576322909743 0.949600446357523720 0.119643915279697144
-0.298358521800340726 0.949671817391599782 0.119454848467164781
-0.297911690316994326 0.949813960268645507 0.119267625115125314
-0.297688908090376181 0.949884734507423723 0.119082246353162544
-0.297466544748077433 0.949955312187486856 0.118898713299731174
-0.297244597729727666 0.950025694474236460 0.118717027062150135
-0.297023064510232304 0.950095882518126045 0.118537188736595883
-0.296581229517418998 0.950235680413411554 0.118359199408095833
-0.296360922853416420 0.950305292497058307 0.118183060150521657
-0.296141020202605021 0.950374714803882470 0.118008772026582914
-0.295921519205005756 0.950443948414227080 0.117836336087820667
-0.295702417533872552 0.950512994394543398 0.117665753374601195
-0.295483712896660367 0.950581853797115905 0.117497024916109374
-0.295265403037427820 0.950650527659363087 0.117330151730342946
-0.295047485737211457 0.950719017003779587 0.117165134824105996
-0.294829958815097937 0.950787322837665094 0.117001975193003135
-0.294612820126711250 0.950855446153651584 0.116840673821433358
-0.294396067568023445 0.950923387928560349 0.116681231682584041
-0.294179699071174749 0.950991149124818969 0.116523649738425272
-0.293963712610638805 0.951058730688534082 0.116367928939703880
-0.293748106200439008 0.951126133550461494 0.116214070225937813
-0.293532877894719157 0.951193358625883167 0.116062074525410328
-0.293318025791863002 0.951260406813365988 0.115911942755164490
-0.293103548028493033 0.951327278996748515 0.115763675820997711
-0.292889442786565757 0.951393976042938183 0.115617274617456051
-0.292675708289809822 0.951460498803119337 0.115472740027829104
-0.292462342808010645 0.951526848111472590 0.115330072924144461
-0.292249344652842857 0.951593024786549169 0.115189274167162514
-0.292036712182198011 0.951659029629984943 0.115050344606371285
-0.291824443799746869 0.951724863426702594 0.114913285079981331
-0.291612537952699757 0.951790526945699766 0.114778096414920497
-0.291400993139268316 0.951856020937752900 0.114644779426829185
-0.291400993139268316 0.951856020937752900 0.114513334920055415
-0.291189807899535136 0.951921346138385194 0.114383763687649603
-0.290978980825029931 0.951986503264900752 0.114256066511360263
-0.290768510553305604 0.952051493018192141 0.114130244161628980
-0.290558395770740108 0.952116316081907166 0.114006297397585929
-0.290348635213204809 0.952180973122336960 0.113884226967045130
-0.290348635213204809 0.952180973122336960 0.113764033606500142
-0.290139227664664490 0.952245464788905593 0.113645718041119337
-0.289930171959163319 0.952309791713649600 0.113529280984741868
-0.289721466983012654 0.952373954510579823 0.113414723139873122
-0.289721466983012654 0.952373954510579823 0.113302045197680529
-0.289513111669356060 0.952437953777463653 0.113191247837989437
-0.289305105005594698 0.952501790093607914 0.113082331729278909
-0.289305105005594698 0.952501790093607914 0.112975297528677909
-0.289097446028293015 0.952565464021490227 0.112870145881961009
-0.288890133826735340 0.952628976105737602 0.112766877423544909
-0.288890133826735340 0.952628976105737602 0.112665492776484119
-0.288683167541579577 0.952692326873627260 0.112565992552467672
-0.288476546366208120 0.952755516834733140 0.112468377351815099
-0.288476546366208120 0.952755516834733140 0.112372647763472971
-0.288270269545572722 0.952818546481371431 0.112278804365011281
-0.288064336378124730 0.952881416288073213 0.112186847722619942
-0.288064336378124730 0.952881416288073213 0.112096778391105545
-0.287858746216372918 0.952944126711477768 0.112008596913887773
-0.287858746216372918 0.952944126711477768 0.111922303822996186
-0.287653498464117918 0.953006678191284151 0.111837899639067123
-0.287653498464117918 0.953006678191284151 0.111755384871340541
-0.287448592580800466 0.953069071148969993 0.111674760017656721
-0.287448592580800466 0.953069071148969993 0.111596025564453569
-0.287244028076267366 0.953131305989490252 0.111519181986763555
-0.287244028076267366 0.953131305989490252 0.111444229748210735
-0.287039804517544073 0.953193383099271485 0.111371169301008127
-0.287039804517544073 0.953193383099271485 0.111300001085954892
-0.286835921524146886 0.953255302847680452 0.111230725532433697
-0.286835921524146886 0.953255302847680452 0.111163343058408165
-0.286632378768640783 0.953317065587028556 0.111097854070420235
-0.286632378768640783 0.953317065587028556 0.111034258963587817
-0.286632378768640783 0.953317065587028556 0.110972558121602394
-0.286429175979412920 0.953378671651707199 0.110912751916726629
-0.286429175979412920 0.953378671651707199 0.110854840709792277
-0.286226312938162197 0.953440121359070192 0.110798824850197819
-0.286226312938162197 0.953440121359070192 0.110744704675906469
-0.286226312938162197 0.953440121359070192 0.110692480513444172
-0.286023789482476587 0.953501415008708442 0.110642152677897440
-0.286023789482476587 0.953501415008708442 0.110593721472911730
-0.286023789482476587 0.953501415008708442 0.110547187190689372
-0.285821605501568210 0.953562552883848391 0.110502550111987896
-0.285821605501568210 0.953562552883848391 0.110459810506118417
-0.285821605501568210 0.953562552883848391 0.110418968630943887
-0.285821605501568210 0.953562552883848391 0.110380024732877557
-0.285619760939768264 0.953623535250340493 0.110342979046881562
-0.285619760939768264 0.953623535250340493 0.110307831796465444
-0.285619760939768264 0.953623535250340493 0.110274583193684828
-0.285619760939768264 0.953623535250340493 0.110243233439140137
-0.285619760939768264 0.953623535250340493 0.110213782721975392
-0.285418255798218334 0.953684362356218340 0.110186231219877029
-0.285418255798218334 0.953684362356218340 0.110160579099072869
-0.285418255798218334 0.953684362356218340 0.110136826514331099
-0.285418255798218334 0.953684362356218340 0.110114973608959388
-0.285418255798218334 0.953684362356218340 0.110095020514803896
-0.285418255798218334 0.953684362356218340 0.110076967352248589
-0.285418255798218334 0.953684362356218340 0.110060814230214563
-0.285418255798218334 0.953684362356218340 0.110046561246159164
-0.285217090127868333 0.953745034433925443 0.110034208486075674
-0.285217090127868333 0.953745034433925443 0.110023756024492547
-0.285217090127868333 0.953745034433925443 0.110015203924473198
-0.285217090127868333 0.953745034433925443 0.110008552237615381
-0.285217090127868333 0.953745034433925443 0.110003801004051049
-0.285217090127868333 0.953745034433925443 0.110000950252446050
-0.285217090127868333 0.953745034433925443 0.110000000000000001
