0.629616695724353859 -0.452109722598197816 0.739999999999999991
0.629616695724353859 -0.452109722598197816 0.739999049747553928
0.629616695724353859 -0.452109722598197816 0.739996198995948928
0.629616695724353859 -0.452109722598197816 0.739991447762384680
0.629616695724353859 -0.452109722598197816 0.739984796075526807
0.629616695724353859 -0.452109722598197816 0.739976243975507431
0.629083609014310263 -0.453714816131961851 0.739965791513924276
0.629083609014310263 -0.453714816131961851 0.739953438753840897
0.629083609014310263 -0.453714816131961851 0.739939185769785457
0.629083609014310263 -0.453714816131961851 0.739923032647751389
0.629083609014310263 -0.453714816131961851 0.739904979485196068
0.629083609014310263 -0.453714816131961851 0.739885026391040590
0.629083609014310263 -0.453714816131961851 0.739863173485668879
0.629083609014310263 -0.453714816131961851 0.739839420900927136
0.629083609014310263 -0.453714816131961851 0.739813768780122949
0.628547864419382929 -0.455341476813518109 0.739786217278024627
0.628547864419382929 -0.455341476813518109 0.739756766560859869
0.628547864419382929 -0.455341476813518109 0.739725416806315206
0.628547864419382929 -0.455341476813518109 0.739692168203534561
0.628009218290648152 -0.456990221840809840 0.739657020953118471
0.628009218290648152 -0.456990221840809840 0.739619975267122420
0.628009218290648152 -0.456990221840809840 0.739581031369056063
0.628009218290648152 -0.456990221840809840 0.739540189493881561
0.627467422878721592 -0.458661577744394977 0.739497449888012137
0.627467422878721592 -0.458661577744394977 0.739452812809310633
0.627467422878721592 -0.458661577744394977 0.739406278527088290
0.627467422878721592 -0.458661577744394977 0.739357847322102524
0.626922225253351950 -0.460356081243142756 0.739307519486555820
0.626922225253351950 -0.460356081243142756 0.739255295324093509
0.626922225253351950 -0.460356081243142756 0.739201175149802103
0.626373366293349165 -0.462074280051898767 0.739145159290207743
0.626373366293349165 -0.462074280051898767 0.739087248083273307
0.625820579729232329 -0.463816733651720658 0.739027441878397529
0.625820579729232329 -0.463816733651720658 0.738965741036412216
0.625820579729232329 -0.463816733651720658 0.738902145929579812
0.625263591224178072 -0.465584014032914717 0.738836656941591730
0.625263591224178072 -0.465584014032914717 0.738769274467566239
0.624702117480725239 -0.467376706418623389 0.738699998914045142
0.624702117480725239 -0.467376706418623389 0.738628830698991878
0.624135865363019238 -0.469195409976112199 0.738555770251789201
0.624135865363019238 -0.469195409976112199 0.738480818013236395
0.623564531024462188 -0.471040738521272928 0.738403974435546395
0.623564531024462188 -0.471040738521272928 0.738325239982343340
0.622987799034631751 -0.472913321221337224 0.738244615128659576
0.622987799034631751 -0.472913321221337224 0.738162100360932882
0.622405341497300979 -0.474813803298995418 0.738077696177003806
0.622405341497300979 -0.474813803298995418 0.737991403086112219
0.621816817149649315 -0.476742846746187166 0.737903221608894433
0.621816817149649315 -0.476742846746187166 0.737813152277379980
0.621221870444792934 -0.478701131043165251 0.737721195634988725
0.620620130602552056 -0.480689353893790250 0.737627352236526979
0.620620130602552056 -0.480689353893790250 0.737531622648184837
0.620011210628685139 -0.482708231975804092 0.737434007447532291
0.619394706296686803 -0.484758501708060341 0.737334507223515900
0.619394706296686803 -0.484758501708060341 0.737233122576455124
0.618770195083374053 -0.486840920041066993 0.737129854118038996
0.618137235058525913 -0.488956265267882384 0.737024702471322124
0.618137235058525913 -0.488956265267882384 0.736917668270721027
0.617495363716601298 -0.491105337863565139 0.736808752162010583
0.616844096751429372 -0.493288961350028865 0.736697954802319477
0.616844096751429372 -0.493288961350028865 0.736585276860126870
0.616182926762882888 -0.495507983192300439 0.736470719015258179
0.615511321892613483 -0.497763275726330279 0.736354281958880641
0.614828724381538017 -0.500055737121895105 0.736235966393499863
0.614134549041710498 -0.502386292381706179 0.736115773032954834
0.614134549041710498 -0.502386292381706179 0.735993702602414035
0.613428181636769265 -0.504755894379984360 0.735869755838370998
0.612708977162413015 -0.507165524941993739 0.735743933488639756
0.611976258018057107 -0.509616195968289110 0.735616236312350402
0.611229312062872121 -0.512108950604379887 0.735486665079944646
0.611229312062872121 -0.512108950604379887 0.735355220573170709
0.610467390545330613 -0.514644864459379070 0.735221903585079439
0.609689705894876588 -0.517225046877719530 0.735086714920018758
0.608895429366982377 -0.519850642263745666 0.734949655393628665
0.608083688528510580 -0.522522831464521831 0.734810725832837464
0.607253564568748572 -0.525242833213293014 0.734669927075855544
0.606404089423645654 -0.528011905636869727 0.734527259972170943
0.605534242697219338 -0.530831347830078792 0.734382725382543899
0.604642948361569954 -0.533702501500804782 0.734236324179002309
0.603729071218794822 -0.536626752690765096 0.734088057244835501
0.602791413101978923 -0.539605533574182172 0.733937925474589692
0.601828708794644007 -0.542640324339406899 0.733785929774062096
0.600839621642250243 -0.545732655157837865 0.733632071060296154
0.599822738828119539 -0.548884108246324720 0.733476350261574761
0.598776566285330047 -0.552096320025121989 0.733318768317415937
0.597699523208495287 -0.555370983379193328 0.733159326178566717
0.596589936130062504 -0.558709850027914623 0.732998024806996828
0.595446032518874402 -0.562114733008193479 0.732834865175894024
0.594265933855272932 -0.565587509279790734 0.732669848269657087
0.593047648133801841 -0.569130122455094978 0.732502975083890617
0.591789061731576194 -0.572744585667143702 0.732334246625398921
0.590487930584832510 -0.576432984576668472 0.732163663912179352
0.589141870597181372 -0.580197480532482546 0.731991227973417091
0.587748347203457033 -0.584040313888252283 0.731816939849478376
0.584807950319755410 -0.591970370342232100 0.731640800591904172
0.583255147700387666 -0.596062501459303395 0.731462811263404067
0.581642995011385611 -0.600242793923432716 0.731282972937849940
0.579968012197280003 -0.604513939150114865 0.731101286700268749
0.578226482407404485 -0.608878731379964289 0.730917753646837420
0.576414432339505955 -0.613340072411327930 0.730732374884874636
0.572561463677807359 -0.622564576026705452 0.730545151532835280
0.570511109689680884 -0.627334126205088327 0.730356084720302889
0.568371308817957610 -0.632213011747921660 0.730165175587983772
0.566136430798655166 -0.637204752606995717 0.729972425287699123
0.561356747633982023 -0.647541595974503337 0.729777834982378915
0.558798380704553788 -0.652894475168183996 0.729581405846054243
0.556117716563357400 -0.658375777841594623 0.729383139063850661
0.550355919930181625 -0.669741037962781061 0.729183035831980852
0.547256209584812470 -0.675634145814890341 0.728981097357737307
0.543996888916090438 -0.681673995848944725 0.728777324859485542
0.540566505870283209 -0.687865662375064857 0.728571719566655895
0.533141373192893564 -0.700725836491287613 0.728364282719736744
0.529117950029124984 -0.707405616765062084 0.728155015570267294
0.520366754079670035 -0.721294578070464709 0.727943919380828919
0.515600710119677452 -0.728516535373158081 0.727730995425038829
0.510545381709858637 -0.735932439476067346 0.727516244987541416
0.499464743704964298 -0.751374603628225612 0.727299669364000922
0.493380645518793570 -0.759415788353678622 0.727081269861093782
0.479949164471537126 -0.776177501027951022 0.726861047796500293
0.472517085326196296 -0.784914257778346558 0.726639004498896957
0.464540859333632927 -0.793899252190112592 0.726415141307948709
0.446709180520456828 -0.812646238487723882 0.726189459574299923
0.436704750113711848 -0.822423250720289545 0.725961960659567529
0.414043544264670382 -0.842813645638346709 0.725732645936331688
0.401140919913952620 -0.853432063173189759 0.725501516788128020
0.371373817230216896 -0.875492454343480109 0.725268574609439609
0.354066501195199446 -0.886898485464956754 0.725033820805687568
0.313049858423594674 -0.910232293338694154 0.724797256793223710
0.260297687367288810 -0.933475166748614749 0.724558883999321224
0.227724229866638317 -0.944427224901333240 0.724318703862166235
0.144207602867733542 -0.961801732140540322 0.724076717830849370
0.089511410871052299 -0.965327095630969079 0.723832927365356760
-0.059968989458092592 -0.943531285532425601 0.723587333936561383
-0.160973398539254353 -0.899400835407908605 0.723339939026213963
-0.380483595341249703 -0.627571608972454231 0.723090744126934415
-0.182285491466887051 -0.070891814249155249 0.722839750742202303
0.154852341337373911 0.001125051829992979 0.722586960386348620
0.529867019564995489 -0.296017032493045618 0.722332374584545467
0.557601907418424414 -0.561307470647124163 0.722075994872797944
0.533478795496925118 -0.648725512779947944 0.721817822797934383
0.467297288402333755 -0.768487199009926125 0.721557859917596800
0.395531525214410484 -0.844875008658658166 0.721296107800231900
0.359410149093641440 -0.873034516904301894 0.721032568025081755
0.287125542277477719 -0.915396105582323205 0.720767242182173473
0.214539472760940764 -0.943229841562405635 0.720500131872310767
0.141421639586353287 -0.958965775545763677 0.720231238707063071
0.104695710207324155 -0.962624888916156496 0.719960564308756767
0.031235308612948098 -0.961746301900722078 0.719688110310464868
-0.041457743577008044 -0.949990886912497001 0.719413878355997460
-0.112082187605394012 -0.927403480231625776 0.719137870099891496
-0.179014303551211340 -0.894234517383134753 0.718860087207401133
-0.210537000128029728 -0.873861407337543361 0.718580531354487628
-0.268568231245288114 -0.826151661421149042 0.718299204227808685
-0.318533380404156297 -0.770330368795361875 0.718016107524709124
-0.359077926860721375 -0.708182117067285510 0.717731242953210224
-0.389331130712459506 -0.641799922547606982 0.717444612231999179
-0.408992037635093175 -0.573401829859187084 0.717156217090419101
-0.414913968850371906 -0.539125116297105467 0.716866059268458589
-0.419350592141529033 -0.471654509975592995 0.716574140516741065
-0.414754948250976141 -0.407032150142991933 0.716280462596514012
-0.402380515114263537 -0.346587533118769331 0.715985027279638975
-0.383621703654301149 -0.291226163286455342 0.715687836348580131
-0.359883793824251619 -0.241456541221156173 0.715388891596394072
-0.332485375408185790 -0.197450390763397876 0.715088194826718926
-0.302596515760784834 -0.159117892172154024 0.714785747853762921
-0.271208709246455515 -0.126183573016299788 0.714481552502294504
-0.239129140321632239 -0.098253759574047403 0.714175610607630129
-0.206991147020915534 -0.074871271992365540 0.713867924015623934
-0.175273831705930472 -0.055556521116710687 0.713558494582656633
-0.144325510645179816 -0.039836236459845388 0.713247324175623976
-0.114387460243633804 -0.027262003071042984 0.712934414671925309
-0.085615880470552033 -0.017420990233138291 0.712619767959453143
-0.058101061505432268 -0.009941049292298550 0.712303385936580713
-0.031883439352508001 -0.004491977160528439 0.711985270512151103
-0.006966639757013686 -0.000784328277170001 0.711665423605465697
0.016672177381986952 0.001433216238495134 0.711343847146272412
0.039074276916674276 0.002377219683840359 0.711020543074754374
0.070477913707052545 0.001803397503374951 0.710695513341517593
0.090038306266147894 0.000315702734978197 0.710368759907580083
0.108575751134920045 -0.001909324994745762 0.710040284744359096
0.126157702900958235 -0.004768140734444058 0.709710089833660129
0.142850977713549071 -0.008174077055084730 0.709378177167664048
0.158720758474250823 -0.012055055176494869 0.709044548748915870
0.173829951617882839 -0.016351612919019640 0.708709206590312113
0.195198649624535675 -0.023472144774118547 0.708372152715089243
0.208663685963655560 -0.028615833256335113 0.708033389156810689
0.221566402625997694 -0.034044355417293656 0.707692917959355072
0.233956994663255091 -0.039737753606747112 0.707350741176904108
0.251685825971107446 -0.048746020863150205 0.707006860873929721
0.262998338196099579 -0.055053833487546458 0.706661279125181618
0.273954177676193900 -0.061602428044668103 0.706313998015675182
0.284592711944476884 -0.068396423509268167 0.705965019640678482
0.300037037071102186 -0.079069458053165148 0.705614346105699508
0.310042457599920940 -0.086528743737181488 0.705261979526474403
0.319854435982721785 -0.094287858166115734 0.704907922028953582
0.329504977706042035 -0.102374049319103308 0.704552175749289300
0.343744832794711797 -0.115191017149069930 0.704194742833822995
0.353123076017594184 -0.124254873607410041 0.703835625439072410
0.362441308693395636 -0.133792973672364035 0.703474825731717712
0.376361506735262474 -0.149125166245092727 0.703112345888589618
0.385636875689863046 -0.160138983554590747 0.702748188096655402
0.399590389897427900 -0.178078179047523821 0.702382354553006127
0.408939329800182549 -0.191148567854326212 0.702014847464843106
0.418332459038592619 -0.205267934700346821 0.701645669049464793
0.432489860525066327 -0.228787914459573721 0.701274821534253578
0.441937152816857637 -0.246333898897783177 0.700902307156661686
0.455982052977296215 -0.276111166740785119 0.700528128164198294
0.465108823226408563 -0.298753337185810541 0.700152286814415881
0.473844110566085552 -0.324107155387481749 0.699774785374896457
0.485566955050182048 -0.368354215163769871 0.699395626123237801
0.491776448178895098 -0.402915970070918561 0.699014811347040133
0.496724198153962293 -0.464259164967263604 0.698632343343891682
0.495242574258025536 -0.512743900077102577 0.698248224421355368
0.480626767375737562 -0.598871457631619308 0.697862456896954697
0.457831475021457379 -0.665747094669499662 0.697475043098159664
0.391927768422233591 -0.777516069920346720 0.697085985362372984
0.317842352293857600 -0.853355356959541678 0.696695286036915662
0.148907099485584171 -0.943788420643042913 0.696302947479013001
-0.079365822015555365 -0.956974518336062507 0.695908972055780284
-0.235446013070973348 -0.899936076660409645 0.695513362144208891
-0.410681340833174591 -0.727470953242397078 0.695116120131151316
-0.466972560884345134 -0.586957444236630765 0.694717248413307176
-0.471372241738190978 -0.392934377214948893 0.694316749397208888
-0.419991183436977056 -0.247505777610373234 0.693914625499206461
-0.373716492843513215 -0.177963294372580849 0.693510879145453840
-0.302128324152842631 -0.105668560530275804 0.693105512771893584
-0.257207929123302037 -0.073218617402236869 0.692698528824242432
-0.196700879932661360 -0.040576716297592075 0.692289929757976541
-0.144789753636965834 -0.020874673254371250 0.691879718038316605
-0.114579915689756895 -0.012525478942033333 0.691467896140213090
-0.075001017029075107 -0.004831398153625849 0.691054466548331137
-0.041271138624100576 -0.001088215586786078 0.690639431757035682
-0.021517376435880128 -0.000085822679179821 0.690222794270376361
0.004669945042451163 -0.000121358083127888 0.689804556602072627
0.027375583544747228 -0.001435740242992360 0.689384721275498102
0.047198566503238684 -0.003590374659162839 0.688963290823665919
0.059053509361355228 -0.005344524496730851 0.688540267789212845
0.075090721675799707 -0.008296482899752440 0.688115654724384629
0.089324474366215031 -0.011501558868961759 0.687689454191019900
0.102024677867245395 -0.014854390993368563 0.687261668760535072
0.109749838508449452 -0.017134797729260909 0.686832301013909019
0.120363001045130480 -0.020583763976936412 0.686401353541667092
0.129945424050833785 -0.024033016779771939 0.685968828943865794
0.138628843188678214 -0.027455530288618440 0.685534729830076905
0.146523304882712535 -0.030832891872395220 0.685099058819371831
0.153721318695551279 -0.034152783231914813 0.684661818540305611
0.158172218820953170 -0.036330033779619617 0.684223011630901601
0.164377471685963561 -0.039537953700120504 0.683782640738634817
0.170069930329762670 -0.042673506621279569 0.683340708520416507
0.175300976794505375 -0.045735082496012935 0.682897217642577936
0.180114893436861490 -0.048722306611901092 0.682452170780854406
0.184550009790635572 -0.051635667933721499 0.682005570620368706
0.188639635462817423 -0.054476248549357870 0.681557419855615576
0.192412823345812667 -0.057245526052364298 0.681107721190444715
0.195894997431861867 -0.059945228873388795 0.680656477338045240
0.199108471938412412 -0.062577230258348146 0.680203691020928702
0.201111306374743837 -0.064295243219378670 0.679749364970912762
0.203919425610677663 -0.066818727784988083 0.679293501929105314
0.206506206950817450 -0.069279687238129037 0.678836104645886729
0.208885751227432026 -0.071680003143593823 0.678377175880894634
0.211070544242401237 -0.074021480635859505 0.677916718403006269
0.213071649056158552 -0.076305831056131743 0.677454734990322271
0.214898869297830974 -0.078534659599306153 0.676991228430149805
0.216560888235202476 -0.080709456612103436 0.676526201518985459
0.218065387427199775 -0.082831591495943907 0.676059657062499042
0.219419148110747753 -0.084902308434839480 0.675591597875515815
0.220999886824014946 -0.087585190851307226 0.675122026782000395
0.222023862774084063 -0.089540046278116001 0.674650946615038660
0.222914224252038440 -0.091446692368919363 0.674178360216821981
0.223674703693505061 -0.093305802421735320 0.673704270438628683
0.224308470281693428 -0.095117912671947039 0.673228680140807945
0.224818166058193880 -0.096883419772865478 0.672751592192761816
0.225205935786700506 -0.098602577671563468 0.672273009472928451
0.225473451165355165 -0.100275493714761174 0.671792934868764235
0.225621929857152459 -0.101902123817477847 0.671311371276726909
0.225652149705023120 -0.103482266526161631 0.670828321602257471
0.225509024333798602 -0.105516152301033700 0.670343788759763304
0.225263924880178434 -0.106986099893619513 0.669857775672599853
0.224900074427341501 -0.108407647643365690 0.669370285273053756
0.224416401044541414 -0.109779807771995697 0.668881320502324628
0.223811394673772673 -0.111101376186220360 0.668390884310507527
0.223083093603711757 -0.112370914169276553 0.667898979656575076
0.221915960372615073 -0.113979725848577088 0.667405609508359698
0.220889658547420153 -0.115120777670550511 0.666910776842535635
0.219729987217903627 -0.116203002879138789 0.666414484644600846
0.218432747308062780 -0.117223643842306879 0.665916735908859470
0.216480683911369848 -0.118483175071691441 0.665417533638403169
0.214842570699610352 -0.119347039346277842 0.664916880845093483
0.213048145098075958 -0.120136918656447128 0.664414780549543171
0.211090117321336201 -0.120847889465874853 0.663911235781098785
0.208210602489123126 -0.121663270142541760 0.663406249577821461
0.205837175503124969 -0.122166839327157217 0.662899824986468933
0.203268665306506502 -0.122569394735898118 0.662391965062477772
0.200493005844836453 -0.122862085485726941 0.661882672869943733
0.196446238817127417 -0.123063605160297018 0.661371951481604547
0.193131609726143655 -0.123057552613879365 0.660859803978820493
0.189557749694044958 -0.122901030704216221 0.660346233451555964
0.184354273947638259 -0.122429042087010873 0.659831242998361267
0.180092903738394039 -0.121851591774459450 0.659314835726353410
0.173881856606880075 -0.120737632736956008 0.658797014751197674
0.168786501066018640 -0.119605950036813902 0.658277783197088628
0.163276978399880784 -0.118180850920987415 0.657757144196731369
0.155215089864312428 -0.115748379240992530 0.657235100891322421
0.148569794739899175 -0.113454946633795017 0.656711656430531421
0.141349764067264155 -0.110685504520050715 0.656186813972481464
0.130717225903766332 -0.106106503069367933 0.655660576683730012
0.121891429763032577 -0.101869473937462401 0.655132947739250349
0.108822427260982291 -0.094886893461823676 0.654603930322411820
0.097913500055519034 -0.088414831486157502 0.654073527624961182
0.081672107990725037 -0.077678246201832710 0.653541742847002838
0.068052227446723526 -0.067621666985971260 0.653008579196979855
0.047717481379283874 -0.050685868315440356 0.652474039891654756
0.030673724129771072 -0.034527356743191732 0.651938128156089536
0.005419595057421913 -0.006686178464034720 0.651400847223626678
-0.015334076770654823 0.020562077351187980 0.650862200335869279
-0.044659429248358778 0.068862618352956401 0.650322190742662065
-0.066415999597745051 0.117437426565769901 0.649780821702071409
-0.089840551196861185 0.205357617368796957 0.649238096480365567
-0.095397540695036281 0.293915705465639221 0.648694018351995028
-0.063990223442359245 0.446132688902370067 0.648148590599572971
0.013658822949569438 0.576752829110178222 0.647601816513855399
0.220870376537898705 0.718184145127366502 0.647053699393721038
0.434735451154639074 0.738982139411179295 0.646504242546151686
0.689725488366144557 0.620002536842542473 0.645953449286212344
0.820122610895232862 0.419460457058464242 0.645401322937030675
0.844484706258722406 0.278609533985727742 0.644847866829777683
0.825184872475963060 0.133527239858399260 0.644293084303647068
0.794580425881409314 0.055107933517697272 0.643736978705835461
0.749080974652299170 -0.019392237615243391 0.643179553391521885
0.705784972074107175 -0.070334193028137759 0.642620811723847774
0.676458461470625938 -0.098188471802361454 0.642060757073896426
0.641879568308102666 -0.125992691880396024 0.641499392820673031
0.619111382666198917 -0.141867582949827681 0.640936722351083898
0.592447599439402173 -0.158388226974971236 0.640372749059916258
0.569384107388798855 -0.171105625050632648 0.639807476349817827
0.549313326684207515 -0.181131340652679634 0.639240907631276056
0.535913498397078136 -0.187342698457278328 0.638673046322597582
0.519907588127748621 -0.194309041185792952 0.638103895849887803
0.505704756490227503 -0.200122256850785996 0.637533459647030010
0.496059479945810677 -0.203896136108501491 0.636961741155665062
0.484348240368727478 -0.208314504519148513 0.636388743825169967
0.473767912919272560 -0.212175637126535727 0.635814471112637336
0.466474346302241161 -0.214778829835869323 0.635238926482855071
0.457493528398673410 -0.217934347831902908 0.634662113408284490
0.449255957656935712 -0.220795922428163038 0.634084035369040122
0.441663188808752161 -0.223420688403839385 0.633504695852868616
0.434632654980969535 -0.225853345744201628 0.632924098355127196
0.429686385681809058 -0.227573316877829890 0.632342246378763129
0.423478475474947991 -0.229750498465253583 0.631759143434292514
0.417665305100728690 -0.231816673880185675 0.631174793039778748
0.412201796649144747 -0.233791331573776295 0.630589198720811650
0.408310039210409648 -0.235221975401440575 0.630002364010486038
0.403368025524394214 -0.237073172040592528 0.629414292449380408
0.398680681155379191 -0.238870374449174139 0.628824987585535511
0.394221422425111490 -0.240623170998073704 0.628234452974433477
0.389966886012587666 -0.242339640191262140 0.627642692178975614
0.385896443661364885 -0.244026636002540986 0.627049708769460978
0.381991799669176457 -0.245690012903940547 0.626455506323565503
0.379162250474176732 -0.246925100375603696 0.625860088426319683
0.375509577346726908 -0.248558844015020236 0.625263458670087813
0.371981868216538447 -0.250181249967945385 0.624665620654545006
0.368566997903202354 -0.251795750728910972 0.624066577986656545
0.365253991403773237 -0.253405367009691851 0.623466334280656009
0.362032873228812613 -0.255012772849753599 0.622864893158023070
0.358894538516261685 -0.256620349093341138 0.622262258247461841
0.355830642235180961 -0.258230227526575762 0.621658433184878789
0.352833503589750574 -0.259844327468614633 0.621053421613361412
0.349896023182373672 -0.261464386234921742 0.620447227183155481
0.347728081931416688 -0.262684296986087307 0.619839853551643394
0.344879416750013768 -0.264318505412839244 0.619231304383322301
0.342073327718884546 -0.265962705437267855 0.618621583349781567
0.339304323392350227 -0.267618147622915581 0.618010694129680793
0.336567222056602722 -0.269285990302959077 0.617398640408728050
0.333857112347279661 -0.270967310900022573 0.616785425879656679
0.331169318126223522 -0.272663115516952381 0.616171054242203975
0.328499367004618958 -0.274374347061934198 0.615555529203088425
0.325842961984588952 -0.276101892120344250 0.614938854475987173
0.323195955776198141 -0.277846586744425361 0.614321033781514036
0.320554327392694238 -0.279609221300107680 0.613702070847196968
0.317914160696094017 -0.281390544483740013 0.613081969407454963
0.315271624593877309 -0.283191266593335711 0.612460733203576524
0.312622954632747863 -0.285012062122437848 0.611838365983696564
0.309964435761814927 -0.286853571731381485 0.611214871502773316
0.306621829865276418 -0.289185511452721256 0.610590253522566684
0.303927714395906379 -0.291075803283307843 0.609964515811614816
0.301211825718120219 -0.292988670424221387 0.609337662145211567
0.298470485653920703 -0.294924618214809198 0.608709696305383963
0.295699986913972923 -0.296884119015039250 0.608080622080868771
0.292896579306684557 -0.298867610521088678 0.607450443267090412
0.290056456015930830 -0.300875493411751571 0.606819163666137418
0.287175739846504408 -0.302908128270357957 0.606186787086739787
0.284250469332020750 -0.304965831716820901 0.605553317344246333
0.281276584616490299 -0.307048871660860367 0.604918758260600598
0.278249913015130634 -0.309157461578834780 0.604283113664319305
0.274385777252202590 -0.311829354065940700 0.603646387390467831
0.271224392679128679 -0.313995881561388523 0.603008583280637778
0.267995698083329181 -0.316188185893171658 0.602369705182924098
0.264694869487458295 -0.318406157190804617 0.601729756951901340
0.261316886062638198 -0.320649579598846823 0.601088742448600111
0.257856512098848190 -0.322918115962694041 0.600446665540484759
0.253406826908357308 -0.325788362750693727 0.599803530101429061
0.249740689310707781 -0.328111419940971871 0.599159340011693797
0.245973429257917597 -0.330457425593214671 0.598514099157902213
0.242098679602062550 -0.332825295532722443 0.597867811433017704
0.238109751906618761 -0.335213697436437585 0.597220480736319392
0.232952282420080675 -0.338225579846111679 0.596572110973379255
0.228680184952136351 -0.340653768135226132 0.595922706056038476
0.224269685318181311 -0.343095973089179496 0.595272269902383133
0.219712482682481725 -0.345549339717926396 0.594620806436721661
0.214999840523293351 -0.348010510887384550 0.593968319589560312
0.208876404216401274 -0.351091902158904678 0.593314813297580179
0.203779699130818281 -0.353555262341825771 0.592660291503612213
0.198495941904908102 -0.356011130738459913 0.592004758156615130
0.193014370973060151 -0.358453110022274424 0.591348217211650096
0.185867040298260733 -0.361474696455331368 0.590690672629857860
0.179898505225038280 -0.363856702712719471 0.590032128378433995
0.173693845036611838 -0.366196500447839690 0.589372588430605804
0.165586543862590835 -0.369044094073460283 0.588712056765608116
0.158803528778593939 -0.371244041588097318 0.588050537368658643
0.151741842847251451 -0.373357790112111732 0.587388034230934886
0.144387940015904270 -0.375367625873575861 0.586724551349549261
0.134764049779177331 -0.377702954732346163 0.586060092727525461
0.126703585036908040 -0.379401546447406701 0.585394662373774133
0.118308169872357066 -0.380920974712895044 0.584728264303068901
0.107325060964921240 -0.382522927026858972 0.584060902536021609
0.098134981529328397 -0.383525760584857989 0.583392581099058893
0.088577174874889586 -0.384240164177749033 0.582723304024396649
0.076104531140857579 -0.384663490464451641 0.582053075350017379
0.065703825797622406 -0.384569733625888754 0.581381899119644441
0.052179563266093354 -0.383827883416558879 0.580709779382718061
0.040952446470005982 -0.382666470873792020 0.580036720194371247
0.029380322268770132 -0.380935124724387508 0.579362725615404806
0.014468143259419780 -0.377872192914140259 0.578687799712263029
0.002223492112894132 -0.374621827735380108 0.578011946557009382
-0.010250665305061163 -0.370586866858429897 0.577335170227301964
-0.026074299109904803 -0.364337317944743222 0.576657474806368309
-0.038827159508905973 -0.358294493862592045 0.575978864382981293
-0.054737190920661594 -0.349341429718164398 0.575299343051434375
-0.067310183419233977 -0.341000398429495144 0.574618914911516843
-0.082631560598316695 -0.329044874249654118 0.573937584068489048
-0.094406294702643459 -0.318238218537332362 0.573255354633057546
-0.105592950773352595 -0.306334208722994883 0.572572230721350661
-0.118515093289473739 -0.289961844561826998 0.571888216454893183
-0.127815436897441514 -0.275745296679671348 0.571203315960581826
-0.137900311186881924 -0.256729408065990261 0.570517533370660246
-0.144571213828063483 -0.240672438464233002 0.569830872822694068
-0.150977706614467605 -0.219797420117727627 0.569143338459545789
-0.154454243295950311 -0.202670235892032702 0.568454934429350356
-0.156657555582739194 -0.181045091150265486 0.567765664885489074
-0.156692468679110825 -0.163817965876207949 0.567075533986565739
-0.154622362743399383 -0.142703683561664296 0.566384545896380986
-0.151355238151963833 -0.126378755943282295 0.565692704783906763
-0.145419617455242595 -0.106959748763504323 0.565000014823262009
-0.139343037635488193 -0.092390217832233210 0.564306480193686899
-0.130325075130763940 -0.075572879765979845 0.563612105079517756
-0.122163443389832968 -0.063334998763243514 0.562916893670161955
-0.111039497138839607 -0.049640848493094858 0.562220850160072394
-0.101593722981771870 -0.039994032432337928 0.561523978748722397
-0.089345908947509822 -0.029563754370629733 0.560826283640580292
-0.079360106734576941 -0.022490421131406365 0.560127769045084101
-0.066840618452212799 -0.015167244143184301 0.559428439176616110
-0.056921930393872291 -0.010456476991149950 0.558728298254477340
-0.044788486118061535 -0.005899449346863983 0.558027350502862229
-0.035381520268776813 -0.003236846176126755 0.557325600150833100
-0.024092559754411012 -0.001024518960627281 0.556623051432294513
-0.015492519453888590 -0.000064616906650001 0.555919708585968286
-0.005338487825855508 0.000229999359783174 0.555215575855366850
0.004106442715725589 -0.000369333356868792 0.554510657488768932
0.011126900933752367 -0.001417680675159031 0.553804957739192694
0.019210431059397681 -0.003353891352313875 0.553098480864371078
0.025110688362047669 -0.005345752323509170 0.552391231126725279
0.031763132510530527 -0.008318543589164840 0.551683212793339983
0.037596566803073814 -0.011756613149996613 0.550974430135936832
0.041660855817579757 -0.014794492908314411 0.550264887430848670
0.045968258982625701 -0.018894767432733009 0.549554588958994228
0.048776931152719714 -0.022375944716669573 0.548843539005852032
0.051458643921232214 -0.026920577695685149 0.548131741861434318
0.053173058639737064 -0.031608081080201522 0.547419201820261936
0.053807710173717535 -0.035400337243795564 0.546705923181337261
0.053620222357817438 -0.040099076494739587 0.545991910248119217
0.052269291300823889 -0.044615974297625316 0.545277167328497070
0.050297299765123066 -0.047971902856524730 0.544561698734763899
0.046662035313084646 -0.051636260696251955 0.543845508783591502
0.041698917058529163 -0.054410275933806186 0.543128601796003752
0.036799946638874433 -0.055719572468028847 0.542410982097350503
0.029656752096201569 -0.055819669485311682 0.541692654017281949
0.021718202990503838 -0.053734836568938807 0.540973621889721756
0.015198456231830667 -0.050179155299891767 0.540253890052841745
0.007571279513728005 -0.043134295263057010 0.539533462849035028
0.001529236515291382 -0.033266125865923243 0.538812344624890471
-0.001428511193252576 -0.023699320573251692 0.538090539731165718
-0.002079579041500280 -0.010520073496547707 0.537368052522761430
0.000942891668736120 0.002758468235520172 0.536644887358695422
0.005815352299901871 0.012551993017270335 0.535921048602074901
0.014306336932721864 0.022898167931669475 0.535196540620071826
0.024495932369127019 0.030640115020609357 0.534471367783895701
0.033187949995594178 0.034901087643040195 0.533745534468767047
0.044039569816585314 0.038024359125814700 0.533019045053891527
0.054352153814217589 0.039097276142073777 0.532291903922433307
0.063800453325187828 0.038586917120725032 0.531564115461488407
0.070639908411983865 0.037329479643423973 0.530835684062058610
0.078269832203489195 0.035001184059752478 0.530106614119024488
0.084921121302506994 0.032099688927335231 0.529376910031119641
0.090675418860643175 0.028842149194934871 0.528646576200903162
0.094697580061317663 0.026087018155938852 0.527915617034733886
0.099080505761968196 0.022553105182015983 0.527184036942743628
0.102832765341698246 0.018994757639895749 0.526451840338810095
0.106037617687226138 0.015468083021606849 0.525719031640530909
0.108256894401922266 0.012694986342243433 0.524985615269196515
0.110654253180906353 0.009309737607314510 0.524251595649763980
0.112684964852937206 0.006029089810491425 0.523516977210829459
0.114397014153140145 0.002861990951820756 0.522781764384602554
0.115564955712942563 0.000412954550250179 0.522045961606878439
0.116802605854151267 -0.002541633480388779 0.521309573317012220
0.117821883002417568 -0.005378710547695724 0.520572603957891289
0.118649296267496554 -0.008100889688696974 0.519835057975908787
0.119307678647873006 -0.010711812349926214 0.519096939820936853
0.119726046781450643 -0.012723306735744712 0.518358253946300196
0.120128202069197748 -0.015145002053792218 0.517619004808748007
0.120410409655659287 -0.017468218519530655 0.516879196868428425
0.120586188867458227 -0.019697839016500747 0.516138834588860784
0.120667466910644672 -0.021838737849486221 0.515397922436909073
0.120671598649986431 -0.023490812210925714 0.514656464882754738
0.120608664881131616 -0.025484065054518036 0.513914466399869707
0.120478093995245839 -0.027401798682902358 0.513171931464990072
0.120287679955451532 -0.029248504914126387 0.512428864558087671
0.120044485232124118 -0.031028549562424991 0.511685270162344774
0.119754945228030360 -0.032746176637879411 0.510941152764125550
0.119493923343851838 -0.034078116715619833 0.510196516852949977
0.119135507895916398 -0.035693730572492630 0.509451366921466198
0.118746133618475649 -0.037258239736560596 0.508705707465423762
0.118330555651545599 -0.038775517566643401 0.507959542983646317
0.117893224452981615 -0.040249371772439667 0.507212877978004517
0.117438328974894743 -0.041683559487060345 0.506465716953388712
0.117064437732170595 -0.042804851899494172 0.505718064417682078
0.116587791019497830 -0.044177006981884433 0.504969924881733090
0.116104225852219717 -0.045519882532737865 0.504221302859328868
0.115617251248111896 -0.046837192223033348 0.503472202867166985
0.115130264971521568 -0.048132680867886066 0.502722629424828926
0.114646577485535389 -0.049410144067821363 0.501972587054753117
0.114169434498405567 -0.050673449188412732 0.501222080282206495
0.113702038468661948 -0.051926557949931521 0.500471113635258535
0.113337276655284147 -0.052924441080693885 0.499719691644752828
0.112895436706819147 -0.054169576467378064 0.498967818844280431
0.112472256115019043 -0.055416328137503461 0.498215499770152170
0.112070960100764130 -0.056669261331437758 0.497462738961371664
0.111694828814149494 -0.057933178307461634 0.496709540959607176
0.111347218369145698 -0.059213158487859012 0.495955910309165471
0.111031582580154359 -0.060514603739030108 0.495201851556962724
0.110751495599985872 -0.061843289707708880 0.494447369252498770
0.110510675642263245 -0.063205424298961740 0.493692467947828284
0.110348897834864346 -0.064323703475418659 0.492937152197534589
0.110188684900132075 -0.065763331798269251 0.492181426558700674
0.110079134790239633 -0.067256699851923521 0.491425295590883215
0.110024753924243879 -0.068812361460273391 0.490668763856084045
0.110030326993898989 -0.070439733178138661 0.489911835918723060
0.110100949821115873 -0.072149230433323122 0.489154516345610635
0.110242063846106519 -0.073952427387426148 0.488396809705919865
0.110459491966953316 -0.075862245502255718 0.487638720571159257
0.110759475183861297 -0.077893176960075083 0.486880253515145078
0.111148709164465592 -0.080061550663745373 0.486121413113973777
0.111634379278321108 -0.082385850451122816 0.485362203945993942
0.112224191878596752 -0.084887097723679653 0.484602630591779604
0.112776550812599699 -0.087031525550788608 0.483842697634101593
0.113574987830612872 -0.089914183971921718 0.483082409657900780
0.114502070279807175 -0.093050482521843947 0.482321771250259546
0.115567567913969355 -0.096476251158829560 0.481560787000374912
0.116781694363855285 -0.100233229277472011 0.480799461499530345
0.118154962626687704 -0.104370308131460629 0.480037799341068050
0.119697937372348615 -0.108945084583802587 0.479275805120361664
0.121420830951971259 -0.114025816445328027 0.478513483434788112
0.123332862625204570 -0.119693899364050477 0.477750838883700013
0.125441258013681306 -0.126047024391564649 0.476987876068398153
0.127749699179498161 -0.133203228086178155 0.476224599592103282
0.130255930195015773 -0.141306116719719516 0.475461014059928577
0.132948053870009630 -0.150531636286304726 0.474697124078852117
0.135798780815146125 -0.161096871543905534 0.473932934257688454
0.138756441494479188 -0.173271482740821436 0.473168449207061581
0.141730824565399233 -0.187392496725761887 0.472403673539376345
0.144570654287537070 -0.203883170003229308 0.471638611868791302
0.147027418527379994 -0.223276300948916567 0.470873268811190182
0.148696742280626099 -0.246241110016181125 0.470107648984154913
0.148922736962789043 -0.273609247161527180 0.469341757006936922
0.146641831007610968 -0.306386385698147967 0.468575597500429597
0.140130766689910757 -0.345713890747913311 0.467809175087140594
0.126615266591538739 -0.392694754330863760 0.467042494391163687
0.101721164821390903 -0.447892166994767360 0.466275560038151071
0.058908242209009476 -0.510125210403876483 0.465508376655285161
-0.010432164059263505 -0.574030356759094529 0.464740948871250947
-0.090583834767919202 -0.617834686116795040 0.463973281316208130
-0.222504729063245837 -0.644874880692689723 0.463205378621762642
-0.373923519931868897 -0.617509299752734608 0.462437245420939558
-0.508354708735681671 -0.526200475110196852 0.461668886348154228
-0.590652300391003138 -0.392883117465805731 0.460900306039185248
-0.613338633500330244 -0.255655418247590416 0.460131509131145422
-0.593489609411860131 -0.140873509163474464 0.459362500262455065
-0.552677314667033182 -0.055641466539724238 0.458593284072812746
-0.505768651422622284 0.003868143918244193 0.457823865203168145
-0.460354717402552405 0.044291014030836240 0.457054248295693633
-0.419457269388320453 0.071502934576927746 0.456284437993756620
-0.383814728193835608 0.089827118360732067 0.455514438941891142
-0.353188153072942934 0.102223970010451887 0.454744255785770268
-0.326995998938853116 0.110666662967084883 0.453973893172177512
-0.304593023243275640 0.116461956400533834 0.453203355748979131
-0.285380092922037809 0.120478251229202790 0.452432648165096596
-0.268838773245650919 0.123297265397345021 0.451661775070477334
-0.254534603922708824 0.125312490790691511 0.450890741116067750
-0.242108735920265661 0.126792766211661911 0.450119550953784642
-0.231266388477517015 0.127923489495546189 0.449348209236487384
-0.221765533862088748 0.128833564835305003 0.448576720617949509
-0.213406998660216840 0.129613214433087043 0.447805089752831120
-0.206026233766496147 0.130325890156362756 0.447033321296650354
-0.199486640244029734 0.131016334289460495 0.446261419905755630
-0.192590299623333294 0.131859252033175889 0.445489390237297223
-0.187525592400034274 0.132598846625105155 0.444717236949199513
-0.182997096371353252 0.133387882808991221 0.443944964700132727
-0.178938510773285736 0.134236232462286192 0.443172578149484575
-0.175293227195362361 0.135150512597720818 0.442400081957332769
-0.172012663324801807 0.136134988163340548 0.441627480784416215
-0.169054917260885729 0.137192225558269876 0.440854779292107424
-0.166383675418128624 0.138323568564586830 0.440081982142383921
-0.163967321783361347 0.139529486739096292 0.439309093997800659
-0.161778207752099695 0.140809831523805606 0.438536119521461376
-0.159792050581148454 0.142164025121522042 0.437763063376990780
-0.157987435375935209 0.143591200083879017 0.436989930228506185
-0.156345400788657884 0.145090302558315343 0.436216724740589701
-0.154849092742420674 0.146660168613245989 0.435443451578259699
-0.153483473675037535 0.148299580517381568 0.434670115406943058
-0.152235077323212675 0.150007308048485527 0.433896720892446575
-0.151091801014070548 0.151782138576885939 0.433123272700929207
-0.150042728983390994 0.153622898709349809 0.432349775498873712
-0.149077981479161709 0.155528469578235046 0.431576233953058608
-0.148188585370740006 0.157497797338625845 0.430802652730529700
-0.147366362774796589 0.159529900045504353 0.430029036498572770
-0.146603834818373108 0.161623871798181190 0.429255389924684039
-0.145894138195855200 0.163778884834508809 0.428481717676543417
-0.145230952541098995 0.165994190070280184 0.427708024421985300
-0.144608437010178892 0.168269116492125614 0.426934314828971262
-0.144021174710680488 0.170603069688164105 0.426160593565560908
-0.143464123850972014 0.172995529758993016 0.425386865299884787
-0.142932574663162337 0.175446048784182906 0.424613134700115247
-0.142422111290307046 0.177954247980018021 0.423839406434439070
-0.141928577977871700 0.180519814673412299 0.423065685171028827
-0.141448048983145280 0.183142499171413009 0.422291975578014622
-0.140976801727350193 0.185822111610132290 0.421518282323456672
-0.140511292766414830 0.188558518845369227 0.420744610075315939
-0.140048136227136272 0.191351641440734022 0.419970963501427319
-0.139584084399842906 0.194201450810562282 0.419197347269470222
-0.139116010219894837 0.197107966561496623 0.418423766046941481
-0.138640891406187461 0.200071254081695987 0.417650224501126266
-0.138155796042381873 0.203091422418722356 0.416876727299070882
-0.137657869430719948 0.206168622501943760 0.416103279107553403
-0.137144322038740940 0.209303045738020055 0.415329884593057030
-0.136612418399644664 0.212494923035804806 0.414556548421740223
-0.136059466820342922 0.215744524299367080 0.413783275259410332
-0.135482809770491458 0.219052158430654842 0.413010069771493848
-0.134879814826609934 0.222418173885678944 0.412236936623009365
-0.134247866054634013 0.225842959825083872 0.411463880478538657
-0.133584355717583786 0.229326947899746642 0.410690906002199319
-0.132886676187145475 0.232870614703516610 0.409918017857616057
-0.132152211946909681 0.236474484930396495 0.409145220707892665
-0.131378331584777630 0.240139135276399879 0.408372519215583762
-0.130393904782504400 0.244617841518399326 0.407599918042667209
-0.129523915378630117 0.248418525428282688 0.406827421850515403
-0.128605885656860375 0.252282243729162414 0.406055035299867251
-0.127637024566335688 0.256209851790723031 0.405282763050800465
-0.126614478446621576 0.260202290113976553 0.404510609762702811
-0.125535320110644610 0.264260593327204640 0.403738580094244404
-0.124396536942709274 0.268385900036637148 0.402966678703349568
-0.123195017876696677 0.272579463578660586 0.402194910247168913
-0.121927539047693934 0.276842663636978514 0.401423279382050524
-0.120590747952774746 0.281177018756252506 0.400651790763512761
-0.119181145911078187 0.285584199754386869 0.399880449046215336
-0.117695068577959569 0.290066043997643019 0.399109258883932283
-0.116128664286069300 0.294624570585482581 0.398338224929522700
-0.114477869934546436 0.299261996421735066 0.397567351834903382
-0.112738384087386720 0.303980753139398596 0.396796644251020736
-0.110905636986291828 0.308783504955352783 0.396026106827822577
-0.108974757041413337 0.313673167367080785 0.395255744214229765
-0.106940533316025765 0.318652926705321360 0.394485561058108725
-0.104797373658258933 0.323726260525270204 0.393715562006243303
-0.102539257628350020 0.328896958844880793 0.392945751704306401
-0.100159683853119810 0.334169146195434807 0.392176134796831943
-0.097651610729958385 0.339547304227977298 0.391406715927187232
-0.095007389845294762 0.345036295111929237 0.390637499737544969
-0.092218690878029821 0.350641385289163776 0.389868490868854556
-0.089276416927240684 0.356368269649017577 0.389099693960814785
-0.086170608724410305 0.362223095626290847 0.388331113651845694
-0.082890336215527133 0.368212487076260475 0.387562754579060531
-0.079423575538928370 0.374343567325556015 0.386794621378237391
-0.075757069202099403 0.380623980810294804 0.386026718683791847
-0.071876166852811035 0.387061912440865796 0.385259051128749030
-0.067764643596194857 0.393666103526860489 0.384491623344714872
-0.063404492315039751 0.400445862827008336 0.383724439961849018
-0.058775685784324710 0.407411070645405382 0.382957505608836291
-0.054864294392316576 0.413123761264610700 0.382190824912859439
-0.049693921304150096 0.420449470908684231 0.381424402499570547
-0.044185586140716382 0.427991236925312046 0.380658242993063167
-0.038308722365067549 0.435760934919813658 0.379892351015845064
-0.032028999572059097 0.443770825098426358 0.379126731188809796
-0.025307783243042503 0.452033430806936698 0.378361388131208842
-0.018101509706232505 0.460561365972132375 0.377596326460623632
-0.010360962586083433 0.469367095208992446 0.376831550792938397
-0.002030435134087044 0.478462605281645414 0.376067065742311524
0.006953239094910801 0.487858959938781755 0.375302875921148027
0.016661806447531374 0.497565701481678224 0.374538985940071401
0.027176884750227503 0.507590050915413760 0.373775400407896752
0.038591446909060440 0.517935843561018405 0.373012123931601880
0.051011515465712642 0.528602117258287985 0.372249161116299909
0.064558081985046145 0.539581244712895702 0.371486516565211977
0.079369254565020586 0.550856468240320751 0.370724194879638425
0.095602617262430550 0.562398652617959294 0.369962200658932039
0.113437751461599901 0.574162017780855960 0.369200538500469633
0.133078813364633147 0.586078546673015177 0.368439212999625065
0.154756971871713389 0.598050684215683193 0.367678228749740488
0.178732369922715878 0.609941854492802582 0.366917590342099198
0.205295055411859689 0.621564234543749872 0.366157302365898329
0.234764001947358081 0.632663156830510776 0.365397369408220485
0.260661980655880088 0.640939676054058327 0.364637796054006091
0.296238891892466549 0.650163447566936226 0.363878586886026256
0.335710890600358747 0.657611116984875066 0.363119746484854844
0.379411203701377320 0.662557712729948345 0.362361279428840721
0.427604125195025553 0.664080642216019923 0.361603190294080168
0.480419249982313334 0.661030393668905036 0.360845483654389343
0.537757649183545516 0.652014782588739239 0.360088164081276974
0.599166802412866462 0.635412904346551066 0.359331236143916044
0.663688531335930532 0.609442240132089696 0.358574704409116762
0.729699012496151656 0.572307496434879326 0.357818573441299359
0.794783201623228130 0.522456219351401852 0.357062847802465555
0.855713094051281375 0.458944348040027150 0.356307532052171694
0.898875133542408999 0.398317524860095917 0.355552630747501208
0.942393567369552709 0.311402753124642107 0.354798148443037253
0.970779781661804453 0.214797982097140461 0.354044089690834618
0.981253393433053289 0.112747304903891177 0.353290459040392801
0.972711994587477369 0.010410091626011753 0.352537261038628369
0.946016444528439804 -0.086981447158898439 0.351784500229847863
0.903790325508365022 -0.174995705017915393 0.351032181155719714
0.849818596703355356 -0.250615774794849089 0.350280308355247205
0.788287545728823869 -0.312440028565324102 0.349528886364741498
0.736277141114016986 -0.351952034198835473 0.348777919717793483
0.670571356082830139 -0.389749005598047205 0.348027412945247028
0.606446316895247417 -0.416172565621525603 0.347277370575171052
0.545629519177102229 -0.433097674312808933 0.346527797132833160
0.489136143047448235 -0.442404644495508426 0.345778697140671221
0.437435944798417353 -0.445810680518678337 0.345030075118266999
0.390616251785100232 -0.444791727277304705 0.344281935582318011
0.356572895319132555 -0.441616410545443594 0.343534283046611377
0.318037002608029640 -0.435532868165212916 0.342787122021995572
0.283621021943548768 -0.427836373936939296 0.342040457016353661
0.252925901442935641 -0.419142550680514758 0.341294292534576271
0.225552051470576609 -0.409918066913578294 0.340548633078533836
0.201118296486578696 -0.400511760558814434 0.339803483147050112
0.179271815889918695 -0.391180802976822395 0.339058847235874428
0.163441115644585411 -0.383897684378581461 0.338314729837655315
0.145466961471757417 -0.375136384803706591 0.337571135441912362
0.129266096172129141 -0.366846984994005976 0.336828068535010128
0.114607072549846881 -0.359096957490748769 0.336085533600130215
0.101285612940602648 -0.351929634563517446 0.335343535117245406
0.091469743036520515 -0.346632852575177675 0.334602077563091016
0.080116525685326179 -0.340569288145498250 0.333861165411139194
0.069648549907159282 -0.335128397903864284 0.333120803131571552
0.059938790142527190 -0.330306631464498901 0.332380995191252027
0.050874635130912199 -0.326094933411462506 0.331641746053699893
0.044020467959078241 -0.323156184673152880 0.330903060179063069
0.035873281688155095 -0.320007913541213385 0.330164942024091357
0.028117345471809524 -0.317426788865360798 0.329427396042108855
0.020679007452509418 -0.315393901501767604 0.328690426682987813
0.013491721549647007 -0.313889338744960222 0.327954038393121539
0.007881872493002734 -0.313052260061586818 0.327218235615397535
0.000997850777849751 -0.312446467611012968 0.326483022789170574
-0.005791343936691090 -0.312310260302249565 0.325748404350236054
-0.012532942517660489 -0.312622047990552265 0.325014384730803463
-0.017921381960129157 -0.313179384440231856 0.324280968359469235
-0.024685125539018138 -0.314242453864089499 0.323548159661190049
-0.031515740393624508 -0.315691889284424765 0.322815963057256461
-0.038448916833191710 -0.317505210605107280 0.322084382965266092
-0.044091834781483707 -0.319202558533897673 0.321353423799096927
-0.051292473818431633 -0.321613177942137118 0.320623089968880448
-0.058684228889149981 -0.324322864821136259 0.319893385880975489
-0.066295211446328522 -0.327307607415521673 0.319164315937941478
-0.072559677033265019 -0.329876949145769705 0.318435884538511682
-0.080630895619324738 -0.333294449041334429 0.317708096077566726
-0.088991510572652283 -0.336916578536443967 0.316980954946108506
-0.097663694039853893 -0.340716856145776070 0.316254465531233042
-0.104839717165412766 -0.343867048522090601 0.315528632216104443
-0.114123824282073155 -0.347918722044917306 0.314803459379928152
-0.123773582107628982 -0.352070081834530701 0.314078951397925132
-0.131767707543779200 -0.355443038499405062 0.313355112641304667
-0.142115770593966378 -0.359698476420072133 0.312631947477238548
-0.152871111742736931 -0.363968287645002442 0.311909460268834315
-0.164045296476513003 -0.368220320841277426 0.311187655375109562
-0.173292784749245976 -0.371586998049504458 0.310466537150965005
-0.185243960444737898 -0.375723326874157215 0.309746109947158288
-0.197636021139199036 -0.379747494520648543 0.309026378110278277
-0.207869773641292499 -0.382862523462766613 0.308307345982718140
-0.221063607296558495 -0.386596026883453070 0.307589017902649531
-0.234703277121661891 -0.390117797984537940 0.306871398203996282
-0.245934201810505404 -0.392758337997889950 0.306154491216408586
-0.260367525225381313 -0.395807218441084796 0.305438301265236245
-0.272225220074341634 -0.398022058035009119 0.304722832671503130
-0.287427750644956459 -0.400479644460297990 0.304008089751880761
-0.303041181091736500 -0.402557966116649790 0.303294076818662772
-0.315817584577443244 -0.403923570830453382 0.302580798179738097
-0.332130155478363831 -0.405229876379645471 0.301868258138565604
-0.348803598463240661 -0.406059179165254580 0.301156460994148056
-0.362386643071110237 -0.406357033503574772 0.300445411041005861
-0.379649164284792895 -0.406245848249970953 0.299735112569151418
-0.393668544517972063 -0.405751355051343854 0.299025569864063145
-0.411428783008624455 -0.404602550515067216 0.298316787206659995
-0.429420490607065664 -0.402839638672422951 0.297608768873274754
-0.443956934950243687 -0.400971012390388293 0.296901519135629122
-0.462275120790900107 -0.398044299576815974 0.296195042260807340
-0.477023469436281822 -0.395218377681717470 0.295489342511231157
-0.495542108256494529 -0.391066701486496249 0.294784424144633184
-0.514114026183004502 -0.386214713059781944 0.294080291414031747
-0.528980969689634706 -0.381822135445916144 0.293376948567705464
-0.547539460258686828 -0.375687021576627200 0.292674399849167044
-0.562338287411265347 -0.370261233006448032 0.291972649497137970
-0.580739167789370403 -0.362831700753823094 0.291271701745522582
-0.595353729297472101 -0.356372178258660965 0.290571560823383868
-0.613451757009844112 -0.347658301067860109 0.289872230954915933
-0.627766526286912541 -0.340181677775574509 0.289173716359419908
-0.645419084463119797 -0.330214855880155422 0.288476021251277581
-0.659322102317833725 -0.321754584450094416 0.287779149839927695
-0.676392828443303396 -0.310586744223220246 0.287083106329838189
-0.693084814705252739 -0.298781182835318626 0.286387894920482278
-0.706140705843594230 -0.288894220447838301 0.285693519806313190
-0.722059031540875251 -0.276005389051104055 0.284999985176738024
-0.734452024803310399 -0.265288733584941816 0.284307295216093381
-0.749490715733439172 -0.251412557549035243 0.283615454103619102
-0.761142312068498139 -0.239948237842574325 0.282924466013434350
-0.772442712557618760 -0.228180312661490636 0.282234335114511015
-0.786056821262199334 -0.213071755832859616 0.281545065570649733
-0.796526634588390459 -0.200689244044225501 0.280856661540454244
-0.809072808747877792 -0.184873492299233610 0.280169127177306077
-0.818668065114461552 -0.171974890315312712 0.279482466629339732
-0.830100548596774290 -0.155576806075405083 0.278796684039418097
-0.838791958628044454 -0.142262773483671612 0.278111783545106850
-0.849083138610484456 -0.125408332855941773 0.277427769278649428
-0.856855648588653374 -0.111779197421796539 0.276744645366942488
-0.865995218200843242 -0.094592514736647870 0.276062415931510929
-0.872847134676034031 -0.080746027193998482 0.275381085088483135
-0.879292581762956438 -0.066833199205762805 0.274700656948565658
-0.886782542761095138 -0.049376150706471056 0.274021135617018741
-0.892326010779987300 -0.035378798299995629 0.273342525193631669
-0.898702970575449789 -0.017869738186628126 0.272664829772698014
-0.903369821203932277 -0.003871956953840516 0.271988053442990652
-0.907657442997337971 0.010100991984361984 0.271312200287737060
-0.912494855286040574 0.027510400422145809 0.270637274384595228
-0.915956748996771486 0.041375974754391809 0.269963279805628786
-0.919787959080930362 0.058609637103253676 0.269290220617281972
-0.922466885550167870 0.072303463292891723 0.268618100880355593
-0.924812738694001490 0.085902553245049973 0.267946924649982543
-0.927291325687116919 0.102752646008886506 0.267276695975603384
-0.928923225978615541 0.116102235153293765 0.266607418900941251
-0.930254028551348089 0.129326488903142078 0.265939097463978480
-0.931509606178920757 0.145668638045386545 0.265271735696931188
-0.932200209309288708 0.158583195389472464 0.264605337626225900
-0.932622948398955542 0.171349385643069951 0.263939907272474572
-0.932790296603048352 0.187089910837155704 0.263275448650450827
-0.932647727594192455 0.199502513311626550 0.262611965769065092
-0.932270357748028466 0.211750590820711460 0.261949462631341390
-0.931668149581296290 0.223830422870247236 0.261287943234391862
-0.930614149456865603 0.238688824553022316 0.260627411569394229
-0.929541687878456369 0.250379262930261581 0.259967871621566038
-0.928275645802760341 0.261892962991665257 0.259309327370142229
-0.926434866597458107 0.276034139975905701 0.258651782788349882
-0.924766567961520680 0.287144941663370901 0.257995241843384959
-0.922933757433048951 0.298075288794072690 0.257339708496387765
-0.920944869725270898 0.308824855434938150 0.256685186702419799
-0.918251713523359880 0.322007641946879031 0.256031680410439610
-0.915941163045932427 0.332350978566501420 0.255379193563278428
-0.913500161942366384 0.342514692076411109 0.254727730097616900
-0.910936030910296513 0.352499731894621415 0.254077293943961557
-0.907568433445513190 0.364731604642602625 0.253427889026620723
-0.904752635286460438 0.374319308164543396 0.252779519263680752
-0.901835646890384313 0.383732972347881951 0.252132188566982385
-0.898823653956165036 0.392974425350168743 0.251485900842097765
-0.895722581218155289 0.402045652219021887 0.250840659988306292
-0.891729582250348374 0.413148554487761610 0.250196469898570972
-0.888448418971666820 0.421844728870311048 0.249553334459515330
-0.885095681838188320 0.430378012557722955 0.248911257551399867
-0.881676238608702367 0.438750878512451370 0.248270243048098749
-0.878194723448348702 0.446965877295449232 0.247630294817075935
-0.874655543491631771 0.455025624671641260 0.246991416719362256
-0.871062885688611344 0.462932790006171879 0.246353612609532258
-0.866502894384574951 0.472606313212209139 0.245716886335680784
-0.862804127784035479 0.480180134150240301 0.245081241739399380
-0.859064056735707515 0.487610292888095043 0.244446682655753811
-0.855286012982773847 0.494899574666078812 0.243813212913260191
-0.851473146550274618 0.502050769482846881 0.243180836333862671
-0.847628433245002810 0.509066664858327189 0.242549556732909621
-0.843754682109870258 0.515950039219974510 0.241919377919131262
-0.839854542826522499 0.522703655842515658 0.241290303694616182
-0.835930513017485222 0.529330257354923339 0.240662337854788411
-0.831984945444906199 0.535832560754419984 0.240035484188385162
-0.827026060271148999 0.543789735915579886 0.239409746477433349
-0.823039932334768909 0.550022140253567993 0.238785128497226773
-0.819038996765033667 0.556138848892168913 0.238161634016303414
-0.815025067280432669 0.562142425648298083 0.237539266796423398
-0.810999847761094017 0.568035390311762423 0.236918030592545070
-0.806964938265766429 0.573820216454861254 0.236297929152803232
-0.802921840803813791 0.579499329616207537 0.235678966218485830
-0.798871964853793970 0.585075105835602294 0.235061145524012804
-0.794816632616391350 0.590549870523327969 0.234444470796911636
-0.790757083986091125 0.595925897660408932 0.233828945757796114
-0.786694481244133437 0.601205409289027770 0.233214574120343354
-0.782629913465521132 0.606390575287398370 0.232601359591271956
-0.778564400620004315 0.611483513424832648 0.231989305870319185
-0.774498897385625495 0.616486289652023123 0.231378416650218466
-0.770434296650799544 0.621400918638292721 0.230768695616677788
-0.766371432717883994 0.626229364520979770 0.230160146448356639
-0.762311084193091570 0.630973541865168297 0.229552772816844636
-0.759267911904009329 0.634477498021465358 0.228946578386638622
-0.755213680451196967 0.639078667383306875 0.228341566815121244
-0.751163838485863100 0.643600587529722157 0.227737741752538220
-0.747118976373246868 0.648044998599517807 0.227135106841976964
-0.743079638417202371 0.652413597949935253 0.226533665719343968
-0.739046324030591228 0.656708041974729206 0.225933422013343488
-0.735019488645124119 0.660929947990182454 0.225334379345455083
-0.730999544326744743 0.665080896223496643 0.224736541329912165
-0.726986860135246049 0.669162431853749573 0.224139911573680239
-0.722981762226292735 0.673176067098723463 0.223544493676434614
-0.719983089225600281 0.676142626147368864 0.222950291230539055
-0.715991922422255622 0.680040982950517625 0.222357307821024419
-0.712009015555976177 0.683875445420606076 0.221765547025566445
-0.708034530683212870 0.687647421192057018 0.221175012414464467
-0.704068584229087913 0.691358295086912600 0.220585707550619681
-0.700111245816608441 0.695009431201901506 0.219997635989513968
-0.697148905798362417 0.697709390369827709 0.219410801279188383
-0.693206653261797090 0.701259212687842748 0.218825206960221313
-0.689272947177013484 0.704752958178874733 0.218240856565707519
-0.685347668152074041 0.708191931018909870 0.217657753621236849
-0.681430642054003832 0.711577423854620195 0.217075901644872893
-0.678498151717343068 0.714082219255166351 0.216495304147131529
-0.674594976997966000 0.717377203921557571 0.215915964630959911
-0.670699276415807732 0.720622217618850702 0.215337886591715516
-0.666810650708677399 0.723818524319705059 0.214761073517145018
-0.663898547020854490 0.726184548339272151 0.214185528887362697
-0.660021141747729856 0.729298647337699668 0.213611256174830066
-0.656149365075529123 0.732367497381714583 0.213038258844334860
-0.653248831526785700 0.734640194928319779 0.212466540352969940
-0.649385268029407547 0.737632877808614862 0.211896104150112174
-0.645525328026060996 0.740583762068840801 0.211326953677402479
-0.641668130725071006 0.743494104307234283 0.210759092368723977
-0.638776454094300505 0.745651012458006690 0.210192523650182150
-0.634921674601657604 0.748493436987061167 0.209627250940083665
-0.631066757491676511 0.751298788642346227 0.209063277648916135
-0.628174745478539798 0.753379236015146669 0.208500607179326947
-0.624316575249256100 0.756122764141676562 0.207939242926103607
-0.620454645082466949 0.758832717272770130 0.207379188276152232
-0.617554819326647908 0.760843918789145923 0.206820446608478120
-0.613682578496585807 0.763498200574834418 0.206263021294164489
-0.610773096273391047 0.765469127160793406 0.205706915696352854
-0.606885238714414799 0.768071688079143722 0.205152133170222351
-0.602985804906425837 0.770646479285834518 0.204598677062969414
-0.600052371275039076 0.772560133833096407 0.204046550713787689
-0.596127519770101810 0.775089472419733250 0.203495757453848236
-0.593172375199364277 0.776970545073598085 0.202946300606278940
-0.589214813852518282 0.779458459202755360 0.202398183486144662
-0.586232147971728401 0.781309982419620908 0.201851409400427062
-0.582233645318185000 0.783760530141352274 0.201305981648004950
-0.579216899350745607 0.785585558176527088 0.200761903519634410
-0.575168161322134996 0.788002825364526260 0.200219178297928596
-0.571086085065753646 0.790402918981841895 0.199677809257337857
-0.568000446513467372 0.792192528394537576 0.199137799664130727
-0.563851011847577688 0.794565807708786820 0.198599152776373439
-0.560710216405289397 0.796336855190504789 0.198061871843910497
-0.557542728184119540 0.798100896431737539 0.197525960108345194
-0.553274441695929098 0.800443036051994294 0.196991420803020012
-0.550036751480017849 0.802192940167327451 0.196458257152997223
-0.545666885782018163 0.804518286758179269 0.195926472375038851
-0.542346630264259888 0.806257131357585255 0.195396069677588241
-0.537857532659740678 0.808569763508106276 0.194867052260749796
-0.534440520376795125 0.810300581256676367 0.194339423316269994
-0.529811875455864500 0.812604493724346066 0.193813186027518514
-0.526281729972710721 0.814330232543331367 0.193288343569468529
-0.522697451650711242 0.816054663985021467 0.192764899108677640
-0.517827738482496414 0.818352733824264433 0.192242855803268775
-0.514102229043122527 0.820076025327491465 0.191722216802911405
-0.509028958564477829 0.822374250855938960 0.191202985248802360
-0.505138427300666382 0.824098831278304411 0.190685164273646623
-0.501168860112181869 0.825824604113640115 0.190168757001638655
-0.495743529347134115 0.828128034024796844 0.189653766548444014
-0.491567266492654642 0.829857732901549516 0.189140196021179541
-0.487291766875849852 0.831589449728200147 0.188628048518395514
-0.481424296729828671 0.833901673733781656 0.188117327130056300
-0.476888416687138106 0.835638240764547402 0.187608034937522289
-0.472227053622467807 0.837376664648041502 0.187100175013531100
-0.467430815523942167 0.839116597130248665 0.186593750422178684
-0.460808205913450841 0.841437894049041568 0.186088764218901248
-0.455655829095661380 0.843178861308447103 0.185585219450456806
-0.450330633178288808 0.844918588435749296 0.185083119154906633
-0.442937488241415211 0.847233673480938143 0.184582466361596864
-0.437152982956135583 0.848964006012823513 0.184083264091140619
-0.431144050029402148 0.850686381231186117 0.183585515355399187
-0.424891645915795424 0.852397558587037252 0.183089223157464454
-0.418374700405093558 0.854093513266592663 0.182594390491640279
-0.409233179470392505 0.856322341356538619 0.182101020343424957
-0.402003559580464576 0.857961379946393654 0.181609115689492451
-0.394420769847117492 0.859563642246967463 0.181118679497675406
-0.386451283926523059 0.861119176902133132 0.180629714726946222
-0.378057548895099349 0.862615745460443728 0.180142224327400208
-0.366132338428101778 0.864492919737839260 0.179656211240236729
-0.356575474596177167 0.865787143760307742 0.179171678397742395
-0.346431888627564577 0.866957043182484899 0.178688628723273041
-0.335638530457447959 0.867972112602378609 0.178207065131235742
-0.324123942068420767 0.868794432515822113 0.177726990527071554
-0.311807003100372571 0.869376702370792787 0.177248407807238162
-0.298595511598954866 0.869659689633702548 0.176771319859192089
-0.284384606955956964 0.869568902649668130 0.176295729561371350
-0.269055065177417951 0.869010227366943111 0.175821639783178052
-0.252471543530924325 0.867864174547604561 0.175349053384961262
-0.228142186090792953 0.865152873562040070 0.174877973217999694
-0.208004349204309602 0.861966839340798097 0.174408402124484219
-0.186027950023215538 0.857493355073897789 0.173940342937500991
-0.161998807604229966 0.851375434456290048 0.173473798481014518
-0.135693056693309611 0.843147535451918340 0.173008771569850284
-0.106891638413510182 0.832200569081787522 0.172545265009677762
-0.075408056132657164 0.817736565851924668 0.172083281596993737
-0.041138650155658152 0.798712002871576177 0.171622824119105372
-0.004150202706449613 0.773771775088936353 0.171163895354113277
0.035172622679107146 0.741183466813936320 0.170706498070894802
0.075889074725247918 0.698798792638276489 0.170250635029087161
0.116139765199203493 0.644103525815370448 0.169796308979071303
0.141172502606961486 0.599494608149083286 0.169343522661954737
0.172411493530667703 0.518688555986564381 0.168892278809555235
0.189883144783482227 0.420441093493591822 0.168442580144384513
0.184763820042913363 0.306861891661337260 0.167994429379631272
0.147874545265589630 0.185244915355534640 0.167547829219145628
0.073427586733986722 0.068944635908193844 0.167102782357422014
-0.036395541713310532 -0.025109940625525656 0.166659291479583554
-0.169618117068179780 -0.082644444809475415 0.166217359261365216
-0.308258397528824113 -0.098298064673976782 0.165776988369098488
-0.395194477386420773 -0.087557525646499018 0.165338181459694394
-0.508875349844831737 -0.047541723179287759 0.164900941180628258
-0.598442724072254184 0.010346296688897694 0.164465270169923072
-0.664511317891896436 0.075763834412620523 0.164031171056134129
-0.710653845372257398 0.141658266883196882 0.163598646458332858
-0.741224795279934900 0.204010427381601078 0.163167698986090987
-0.754957912773158046 0.242626870083786250 0.162738331239465017
-0.768084717761705393 0.295598549342416195 0.162310545808980133
-0.774591474472227093 0.342644832120755027 0.161884345275615377
-0.776478966956128280 0.384158750832416462 0.161459732210787160
-0.775902054366481408 0.409039300465908418 0.161036709176334170
-0.773086255686583401 0.442617571150592637 0.160615278724501848
-0.768630987513742370 0.472228404527896051 0.160195443397927406
-0.763109384858018380 0.498412393830678868 0.159777205729623673
-0.759039927491285793 0.514202525870049110 0.159360568242964351
-0.752573623834235539 0.535701322440739203 0.158945533451668869
-0.745863190102851514 0.554901244783035152 0.158532103859786916
-0.741332055481157659 0.566581638160108536 0.158120281961683429
-0.734532407309876345 0.582625989962971547 0.157710070242023437
-0.727799769481886960 0.597108135942005069 0.157301471175757601
-0.723376733997406651 0.605996264152697139 0.156894487228106394
-0.716868964702330747 0.618309101400660865 0.156489120854546221
-0.710535969159040270 0.629533796748928065 0.156085374500793544
-0.706419219665170184 0.636478096846907149 0.155683250602791229
-0.700408780453756097 0.646171617761686634 0.155282751586692802
-0.696513472558734859 0.652195770999148605 0.154883879868848662
-0.690838523871886157 0.660640879118694513 0.154486637855791142
-0.685363282696856646 0.668445991701942077 0.154091027944219749
-0.681822088870304266 0.673327998597905597 0.153697052520987060
-0.676669708404549097 0.680213890821594114 0.153304713963084344
-0.673338321374824966 0.684536447360658107 0.152914014637626994
-0.668491419291820654 0.690654025021669060 0.152524956901840314
-0.665357130547410747 0.694506930400570877 0.152137543103045308
-0.660795656668962672 0.699976831864152604 0.151751775578644582
-0.657844745640678630 0.703432215221625801 0.151367656656108324
-0.653547980283009977 0.708351782966698651 0.150985188652959929
-0.650766710821667815 0.711468108190949189 0.150604373876762149
-0.646714378707538784 0.715916584580115867 0.150225214625103520
-0.644089542800820314 0.718741648331082561 0.149847713185584097
-0.640262403034156380 0.722784082545896434 0.149471871835801767
-0.637781596442781096 0.725357278922464266 0.149097692843338375
-0.635355133252357485 0.727839214992676120 0.148725178465746399
-0.631813463011612120 0.731401538252550165 0.148354330950535129
-0.629515219481840305 0.733675850728281898 0.147985152535156927
-0.626158095848383889 0.736946656900539732 0.147617645446993906
-0.623977911494377646 0.739038877573715447 0.147251811903344576
-0.621842310275635635 0.741064493991432371 0.146887654111410415
-0.618719399558117944 0.743985027943564137 0.146525174268282266
-0.616689139241676232 0.745857791422889993 0.146164374560927651
-0.614698706155336172 0.747674375463928453 0.145805257166176955
-0.611785023294535102 0.750299512100704558 0.145447824250710761
-0.609888817109770387 0.751986592372104190 0.145092077971046479
-0.608028286477517055 0.753625866142465073 0.144738020473525603
-0.605302018120760676 0.755999668713872808 0.144385653894300470
-0.603526015559570084 0.757528292091232180 0.144034980359321579
-0.601782065218289253 0.759015905579574213 0.143686001984324796
-0.600069218749484601 0.760464213111801346 0.143338720874818359
-0.597556281798489186 0.762566476289710415 0.142993139126070229
-0.595917276626953041 0.763923379828218119 0.142649258823095815
-0.594306327566369808 0.765246249873942852 0.142307082040644906
-0.592722635467526793 0.766536418432893107 0.141966610843189456
-0.591165430557314853 0.767795149011529121 0.141627847284910818
-0.588877671695047455 0.769626905643212456 0.141290793409687837
-0.587383498584053587 0.770812157733708481 0.140955451251084163
-0.585913332128048636 0.771969914286493086 0.140621822832335985
-0.584466519953177888 0.773101179683068795 0.140289910166339848
-0.583042432790316201 0.774206909993996772 0.139959715255640799
-0.581640463492403614 0.775288015843906719 0.139631240092419895
-0.579577704319069520 0.776865391078714773 0.139304486658482385
-0.578228510239945592 0.777888645073366747 0.138979456925245687
-0.576899470059019981 0.778890140762366068 0.138656152853727538
-0.575590065170473730 0.779870614716970723 0.138334576394534364
-0.574299794433349442 0.780830770644859729 0.138014729487848986
-0.573028173449956824 0.781771281204216684 0.137696614063419348
-0.571774733869751306 0.782692789705430658 0.137380232040546862
-0.570539022732836298 0.783595911697172021 0.137065585328074641
-0.569320601838357754 0.784481236455719655 0.136752675824376058
-0.568119047145100753 0.785349328377185185 0.136441505417343317
-0.566933948196445492 0.786200728285867845 0.136132075984376016
-0.565764907575874498 0.787035954656803982 0.135824389392369904
-0.564611540381243504 0.787855504769870651 0.135518447497705474
-0.563473473728857921 0.788659855787489539 0.135214252146237057
-0.562350346276549340 0.789449465770833969 0.134911805173281107
-0.561241807767575707 0.790224774636160476 0.134611108403605934
-0.560147518599127259 0.790986205051112501 0.134312163651419847
-0.559067149404379737 0.791734163283334791 0.134014972720361059
-0.558000380658943418 0.792469039994847635 0.133719537403486022
-0.556946902299972346 0.793191210995403129 0.133425859483258913
-0.555906413366582641 0.793901037948737009 0.133133940731541361
-0.555390948286670016 0.794251431725485957 0.132843782909580932
-0.554369398249208389 0.794943391421627843 0.132555387768000910
-0.553360122815317990 0.795623853641774348 0.132268757046789781
-0.552362850251726378 0.796293135564846821 0.131983892475290826
-0.551377316484951252 0.796951542952679337 0.131700795772191348
-0.550403264816643811 0.797599370668597207 0.131419468645512461
-0.549440445659495791 0.798236903163292322 0.131139912792598762
-0.548963172154964485 0.798551894862182143 0.130862129900108481
-0.548016748697917944 0.799174496234262954 0.130586121644002573
-0.547080963207097426 0.799787470948291612 0.130311889689535138
-0.546155589007747078 0.800391070509347546 0.130039435691243210
-0.545696736963069085 0.800689430864575669 0.129768761292936907
-0.544786567824451562 0.801279420747755822 0.129499868127689266
-0.543886269223250340 0.801860627790110136 0.129232757817826449
-0.542995634690886964 0.802433275255271639 0.128967431974918306
-0.542553878393836619 0.802716456905196440 0.128703892199768077
-0.541677364457984090 0.803276667689301727 0.128442140082403289
-0.540810021364008242 0.803828845680211512 0.128182177202065650
-0.540379729767819006 0.804101984792813029 0.127924005127202034
-0.539525790851394182 0.804642484593699026 0.127667625415454483
-0.538680560181278745 0.805175437129820426 0.127413039613651358
-0.538261154949489451 0.805439140765597972 0.127160249257797620
-0.537428656118401848 0.805961114801315381 0.126909255873065646
-0.536604431144917959 0.806475989835302998 0.126660060973786071
-0.536195369211729167 0.806730818454125198 0.126412666063438650
-0.535383244389364910 0.807235361489385905 0.126167072634643274
-0.534980141417782717 0.807485116392759328 0.125923282169150691
-0.534179755964337866 0.807979691880840067 0.125681296137833798
-0.533387002734816984 0.808467816676044504 0.125441116000678810
-0.532993440908722360 0.808709507127287952 0.125202743206776296
-0.532211854219237557 0.809188235802699940 0.124966179194312452
-0.531823792971875320 0.809425309873784804 0.124731425390560466
-0.531053045330341700 0.809894965110202758 0.124498483211871971
-0.530670323835807145 0.810127580549672821 0.124267354063668414
-0.529910099301376669 0.810588470870791222 0.124038039340432532
-0.529532562394875894 0.810816778534817262 0.123810540425700069
-0.528782556131332959 0.811269199035659638 0.123584858692051325
-0.528410054094378245 0.811493343238944398 0.123360995501102993
-0.528039197988399600 0.811716130609015152 0.123138952203499741
-0.527302360311724061 0.812157695108372102 0.122918730138906251
-0.526936347579963771 0.812376501822817954 0.122700330635999083
-0.526209057798167512 0.812810236553576870 0.122483755012458659
-0.525847750680633608 0.813025192893975124 0.122269004574961190
-0.525129738156649650 0.813451352815675932 0.122056080619171087
-0.524773003740288124 0.813662583519429883 0.121844984429732739
-0.524417764836597966 0.813872599142944519 0.121635717280263234
-0.523711717434957036 0.814289037284338102 0.121428280433344166
-0.523360881291869307 0.814495485404594266 0.121222675140514505
-0.523011485367134155 0.814700769655396395 0.121018902642262602
-0.522316960698199440 0.815107895767318791 0.120816964168019139
-0.521971805623523633 0.815309761798755694 0.120616860936149317
-0.521628038100446667 0.815510512308086022 0.120418594153945749
-0.521285645363436467 0.815710158953112385 0.120222165017621091
-0.520604933969471384 0.816106186451872384 0.120027574712300855
-0.520266590562306952 0.816302589798145073 0.119834824412016289
-0.519929572437926035 0.816497934269898473 0.119643915279697144
-0.519593867606467308 0.816692230714102352 0.119454848467164781
-0.518926350614052345 0.817077722134810558 0.119267625115125314
-0.518594515226537323 0.817268938035599524 0.119082246353162544
-0.518263946674186515 0.817459147762763960 0.118898713299731174
-0.517934633715762982 0.817648361404588742 0.118717027062150135
-0.517606565255752771 0.817836588904044426 0.118537188736595883
-0.516954118176952693 0.818210124528955918 0.118359199408095833
-0.516629718093935209 0.818395451826266940 0.118183060150521657
-0.516306519577572232 0.818579831329253604 0.118008772026582914
-0.515984512255963090 0.818763272276169740 0.117836336087820667
-0.515663685895550672 0.818945783771588554 0.117665753374601195
-0.515344030406768572 0.819127374784469287 0.117497024916109374
-0.515025535838135706 0.819308054152534271 0.117330151730342946
-0.514708192380491147 0.819487830581133281 0.117165134824105996
-0.514391990362415230 0.819666712646871520 0.117001975193003135
-0.514076920250409852 0.819844708798609823 0.116840673821433358
-0.513762972649200234 0.820021827358382693 0.116681231682584041
-0.513450138302436465 0.820198076522117181 0.116523649738425272
-0.513138408087278508 0.820373464363603699 0.116367928939703880
-0.512827773020410715 0.820547998832258374 0.116214070225937813
-0.512518224250242183 0.820721687758416696 0.116062074525410328
-0.512209753062787043 0.820894538851081657 0.115911942755164490
-0.511902350878184587 0.821066559700895149 0.115763675820997711
-0.511596009247837769 0.821237757782508293 0.115617274617456051
-0.511290719858879084 0.821408140453243618 0.115472740027829104
-0.510986474529453116 0.821577714956541416 0.115330072924144461
-0.510683265210879589 0.821746488421677079 0.115189274167162514
-0.510381083986644390 0.821914467865285658 0.115050344606371285
-0.510079923067862651 0.822081660194606156 0.114913285079981331
-0.509779774799985264 0.822248072204831315 0.114778096414920497
-0.509480631656490934 0.822413710583315138 0.114644779426829185
-0.509480631656490934 0.822413710583315138 0.114513334920055415
-0.509182486240270182 0.822578581909683137 0.114383763687649603
-0.508885331284105846 0.822742692656430186 0.114256066511360263
-0.508589159647465872 0.822906049191426625 0.114130244161628980
-0.508293964320523539 0.823068657776624968 0.114006297397585929
-0.507999738417089231 0.823230524572573397 0.113884226967045130
-0.507999738417089231 0.823230524572573397 0.113764033606500142
-0.507706475181205485 0.823391655635748898 0.113645718041119337
-0.507414167979812314 0.823552056923148812 0.113529280984741868
-0.507122810308438865 0.823711734290113906 0.113414723139873122
-0.507122810308438865 0.823711734290113906 0.113302045197680529
-0.506832395785568712 0.823870693493996331 0.113191247837989437
-0.506542918156074218 0.824028940193121673 0.113082331729278909
-0.506542918156074218 0.824028940193121673 0.112975297528677909
-0.506254371287752858 0.824186479949310047 0.112870145881961009
-0.505966749171458896 0.824343318228551558 0.112766877423544909
-0.505966749171458896 0.824343318228551558 0.112665492776484119
-0.505680045921712895 0.824499460401358908 0.112565992552467672
-0.505394255774377021 0.824654911744701180 0.112468377351815099
-0.505394255774377021 0.824654911744701180 0.112372647763472971
-0.505109373088170277 0.824809677441861511 0.112278804365011281
-0.504825392340232937 0.824963762585476656 0.112186847722619942
-0.504825392340232937 0.824963762585476656 0.112096778391105545
-0.504542308131693984 0.825117172175222513 0.112008596913887773
-0.504542308131693984 0.825117172175222513 0.111922303822996186
-0.504260115179259838 0.825269911122914257 0.111837899639067123
-0.504260115179259838 0.825269911122914257 0.111755384871340541
-0.503978808322574356 0.825421984249258722 0.111674760017656721
-0.503978808322574356 0.825421984249258722 0.111596025564453569
-0.503698382516428289 0.825573396288583172 0.111519181986763555
-0.503698382516428289 0.825573396288583172 0.111444229748210735
-0.503418832835086927 0.825724151887154534 0.111371169301008127
-0.503418832835086927 0.825724151887154534 0.111300001085954892
-0.503140154468724510 0.825874255605695606 0.111230725532433697
-0.503140154468724510 0.825874255605695606 0.111163343058408165
-0.502862342723800149 0.826023711919727899 0.111097854070420235
-0.502862342723800149 0.826023711919727899 0.111034258963587817
-0.502862342723800149 0.826023711919727899 0.110972558121602394
-0.502585393022221161 0.826172525220625453 0.110912751916726629
-0.502585393022221161 0.826172525220625453 0.110854840709792277
-0.502309300900271039 0.826320699816774251 0.110798824850197819
-0.502309300900271039 0.826320699816774251 0.110744704675906469
-0.502309300900271039 0.826320699816774251 0.110692480513444172
-0.502034062009329984 0.826468239933711657 0.110642152677897440
-0.502034062009329984 0.826468239933711657 0.110593721472911730
-0.502034062009329984 0.826468239933711657 0.110547187190689372
-0.501759672110860588 0.826615149717313757 0.110502550111987896
-0.501759672110860588 0.826615149717313757 0.110459810506118417
-0.501759672110860588 0.826615149717313757 0.110418968630943887
-0.501759672110860588 0.826615149717313757 0.110380024732877557
-0.501486127082114597 0.826761433231392395 0.110342979046881562
-0.501486127082114597 0.826761433231392395 0.110307831796465444
-0.501486127082114597 0.826761433231392395 0.110274583193684828
-0.501486127082114597 0.826761433231392395 0.110243233439140137
-0.501486127082114597 0.826761433231392395 0.110213782721975392
-0.501213422908693085 0.826907094462074554 0.110186231219877029
-0.501213422908693085 0.826907094462074554 0.110160579099072869
-0.501213422908693085 0.826907094462074554 0.110136826514331099
-0.501213422908693085 0.826907094462074554 0.110114973608959388
-0.501213422908693085 0.826907094462074554 0.110095020514803896
-0.501213422908693085 0.826907094462074554 0.110076967352248589
-0.501213422908693085 0.826907094462074554 0.110060814230214563
-0.501213422908693085 0.826907094462074554 0.110046561246159164
-0.500941555688428464 0.827052137316324432 0.110034208486075674
-0.500941555688428464 0.827052137316324432 0.110023756024492547
-0.500941555688428464 0.827052137316324432 0.110015203924473198
-0.500941555688428464 0.827052137316324432 0.110008552237615381
-0.500941555688428464 0.827052137316324432 0.110003801004051049
-0.500941555688428464 0.827052137316324432 0.110000950252446050
-0.500941555688428464 0.827052137316324432 0.110000000000000001
