-0.245289535331883468 -0.749332749468899828 0.739999999999999991
-0.245289535331883468 -0.749332749468899828 0.739999049747553928
-0.245289535331883468 -0.749332749468899828 0.739996198995948928
-0.245289535331883468 -0.749332749468899828 0.739991447762384680
-0.245289535331883468 -0.749332749468899828 0.739984796075526807
-0.245289535331883468 -0.749332749468899828 0.739976243975507431
-0.245289535331883468 -0.749332749468899828 0.739965791513924276
-0.245289535331883468 -0.749332749468899828 0.739953438753840897
-0.245289535331883468 -0.749332749468899828 0.739939185769785457
-0.245289535331883468 -0.749332749468899828 0.739923032647751389
-0.245289535331883468 -0.749332749468899828 0.739904979485196068
-0.245289535331883468 -0.749332749468899828 0.739885026391040590
-0.245289535331883468 -0.749332749468899828 0.739863173485668879
-0.245289535331883468 -0.749332749468899828 0.739839420900927136
-0.245289535331883468 -0.749332749468899828 0.739813768780122949
-0.245289535331883468 -0.749332749468899828 0.739786217278024627
-0.245289535331883468 -0.749332749468899828 0.739756766560859869
-0.245289535331883468 -0.749332749468899828 0.739725416806315206
-0.245289535331883468 -0.749332749468899828 0.739692168203534561
-0.245289535331883468 -0.749332749468899828 0.739657020953118471
-0.245289535331883468 -0.749332749468899828 0.739619975267122420
-0.245289535331883468 -0.749332749468899828 0.739581031369056063
-0.245289535331883468 -0.749332749468899828 0.739540189493881561
-0.245289535331883468 -0.749332749468899828 0.739497449888012137
-0.245289535331883468 -0.749332749468899828 0.739452812809310633
-0.245289535331883468 -0.749332749468899828 0.739406278527088290
-0.245289535331883468 -0.749332749468899828 0.739357847322102524
-0.245289535331883468 -0.749332749468899828 0.739307519486555820
-0.245289535331883468 -0.749332749468899828 0.739255295324093509
-0.245289535331883468 -0.749332749468899828 0.739201175149802103
-0.245289535331883468 -0.749332749468899828 0.739145159290207743
-0.245289535331883468 -0.749332749468899828 0.739087248083273307
-0.245289535331883468 -0.749332749468899828 0.739027441878397529
-0.245289535331883468 -0.749332749468899828 0.738965741036412216
-0.245289535331883468 -0.749332749468899828 0.738902145929579812
-0.245289535331883468 -0.749332749468899828 0.738836656941591730
-0.245289535331883468 -0.749332749468899828 0.738769274467566239
-0.245289535331883468 -0.749332749468899828 0.738699998914045142
-0.245289535331883468 -0.749332749468899828 0.738628830698991878
-0.245289535331883468 -0.749332749468899828 0.738555770251789201
-0.245289535331883468 -0.749332749468899828 0.738480818013236395
-0.245289535331883468 -0.749332749468899828 0.738403974435546395
-0.245289535331883468 -0.749332749468899828 0.738325239982343340
-0.245289535331883468 -0.749332749468899828 0.738244615128659576
-0.245289535331883468 -0.749332749468899828 0.738162100360932882
-0.245289535331883468 -0.749332749468899828 0.738077696177003806
-0.245289535331883468 -0.749332749468899828 0.737991403086112219
-0.245289535331883468 -0.749332749468899828 0.737903221608894433
-0.245289535331883468 -0.749332749468899828 0.737813152277379980
-0.245289535331883468 -0.749332749468899828 0.737721195634988725
-0.245289535331883468 -0.749332749468899828 0.737627352236526979
-0.245289535331883468 -0.749332749468899828 0.737531622648184837
-0.245289535331883468 -0.749332749468899828 0.737434007447532291
-0.245289535331883468 -0.749332749468899828 0.737334507223515900
-0.245289535331883468 -0.749332749468899828 0.737233122576455124
-0.245289535331883468 -0.749332749468899828 0.737129854118038996
-0.245289535331883468 -0.749332749468899828 0.737024702471322124
-0.245289535331883468 -0.749332749468899828 0.736917668270721027
-0.245289535331883468 -0.749332749468899828 0.736808752162010583
-0.245289535331883468 -0.749332749468899828 0.736697954802319477
-0.245289535331883468 -0.749332749468899828 0.736585276860126870
-0.245289535331883468 -0.749332749468899828 0.736470719015258179
-0.245289535331883468 -0.749332749468899828 0.736354281958880641
-0.245289535331883468 -0.749332749468899828 0.736235966393499863
-0.245289535331883468 -0.749332749468899828 0.736115773032954834
-0.245289535331883468 -0.749332749468899828 0.735993702602414035
-0.245289535331883468 -0.749332749468899828 0.735869755838370998
-0.245289535331883468 -0.749332749468899828 0.735743933488639756
-0.245289535331883468 -0.749332749468899828 0.735616236312350402
-0.245289535331883468 -0.749332749468899828 0.735486665079944646
-0.245289535331883468 -0.749332749468899828 0.735355220573170709
-0.245289535331883468 -0.749332749468899828 0.735221903585079439
-0.245289535331883468 -0.749332749468899828 0.735086714920018758
-0.245289535331883468 -0.749332749468899828 0.734949655393628665
-0.245289535331883468 -0.749332749468899828 0.734810725832837464
-0.245289535331883468 -0.749332749468899828 0.734669927075855544
-0.245289535331883468 -0.749332749468899828 0.734527259972170943
-0.245289535331883468 -0.749332749468899828 0.734382725382543899
-0.245289535331883468 -0.749332749468899828 0.734236324179002309
-0.245289535331883468 -0.749332749468899828 0.734088057244835501
-0.245289535331883468 -0.749332749468899828 0.733937925474589692
-0.245289535331883468 -0.749332749468899828 0.733785929774062096
-0.245289535331883468 -0.749332749468899828 0.733632071060296154
-0.245289535331883468 -0.749332749468899828 0.733476350261574761
-0.245289535331883468 -0.749332749468899828 0.733318768317415937
-0.245289535331883468 -0.749332749468899828 0.733159326178566717
-0.245289535331883468 -0.749332749468899828 0.732998024806996828
-0.245289535331883468 -0.749332749468899828 0.732834865175894024
-0.245289535331883468 -0.749332749468899828 0.732669848269657087
-0.245289535331883468 -0.749332749468899828 0.732502975083890617
-0.245289535331883468 -0.749332749468899828 0.732334246625398921
-0.245289535331883468 -0.749332749468899828 0.732163663912179352
-0.245289535331883468 -0.749332749468899828 0.731991227973417091
-0.245289535331883468 -0.749332749468899828 0.731816939849478376
-0.245289535331883468 -0.749332749468899828 0.731640800591904172
-0.245289535331883468 -0.749332749468899828 0.731462811263404067
-0.245289535331883468 -0.749332749468899828 0.731282972937849940
-0.245289535331883468 -0.749332749468899828 0.731101286700268749
-0.245289535331883468 -0.749332749468899828 0.730917753646837420
-0.245289535331883468 -0.749332749468899828 0.730732374884874636
-0.245289535331883468 -0.749332749468899828 0.730545151532835280
-0.245289535331883468 -0.749332749468899828 0.730356084720302889
-0.245289535331883468 -0.749332749468899828 0.730165175587983772
-0.245289535331883468 -0.749332749468899828 0.729972425287699123
-0.245289535331883468 -0.749332749468899828 0.729777834982378915
-0.245289535331883468 -0.749332749468899828 0.729581405846054243
-0.245289535331883468 -0.749332749468899828 0.729383139063850661
-0.245289535331883468 -0.749332749468899828 0.729183035831980852
-0.245289535331883468 -0.749332749468899828 0.728981097357737307
-0.245289535331883468 -0.749332749468899828 0.728777324859485542
-0.245289535331883468 -0.749332749468899828 0.728571719566655895
-0.245289535331883468 -0.749332749468899828 0.728364282719736744
-0.245289535331883468 -0.749332749468899828 0.728155015570267294
-0.245289535331883468 -0.749332749468899828 0.727943919380828919
-0.245289535331883468 -0.749332749468899828 0.727730995425038829
-0.245289535331883468 -0.749332749468899828 0.727516244987541416
-0.245289535331883468 -0.749332749468899828 0.727299669364000922
-0.245289535331883468 -0.749332749468899828 0.727081269861093782
-0.245289535331883468 -0.749332749468899828 0.726861047796500293
-0.245289535331883468 -0.749332749468899828 0.726639004498896957
-0.245289535331883468 -0.749332749468899828 0.726415141307948709
-0.245289535331883468 -0.749332749468899828 0.726189459574299923
-0.245289535331883468 -0.749332749468899828 0.725961960659567529
-0.245289535331883468 -0.749332749468899828 0.725732645936331688
-0.245289535331883468 -0.749332749468899828 0.725501516788128020
-0.245289535331883468 -0.749332749468899828 0.725268574609439609
-0.245289535331883468 -0.749332749468899828 0.725033820805687568
-0.245289535331883468 -0.749332749468899828 0.724797256793223710
-0.245289535331883468 -0.749332749468899828 0.724558883999321224
-0.245289535331883468 -0.749332749468899828 0.724318703862166235
-0.245289535331883468 -0.749332749468899828 0.724076717830849370
-0.245289535331883468 -0.749332749468899828 0.723832927365356760
-0.245289535331883468 -0.749332749468899828 0.723587333936561383
-0.245289535331883468 -0.749332749468899828 0.723339939026213963
-0.245289535331883468 -0.749332749468899828 0.723090744126934415
-0.245289535331883468 -0.749332749468899828 0.722839750742202303
-0.245289535331883468 -0.749332749468899828 0.722586960386348620
-0.245289535331883468 -0.749332749468899828 0.722332374584545467
-0.245289535331883468 -0.749332749468899828 0.722075994872797944
-0.245289535331883468 -0.749332749468899828 0.721817822797934383
-0.245289535331883468 -0.749332749468899828 0.721557859917596800
-0.245289535331883468 -0.749332749468899828 0.721296107800231900
-0.245289535331883468 -0.749332749468899828 0.721032568025081755
-0.245289535331883468 -0.749332749468899828 0.720767242182173473
-0.245289535331883468 -0.749332749468899828 0.720500131872310767
-0.245289535331883468 -0.749332749468899828 0.720231238707063071
-0.245289535331883468 -0.749332749468899828 0.719960564308756767
-0.245289535331883468 -0.749332749468899828 0.719688110310464868
-0.245289535331883468 -0.749332749468899828 0.719413878355997460
-0.245289535331883468 -0.749332749468899828 0.719137870099891496
-0.245289535331883468 -0.749332749468899828 0.718860087207401133
-0.245289535331883468 -0.749332749468899828 0.718580531354487628
-0.245289535331883468 -0.749332749468899828 0.718299204227808685
-0.245289535331883468 -0.749332749468899828 0.718016107524709124
-0.245289535331883468 -0.749332749468899828 0.717731242953210224
-0.245289535331883468 -0.749332749468899828 0.717444612231999179
-0.245289535331883468 -0.749332749468899828 0.717156217090419101
-0.245289535331883468 -0.749332749468899828 0.716866059268458589
-0.245289535331883468 -0.749332749468899828 0.716574140516741065
-0.245289535331883468 -0.749332749468899828 0.716280462596514012
-0.245289535331883468 -0.749332749468899828 0.715985027279638975
-0.245289535331883468 -0.749332749468899828 0.715687836348580131
-0.245289535331883468 -0.749332749468899828 0.715388891596394072
-0.245289535331883468 -0.749332749468899828 0.715088194826718926
-0.245289535331883468 -0.749332749468899828 0.714785747853762921
-0.245289535331883468 -0.749332749468899828 0.714481552502294504
-0.245289535331883468 -0.749332749468899828 0.714175610607630129
-0.245289535331883468 -0.749332749468899828 0.713867924015623934
-0.245289535331883468 -0.749332749468899828 0.713558494582656633
-0.245289535331883468 -0.749332749468899828 0.713247324175623976
-0.245289535331883468 -0.749332749468899828 0.712934414671925309
-0.245289535331883468 -0.749332749468899828 0.712619767959453143
-0.245289535331883468 -0.749332749468899828 0.712303385936580713
-0.245289535331883468 -0.749332749468899828 0.711985270512151103
-0.245289535331883468 -0.749332749468899828 0.711665423605465697
-0.245289535331883468 -0.749332749468899828 0.711343847146272412
-0.245289535331883468 -0.749332749468899828 0.711020543074754374
-0.245289535331883468 -0.749332749468899828 0.710695513341517593
-0.245289535331883468 -0.749332749468899828 0.710368759907580083
-0.245289535331883468 -0.749332749468899828 0.710040284744359096
-0.245289535331883468 -0.749332749468899828 0.709710089833660129
-0.245289535331883468 -0.749332749468899828 0.709378177167664048
-0.245289535331883468 -0.749332749468899828 0.709044548748915870
-0.245289535331883468 -0.749332749468899828 0.708709206590312113
-0.245289535331883468 -0.749332749468899828 0.708372152715089243
-0.245289535331883468 -0.749332749468899828 0.708033389156810689
-0.245289535331883468 -0.749332749468899828 0.707692917959355072
-0.245289535331883468 -0.749332749468899828 0.707350741176904108
-0.245289535331883468 -0.749332749468899828 0.707006860873929721
-0.245289535331883468 -0.749332749468899828 0.706661279125181618
-0.245289535331883468 -0.749332749468899828 0.706313998015675182
-0.245289535331883468 -0.749332749468899828 0.705965019640678482
-0.245289535331883468 -0.749332749468899828 0.705614346105699508
-0.245289535331883468 -0.749332749468899828 0.705261979526474403
-0.245289535331883468 -0.749332749468899828 0.704907922028953582
-0.245289535331883468 -0.749332749468899828 0.704552175749289300
-0.245289535331883468 -0.749332749468899828 0.704194742833822995
-0.245289535331883468 -0.749332749468899828 0.703835625439072410
-0.245289535331883468 -0.749332749468899828 0.703474825731717712
-0.245289535331883468 -0.749332749468899828 0.703112345888589618
-0.245289535331883468 -0.749332749468899828 0.702748188096655402
-0.245289535331883468 -0.749332749468899828 0.702382354553006127
-0.245289535331883468 -0.749332749468899828 0.702014847464843106
-0.245289535331883468 -0.749332749468899828 0.701645669049464793
-0.245289535331883468 -0.749332749468899828 0.701274821534253578
-0.245289535331883468 -0.749332749468899828 0.700902307156661686
-0.245289535331883468 -0.749332749468899828 0.700528128164198294
-0.245289535331883468 -0.749332749468899828 0.700152286814415881
-0.245289535331883468 -0.749332749468899828 0.699774785374896457
-0.245289535331883468 -0.749332749468899828 0.699395626123237801
-0.245289535331883468 -0.749332749468899828 0.699014811347040133
-0.245289535331883468 -0.749332749468899828 0.698632343343891682
-0.245289535331883468 -0.749332749468899828 0.698248224421355368
-0.245289535331883468 -0.749332749468899828 0.697862456896954697
-0.245289535331883468 -0.749332749468899828 0.697475043098159664
-0.245289535331883468 -0.749332749468899828 0.697085985362372984
-0.245289535331883468 -0.749332749468899828 0.696695286036915662
-0.245289535331883468 -0.749332749468899828 0.696302947479013001
-0.245289535331883468 -0.749332749468899828 0.695908972055780284
-0.245289535331883468 -0.749332749468899828 0.695513362144208891
-0.245289535331883468 -0.749332749468899828 0.695116120131151316
-0.245289535331883468 -0.749332749468899828 0.694717248413307176
-0.245289535331883468 -0.749332749468899828 0.694316749397208888
-0.245289535331883468 -0.749332749468899828 0.693914625499206461
-0.245289535331883468 -0.749332749468899828 0.693510879145453840
-0.245289535331883468 -0.749332749468899828 0.693105512771893584
-0.245289535331883468 -0.749332749468899828 0.692698528824242432
-0.245289535331883468 -0.749332749468899828 0.692289929757976541
-0.245289535331883468 -0.749332749468899828 0.691879718038316605
-0.245289535331883468 -0.749332749468899828 0.691467896140213090
-0.245289535331883468 -0.749332749468899828 0.691054466548331137
-0.245289535331883468 -0.749332749468899828 0.690639431757035682
-0.245289535331883468 -0.749332749468899828 0.690222794270376361
-0.247328321734322287 -0.749354998883535406 0.689804556602072627
-0.250429545793171116 -0.749384386243722389 0.689384721275498102
-0.253585079167902294 -0.749408789330741620 0.688963290823665919
-0.256798137470257037 -0.749427966163899506 0.688540267789212845
-0.260072220667534770 -0.749441651552173238 0.688115654724384629
-0.263411162790953224 -0.749449547127574722 0.687689454191019900
-0.266819204987781000 -0.749451298497672003 0.687261668760535072
-0.270301132379478726 -0.749446430169996902 0.686832301013909019
-0.275068854164690735 -0.749427981810766197 0.686401353541667092
-0.278754194675198574 -0.749398400978933288 0.685968828943865794
-0.282460385451215767 -0.749416068737499330 0.685534729830076905
-0.286354139666622654 -0.749359244765501975 0.685099058819371831
-0.290332976411618815 -0.749312608785560608 0.684661818540305611
-0.294431635168169614 -0.749260005531683704 0.684223011630901601
-0.257066196566866911 -0.737999538154247792 0.683782640738634817
-0.304427367551604489 -0.749082614996291918 0.683340708520416507
-0.309000391794604423 -0.748995677840332608 0.682897217642577936
-0.313735546122880127 -0.748893178372266988 0.682452170780854406
-0.318659416458189237 -0.748775128800824197 0.682005570620368706
-0.325559165501767389 -0.748590506888863749 0.681557419855615576
-0.331020039599499438 -0.748428311965925741 0.681107721190444715
-0.336762023639542663 -0.748241979817004355 0.680656477338045240
-0.342824387576261547 -0.748026958575618406 0.680203691020928702
-0.351489890837498375 -0.747685010203723244 0.679749364970912762
-0.358505019973304528 -0.747376215530316745 0.679293501929105314
-0.366049705696600225 -0.747009624992140187 0.678836104645886729
-0.377117749054502571 -0.746401719086107973 0.678377175880894634
-0.386370545594549086 -0.745824766409296624 0.677916718403006269
-0.396700873886002059 -0.745103749604275389 0.677454734990322271
-0.413032507582640984 -0.743815217005298734 0.676991228430149805
-0.430003190565754090 -0.742434779101006193 0.676526201518985459
-0.428412682414456847 -0.740071356082706355 0.676059657062499042
-0.455547103461595382 -0.737478629813337894 0.675591597875515815
-0.478614227289189287 -0.733626643586201777 0.675122026782000395
-0.515404608143455123 -0.725322708259844684 0.674650946615038660
-0.550888014002747117 -0.714741081475125384 0.674178360216821981
-0.615372066478625523 -0.688176777313636578 0.673704270438628683
-0.683654059123791846 -0.647510959420284138 0.673228680140807945
-0.775381119408357744 -0.563248848369163113 0.672751592192761816
-0.889600270442670649 -0.266271583433191517 0.672273009472928451
-0.683158111078431940 0.144794998554623466 0.671792934868764235
-0.014399102784287698 0.022343587134233619 0.671311371276726909
0.067136044064500869 -0.288640846345557089 0.670828321602257471
-0.000909798863156147 -0.494164567555278600 0.670343788759763304
-0.055578517990791387 -0.565993465303444188 0.669857775672599853
-0.112246579865762114 -0.617314953918437492 0.669370285273053756
-0.154004321405066369 -0.645255349493145669 0.668881320502324628
-0.178548088069009347 -0.658475422807615174 0.668390884310507527
-0.205041901105018687 -0.670291462545759220 0.667898979656575076
-0.221508855950073497 -0.676381341962800753 0.667405609508359698
-0.240178768088620903 -0.682118034838727016 0.666910776842535635
-0.252300024589105110 -0.685164922068942639 0.666414484644600846
-0.266555545757355461 -0.688044400090441322 0.665916735908859470
-0.279116719091095866 -0.689928748412054427 0.665417533638403169
-0.287659625021137844 -0.690847892335136549 0.664916880845093483
-0.298108976272756732 -0.691558724934525859 0.664414780549543171
-0.307679792016973264 -0.691796749477573747 0.663911235781098785
-0.314382052611852925 -0.691720423883939284 0.663406249577821461
-0.322788125263106074 -0.691332672872724596 0.662899824986468933
-0.330682045393709600 -0.690663576629487852 0.662391965062477772
-0.336316308148573606 -0.689999860790305397 0.661882672869943733
-0.343500827615924820 -0.688921810881043761 0.661371951481604547
-0.350360864087150059 -0.687642645640185735 0.660859803978820493
-0.355320473628944478 -0.686561071072892215 0.660346233451555964
-0.361716624601011394 -0.684965618954837208 0.659831242998361267
-0.367894539341418580 -0.683202692492039132 0.659314835726353410
-0.373881427657786758 -0.681277947122945426 0.658797014751197674
-0.378260231666352809 -0.679730141017896305 0.658277783197088628
-0.383966259236877161 -0.677528310354490348 0.657757144196731369
-0.389537016134610892 -0.675167965179362839 0.657235100891322421
-0.394987836483471966 -0.672646584739567399 0.656711656430531421
-0.399005393078308235 -0.670647336364394220 0.656186813972481464
-0.404277731961353748 -0.667832668554814823 0.655660576683730012
-0.409463526496230024 -0.664840757535478555 0.655132947739250349
-0.414572542271580691 -0.661662238757077747 0.654603930322411820
-0.419613583417849600 -0.658285719489855814 0.654073527624961182
-0.424594622619847040 -0.654697586589715774 0.653541742847002838
-0.429522893823692853 -0.650881751945084575 0.653008579196979855
-0.433188434662627797 -0.647859200148439895 0.652474039891654756
-0.438039730978116437 -0.643597522863136429 0.651938128156089536
-0.442854677323826162 -0.639048170965261786 0.651400847223626678
-0.447637932771239422 -0.634182122903521495 0.650862200335869279
-0.452393320463025717 -0.628965423417227276 0.650322190742662065
-0.457123645626004882 -0.623358250402192837 0.649780821702071409
-0.461830417173601793 -0.617313746948909503 0.649238096480365567
-0.466513436631883271 -0.610776551561194370 0.648694018351995028
-0.471170200568824138 -0.603680936696234127 0.648148590599572971
-0.475795036159697704 -0.595948434268823268 0.647601816513855399
-0.480377848786641359 -0.587484782930986826 0.647053699393721038
-0.484902296937037069 -0.578175970582959553 0.646504242546151686
-0.489343108590278020 -0.567883059146744529 0.645953449286212344
-0.493662089840613993 -0.556435356583717455 0.645401322937030675
-0.497802107084712397 -0.543621329129581721 0.644847866829777683
-0.501677871016238064 -0.529176406792387199 0.644293084303647068
-0.505161572078512200 -0.512766509674046023 0.643736978705835461
-0.508060048817704724 -0.493965709083160454 0.643179553391521885
-0.510077709840540683 -0.472225996499259060 0.642620811723847774
-0.510754902016357981 -0.446836932925237074 0.642060757073896426
-0.509362910136330949 -0.416873886937399019 0.641499392820673031
-0.504720551850940335 -0.381138399484470536 0.640936722351083898
-0.494866412710906423 -0.338111203573608576 0.640372749059916258
-0.476464095574839264 -0.285992166584818019 0.639807476349817827
-0.443729446272804084 -0.223064110214381439 0.639240907631276056
-0.386619088845514103 -0.149088955319021055 0.638673046322597582
-0.254991285221746966 -0.050967926822554147 0.638103895849887803
-0.075051651621168169 -0.000307374782385350 0.637533459647030010
0.169931053691091766 -0.043877655775599454 0.636961741155665062
0.391501486304625945 -0.246961006776910047 0.636388743825169967
0.454178513391883976 -0.547981661576197876 0.635814471112637336
0.357096364778988873 -0.793769896361362748 0.635238926482855071
0.205260268288835257 -0.928387003733470495 0.634662113408284490
0.035766852486945555 -0.989512189210529525 0.634084035369040122
-0.067105599593574095 -0.996779066976903994 0.633504695852868616
-0.145220525661186040 -0.988783854621626546 0.632924098355127196
-0.204955789848185410 -0.974709076963522270 0.632342246378763129
-0.251466262388953921 -0.958762036390190864 0.631759143434292514
-0.296530610134641548 -0.938932909134414961 0.631174793039778748
-0.325132870382705663 -0.924025028508079438 0.630589198720811650
-0.348935444008032059 -0.910218298514348545 0.630002364010486038
-0.369097433587191603 -0.897533664711163692 0.629414292449380408
-0.390426622739886764 -0.883158534780780879 0.628824987585535511
-0.405107640968567551 -0.872727554063556177 0.628234452974433477
-0.418136577008630106 -0.863137740682500265 0.627642692178975614
-0.432578964202776417 -0.852187932816979465 0.627049708769460978
-0.442948831321813841 -0.844152859158732616 0.626455506323565503
-0.452465278954091166 -0.836679413576659869 0.625860088426319683
-0.463376262631894020 -0.828026752391056386 0.625263458670087813
-0.471454016072043736 -0.821585980222900414 0.624665620654545006
-0.479050410224496459 -0.815519119146837723 0.624066577986656545
-0.487978669229677531 -0.808395963766662007 0.623466334280656009
-0.494739485593939599 -0.803020188738224783 0.622864893158023070
-0.501213954330701705 -0.797895866454210734 0.622262258247461841
-0.508966131517267439 -0.791800617727526634 0.621658433184878789
-0.514936931811672549 -0.787141834101103055 0.621053421613361412
-0.520734142955355472 -0.782652063911144502 0.620447227183155481
-0.527774616100576299 -0.777247246324970331 0.619839853551643394
-0.533268670451761850 -0.773067497630669398 0.619231304383322301
-0.539994477638012227 -0.767996454699334086 0.618621583349781567
-0.545282129827402096 -0.764044626511523051 0.618010694129680793
-0.551800018924614499 -0.759213927799736288 0.617398640408728050
-0.556957511400810845 -0.755421326397493487 0.616785425879656679
-0.562078049003967517 -0.751679836484268060 0.616171054242203975
-0.568444524276006002 -0.747057615209796633 0.615555529203088425
-0.573523869798980290 -0.743390182864020588 0.614938854475987173
-0.579873340142979865 -0.738826123027273574 0.614321033781514036
-0.584966012815177017 -0.735177897616222653 0.613702070847196968
-0.591365666034074922 -0.730603302379993158 0.613081969407454963
-0.596525782762639900 -0.726918171699310722 0.612460733203576524
-0.603045381978719819 -0.722259850134743808 0.611838365983696564
-0.608331854113129955 -0.718475401334618624 0.611214871502773316
-0.615051190600057085 -0.713648141466152519 0.610590253522566684
-0.620534891107558439 -0.709688185284641837 0.609964515811614816
-0.627555077892662960 -0.704582666533542734 0.609337662145211567
-0.634800043806604486 -0.699259685842747003 0.608709696305383963
-0.640794154784625314 -0.694804821991009569 0.608080622080868771
-0.648592913995673759 -0.688925847723242279 0.607450443267090412
-0.655133702341371360 -0.683910642074537112 0.606819163666137418
-0.663790878775274984 -0.677133545686099181 0.606186787086739787
-0.671210027778990082 -0.671180015332912605 0.605553317344246333
-0.681315477173627615 -0.662818868095808367 0.604918758260600598
-0.692723584994992647 -0.652971609277207099 0.604283113664319305
-0.703237130844430736 -0.643447089954619189 0.603646387390467831
-0.719147330093057535 -0.628059865828471509 0.603008583280637778
-0.735604745477754673 -0.610666531631552045 0.602369705182924098
-0.765516287585139454 -0.574088511871259199 0.601729756951901340
-0.820004328796997806 -0.479384132500889459 0.601088742448600111
-0.820959882107089256 -0.102769264469719679 0.600446665540484759
-0.328276119830440916 -0.766046948485155310 0.599803530101429061
-0.577646367455905252 -0.726895130010886570 0.599159340011693797
-0.633862864525902125 -0.697300935181229709 0.598514099157902213
-0.671607204082284359 -0.671912350429610616 0.597867811433017704
-0.697199928077240627 -0.651836580908087382 0.597220480736319392
-0.714255325096950444 -0.637019636994893168 0.596572110973379255
-0.734065076079073231 -0.618147221362363330 0.595922706056038476
-0.754014520876990946 -0.596979335640514530 0.595272269902383133
-0.775775075014047522 -0.570751723661675148 0.594620806436721661
-0.795798913181931855 -0.542800605966048288 0.593968319589560312
-0.826233535776320194 -0.489739376684242500 0.593314813297580179
-0.862930313904926916 -0.385823522798561247 0.592660291503612213
-0.839601673589279951 -0.099362083107052523 0.592004758156615130
-0.135874268574448315 0.127804222015205027 0.591348217211650096
-0.243013924299509798 -0.741255156019171135 0.590690672629857860
-0.508625500217590676 -0.752017896392620400 0.590032128378433995
-0.608106712530002924 -0.716886318960677116 0.589372588430605804
-0.651815814994930243 -0.693559031128822556 0.588712056765608116
-0.688182551310825508 -0.669997143693474961 0.588050537368658643
-0.714392456310632196 -0.650511636404405125 0.587388034230934886
-0.735118971488670003 -0.633546875724880776 0.586724551349549261
-0.752573511725360356 -0.618150991420782003 0.586060092727525461
-0.764989426631106362 -0.606554296275559679 0.585394662373774133
-0.779170359882692010 -0.592615728430008648 0.584728264303068901
-0.792278018213432578 -0.579029504863501354 0.584060902536021609
-0.804603163156692225 -0.565586201387028642 0.583392581099058893
-0.816337479681154221 -0.552128495010666853 0.582723304024396649
-0.827610130427650303 -0.538532904197795426 0.582053075350017379
-0.838508894673315130 -0.524698338758521565 0.581381899119644441
-0.846999202673717422 -0.513400361677098793 0.580709779382718061
-0.857359980894692231 -0.498925283895318816 0.580036720194371247
-0.867463971040794757 -0.483992421347411717 0.579362725615404806
-0.877324163337273699 -0.468534841767099253 0.578687799712263029
-0.886943148515518587 -0.452487464076082202 0.578011946557009382
-0.896314649156649157 -0.435785136953501351 0.577335170227301964
-0.905424457921017001 -0.418360815454832724 0.576657474806368309
-0.914250924313281144 -0.400143639582512367 0.575978864382981293
-0.922765058070138644 -0.381056704514943334 0.575299343051434375
-0.930930255055274047 -0.361014260807839105 0.574618914911516843
-0.937181293633420398 -0.344226809479909468 0.573937584068489048
-0.944598768004178524 -0.322204944183097419 0.573255354633057546
-0.951515779233284897 -0.298902489625135215 0.572572230721350661
-0.957853893606562923 -0.274149927909265900 0.571888216454893183
-0.963514419267084810 -0.247728006462720807 0.571203315960581826
-0.968368580088287301 -0.219342751744148412 0.570517533370660246
-0.972239611419776328 -0.188584597548412336 0.569830872822694068
-0.974868375722402369 -0.154858773134277927 0.569143338459545789
-0.975842974506514360 -0.117261023180542712 0.568454934429350356
-0.974442901292254193 -0.074343128993458407 0.567765664885489074
-0.969258287444251576 -0.023641381113978122 0.567075533986565739
-0.957133894765982318 0.039338633014215696 0.566384545896380986
-0.929705446877106434 0.123410029423382028 0.565692704783906763
-0.859213561030571338 0.245980739317624209 0.565000014823262009
-0.626241784730417472 0.413719801284055499 0.564306480193686899
-0.020047848911002697 0.107872614540320655 0.563612105079517756
-0.460410973871642926 -0.495415358779815351 0.562916893670161955
-0.770254700686696658 -0.372219909514200920 0.562220850160072394
-0.860393750304136118 -0.247284064829192018 0.561523978748722397
-0.890194102051225622 -0.158187666183791154 0.560826283640580292
-0.898589761427354583 -0.077864330063331988 0.560127769045084101
-0.895241662627228596 -0.023180009803116131 0.559428439176616110
-0.886562293182195704 0.024998523751887880 0.558728298254477340
-0.874193011914070173 0.069123668092298807 0.558027350502862229
-0.859001027947716933 0.110907435353071904 0.557325600150833100
-0.841520455637129072 0.151972535163048650 0.556623051432294513
-0.822122915765543305 0.194657553618839740 0.555919708585968286
-0.800941519859834750 0.244041788669241699 0.555215575855366850
-0.776200493430410532 0.316673474593315962 0.554510657488768932
-0.702210151078790146 0.515817970003936699 0.553804957739192694
-0.369932256487407130 -0.095293230902304182 0.553098480864371078
-0.630064143121318421 0.139770302862426560 0.552391231126725279
-0.622488469527414212 0.201291425957169923 0.551683212793339983
-0.599740716682848785 0.235997078348247208 0.550974430135936832
-0.572214340351821948 0.259445626633173387 0.550264887430848670
-0.542512836631983686 0.276327682982388689 0.549554588958994228
-0.511673831167120174 0.288539535494667265 0.548843539005852032
-0.480258946505671969 0.297008792336727057 0.548131741861434318
-0.442322719986613544 0.302959356866942087 0.547419201820261936
-0.410840592058786369 0.304796894353411452 0.546705923181337261
-0.379724106324549615 0.304055777097829660 0.545991910248119217
-0.349169874534787705 0.300934430191906466 0.545277167328497070
-0.319348841951132667 0.295610007532605967 0.544561698734763899
-0.290409413450587184 0.288248314518514570 0.543845508783591502
-0.257024010910013867 0.276949031764191056 0.543128601796003752
-0.230445375977666345 0.265659696695548564 0.542410982097350503
-0.205088393050897044 0.252827365662965042 0.541692654017281949
-0.181020897410506504 0.238596981882341463 0.540973621889721756
-0.153913357762092334 0.219870358044898351 0.540253890052841745
-0.132842606973691324 0.203043385276476335 0.539533462849035028
-0.113174840001740606 0.185235836321942376 0.538812344624890471
-0.094918499168135176 0.166558562336771521 0.538090539731165718
-0.078072042750681858 0.147110473489456661 0.537368052522761430
-0.059703246691056359 0.122874383460510883 0.536644887358695422
-0.045915893748485662 0.102009044082449721 0.535921048602074901
-0.033488722955822448 0.080588608887996807 0.535196540620071826
-0.022400213556049386 0.058640540574528596 0.534471367783895701
-0.010833715045809553 0.031607756337437669 0.533745534468767047
-0.002629394033021961 0.008463872859881590 0.533019045053891527
0.004271822573581701 -0.015319328308260936 0.532291903922433307
0.009849803051001532 -0.039872000679220948 0.531564115461488407
0.014717733664421955 -0.070646593283134912 0.530835684062058610
0.017115285675570094 -0.097769026782022178 0.530106614119024488
0.017764166329820016 -0.126776252293125252 0.529376910031119641
0.015610927799618549 -0.165230965319247858 0.528646576200903162
0.010349756897969187 -0.201897028107626830 0.527915617034733886
-0.000012745245597259 -0.245224397917249537 0.527184036942743628
-0.025493915854793076 -0.312049168133176957 0.526451840338810095
-0.072170474299047133 -0.389351999886716926 0.525719031640530909
-0.186720528466423757 -0.497036335613321223 0.524985615269196515
-0.524014393325819894 -0.563198154469919610 0.524251595649763980
-0.764179369463216074 0.197690319660911884 0.523516977210829459
-0.252970414649813014 0.297842397775868295 0.522781764384602554
-0.078221049140178425 0.160319674768502007 0.522045961606878439
-0.014916453442366927 0.047027669946211187 0.521309573317012220
0.003624723054541043 -0.015296735795606871 0.520572603957891289
0.011086792204499239 -0.061539140212543447 0.519835057975908787
0.013392082060977646 -0.104541634442187656 0.519096939820936853
0.012385665729996137 -0.133837718255844479 0.518358253946300196
0.009114972177523398 -0.163882158726451066 0.517619004808748007
0.005212112525231641 -0.185933305182623465 0.516879196868428425
0.000497337933081349 -0.206019785095277796 0.516138834588860784
-0.006057545528839151 -0.228196758092209406 0.515397922436909073
-0.012197875391895277 -0.245474226079874958 0.514656464882754738
-0.018936924666091010 -0.261936498968928178 0.513914466399869707
-0.027839331629473982 -0.280908668290703156 0.513171931464990072
-0.035993600430208494 -0.296275653959462593 0.512428864558087671
-0.046782512353822692 -0.314424797897735531 0.511685270162344774
-0.056751530263038447 -0.329487555741177274 0.510941152764125550
-0.067791746986823748 -0.344661713133785075 0.510196516852949977
-0.082795805768722947 -0.363253375865797479 0.509451366921466198
-0.097164539961309054 -0.379281214279653167 0.508705707465423762
-0.117395509040188001 -0.399464890545992712 0.507959542983646317
-0.137625311328733291 -0.417342616916785869 0.507212877978004517
-0.162131703617308720 -0.436424064540377854 0.506465716953388712
-0.199756515702168291 -0.461119813259479316 0.505718064417682078
-0.241469477745113625 -0.483010878402515109 0.504969924881733090
-0.311796056786872222 -0.508959702849804185 0.504221302859328868
-0.398220761762521192 -0.524596265262639916 0.503472202867166985
-0.525941630987289188 -0.517620446498517461 0.502722629424828926
-0.747846701517014933 -0.405288352438400057 0.501972587054753117
-0.893587572593622759 -0.103657577371805976 0.501222080282206495
-0.650968706972113398 0.331442084024962724 0.500471113635258535
-0.303412191117147012 0.360316307058084317 0.499719691644752828
-0.089950114917285467 0.211417404704466128 0.498967818844280431
-0.024728664949157819 0.096518803222359673 0.498215499770152170
0.000521656801950983 -0.003983684418013399 0.497462738961371664
0.003773904631706598 -0.064286775468615831 0.496709540959607176
0.000319459189758640 -0.110297547934895018 0.495955910309165471
-0.007729602159903592 -0.152796267800528907 0.495201851556962724
-0.015877858712323389 -0.180906387246644595 0.494447369252498770
-0.026367269958823006 -0.208541676020395250 0.493692467947828284
-0.035351915352089328 -0.227856581975389272 0.492937152197534589
-0.046239156308779256 -0.247754959743528236 0.492181426558700674
-0.055353000153318191 -0.262246412335776613 0.491425295590883215
-0.066342163913043165 -0.277715387145405279 0.490668763856084045
-0.075572649968580111 -0.289344627092920914 0.489911835918723060
-0.086793071933551930 -0.302112312992288634 0.489154516345610635
-0.096317744129064117 -0.311960019701118640 0.488396809705919865
-0.108036507165868462 -0.323025371934444139 0.487638720571159257
-0.118114023662900233 -0.331744865690263069 0.486880253515145078
-0.130683590045901410 -0.341736288930724386 0.486121413113973777
-0.141646854528442834 -0.349753202357408699 0.485362203945993942
-0.155523870982397477 -0.359091013892350486 0.484602630591779604
-0.167812554548454507 -0.366693949690824972 0.483842697634101593
-0.183615185404906928 -0.375660045872651227 0.483082409657900780
-0.197839945073548351 -0.383031908207743743 0.482321771250259546
-0.216448834591042638 -0.391777315348886823 0.481560787000374912
-0.233500640973892865 -0.398974031308845900 0.480799461499530345
-0.256229873332998737 -0.407450765815795313 0.480037799341068050
-0.277465592097030700 -0.414294609433484506 0.479275805120361664
-0.306353157704553070 -0.422035602293446221 0.478513483434788112
-0.333908471448220334 -0.427812206564074260 0.477750838883700013
-0.372192999443306693 -0.433331486330558402 0.476987876068398153
-0.409464872269916624 -0.435970453466185459 0.476224599592103282
-0.462216611236354269 -0.435132525472325726 0.475461014059928577
-0.525700736864715856 -0.426886884090450280 0.474697124078852117
-0.588239469453258668 -0.410566742197739254 0.473932934257688454
-0.675505260540066321 -0.372247956411278502 0.473168449207061581
-0.756349813547636307 -0.316031385889777638 0.472403673539376345
-0.852572586799605014 -0.205314212660722417 0.471638611868791302
-0.912771236300926159 -0.068086745514802871 0.470873268811190182
-0.921669193502473671 0.143054836022234622 0.470107648984154913
-0.849939087610844912 0.323791669938401250 0.469341757006936922
-0.678994612297992184 0.482264326685972911 0.468575597500429597
-0.509769466884212208 0.537776540986646068 0.467809175087140594
-0.329331254672749874 0.526860070631773425 0.467042494391163687
-0.197128014212151786 0.470315065102990149 0.466275560038151071
-0.121796687684991911 0.411916544466012835 0.465508376655285161
-0.062573506201919316 0.343056931505068219 0.464740948871250947
-0.031267511369619416 0.291355228125874832 0.463973281316208130
-0.007855513564305402 0.237691217606237515 0.463205378621762642
0.003847591300151582 0.199696381754955188 0.462437245420939558
0.011867123596664794 0.161209567070339232 0.461668886348154228
0.015235250533927026 0.134209650220688537 0.460900306039185248
0.016722854225260673 0.106896831233121797 0.460131509131145422
0.016430191399951846 0.084205495010364173 0.459362500262455065
0.015339370603669935 0.068238551552697438 0.458593284072812746
0.013422188235624844 0.052037784683461347 0.457823865203168145
0.011536256630235294 0.040638771394036065 0.457054248295693633
0.009120164753530514 0.029103092733345503 0.456284437993756620
0.006682122663341801 0.019570755050818560 0.455514438941891142
0.004711981095708433 0.012947610523131528 0.454744255785770268
0.002487930950104916 0.006378343274430256 0.453973893172177512
0.000789015355816667 0.001918530565806606 0.453203355748979131
-0.001028799767571616 -0.002358744279656803 0.452432648165096596
-0.002338559964373738 -0.005121961519982002 0.451661775070477334
-0.003643345573642130 -0.007578038208397486 0.450890741116067750
-0.004638811774754881 -0.009189800202124388 0.450119550953784642
-0.005220419655280698 -0.009949175287973342 0.449348209236487384
-0.005608500134317788 -0.010222689712438292 0.448576720617949509
-0.005664709048242623 -0.009961792864420395 0.447805089752831120
-0.005400371290512918 -0.009109467723895922 0.447033321296650354
-0.004761755870122154 -0.007713872160993895 0.446261419905755630
-0.003933856446375449 -0.006166210882621845 0.445489390237297223
-0.002572946850446527 -0.003879597438308085 0.444717236949199513
-0.001122027296159667 -0.001638847151050805 0.443944964700132727
0.001014038966054812 0.001426271465835607 0.443172578149484575
0.003598689172136556 0.004875935741812428 0.442400081957332769
0.006110098909814969 0.008026135705481134 0.441627480784416215
0.009572550659870246 0.012116471753395180 0.440854779292107424
0.012848930809711306 0.015768219998643078 0.440081982142383921
0.017273738787923765 0.020423233848833329 0.439309093997800659
0.022265470018553921 0.025355728174564551 0.438536119521461376
0.026882700368960264 0.029662562836294776 0.437763063376990780
0.033004766016358933 0.035047325676955010 0.436989930228506185
0.038619076829386929 0.039699382297133386 0.436216724740589701
0.046010952062857477 0.045458171661127894 0.435443451578259699
0.054165046674163664 0.051383846576002132 0.434670115406943058
0.061582973231660704 0.056427869301131958 0.433896720892446575
0.071286154905115279 0.062578671827206722 0.433123272700929207
0.080087419780134936 0.067759910169136184 0.432349775498873712
0.091574191947082773 0.074005706340838751 0.431576233953058608
0.104151968375053167 0.080233192577103263 0.430802652730529700
0.115536334775976440 0.085364497272994819 0.430029036498572770
0.130374488426189983 0.091388477469646179 0.429255389924684039
0.143802180048451883 0.096237306894162017 0.428481717676543417
0.161306946411033186 0.101758353880806007 0.427708024421985300
0.180472248874343516 0.106831385836766712 0.426934314828971262
0.197833083670319487 0.110601221647090950 0.426160593565560908
0.220496199138258631 0.114403402006512556 0.425386865299884787
0.241047914544085140 0.116802875572621923 0.424613134700115247
0.267905254851563468 0.118492539034517425 0.423839406434439070
0.297389161456028228 0.118515032772017692 0.423065685171028827
0.324151716825348657 0.116904383304342357 0.422291975578014622
0.359123513082457324 0.112469616473422462 0.421518282323456672
0.390812609163724178 0.106144399767887671 0.420744610075315939
0.432060795250554963 0.094514915856641707 0.419970963501427319
0.476895049529089010 0.077241352982782258 0.419197347269470222
0.516901483165326359 0.057342889801477670 0.418423766046941481
0.567639396799616169 0.025063519696818359 0.417650224501126266
0.611437926380699937 -0.010543457342937657 0.416876727299070882
0.664018216538973416 -0.066233162610559504 0.416103279107553403
0.713236377043067415 -0.138953112708328552 0.415329884593057030
0.747657950146151551 -0.214462031388262697 0.414556548421740223
0.774048207114049980 -0.323829059419331822 0.413783275259410332
0.776627964518397551 -0.429012138208156646 0.413010069771493848
0.747011834095426930 -0.565370910642710056 0.412236936623009365
0.674355686476100891 -0.699013341881159822 0.411463880478538657
0.580820282755151629 -0.794303324339996841 0.410690906002199319
0.438429809259458958 -0.873197846535174405 0.409918017857616057
0.307947661465741873 -0.901952691643649773 0.409145220707892665
0.155892811085695249 -0.892466748145015920 0.408372519215583762
0.024337647522908512 -0.844687241892984719 0.407599918042667209
-0.063576470440543209 -0.785904985002834788 0.406827421850515403
-0.142179820528401279 -0.704151734369905857 0.406055035299867251
-0.187540757887616316 -0.633478136551473670 0.405282763050800465
-0.222173182768304806 -0.551168413774657306 0.404510609762702811
-0.240059091671725400 -0.474824773719416116 0.403738580094244404
-0.245399293667814378 -0.416853072298834393 0.402966678703349568
-0.243413312700445472 -0.354332600558429522 0.402194910247168913
-0.236621843598119053 -0.307894995031381846 0.401423279382050524
-0.224088183603334545 -0.258449931047579462 0.400651790763512761
-0.208192959000184474 -0.215194386183900244 0.399880449046215336
-0.193180929347061298 -0.183371543805185000 0.399109258883932283
-0.173750509888028315 -0.149691860288860307 0.398338224929522700
-0.156791358544162401 -0.124990232701320633 0.397567351834903382
-0.135922311070490021 -0.098951967473775576 0.396796644251020736
-0.114831184874591513 -0.076443486893824214 0.396026106827822577
-0.097303228888039203 -0.060124669147902883 0.395255744214229765
-0.076559034062579606 -0.043213603198451488 0.394485561058108725
-0.059691152358727989 -0.031185595574851899 0.393715562006243303
-0.040198565047842458 -0.019068079940389417 0.392945751704306401
-0.024810286965231999 -0.010807697385756040 0.392176134796831943
-0.007760174231592060 -0.003026607594980032 0.391406715927187232
0.007126992861497202 0.002454946374911880 0.390637499737544969
0.017150369025877518 0.005240974966709622 0.389868490868854556
0.024817562614458291 0.006357730710416549 0.389099693960814785
0.025417597655734696 0.005348957817914956 0.388331113651845694
0.013481713358946927 0.001946411242018975 0.387562754579060531
-0.017762303153300830 -0.001232379358725560 0.386794621378237391
-0.123103777205802262 0.010926658393206896 0.386026718683791847
-0.448043727036776196 0.303449961366104970 0.385259051128749030
0.345571940131029209 0.861009030181883350 0.384491623344714872
0.502742705867134321 0.303968121842004169 0.383724439961849018
0.454565798065417970 0.185116307078944026 0.382957505608836291
0.427449566380079859 0.126822396972825463 0.382190824912859439
0.419508158638026929 0.099885609550756982 0.381424402499570547
0.419025266008742681 0.077498968425464554 0.380658242993063167
0.422924235875160204 0.062768196417142291 0.379892351015845064
0.430599808289558017 0.047391102615157249 0.379126731188809796
0.440237512481051751 0.033267060438982615 0.378361388131208842
0.449159575093981300 0.021935421541682154 0.377596326460623632
0.460473905697068697 0.008515007880043390 0.376831550792938397
0.470164786740768670 -0.002684062491938644 0.376067065742311524
0.481889078170036012 -0.016269010524530503 0.375302875921148027
0.491613677574353369 -0.027772496874276353 0.374538985940071401
0.503109224944141453 -0.041842096534156714 0.373775400407896752
0.512472477950209337 -0.053807665058169724 0.373012123931601880
0.523377814221721027 -0.068466363012115256 0.372249161116299909
0.532146200568211047 -0.080932716533261395 0.371486516565211977
0.542240240363220938 -0.096187212528741517 0.370724194879638425
0.550267032924174115 -0.109136291375797750 0.369962200658932039
0.559408243528552007 -0.124944811786736776 0.369200538500469633
0.566598436214914569 -0.138329602776607441 0.368439212999625065
0.574694906703015151 -0.154625276211132673 0.367678228749740488
0.580987161860441637 -0.168383762456219471 0.366917590342099198
0.587980538309968992 -0.185086954749926452 0.366157302365898329
0.593337085808115172 -0.199149841178646259 0.365397369408220485
0.599193208510000130 -0.216175294788292865 0.364637796054006091
0.603593705914861944 -0.230470668838474363 0.363878586886026256
0.608296671585434545 -0.247731971121672501 0.363119746484854844
0.611734135589913741 -0.262188316896027396 0.362361279428840721
0.615282186489638394 -0.279600868995497798 0.361603190294080168
0.617760049892650542 -0.294149113982229538 0.360845483654389343
0.620162473419156535 -0.311632177446951708 0.360088164081276974
0.621692276317177384 -0.326207115965503669 0.359331236143916044
0.622966885337241760 -0.343685238694558470 0.358574704409116762
0.623566339030219519 -0.358226518834772190 0.357818573441299359
0.623737302180817021 -0.375630511944192058 0.357062847802465555
0.623428584040266687 -0.390083299040390297 0.356307532052171694
0.622524478549687732 -0.407350877517763554 0.355552630747501208
0.621332676377342019 -0.421666277054325134 0.354798148443037253
0.619384684361987459 -0.438742458194533391 0.354044089690834618
0.617336332477865457 -0.452877777495329426 0.353290459040392801
0.614376512097271732 -0.469715140796642894 0.352537261038628369
0.611498155085561046 -0.483634089409426371 0.351784500229847863
0.607557690151617869 -0.500193044659898112 0.351032181155719714
0.603874366090816350 -0.513866029815485126 0.350280308355247205
0.599832607332130840 -0.527419382043894602 0.349528886364741498
0.594515028257255662 -0.543520151568020804 0.348777919717793483
0.589698119179290714 -0.556798057772249333 0.348027412945247028
0.583458831817653567 -0.572561717925138103 0.347277370575171052
0.577878429004710759 -0.585556286503680967 0.346527797132833160
0.570724135869781879 -0.600982124598793188 0.345778697140671221
0.564377388498325305 -0.613702468696515790 0.345030075118266999
0.557674065079457382 -0.626309339653646879 0.344281935582318011
0.549142414757481934 -0.641308412756624646 0.343534283046611377
0.541601342405513941 -0.653729154843388560 0.342787122021995572
0.531976199165393293 -0.668606190877569229 0.342040457016353661
0.523388520393424761 -0.681077872220583136 0.341294292534576271
0.512169837597568511 -0.696390790045487984 0.340548633078533836
0.501616369300245335 -0.709922075456790647 0.339803483147050112
0.488773940193272693 -0.725414765237254233 0.339058847235874428
0.461519534687548527 -0.755225056160497288 0.338314729837655315
-0.268866538122464749 -0.216553181434816111 0.337571135441912362
0.498806091121592465 -0.709346710201413266 0.336828068535010128
0.472778293645685688 -0.740749440001752135 0.336085533600130215
0.458725575900056193 -0.755472163066079894 0.335343535117245406
0.443765031473761895 -0.769886392827213495 0.334602077563091016
0.431773182353276219 -0.780659389972459428 0.333861165411139194
0.419860114528465722 -0.790757320424734345 0.333120803131571552
0.405469601344090602 -0.802228453994290658 0.332380995191252027
0.393312726790030209 -0.811349739126680625 0.331641746053699893
0.380961526208774326 -0.820121334822653925 0.330903060179063069
0.365847916477103963 -0.830219725153701793 0.330164942024091357
0.352989988199779392 -0.838294050549093783 0.329427396042108855
0.339880085418270361 -0.846064983082467137 0.328690426682987813
0.323803378625877825 -0.854991877521297239 0.327954038393121539
0.310110850752177036 -0.862097454630351256 0.327218235615397535
0.296144073867107893 -0.868895979122482176 0.326483022789170574
0.279015564675963001 -0.876641243252493707 0.325748404350236054
0.264430271878020484 -0.882743446433728041 0.325014384730803463
0.249558151502494607 -0.888516850814659920 0.324280968359469235
0.231328817651857088 -0.894997881247488358 0.323548159661190049
0.215815648492726775 -0.900014101176613401 0.322815963057256461
0.200007269557887779 -0.904668581258101012 0.322084382965266092
0.180644830715049831 -0.909759070255789615 0.321353423799096927
0.164180646570056710 -0.913573087479575774 0.320623089968880448
0.147416295835319122 -0.916982672229110118 0.319893385880975489
0.130351062146671304 -0.919972481385911589 0.319164315937941478
0.109475325962369974 -0.922983099515716443 0.318435884538511682
0.091748108015183183 -0.924990552653465636 0.317708096077566726
0.073721301810435735 -0.926522480078478150 0.316980954946108506
0.051696275250364354 -0.927705486066040752 0.316254465531233042
0.033017895399995500 -0.928120943368590967 0.315528632216104443
0.014048756668717133 -0.927994619281918176 0.314803459379928152
-0.005206307504408203 -0.927303621092184560 0.314078951397925132
-0.028681219872077390 -0.925695303064846708 0.313355112641304667
-0.048542195921818854 -0.923676414041937788 0.312631947477238548
-0.068664891783684678 -0.921012832022752637 0.311909460268834315
-0.089038487995587168 -0.917677584528082013 0.311187655375109562
-0.109650348087082128 -0.913642876341758114 0.310466537150965005
-0.134678363578463078 -0.907837735162257742 0.309746109947158288
-0.155759941563186732 -0.902162970109396389 0.309026378110278277
-0.177025268680250591 -0.895695538874462960 0.308307345982718140
-0.198452337342640894 -0.888405518931699167 0.307589017902649531
-0.224343450765273622 -0.878529486491309686 0.306871398203996282
-0.246035790211216521 -0.869324546486981764 0.306154491216408586
-0.267801262830876186 -0.859202132733749235 0.305438301265236245
-0.289606144759401163 -0.848133841383113873 0.304722832671503130
-0.311413756762713323 -0.836092405662904770 0.304008089751880761
-0.333184483202335069 -0.823052048687060611 0.303294076818662772
-0.359200662865135634 -0.806051525488199139 0.302580798179738097
-0.380736895692925348 -0.790732549478693425 0.301868258138565604
-0.402091024001144937 -0.774346571354979862 0.301156460994148056
-0.423212706096430247 -0.756878206191333391 0.300445411041005861
-0.444049844235473556 -0.738315494494046098 0.299735112569151418
-0.464549078154439854 -0.718650199351420937 0.299025569864063145
-0.488626041959510260 -0.693590686320615935 0.298316787206659995
-0.508191776569295817 -0.671490369265118514 0.297608768873274754
-0.527247880839014527 -0.648288122688313262 0.296901519135629122
-0.545743257058519116 -0.623992527718677636 0.296195042260807340
-0.563629605104999931 -0.598615668788685551 0.295489342511231157
-0.580862406923938646 -0.572172508564957938 0.294784424144633184
-0.597401913959399566 -0.544679982492904391 0.294080291414031747
-0.613214090743885110 -0.516155770627839239 0.293376948567705464
-0.628271454250792116 -0.486616704132156130 0.292674399849167044
-0.642553732202924888 -0.456076764626850928 0.291972649497137970
-0.658652035439036720 -0.418119371519269589 0.291271701745522582
-0.671195119062117262 -0.385396268323558611 0.290571560823383868
-0.682948346075383572 -0.351666267803874111 0.289872230954915933
-0.693920211029383616 -0.316898931906199000 0.289173716359419908
-0.704122018361829527 -0.281042825008590791 0.288476021251277581
-0.713564020829971390 -0.244020544892586011 0.287779149839927695
-0.722249821831501659 -0.205723466825732559 0.287083106329838189
-0.730168559858621169 -0.166006455362708139 0.286387894920482278
-0.737284294936621398 -0.124682978926823618 0.285693519806313190
-0.743521928008842314 -0.081521338088896056 0.284999985176738024
-0.748748941285544145 -0.036243128482357501 0.284307295216093381
-0.752752319788620783 0.011474353965038542 0.283615454103619102
-0.755210324215621176 0.061989261915878002 0.282924466013434350
-0.755659530022022463 0.115676402040036541 0.282234335114511015
-0.753459015202180060 0.172893927328771568 0.281545065570649733
-0.747756125740236199 0.233930140397861058 0.280856661540454244
-0.737462180595987893 0.298925218388105429 0.280169127177306077
-0.721251746845164687 0.367765110556467434 0.279482466629339732
-0.697604720313250493 0.439951305707413420 0.278796684039418097
-0.664913621359413787 0.514462242890735943 0.278111783545106850
-0.621674207768461162 0.589639670122803938 0.277427769278649428
-0.566759458310948983 0.663151514428810596 0.276744645366942488
-0.499742088257316919 0.732090315845013162 0.276062415931510929
-0.421186562956651911 0.793247146003567050 0.275381085088483135
-0.332801301259401272 0.843546087982272041 0.274700656948565658
-0.237356293517927364 0.880547710987598098 0.274021135617018741
-0.158252788632535224 0.899606005173372303 0.273342525193631669
-0.059060429158086514 0.910047705958156650 0.272664829772698014
0.037249504481047635 0.906475939342640480 0.271988053442990652
0.127861352560804942 0.890704866599861589 0.271312200287737060
0.210854216613854728 0.865105281447052121 0.270637274384595228
0.285219528006060596 0.832200711730550546 0.269963279805628786
0.350724183785294130 0.794355021487971658 0.269290220617281972
0.407701559619802811 0.753586095305409098 0.268618100880355593
0.456838562831612616 0.711493665438920897 0.267946924649982543
0.491080685911290837 0.677678806424817148 0.267276695975603384
0.528315294831592230 0.635959449260528276 0.266607418900941251
0.560190954467837843 0.595393248442129153 0.265939097463978480
0.587524532691337198 0.556343981890463080 0.265271735696931188
0.611037311237593084 0.519005776560863330 0.264605337626225900
0.631349140672861742 0.483454139343197808 0.263939907272474572
0.645648312011210868 0.456298460540606299 0.263275448650450827
0.661456945487613357 0.423918359246405030 0.262611965769065092
0.675316202684496103 0.393201157810816770 0.261949462631341390
0.687533502917558215 0.364049484428227821 0.261287943234391862
0.698360801165757605 0.336358312776847024 0.260627411569394229
0.706161749125504334 0.315185647464719665 0.259967871621566038
0.714981430063560630 0.289858458439893385 0.259309327370142229
0.722899210947117954 0.265704970847596533 0.258651782788349882
0.730033570342344285 0.242633683896004260 0.257995241843384959
0.735243280202246052 0.224899074559790912 0.257339708496387765
0.741202486381905112 0.203568875201512067 0.256685186702419799
0.746612040336251503 0.183104146882377583 0.256031680410439610
0.751530560767042832 0.163441042082296761 0.255379193563278428
0.755145296688626733 0.148248922350006251 0.254727730097616900
0.759299389886059384 0.129887915658533748 0.254077293943961557
0.763082910457630770 0.112182004763986598 0.253427889026620723
0.765864448320744073 0.098460215016128505 0.252779519263680752
0.769058272199760751 0.081829198921715696 0.252132188566982385
0.771960510905719710 0.065744686643525507 0.251485900842097765
0.774087103387482323 0.053249153920252479 0.250840659988306292
0.776517782065345608 0.038070534118062660 0.250196469898570972
0.778712018698685560 0.023357105167269798 0.249553334459515330
0.780307904016484533 0.011905066467007952 0.248911257551399867
0.782115583305043272 -0.002030172301133615 0.248270243048098749
0.783727691978681529 -0.015562344576744103 0.247630294817075935
0.784884817185664607 -0.026110489405088311 0.246991416719362256
0.786175047816603856 -0.038963244626028848 0.246353612609532258
0.787301572086277934 -0.051461637280597772 0.245716886335680784
0.788091534607626709 -0.061215289827853847 0.245081241739399380
0.788947639126518330 -0.073112779452149501 0.244446682655753811
0.789532837700003154 -0.082403305624917433 0.243813212913260191
0.790146572727221996 -0.093742519412165715 0.243180836333862671
0.790636616318056373 -0.104788214387546041 0.242549556732909621
0.790944466348287856 -0.113420841374052617 0.241919377919131262
0.791229798251635641 -0.123965472433778034 0.241290303694616182
0.791382528338405944 -0.132210444541373096 0.240662337854788411
0.791484192601401793 -0.142286187686327670 0.240035484188385162
0.791497771308921294 -0.150168041829437493 0.239409746477433349
0.791434714500494074 -0.159804197202130516 0.238785128497226773
0.791323533243488364 -0.167345364152551690 0.238161634016303414
0.791112841967513969 -0.176568812194338731 0.237539266796423398
0.790889884436138724 -0.183789937727245112 0.236918030592545070
0.790546976001381130 -0.192625493042219376 0.236297929152803232
0.790223956598820720 -0.199545687668739979 0.235678966218485830
0.789762737494952294 -0.208016375050886770 0.235061145524012804
0.789350218305571616 -0.214653409579703136 0.234444470796911636
0.788783220144742003 -0.222780681223635035 0.233828945757796114
0.788290712659069914 -0.229151141542709269 0.233214574120343354
0.787629211822391539 -0.236955050091149200 0.232601359591271956
0.787065267397998647 -0.243074461393194441 0.231989305870319185
0.786319392348917012 -0.250573799917151674 0.231378416650218466
0.785691683910541672 -0.256456728040130366 0.230768695616677788
0.785037886008076224 -0.262238996363572563 0.230160146448356639
0.784185909122962488 -0.269329280803434101 0.229552772816844636
0.783478029014870625 -0.274894579311424692 0.228946578386638622
0.782562192706307447 -0.281721606863778007 0.228341566815121244
0.781806056907815683 -0.287082484546425820 0.227737741752538220
0.781030173031309394 -0.292356346619553009 0.227135106841976964
0.780034018881340052 -0.298829770588309396 0.226533665719343968
0.779217167231007091 -0.303916081504752134 0.225933422013343488
0.778383532844715842 -0.308922564549019230 0.225334379345455083
0.777319118529029351 -0.315071594461122373 0.224736541329912165
0.776450615414940426 -0.319906038092133027 0.224139911573680239
0.775567799398784175 -0.324667265669026428 0.223544493676434614
0.774445168237446246 -0.330518769641839349 0.222950291230539055
0.773532536346700716 -0.335122229004763572 0.222357307821024419
0.772607625259455588 -0.339658555194245815 0.221765547025566445
0.771670981243721466 -0.344129519541240325 0.221175012414464467
0.770484452611961301 -0.349628934858785545 0.220585707550619681
0.769523228193549347 -0.353959077388668775 0.219997635989513968
0.768551812090588427 -0.358229305397646414 0.219410801279188383
0.767570611320674057 -0.362441202871337298 0.218825206960221313
0.766330923134480702 -0.367626392558653703 0.218240856565707519
0.765329044274790649 -0.371712621323971815 0.217657753621236849
0.764318506035172707 -0.375745381007180912 0.217075901644872893
0.763299598086682685 -0.379726081818576588 0.216495304147131529
0.762014594596030270 -0.384630835092217016 0.215915964630959911
0.760977787479701462 -0.388499357772574605 0.215337886591715516
0.759933386579948689 -0.392320137703175864 0.214761073517145018
0.758881583430882634 -0.396094423155660014 0.214185528887362697
0.757822549020115477 -0.399823426030219808 0.213611256174830066
0.756756434695960212 -0.403508322550282017 0.213038258844334860
0.755414035940058959 -0.408054154050192186 0.212466540352969940
0.754332449392839610 -0.411643932105872135 0.211896104150112174
0.753244149624302972 -0.415193189261864215 0.211326953677402479
0.752149213974124820 -0.418702958762944277 0.210759092368723977
0.751047704423654094 -0.422174242479723016 0.210192523650182150
0.749939668303196916 -0.425608011892580962 0.209627250940083665
0.748825138971256798 -0.429005209118430930 0.209063277648916135
0.747704136443925305 -0.432366748007227464 0.208500607179326947
0.746576667994340082 -0.435693515296544376 0.207939242926103607
0.745442728701399382 -0.438986371829157895 0.207379188276152232
0.744302301958424173 -0.442246153830807898 0.206820446608478120
0.743155359928488246 -0.445473674257571561 0.206263021294164489
0.741712460384783556 -0.449463910148851731 0.205706915696352854
0.740550701735744776 -0.452621703466104974 0.205152133170222351
0.739382264400937239 -0.455749733899365961 0.204598677062969414
0.738207076774011761 -0.458848731799867238 0.204046550713787689
0.737025057581105369 -0.461919412209414626 0.203495757453848236
0.735836116005748830 -0.464962476523630208 0.202946300606278940
0.734939807030326020 -0.467227066846388484 0.202398183486144662
0.733738504243910961 -0.470223455777831645 0.201851409400427062
0.732529980421011584 -0.473194101085437246 0.201305981648004950
0.731314109023840975 -0.476139668371189262 0.200761903519634410
0.730090753733565578 -0.479060817889679302 0.200219178297928596
0.728859768214571435 -0.481958206342866236 0.199677809257337857
0.727620995830764006 -0.484832488663729189 0.199137799664130727
0.726374269287876184 -0.487684319807420663 0.198599152776373439
0.725119410218172944 -0.490514356517374461 0.198061871843910497
0.723856228708575911 -0.493323259081957732 0.197525960108345194
0.722584522757094838 -0.496111693065440951 0.196991420803020012
0.721304077677713984 -0.498880331007833133 0.196458257152997223
0.720337872160899506 -0.500944227718727042 0.195926472375038851
0.719041576473863020 -0.503679867821423377 0.195396069677588241
0.717735880261890502 -0.506397610847203583 0.194867052260749796
0.716420514907139094 -0.509098170066454081 0.194339423316269994
0.715095195437165265 -0.511782273318126535 0.193813186027518514
0.714094492292512206 -0.513784998377938229 0.193288343569468529
0.712751014825166118 -0.516442104126902390 0.192764899108677640
0.711396707339614132 -0.519084842516281397 0.192242855803268775
0.710031214644479491 -0.521714008870075130 0.191722216802911405
0.708654160161919622 -0.524330419766405598 0.191202985248802360
0.707613542617034019 -0.526284861083279765 0.190685164273646623
0.706215280066638251 -0.528880983423813733 0.190168757001638655
0.704804299467075013 -0.531466716126553829 0.189653766548444014
0.703380132378238709 -0.534042967005703528 0.189140196021179541
0.702303055912970930 -0.535969494216284814 0.188628048518395514
0.700854600291499930 -0.538531419337954786 0.188117327130056300
0.699391520904902197 -0.541086504052483153 0.187608034937522289
0.698284265743306487 -0.542998939214435317 0.187100175013531100
0.696794173831136066 -0.545544519996252975 0.186593750422178684
0.695287773544100207 -0.548086136042405747 0.186088764218901248
0.694146862261233788 -0.549990412310365495 0.185585219450456806
0.692610257285917963 -0.552527781751643965 0.185083119154906633
0.691055369937497832 -0.555064326487606841 0.184582466361596864
0.689876727663211842 -0.556966922620331983 0.184083264091140619
0.688287894763130348 -0.559504970348394193 0.183585515355399187
0.687082804115341950 -0.561410150175054468 0.183089223157464454
0.685457315668876799 -0.563953646771128692 0.182594390491640279
0.683809553870765363 -0.566502123073923114 0.182101020343424957
0.682558493325616578 -0.568417599740692725 0.181609115689492451
0.680869216839231517 -0.570978235920468813 0.181118679497675406
0.679585733034076878 -0.572904540858139022 0.180629714726946222
0.677851413106996481 -0.575481972139427311 0.180142224327400208
0.676532717912497472 -0.577422698703797477 0.179656211240236729
0.674749436180535511 -0.580021881282620555 0.179171678397742395
0.673392431258250546 -0.581980877193714385 0.178688628723273041
0.671555829671890203 -0.584607126301066149 0.178207065131235742
0.670157065810437214 -0.586588524735768169 0.177726990527071554
0.668262287849355152 -0.589247559808386390 0.177248407807238162
0.666817917123750048 -0.591255816303033921 0.176771319859192089
0.664859538447450604 -0.593953814617067644 0.176295729561371350
0.663365257615726622 -0.595993750908447639 0.175821639783178052
0.661848142592409205 -0.598048841888233706 0.175349053384961262
0.659788187008898297 -0.600814267458730455 0.174877973217999694
0.658214088413812792 -0.602908667053721592 0.174408402124484219
0.656074453818997760 -0.605730382581224913 0.173940342937500991
0.654437655753209668 -0.607870038891387132 0.173473798481014518
0.652772055794588746 -0.610031054850822541 0.173008771569850284
0.650504280593425466 -0.612947806090592739 0.172545265009677762
0.648766489038264837 -0.615163622782955888 0.172083281596993737
0.646995443758221489 -0.617405190306999585 0.171622824119105372
0.644579707473045715 -0.620436519153891419 0.171163895354113277
0.642725061382113494 -0.622743928714623696 0.170706498070894802
0.640831786303195483 -0.625082196679555224 0.170250635029087161
0.638244152486638683 -0.628250836699470350 0.169796308979071303
0.636253431832678018 -0.630667862064041129 0.169343522661954737
0.634217525842966645 -0.633121754061497954 0.168892278809555235
0.631428791843869019 -0.636454452162033890 0.168442580144384513
0.629278457465645702 -0.639002383976473354 0.167994429379631272
0.627074848368140980 -0.641594333427079500 0.167547829219145628
0.624815170222162819 -0.644232714129075013 0.167102782357422014
0.622496431749007706 -0.646920081073406039 0.166659291479583554
0.619307333545288774 -0.650584141281303041 0.166217359261365216
0.616837908743820718 -0.653396626540137082 0.165776988369098488
0.614297781609951299 -0.656267789132343293 0.165338181459694394
0.611682869254589034 -0.659200941850475064 0.164900941180628258
0.608988767247011120 -0.662199612942649840 0.164465270169923072
0.606210716497826985 -0.665267564516347498 0.164031171056134129
0.602367097088108761 -0.669472917131488487 0.163598646458332858
0.599372376488378711 -0.672718622631061858 0.163167698986090987
0.596274764258118983 -0.676048112870480278 0.162738331239465017
0.593067463984211618 -0.679466424219615006 0.162310545808980133
0.589743057967714979 -0.682978960693737092 0.161884345275615377
0.586293432970878436 -0.686591527544169078 0.161459732210787160
0.582709694989540061 -0.690310368213422620 0.161036709176334170
0.578982071130402121 -0.694142204957540088 0.160615278724501848
0.575099796256911544 -0.698094283467745935 0.160195443397927406
0.571050981627239884 -0.702174421785088154 0.159777205729623673
0.566822462118378279 -0.706391063806416364 0.159360568242964351
0.562399617917394568 -0.710753337608673097 0.158945533451668869
0.557766165642413769 -0.715271118723396881 0.158532103859786916
0.552903912690406951 -0.719955098341208743 0.158120281961683429
0.547792467216357659 -0.724816856158204126 0.157710070242023437
0.542408894312869760 -0.729868937182884592 0.157301471175757601
0.536727306647998725 -0.735124931233811396 0.156894487228106394
0.530718374979805341 -0.740599552947225237 0.156489120854546221
0.524348740144763070 -0.746308718800345772 0.156085374500793544
0.517580303477730985 -0.752269615658027746 0.155683250602791229
0.510369366355047926 -0.758500752471370943 0.155282751586692802
0.502665581770875836 -0.765021982417447788 0.154883879868848662
0.494410670501749194 -0.771854476406318990 0.154486637855791142
0.485536841205764347 -0.779020619409034332 0.154091027944219749
0.479238513622906703 -0.783994922015975204 0.153697052520987060
0.469150282474172786 -0.791769404657124976 0.153304713963084344
0.458199436556766204 -0.799940843470562379 0.152914014637626994
0.446262558470073234 -0.808532442185579292 0.152524956901840314
0.433192440179534732 -0.817565112045351539 0.152137543103045308
0.423763659741749732 -0.823840253366856290 0.151751775578644582
0.408394764308469771 -0.833640297817261566 0.151367656656108324
0.391336514721145445 -0.843903720210702257 0.150985188652959929
0.372294355287387746 -0.854610832000749054 0.150604373876762149
0.350908331584861843 -0.865711311329271593 0.150225214625103520
0.335134837900981974 -0.873284223895854250 0.149847713185584097
0.308813225987195794 -0.884785660970412113 0.149471871835801767
0.278738034831824966 -0.896230553470328539 0.149097692843338375
0.256235680322519810 -0.903638916802311898 0.148725178465746399
0.218150865529656623 -0.913979518218765996 0.148354330950535129
0.173958395660532672 -0.922589361171166633 0.147985152535156927
0.140543457942283456 -0.926719666290035771 0.147617645446993906
0.083615468304435003 -0.929056756336305467 0.147251811903344576
0.017597692101179230 -0.924229574253143227 0.146887654111410415
-0.031749931108681628 -0.915092114597472861 0.146525174268282266
-0.113336122031857611 -0.888552628914195730 0.146164374560927651
-0.201390066905768106 -0.840677170037996579 0.145805257166176955
-0.260516322395180189 -0.793370130750197022 0.145447824250710761
-0.341226393129810679 -0.695257293989455460 0.145092077971046479
-0.382620964559961974 -0.611533501516681843 0.144738020473525603
-0.412626117115622304 -0.464791895534010624 0.144385653894300470
-0.405236146226463090 -0.361100499292358879 0.144034980359321579
-0.351355548834483722 -0.215724085180273473 0.143686001984324796
-0.291989471268419398 -0.135801314341570889 0.143338720874818359
-0.183346429745966460 -0.051246772688211914 0.142993139126070229
-0.107423150328991843 -0.018775428835286906 0.142649258823095815
-0.000604745119759850 -0.000023493551158311 0.142307082040644906
0.061883708280496066 -0.002519362423083912 0.141966610843189456
0.140081052252752414 -0.020635699689411938 0.141627847284910818
0.182060115854296933 -0.038520975099188823 0.141290793409687837
0.231467690294661937 -0.069453021503643200 0.140955451251084163
0.256598531923901196 -0.091038698340033405 0.140621822832335985
0.284647006717340334 -0.122963742745156507 0.140289910166339848
0.297975080739647402 -0.143293493231079705 0.139959715255640799
0.307727289605408572 -0.162554429498645375 0.139631240092419895
0.316744463406179566 -0.189151678872815365 0.139304486658482385
0.319608006347563089 -0.205263111823917987 0.138979456925245687
0.320334955333251514 -0.220055539188827309 0.138656152853727538
0.317977999853851723 -0.239782502007641757 0.138334576394534364
0.314405621932077328 -0.251314063280897559 0.138014729487848986
0.309421541728883698 -0.261568958794419049 0.137696614063419348
0.299573813389190202 -0.274584407520446327 0.137380232040546862
0.291574332432033512 -0.281690690550401135 0.137065585328074641
0.282521882245318490 -0.287535093284015775 0.136752675824376058
0.272482628661859960 -0.292101864044429171 0.136441505417343317
0.255695791006334106 -0.296494546969669703 0.136132075984376016
0.243424736778264650 -0.297723596356052000 0.135824389392369904
0.230344307561811623 -0.297527338176855505 0.135518447497705474
0.216502147073858259 -0.295834094068043729 0.135214252146237057
0.201950199979920558 -0.292558002174603815 0.134911805173281107
0.178925024265030763 -0.284452353393045698 0.134611108403605934
0.162886121915732152 -0.276747790605637700 0.134312163651419847
0.146406321741464507 -0.267045444695965584 0.134014972720361059
0.129605615179279376 -0.255195946811049956 0.133719537403486022
0.112632961548154484 -0.241039113608254557 0.133425859483258913
0.095672542767450977 -0.224407314756008336 0.133133940731541361
0.078950432260641190 -0.205130501595751802 0.132843782909580932
0.054930071986727273 -0.170897864026363477 0.132555387768000910
0.040128016692212519 -0.144320273517733327 0.132268757046789781
0.026778508037160240 -0.114611201094874826 0.131983892475290826
0.015367950408072206 -0.081719257096837000 0.131700795772191348
0.006444442967778782 -0.045666944688149066 0.131419468645512461
0.000609140440971794 -0.006574312310468709 0.131139912792598762
-0.001500322573959989 0.035316444564058705 0.130862129900108481
0.000764084751447902 0.079618017992589579 0.130586121644002573
0.008024434844602663 0.125780309206483337 0.130311889689535138
0.020830905484344991 0.173082542777715481 0.130039435691243210
0.039609027694003929 0.220639922597040183 0.129768761292936907
0.064605315151756701 0.267428790323549381 0.129499868127689266
0.095838691605101764 0.312332122437632143 0.129232757817826449
0.133066340028820951 0.354203790245042782 0.128967431974918306
0.153777129132602441 0.373655530367568933 0.128703892199768077
0.198946332234428425 0.408958441066978373 0.128442140082403289
0.248349259396955457 0.438750439266663017 0.128182177202065650
0.300916596012772153 0.462387582037593670 0.127924005127202034
0.355473129135276900 0.479499004211319080 0.127667625415454483
0.410821713499788466 0.489999080657853359 0.127413039613651358
0.465823251322752430 0.494070772520471213 0.127160249257797620
0.492870384372275760 0.493817035632142964 0.126909255873065646
0.545499481107263762 0.489073746695864231 0.126660060973786071
0.595568541697358844 0.479235501802063757 0.126412666063438650
0.642521486592019020 0.465032091179441054 0.126167072634643274
0.685991601597968570 0.447220483394173640 0.125923282169150691
0.706353199171641410 0.437194406650663392 0.125681296137833798
0.744276120334985580 0.415342891310710116 0.125441116000678810
0.778483258011623769 0.391632611725076907 0.125202743206776296
0.809079446369221689 0.366643972711124422 0.124966179194312452
0.823076111185898407 0.353829045091539840 0.124731425390560466
0.848599493291863238 0.327830141150337206 0.124498483211871971
0.871029829837392633 0.301644257707375241 0.124267354063668414
0.881164360417402093 0.288578302864039848 0.124038039340432532
0.899434436038136109 0.262657852947363990 0.123810540425700069
0.915253784897903211 0.237186279092188979 0.123584858692051325
0.922322892969094088 0.224669285107696626 0.123360995501102993
0.934929841978366816 0.200149316543621780 0.123138952203499741
0.940524660531070644 0.188169744069344502 0.122918730138906251
0.950431187693754786 0.164814777113140798 0.122700330635999083
0.958792402750443529 0.142303469501112501 0.122483755012458659
0.962451209923820827 0.131373229412463377 0.122269004574961190
0.968830562096264947 0.110171637965222668 0.122056080619171087
0.971589912151124002 0.099900732746762977 0.121844984429732739
0.976337045413460447 0.080014262112062806 0.121635717280263234
0.978357453720503978 0.070395112834284401 0.121428280433344166
0.981766492736678931 0.051792514081726915 0.121222675140514505
0.983182309636067564 0.042802967382035872 0.121018902642262602
0.985498444464107615 0.025430075625372972 0.120816964168019139
0.986421277370325256 0.017039191578685497 0.120616860936149317
0.987201143317103957 0.008840076913843642 0.120418594153945749
0.988369712828615410 -0.006999257497563582 0.120222165017621091
0.988775818192583866 -0.014647832674121897 0.120027574712300855
0.989271132246894003 -0.029423889862122243 0.119834824412016289
0.989374643739648230 -0.036559808617649014 0.119643915279697144
0.989390839968230518 -0.043533242312740694 0.119454848467164781
0.989185151402170559 -0.057009183868510727 0.119267625115125314
0.988974254916934026 -0.063519823938730902 0.119082246353162544
0.988361241751724684 -0.076106296065617141 0.118898713299731174
0.987968134724380942 -0.082189854144355090 0.118717027062150135
0.987522822363135822 -0.088138647718995933 0.118537188736595883
0.987029119635181140 -0.093956340260873850 0.118359199408095833
0.985910595163916992 -0.105212652762429471 0.118183060150521657
0.985292241611297692 -0.110658172368243768 0.118008772026582914
0.984638462515900370 -0.115986388894048109 0.117836336087820667
0.983951996545129992 -0.121200534288479767 0.117665753374601195
0.982491091592138766 -0.131299105697507246 0.117497024916109374
0.981721295988316589 -0.136189563965909421 0.117330151730342946
0.980928120664876890 -0.140978017603614059 0.117165134824105996
0.980113531598600929 -0.145667272889844213 0.117001975193003135
0.979279368606895684 -0.150260054585618585 0.116840673821433358
0.977559097040552993 -0.159166698296552334 0.116681231682584041
0.976676107133437776 -0.163485616931751121 0.116523649738425272
0.975779794239532094 -0.167718178781309235 0.116367928939703880
0.974871478117923407 -0.171866726295328842 0.116214070225937813
0.973952393449232900 -0.175933530929290094 0.116062074525410328
0.973023695216886586 -0.179920795002983525 0.115911942755164490
0.972086463728806249 -0.183830653613647477 0.115763675820997711
0.971141709327306368 -0.187665176498360509 0.115617274617456051
0.970190376773834462 -0.191426369939936780 0.115472740027829104
0.969233349366706687 -0.195116178606745627 0.115330072924144461
0.968271452790782750 -0.198736487388836314 0.115189274167162514
0.967305458710159050 -0.202289123223608425 0.115050344606371285
0.966336088140008376 -0.205775856858818440 0.114913285079981331
0.965364014600304854 -0.209198404601692423 0.114778096414920497
0.964389867061810069 -0.212558430031501600 0.114644779426829185
0.963414232710582796 -0.215857545666526096 0.114513334920055415
0.962437659536006684 -0.219097314594330683 0.114383763687649603
0.961460658749805575 -0.222279252061940713 0.114256066511360263
0.960483707058009228 -0.225404827024322296 0.114130244161628980
0.959507248784389866 -0.228475463648584565 0.114006297397585929
0.958531697861935594 -0.231492542779642818 0.113884226967045130
0.957557439703696112 -0.234457403355297189 0.113764033606500142
0.956584832946386854 -0.237371343795386880 0.113645718041119337
0.956584832946386854 -0.237371343795386880 0.113529280984741868
0.955614211101595279 -0.240235623315167901 0.113414723139873122
0.954645884077882090 -0.243051463260353706 0.113302045197680529
0.953680139638534041 -0.245820048321829576 0.113191247837989437
0.952717244749557102 -0.248542527769641253 0.113082331729278909
0.952717244749557102 -0.248542527769641253 0.112975297528677909
0.951757446847336652 -0.251220016630462173 0.112870145881961009
0.950800975034404194 -0.253853596812805338 0.112766877423544909
0.949848041198148696 -0.256444318212692035 0.112665492776484119
0.949848041198148696 -0.256444318212692035 0.112565992552467672
0.948898841054244491 -0.258993199779009087 0.112468377351815099
0.947953555142762916 -0.261501230531143214 0.112372647763472971
0.947953555142762916 -0.261501230531143214 0.112278804365011281
0.947012349746978011 -0.263969370557448346 0.112186847722619942
0.946075377766266934 -0.266398551966963271 0.112096778391105545
0.946075377766266934 -0.266398551966963271 0.112008596913887773
0.945142779530441568 -0.268789679822118710 0.111922303822996186
0.944214683572273894 -0.271143633020129837 0.111837899639067123
0.944214683572273894 -0.271143633020129837 0.111755384871340541
0.943291207342165317 -0.273461265167924128 0.111674760017656721
0.943291207342165317 -0.273461265167924128 0.111596025564453569
0.942372457892565185 -0.275743405403165276 0.111519181986763555
0.941458532512852830 -0.277990859199931717 0.111444229748210735
0.941458532512852830 -0.277990859199931717 0.111371169301008127
0.940549519328046646 -0.280204409146047995 0.111300001085954892
0.940549519328046646 -0.280204409146047995 0.111230725532433697
0.939645497863649259 -0.282384815686308022 0.111163343058408165
0.939645497863649259 -0.282384815686308022 0.111097854070420235
0.939645497863649259 -0.282384815686308022 0.111034258963587817
0.938746539575955552 -0.284532817845606023 0.110972558121602394
0.938746539575955552 -0.284532817845606023 0.110912751916726629
0.937852708347743924 -0.286649133927584232 0.110854840709792277
0.937852708347743924 -0.286649133927584232 0.110798824850197819
0.936964060963414891 -0.288734462175568585 0.110744704675906469
0.936964060963414891 -0.288734462175568585 0.110692480513444172
0.936964060963414891 -0.288734462175568585 0.110642152677897440
0.936080647543991895 -0.290789481432510932 0.110593721472911730
0.936080647543991895 -0.290789481432510932 0.110547187190689372
0.936080647543991895 -0.290789481432510932 0.110502550111987896
0.935202511965423922 -0.292814851757583039 0.110459810506118417
0.935202511965423922 -0.292814851757583039 0.110418968630943887
0.935202511965423922 -0.292814851757583039 0.110380024732877557
0.935202511965423922 -0.292814851757583039 0.110342979046881562
0.934329692250552957 -0.294811215031547780 0.110307831796465444
0.934329692250552957 -0.294811215031547780 0.110274583193684828
0.934329692250552957 -0.294811215031547780 0.110243233439140137
0.934329692250552957 -0.294811215031547780 0.110213782721975392
0.933462220933423570 -0.296779195538572627 0.110186231219877029
0.933462220933423570 -0.296779195538572627 0.110160579099072869
0.933462220933423570 -0.296779195538572627 0.110136826514331099
0.933462220933423570 -0.296779195538572627 0.110114973608959388
0.933462220933423570 -0.296779195538572627 0.110095020514803896
0.933462220933423570 -0.296779195538572627 0.110076967352248589
0.932600125413444059 -0.298719400518556055 0.110060814230214563
0.932600125413444059 -0.298719400518556055 0.110046561246159164
0.932600125413444059 -0.298719400518556055 0.110034208486075674
0.932600125413444059 -0.298719400518556055 0.110023756024492547
0.932600125413444059 -0.298719400518556055 0.110015203924473198
0.932600125413444059 -0.298719400518556055 0.110008552237615381
0.932600125413444059 -0.298719400518556055 0.110003801004051049
0.932600125413444059 -0.298719400518556055 0.110000950252446050
0.932600125413444059 -0.298719400518556055 0.110000000000000001
