-0.221112704543148936 0.676418404312631227 0.739999999999999991
-0.221112704543148936 0.676418404312631227 0.739999049747553928
-0.221112704543148936 0.676418404312631227 0.739996198995948928
-0.221112704543148936 0.676418404312631227 0.739991447762384680
-0.221112704543148936 0.676418404312631227 0.739984796075526807
-0.221112704543148936 0.676418404312631227 0.739976243975507431
-0.221112704543148936 0.676418404312631227 0.739965791513924276
-0.221112704543148936 0.676418404312631227 0.739953438753840897
-0.221112704543148936 0.676418404312631227 0.739939185769785457
-0.221112704543148936 0.676418404312631227 0.739923032647751389
-0.221112704543148936 0.676418404312631227 0.739904979485196068
-0.221112704543148936 0.676418404312631227 0.739885026391040590
-0.221112704543148936 0.676418404312631227 0.739863173485668879
-0.221112704543148936 0.676418404312631227 0.739839420900927136
-0.221112704543148936 0.676418404312631227 0.739813768780122949
-0.221112704543148936 0.676418404312631227 0.739786217278024627
-0.221112704543148936 0.676418404312631227 0.739756766560859869
-0.221112704543148936 0.676418404312631227 0.739725416806315206
-0.221112704543148936 0.676418404312631227 0.739692168203534561
-0.221112704543148936 0.676418404312631227 0.739657020953118471
-0.221112704543148936 0.676418404312631227 0.739619975267122420
-0.221112704543148936 0.676418404312631227 0.739581031369056063
-0.221112704543148936 0.676418404312631227 0.739540189493881561
-0.221112704543148936 0.676418404312631227 0.739497449888012137
-0.221112704543148936 0.676418404312631227 0.739452812809310633
-0.221112704543148936 0.676418404312631227 0.739406278527088290
-0.221112704543148936 0.676418404312631227 0.739357847322102524
-0.221112704543148936 0.676418404312631227 0.739307519486555820
-0.221112704543148936 0.676418404312631227 0.739255295324093509
-0.221112704543148936 0.676418404312631227 0.739201175149802103
-0.221112704543148936 0.676418404312631227 0.739145159290207743
-0.221112704543148936 0.676418404312631227 0.739087248083273307
-0.221112704543148936 0.676418404312631227 0.739027441878397529
-0.221112704543148936 0.676418404312631227 0.738965741036412216
-0.221112704543148936 0.676418404312631227 0.738902145929579812
-0.221112704543148936 0.676418404312631227 0.738836656941591730
-0.221112704543148936 0.676418404312631227 0.738769274467566239
-0.221112704543148936 0.676418404312631227 0.738699998914045142
-0.221112704543148936 0.676418404312631227 0.738628830698991878
-0.221112704543148936 0.676418404312631227 0.738555770251789201
-0.221112704543148936 0.676418404312631227 0.738480818013236395
-0.221112704543148936 0.676418404312631227 0.738403974435546395
-0.221112704543148936 0.676418404312631227 0.738325239982343340
-0.221112704543148936 0.676418404312631227 0.738244615128659576
-0.221112704543148936 0.676418404312631227 0.738162100360932882
-0.221112704543148936 0.676418404312631227 0.738077696177003806
-0.221112704543148936 0.676418404312631227 0.737991403086112219
-0.221112704543148936 0.676418404312631227 0.737903221608894433
-0.221112704543148936 0.676418404312631227 0.737813152277379980
-0.221112704543148936 0.676418404312631227 0.737721195634988725
-0.221112704543148936 0.676418404312631227 0.737627352236526979
-0.221112704543148936 0.676418404312631227 0.737531622648184837
-0.221112704543148936 0.676418404312631227 0.737434007447532291
-0.221112704543148936 0.676418404312631227 0.737334507223515900
-0.221112704543148936 0.676418404312631227 0.737233122576455124
-0.221112704543148936 0.676418404312631227 0.737129854118038996
-0.221112704543148936 0.676418404312631227 0.737024702471322124
-0.221112704543148936 0.676418404312631227 0.736917668270721027
-0.221112704543148936 0.676418404312631227 0.736808752162010583
-0.221112704543148936 0.676418404312631227 0.736697954802319477
-0.221112704543148936 0.676418404312631227 0.736585276860126870
-0.221112704543148936 0.676418404312631227 0.736470719015258179
-0.221112704543148936 0.676418404312631227 0.736354281958880641
-0.221112704543148936 0.676418404312631227 0.736235966393499863
-0.221112704543148936 0.676418404312631227 0.736115773032954834
-0.221112704543148936 0.676418404312631227 0.735993702602414035
-0.221112704543148936 0.676418404312631227 0.735869755838370998
-0.221112704543148936 0.676418404312631227 0.735743933488639756
-0.221112704543148936 0.676418404312631227 0.735616236312350402
-0.221112704543148936 0.676418404312631227 0.735486665079944646
-0.221112704543148936 0.676418404312631227 0.735355220573170709
-0.221112704543148936 0.676418404312631227 0.735221903585079439
-0.221112704543148936 0.676418404312631227 0.735086714920018758
-0.221112704543148936 0.676418404312631227 0.734949655393628665
-0.221112704543148936 0.676418404312631227 0.734810725832837464
-0.221112704543148936 0.676418404312631227 0.734669927075855544
-0.221112704543148936 0.676418404312631227 0.734527259972170943
-0.221112704543148936 0.676418404312631227 0.734382725382543899
-0.221112704543148936 0.676418404312631227 0.734236324179002309
-0.221112704543148936 0.676418404312631227 0.734088057244835501
-0.221112704543148936 0.676418404312631227 0.733937925474589692
-0.221112704543148936 0.676418404312631227 0.733785929774062096
-0.221112704543148936 0.676418404312631227 0.733632071060296154
-0.221112704543148936 0.676418404312631227 0.733476350261574761
-0.221112704543148936 0.676418404312631227 0.733318768317415937
-0.221112704543148936 0.676418404312631227 0.733159326178566717
-0.221112704543148936 0.676418404312631227 0.732998024806996828
-0.221112704543148936 0.676418404312631227 0.732834865175894024
-0.221112704543148936 0.676418404312631227 0.732669848269657087
-0.221112704543148936 0.676418404312631227 0.732502975083890617
-0.221112704543148936 0.676418404312631227 0.732334246625398921
-0.221112704543148936 0.676418404312631227 0.732163663912179352
-0.221112704543148936 0.676418404312631227 0.731991227973417091
-0.221112704543148936 0.676418404312631227 0.731816939849478376
-0.221112704543148936 0.676418404312631227 0.731640800591904172
-0.221112704543148936 0.676418404312631227 0.731462811263404067
-0.221112704543148936 0.676418404312631227 0.731282972937849940
-0.221112704543148936 0.676418404312631227 0.731101286700268749
-0.221112704543148936 0.676418404312631227 0.730917753646837420
-0.221112704543148936 0.676418404312631227 0.730732374884874636
-0.221112704543148936 0.676418404312631227 0.730545151532835280
-0.221112704543148936 0.676418404312631227 0.730356084720302889
-0.221112704543148936 0.676418404312631227 0.730165175587983772
-0.221112704543148936 0.676418404312631227 0.729972425287699123
-0.221112704543148936 0.676418404312631227 0.729777834982378915
-0.221112704543148936 0.676418404312631227 0.729581405846054243
-0.221112704543148936 0.676418404312631227 0.729383139063850661
-0.221112704543148936 0.676418404312631227 0.729183035831980852
-0.221112704543148936 0.676418404312631227 0.728981097357737307
-0.221112704543148936 0.676418404312631227 0.728777324859485542
-0.221112704543148936 0.676418404312631227 0.728571719566655895
-0.221112704543148936 0.676418404312631227 0.728364282719736744
-0.221112704543148936 0.676418404312631227 0.728155015570267294
-0.221112704543148936 0.676418404312631227 0.727943919380828919
-0.221112704543148936 0.676418404312631227 0.727730995425038829
-0.221112704543148936 0.676418404312631227 0.727516244987541416
-0.221112704543148936 0.676418404312631227 0.727299669364000922
-0.221112704543148936 0.676418404312631227 0.727081269861093782
-0.221112704543148936 0.676418404312631227 0.726861047796500293
-0.221112704543148936 0.676418404312631227 0.726639004498896957
-0.221112704543148936 0.676418404312631227 0.726415141307948709
-0.221112704543148936 0.676418404312631227 0.726189459574299923
-0.221112704543148936 0.676418404312631227 0.725961960659567529
-0.221112704543148936 0.676418404312631227 0.725732645936331688
-0.221112704543148936 0.676418404312631227 0.725501516788128020
-0.221112704543148936 0.676418404312631227 0.725268574609439609
-0.221112704543148936 0.676418404312631227 0.725033820805687568
-0.221112704543148936 0.676418404312631227 0.724797256793223710
-0.221112704543148936 0.676418404312631227 0.724558883999321224
-0.221112704543148936 0.676418404312631227 0.724318703862166235
-0.221112704543148936 0.676418404312631227 0.724076717830849370
-0.221112704543148936 0.676418404312631227 0.723832927365356760
-0.221112704543148936 0.676418404312631227 0.723587333936561383
-0.221112704543148936 0.676418404312631227 0.723339939026213963
-0.221112704543148936 0.676418404312631227 0.723090744126934415
-0.221112704543148936 0.676418404312631227 0.722839750742202303
-0.221112704543148936 0.676418404312631227 0.722586960386348620
-0.221112704543148936 0.676418404312631227 0.722332374584545467
-0.221112704543148936 0.676418404312631227 0.722075994872797944
-0.221112704543148936 0.676418404312631227 0.721817822797934383
-0.221112704543148936 0.676418404312631227 0.721557859917596800
-0.221112704543148936 0.676418404312631227 0.721296107800231900
-0.221112704543148936 0.676418404312631227 0.721032568025081755
-0.221112704543148936 0.676418404312631227 0.720767242182173473
-0.221112704543148936 0.676418404312631227 0.720500131872310767
-0.221112704543148936 0.676418404312631227 0.720231238707063071
-0.221112704543148936 0.676418404312631227 0.719960564308756767
-0.221112704543148936 0.676418404312631227 0.719688110310464868
-0.221112704543148936 0.676418404312631227 0.719413878355997460
-0.221112704543148936 0.676418404312631227 0.719137870099891496
-0.221112704543148936 0.676418404312631227 0.718860087207401133
-0.221112704543148936 0.676418404312631227 0.718580531354487628
-0.221112704543148936 0.676418404312631227 0.718299204227808685
-0.221112704543148936 0.676418404312631227 0.718016107524709124
-0.221112704543148936 0.676418404312631227 0.717731242953210224
-0.221112704543148936 0.676418404312631227 0.717444612231999179
-0.221112704543148936 0.676418404312631227 0.717156217090419101
-0.221112704543148936 0.676418404312631227 0.716866059268458589
-0.221112704543148936 0.676418404312631227 0.716574140516741065
-0.221112704543148936 0.676418404312631227 0.716280462596514012
-0.221112704543148936 0.676418404312631227 0.715985027279638975
-0.221112704543148936 0.676418404312631227 0.715687836348580131
-0.221112704543148936 0.676418404312631227 0.715388891596394072
-0.221112704543148936 0.676418404312631227 0.715088194826718926
-0.221112704543148936 0.676418404312631227 0.714785747853762921
-0.221112704543148936 0.676418404312631227 0.714481552502294504
-0.221112704543148936 0.676418404312631227 0.714175610607630129
-0.221112704543148936 0.676418404312631227 0.713867924015623934
-0.221112704543148936 0.676418404312631227 0.713558494582656633
-0.221112704543148936 0.676418404312631227 0.713247324175623976
-0.221112704543148936 0.676418404312631227 0.712934414671925309
-0.221112704543148936 0.676418404312631227 0.712619767959453143
-0.221112704543148936 0.676418404312631227 0.712303385936580713
-0.221112704543148936 0.676418404312631227 0.711985270512151103
-0.221112704543148936 0.676418404312631227 0.711665423605465697
-0.221112704543148936 0.676418404312631227 0.711343847146272412
-0.221112704543148936 0.676418404312631227 0.711020543074754374
-0.221112704543148936 0.676418404312631227 0.710695513341517593
-0.221112704543148936 0.676418404312631227 0.710368759907580083
-0.221112704543148936 0.676418404312631227 0.710040284744359096
-0.221112704543148936 0.676418404312631227 0.709710089833660129
-0.221112704543148936 0.676418404312631227 0.709378177167664048
-0.221112704543148936 0.676418404312631227 0.709044548748915870
-0.221112704543148936 0.676418404312631227 0.708709206590312113
-0.221112704543148936 0.676418404312631227 0.708372152715089243
-0.221112704543148936 0.676418404312631227 0.708033389156810689
-0.221112704543148936 0.676418404312631227 0.707692917959355072
-0.221112704543148936 0.676418404312631227 0.707350741176904108
-0.221112704543148936 0.676418404312631227 0.707006860873929721
-0.221112704543148936 0.676418404312631227 0.706661279125181618
-0.221112704543148936 0.676418404312631227 0.706313998015675182
-0.221112704543148936 0.676418404312631227 0.705965019640678482
-0.221112704543148936 0.676418404312631227 0.705614346105699508
-0.221112704543148936 0.676418404312631227 0.705261979526474403
-0.221112704543148936 0.676418404312631227 0.704907922028953582
-0.221112704543148936 0.676418404312631227 0.704552175749289300
-0.221112704543148936 0.676418404312631227 0.704194742833822995
-0.221112704543148936 0.676418404312631227 0.703835625439072410
-0.221112704543148936 0.676418404312631227 0.703474825731717712
-0.221112704543148936 0.676418404312631227 0.703112345888589618
-0.221112704543148936 0.676418404312631227 0.702748188096655402
-0.221112704543148936 0.676418404312631227 0.702382354553006127
-0.221112704543148936 0.676418404312631227 0.702014847464843106
-0.221112704543148936 0.676418404312631227 0.701645669049464793
-0.221112704543148936 0.676418404312631227 0.701274821534253578
-0.221112704543148936 0.676418404312631227 0.700902307156661686
-0.221112704543148936 0.676418404312631227 0.700528128164198294
-0.221112704543148936 0.676418404312631227 0.700152286814415881
-0.221112704543148936 0.676418404312631227 0.699774785374896457
-0.221112704543148936 0.676418404312631227 0.699395626123237801
-0.221112704543148936 0.676418404312631227 0.699014811347040133
-0.221112704543148936 0.676418404312631227 0.698632343343891682
-0.221112704543148936 0.676418404312631227 0.698248224421355368
-0.221112704543148936 0.676418404312631227 0.697862456896954697
-0.221112704543148936 0.676418404312631227 0.697475043098159664
-0.221112704543148936 0.676418404312631227 0.697085985362372984
-0.221112704543148936 0.676418404312631227 0.696695286036915662
-0.221112704543148936 0.676418404312631227 0.696302947479013001
-0.221112704543148936 0.676418404312631227 0.695908972055780284
-0.221112704543148936 0.676418404312631227 0.695513362144208891
-0.221112704543148936 0.676418404312631227 0.695116120131151316
-0.221112704543148936 0.676418404312631227 0.694717248413307176
-0.221112704543148936 0.676418404312631227 0.694316749397208888
-0.221112704543148936 0.676418404312631227 0.693914625499206461
-0.221112704543148936 0.676418404312631227 0.693510879145453840
-0.221112704543148936 0.676418404312631227 0.693105512771893584
-0.221112704543148936 0.676418404312631227 0.692698528824242432
-0.221112704543148936 0.676418404312631227 0.692289929757976541
-0.221112704543148936 0.676418404312631227 0.691879718038316605
-0.221112704543148936 0.676418404312631227 0.691467896140213090
-0.221112704543148936 0.676418404312631227 0.691054466548331137
-0.221112704543148936 0.676418404312631227 0.690639431757035682
-0.221112704543148936 0.676418404312631227 0.690222794270376361
-0.220368925053382431 0.677262031251837704 0.689804556602072627
-0.219242968221692758 0.678531767599554914 0.689384721275498102
-0.218103958971743311 0.679807526385289962 0.688963290823665919
-0.216951079302711597 0.681090286314661730 0.688540267789212845
-0.215783485889784521 0.682381030118494269 0.688115654724384629
-0.214600308982076687 0.683680745291967651 0.687689454191019900
-0.213400651281022175 0.684990424738693093 0.687261668760535072
-0.212183586798476792 0.686311067319576917 0.686832301013909019
-0.210532100419740908 0.688090716335662655 0.686401353541667092
-0.209270649132069331 0.689440860691370450 0.685968828943865794
-0.207988482131791746 0.690805345835859397 0.685534729830076905
-0.206684535388488938 0.692185200419042856 0.685099058819371831
-0.205357709729964921 0.693581460307396980 0.684661818540305611
-0.204006869566988353 0.694995168482531511 0.684223011630901601
-0.202166359934334794 0.696909070049965274 0.683782640738634817
-0.200754855463965209 0.698367585010118086 0.683340708520416507
-0.199315271453902348 0.699847072495819567 0.682897217642577936
-0.197846299364663858 0.701348602154704848 0.682452170780854406
-0.196346587177075926 0.702873248072771295 0.682005570620368706
-0.194296732061646577 0.704943930749422409 0.681557419855615576
-0.192719780762348109 0.706526709056308766 0.681107721190444715
-0.191107251256822014 0.708136202473034215 0.680656477338045240
-0.189457587516117271 0.709773491146715507 0.680203691020928702
-0.187197487093051923 0.712001641543826946 0.679749364970912762
-0.185454838743596917 0.713707968018123973 0.679293501929105314
-0.183669496524184683 0.715445660111766135 0.678836104645886729
-0.181219535093368800 0.717813193399568839 0.678377175880894634
-0.179327537077763721 0.719628147823416997 0.677916718403006269
-0.177386677314985225 0.721477926759528931 0.677454734990322271
-0.174719434981386368 0.724000196113902206 0.676991228430149805
-0.172656781370917140 0.725935082599365122 0.676526201518985459
-0.169819594259498330 0.728574298766535899 0.676059657062499042
-0.167623634514437153 0.730599406603849588 0.675591597875515815
-0.165366827833386493 0.732664639959294428 0.675122026782000395
-0.162259085953108062 0.735482105284350207 0.674650946615038660
-0.159851181883137378 0.737644054174891761 0.674178360216821981
-0.156533167008482077 0.740593108072695516 0.673704270438628683
-0.153960766872624527 0.742855548958966994 0.673228680140807945
-0.151313577188607384 0.745162016014517481 0.672751592192761816
-0.147663047069008097 0.748306590113676395 0.672273009472928451
-0.144830909014507708 0.750717467682895268 0.671792934868764235
-0.140923769996110892 0.754002408625169096 0.671311371276726909
-0.137891507671282804 0.756519139671274710 0.670828321602257471
-0.133707093252346670 0.759945532027398674 0.670343788759763304
-0.130458903730620523 0.762568248098242196 0.669857775672599853
-0.125975775482647268 0.766135279139787739 0.669370285273053756
-0.121312085027751732 0.769781474599382398 0.668881320502324628
-0.117691441171801331 0.772567226348050640 0.668390884310507527
-0.112694191662217780 0.776348206387378115 0.667898979656575076
-0.108814927741294531 0.779232656595447715 0.667405609508359698
-0.103461550997168417 0.783141298757140891 0.666910776842535635
-0.099306720886667865 0.786118005203196080 0.666414484644600846
-0.093574677832135855 0.790144172554216206 0.665916735908859470
-0.087616260580926919 0.794231683301310776 0.665417533638403169
-0.082994598453626056 0.797334563856366474 0.664916880845093483
-0.076622982976600307 0.801516875467331302 0.664414780549543171
-0.070005827058744530 0.805744992698727791 0.663911235781098785
-0.064877864200811763 0.808941963791528384 0.663406249577821461
-0.057815380457958532 0.813232970571863722 0.662899824986468933
-0.050489995586395497 0.817548739969524152 0.662391965062477772
-0.044819975562547687 0.820796367348275879 0.661882672869943733
-0.037020964685021251 0.825133056569850809 0.661371951481604547
-0.028944156345428351 0.829467456621596488 0.660859803978820493
-0.022701333931393342 0.832709886740045091 0.660346233451555964
-0.014126879448038532 0.837012068056517844 0.659831242998361267
-0.005261635820580202 0.841277891991668914 0.659314835726353410
0.003899471846304570 0.845492627285160614 0.658797014751197674
0.010968169878981415 0.848610221309416990 0.658277783197088628
0.020663875534807974 0.852693652811662428 0.657757144196731369
0.030682080600523631 0.856671275654580233 0.657235100891322421
0.041049901246151432 0.860509475252573930 0.656711656430531421
0.049090185413332876 0.863263247527801592 0.656186813972481464
0.060284926028662145 0.866672331343163904 0.655660576683730012
0.072535996063373354 0.869415057083266385 0.655132947739250349
0.091380191589386595 0.867609111393240595 0.654603930322411820
0.083693859669365378 0.883791932681807668 0.654073527624961182
0.100533727345366752 0.883612692102040187 0.653541742847002838
0.113587874664221655 0.885837028147381411 0.653008579196979855
0.123071785436690950 0.887671972205342774 0.652474039891654756
0.135685286203319821 0.890077460871813275 0.651938128156089536
0.148381735544291515 0.892338487397074553 0.651400847223626678
0.161205856678969750 0.894404740028036049 0.650862200335869279
0.174169875700980692 0.896247471308730281 0.650322190742662065
0.187272618821659242 0.897847072942354663 0.649780821702071409
0.200506380290662978 0.899188677946508808 0.649238096480365567
0.213859857367730555 0.900260346943681400 0.648694018351995028
0.227319586472885471 0.901052236232781856 0.648148590599572971
0.240870733508502743 0.901556184089487678 0.647601816513855399
0.254497578225811538 0.901765489647065599 0.647053699393721038
0.268183841804634726 0.901674784618331726 0.646504242546151686
0.281912928112945993 0.901279950274113117 0.645953449286212344
0.295668113881048356 0.900578055630299246 0.645401322937030675
0.309432706114583012 0.899567304214071717 0.644847866829777683
0.323190176583895428 0.898246982677610495 0.644293084303647068
0.336924278725883986 0.896617407742387518 0.643736978705835461
0.350619149920915973 0.894679869795414362 0.643179553391521885
0.364259400768157993 0.892436572550490137 0.642620811723847774
0.377830192300196710 0.889890568851841479 0.642060757073896426
0.391317301735062684 0.887045693099528965 0.641499392820673031
0.404707177181997335 0.883906491023568774 0.640936722351083898
0.417986981708599104 0.880478147661746369 0.640372749059916258
0.431144627182212081 0.876766414454775767 0.639807476349817827
0.444168798359835970 0.872777536377028484 0.639240907631276056
0.457048967784502325 0.868518179978793770 0.638673046322597582
0.472931924476080623 0.862824343615096745 0.638103895849887803
0.485453708906020354 0.857982496005563311 0.637533459647030010
0.497802741723354814 0.852893916904200911 0.636961741155665062
0.509971823431343285 0.847566314936228693 0.636388743825169967
0.521954496314392946 0.842007485978433223 0.635814471112637336
0.533745017730415938 0.836225261628638528 0.635238926482855071
0.545338329546182887 0.830227462283679718 0.634662113408284490
0.559545988157364782 0.822438885095255756 0.634084035369040122
0.570680397209379353 0.815984298302041999 0.633504695852868616
0.581605463042724313 0.809338997132396321 0.632924098355127196
0.592318636542828236 0.802510339839110021 0.632342246378763129
0.602817857295594339 0.795505503267838643 0.631759143434292514
0.615638597229379303 0.786512313518553219 0.631174793039778748
0.625651154616712835 0.779136252572514620 0.630589198720811650
0.635445964592466939 0.771605881802941207 0.630002364010486038
0.645022611260173462 0.763927440803833235 0.629414292449380408
0.656686461498782181 0.754130280476381198 0.628824987585535511
0.665772170976140831 0.746140241307553409 0.628234452974433477
0.674640200840594062 0.738020736023144330 0.627642692178975614
0.685420049355449312 0.727697207653798750 0.627049708769460978
0.693800719292552603 0.719305094441388682 0.626455506323565503
0.701966191180160459 0.710799593919547834 0.625860088426319683
0.711871976809153484 0.700015049869949668 0.625263458670087813
0.719557121116386145 0.691270430698381677 0.624665620654545006
0.727030668259610158 0.682426170612028482 0.624066577986656545
0.736076910612251223 0.671236505809929884 0.623466334280656009
0.743078875217358492 0.662181692175468628 0.622864893158023070
0.749873289484433991 0.653038957150648858 0.622262258247461841
0.758076349656149229 0.641491841674850627 0.621658433184878789
0.764408337130726312 0.632162958188748680 0.621053421613361412
0.770536777162481257 0.622756210466602012 0.620447227183155481
0.777912862867982779 0.610892565142791888 0.619839853551643394
0.783587521637426176 0.601320769722594517 0.619231304383322301
0.790399821558946614 0.589259179632624974 0.618621583349781567
0.795626056909511492 0.579535478187925168 0.618010694129680793
0.801880867787925444 0.567291790705715449 0.617398640408728050
0.806663373332867972 0.557428469931984805 0.616785425879656679
0.811249981245825147 0.547506884348294531 0.616171054242203975
0.816708843646909877 0.535026445672802997 0.615555529203088425
0.820857196069883721 0.524982090616578523 0.614938854475987173
0.825770144225745906 0.512355352188776259 0.614321033781514036
0.829483112067545214 0.502199694969974408 0.613702070847196968
0.833853283832147962 0.489441060065445299 0.613081969407454963
0.837133033538727589 0.479185750325347992 0.612460733203576524
0.840962737319986164 0.466310035372233089 0.611838365983696564
0.843810823937652610 0.455967199792453759 0.611214871502773316
0.847101684341467376 0.442989997551913872 0.610590253522566684
0.849519191635271120 0.432572524829402505 0.609964515811614816
0.852272354280103839 0.419510551402587417 0.609337662145211567
0.854727199382093072 0.406409225314542266 0.608709696305383963
0.856476478027990651 0.395903775999811469 0.608080622080868771
0.858395096669070101 0.382746657289704861 0.607450443267090412
0.859715844712845678 0.372204748265513752 0.606819163666137418
0.861099493502514468 0.359012782881357739 0.606186787086739787
0.861992956974423019 0.348451974312386503 0.605553317344246333
0.862843604372251605 0.335248155956903493 0.604918758260600598
0.863399396100592909 0.322048479753830608 0.604283113664319305
0.863632539819217504 0.311497175849966668 0.603646387390467831
0.863660855590899890 0.298325705781413375 0.603008583280637778
0.863474136612475074 0.287808144282173162 0.602369705182924098
0.862980820022651307 0.274693357700457275 0.601729756951901340
0.862201076641432751 0.261623095017439522 0.601088742448600111
0.861373039835112486 0.251205447517666491 0.600446665540484759
0.860085567545405549 0.238239935706954342 0.599803530101429061
0.858521285416429691 0.225346726959016919 0.599159340011693797
0.857073530312299381 0.215091149245485669 0.598514099157902213
0.855022602931267195 0.202354185236668122 0.597867811433017704
0.852708809315548266 0.189718713538501532 0.597220480736319392
0.850672601297452813 0.179690492031660237 0.596572110973379255
0.847901477010349236 0.167264230987234919 0.595922706056038476
0.844886158806212650 0.154968807063538050 0.595272269902383133
0.841634468041874584 0.142814458162924318 0.594620806436721661
0.838868557062380171 0.133199280602005588 0.593968319589560312
0.835212955815609948 0.121323849759444657 0.593314813297580179
0.831345905302454780 0.109616647946713497 0.592660291503612213
0.827277286245184706 0.098086620263478197 0.592004758156615130
0.823884186941472252 0.088995855833991444 0.591348217211650096
0.819479030110941142 0.077805643420349457 0.590690672629857860
0.814902162255010110 0.066814795310572384 0.590032128378433995
0.810164850349896493 0.056030051548173754 0.589372588430605804
0.806267190105646625 0.047554738208110292 0.588712056765608116
0.801270106058668330 0.037155727312815801 0.588050537368658643
0.796145032677608278 0.026977894298210570 0.587388034230934886
0.790903668806146820 0.017025187205718217 0.586724551349549261
0.785557655997965454 0.007300776906002227 0.586060092727525461
0.781213242624654858 -0.000312743906288049 0.585394662373774133
0.775707752460679467 -0.009620709926693227 0.584728264303068901
0.770129328166385907 -0.018695614955664297 0.584060902536021609
0.764488791654434063 -0.027537185082357751 0.583392581099058893
0.758796610261685212 -0.036145859397045177 0.582723304024396649
0.753062849430844228 -0.044522757171225225 0.582053075350017379
0.747297131692852168 -0.052669640061059841 0.581381899119644441
0.742667710857452867 -0.059023103973916802 0.580709779382718061
0.736867177772565940 -0.066762287412906907 0.580036720194371247
0.731059006749821161 -0.074279437527527248 0.579362725615404806
0.725250879480769495 -0.081578350674524069 0.578687799712263029
0.719449929326197557 -0.088663242312373436 0.578011946557009382
0.713662737493739430 -0.095538697256499272 0.577335170227301964
0.707895334696794443 -0.102209620477837881 0.576657474806368309
0.702153207787616807 -0.108681189072981133 0.575978864382981293
0.696441310857375373 -0.114958805881475945 0.575299343051434375
0.690764080222572407 -0.121048055209215022 0.574618914911516843
0.686249917279675548 -0.125787672886452651 0.573937584068489048
0.680644684669658995 -0.131552353811643707 0.573255354633057546
0.675083951753734923 -0.137144923013366782 0.572572230721350661
0.669570375953441488 -0.142571296450506368 0.571888216454893183
0.664106205610401124 -0.147837396702069690 0.571203315960581826
0.658693306898876840 -0.152949125256466339 0.570517533370660246
0.653333191176858619 -0.157912337836668026 0.569830872822694068
0.648027042428386268 -0.162732822685989958 0.569143338459545789
0.642775744464693655 -0.167416281699503261 0.568454934429350356
0.637579907611730889 -0.171968314268038547 0.567765664885489074
0.632439894661296353 -0.176394403673327954 0.567075533986565739
0.627355845890524066 -0.180699905857684195 0.566384545896380986
0.622327703003086596 -0.184890040401389233 0.565692704783906763
0.617355231888798595 -0.188969883501339891 0.565000014823262009
0.612438044113769342 -0.192944362784185419 0.564306480193686899
0.607575617105010068 -0.196818253758769490 0.563612105079517756
0.602767312999214600 -0.200596177726950931 0.562916893670161955
0.598012396158716264 -0.204282600998240499 0.562220850160072394
0.593310049384441651 -0.207881835220825900 0.561523978748722397
0.588659388840863773 -0.211398038703953989 0.560826283640580292
0.583145500079820911 -0.215513513852891192 0.560127769045084101
0.578605195790526494 -0.218860946168238008 0.559428439176616110
0.574113453932322715 -0.222137653324031875 0.558728298254477340
0.569669247260641387 -0.225347180635723537 0.558027350502862229
0.565271541159413360 -0.228492937720532724 0.557325600150833100
0.560919301998485054 -0.231578203190032611 0.556623051432294513
0.556611504676594371 -0.234606129559969262 0.555919708585968286
0.552347139419158251 -0.237579748324546203 0.555215575855366850
0.548125217883482230 -0.240501975137824120 0.554510657488768932
0.543944778638194348 -0.243375615061822120 0.553804957739192694
0.539804892055670393 -0.246203367844818721 0.553098480864371078
0.534889302450876403 -0.249539753819606219 0.552391231126725279
0.530835543311420022 -0.252275572792856506 0.551683212793339983
0.526819623326266528 -0.254973497411072891 0.550974430135936832
0.522840788350029229 -0.257635842362611056 0.550264887430848670
0.518898333519975163 -0.260264844028768816 0.549554588958994228
0.514991605252775098 -0.262862665488882152 0.548843539005852032
0.511120002825358855 -0.265431401441740988 0.548131741861434318
0.506519680134067229 -0.268478347393551753 0.547419201820261936
0.502723507367513034 -0.270990162458528028 0.546705923181337261
0.498960904293422103 -0.273479191340214367 0.545991910248119217
0.495231500061356300 -0.275947293357581613 0.545277167328497070
0.491534978104313347 -0.278396283641886011 0.544561698734763899
0.487871075045609781 -0.280827937507076020 0.543845508783591502
0.483517153703706959 -0.283725485410237233 0.543128601796003752
0.479924336552882691 -0.286125079255248993 0.542410982097350503
0.476363631768829121 -0.288512799248098417 0.541692654017281949
0.472834976868319823 -0.290890298975378880 0.540973621889721756
0.468642867681894448 -0.293732108738655739 0.540253890052841745
0.465184693512799285 -0.296092857930544184 0.539533462849035028
0.461758617411582861 -0.298448571025640874 0.538812344624890471
0.458364715743756257 -0.300800847742405342 0.538090539731165718
0.455003085255465733 -0.303151284113100938 0.537368052522761430
0.451011884294267307 -0.305971625345775489 0.536644887358695422
0.447721654818595272 -0.308323633851973922 0.535921048602074901
0.444464075578387907 -0.310678922423411608 0.535196540620071826
0.441239264208919235 -0.313039106596899208 0.534471367783895701
0.437412892243170148 -0.315880083151176883 0.533745534468767047
0.434260517310092298 -0.318256790287135050 0.533019045053891527
0.431141176098710666 -0.320643661030197147 0.532291903922433307
0.428054893081312615 -0.323042382721981880 0.531564115461488407
0.424394966443095045 -0.325938904109109251 0.530835684062058610
0.421381295271161749 -0.328369762057753367 0.530106614119024488
0.418400466750588451 -0.330818048842681123 0.529376910031119641
0.414866565445640489 -0.333781549164916536 0.528646576200903162
0.411957263167196108 -0.336274600258224476 0.527915617034733886
0.409079992326682795 -0.338791003906567689 0.527184036942743628
0.405668976314993324 -0.341844246004549990 0.526451840338810095
0.402860645871562562 -0.344418914869516313 0.525719031640530909
0.400082775236770660 -0.347023310655191874 0.524985615269196515
0.397334696072330351 -0.349659536506134683 0.524251595649763980
0.394075251167696761 -0.352868073381639502 0.523516977210829459
0.391389911488665976 -0.355582030666977134 0.522781764384602554
0.388731603742781817 -0.358334973626101783 0.522045961606878439
0.385575808074962501 -0.361693332219430452 0.521309573317012220
0.382973073962348698 -0.364540558715002461 0.520572603957891289
0.380393598674752975 -0.367434700845638007 0.519835057975908787
0.377326951037006864 -0.370973361505426480 0.519096939820936853
0.374793562141595982 -0.373980246874816125 0.518358253946300196
0.371777613994716538 -0.377662447335908980 0.517619004808748007
0.369282339784997027 -0.380796115922148626 0.516879196868428425
0.366801413512577557 -0.383992400469791273 0.516138834588860784
0.363840364250215043 -0.387915257838264416 0.515397922436909073
0.361383646191216878 -0.391261135497366852 0.514656464882754738
0.358934280125515204 -0.394680731751936242 0.513914466399869707
0.356001230694122706 -0.398886930701842946 0.513171931464990072
0.353559054933154815 -0.402482369193030820 0.512428864558087671
0.350626613529714082 -0.406911540610528089 0.511685270162344774
0.348177798391539117 -0.410703280447251240 0.510941152764125550
0.345720845054360570 -0.414591626537115676 0.510196516852949977
0.342756810032027626 -0.419392139858707491 0.509451366921466198
0.340269281592674167 -0.423510782950898890 0.508705707465423762
0.337257167159144000 -0.428603289838593859 0.507959542983646317
0.334719352174324303 -0.432979033156539350 0.507212877978004517
0.332151284168805905 -0.437481371094867066 0.506465716953388712
0.329022429782837689 -0.443060527699454254 0.505718064417682078
0.326369203580823775 -0.447864936588729223 0.504969924881733090
0.323121226501176695 -0.453827393393279044 0.504221302859328868
0.320353366459254496 -0.458969598153563252 0.503472202867166985
0.317522130268873937 -0.464278364584394088 0.502722629424828926
0.314029784753442398 -0.470881141202403930 0.501972587054753117
0.311030207819509352 -0.476587941568188622 0.501222080282206495
0.307309161357372962 -0.483696293652482567 0.500471113635258535
0.304094494482184452 -0.489849071667655900 0.499719691644752828
0.300082665838652451 -0.497524053542391598 0.498967818844280431
0.296595546579384250 -0.504176763406646189 0.498215499770152170
0.292216407948039658 -0.512486977200674598 0.497462738961371664
0.288385807990726162 -0.519700115350092862 0.496709540959607176
0.284370995712243335 -0.527189851954820821 0.495955910309165471
0.279281391907908128 -0.536563219377543921 0.495201851556962724
0.274786842733251824 -0.544713699541632068 0.494447369252498770
0.269051241420413256 -0.554925365099145695 0.493692467947828284
0.263952616053764300 -0.563813780443145784 0.492937152197534589
0.257402800461888903 -0.574959889590745843 0.492181426558700674
0.251541868127620027 -0.584668826346074866 0.491425295590883215
0.243963065318884315 -0.596850556158803669 0.490668763856084045
0.237137191024628796 -0.607465062627124408 0.489911835918723060
0.228253601638680581 -0.620783580370161792 0.489154516345610635
0.220201954372006736 -0.632385316955933363 0.488396809705919865
0.209657881465468932 -0.646932157035504551 0.487638720571159257
0.200043597053468525 -0.659588579093466354 0.486880253515145078
0.187379327587284678 -0.675428278962413309 0.486121413113973777
0.175767077662477650 -0.689173489733194589 0.485362203945993942
0.160389239075903967 -0.706313348312608724 0.484602630591779604
0.146218522786735222 -0.721115217824217170 0.483842697634101593
0.127366393212575424 -0.739454051308370497 0.483082409657900780
0.109923207090802805 -0.755159229043533942 0.482321771250259546
0.086636808054431191 -0.774402898305859178 0.481560787000374912
0.065031787017845122 -0.790647615451766983 0.480799461499530345
0.036137168699202360 -0.810174664489080154 0.480037799341068050
0.009309687095827246 -0.826246221605627662 0.479275805120361664
-0.026544141769477392 -0.844905723910557072 0.478513483434788112
-0.059755083548082122 -0.859542494831886383 0.477750838883700013
-0.103940122178333261 -0.875378544137109360 0.476987876068398153
-0.144584037771810059 -0.886518673917870093 0.476224599592103282
-0.198106754287869891 -0.896465504343236241 0.475461014059928577
-0.256791100811733952 -0.901447071347241780 0.474697124078852117
-0.309413664256959819 -0.900738547911629106 0.473932934257688454
-0.376403686235641188 -0.892672320299190858 0.473168449207061581
-0.434617723274424272 -0.878845404904558536 0.472403673539376345
-0.505829856736627725 -0.852466856458883537 0.471638611868791302
-0.564739994641604737 -0.821581826244594415 0.470873268811190182
-0.632509875386147669 -0.773392846312664251 0.470107648984154913
-0.684469825568972290 -0.724155984634756611 0.469341757006936922
-0.738760154029466598 -0.655230291421130540 0.468575597500429597
-0.775453429691685736 -0.591051954590752326 0.467809175087140594
-0.807506091324782349 -0.508480486971479073 0.467042494391163687
-0.825560814518128794 -0.423060694536832649 0.466275560038151071
-0.829961702158119929 -0.352205728003214535 0.465508376655285161
-0.823397323475502541 -0.270295485884467612 0.464740948871250947
-0.809281845649527209 -0.206360862771570258 0.463973281316208130
-0.783907922758688924 -0.136383553136099345 0.463205378621762642
-0.757354990241233317 -0.084393686409677982 0.462437245420939558
-0.720989788611001270 -0.029912601641809866 0.461668886348154228
-0.688325087712055916 0.009011063896115945 0.460900306039185248
-0.647781413049027255 0.048410584369170784 0.460131509131145422
-0.607042924470330592 0.080565202556636684 0.459362500262455065
-0.573678685216896245 0.102460327451102645 0.458593284072812746
-0.534961724735324218 0.123634632702275871 0.457823865203168145
-0.504122132822509395 0.137618764242815467 0.457054248295693633
-0.469076997015866137 0.150698542065524549 0.456284437993756620
-0.436310245110048345 0.160413478400828341 0.455514438941891142
-0.410776677097891174 0.166389432719117603 0.454744255785770268
-0.382236139398627994 0.171480257232830724 0.453973893172177512
-0.360148643267768798 0.174299053711939433 0.453203355748979131
-0.335584690041147660 0.176307775515777559 0.452432648165096596
-0.316645965793696971 0.177057264500936701 0.451661775070477334
-0.295639421869797414 0.177082457946128147 0.450890741116067750
-0.276378639341639643 0.176366053018080143 0.450119550953784642
-0.261563317855178390 0.175337204555792547 0.449348209236487384
-0.245153806099377258 0.173717255904402595 0.448576720617949509
-0.232535335686910150 0.172132484056957080 0.447805089752831120
-0.218559095036225337 0.170040030275325882 0.447033321296650354
-0.205751860509334694 0.167820906300229444 0.446261419905755630
-0.195899214767633667 0.165926220053945861 0.445489390237297223
-0.184979495073406774 0.163648484271311456 0.444717236949199513
-0.176574342746663809 0.161779513877246039 0.443944964700132727
-0.167253342170925384 0.159605936514619406 0.443172578149484575
-0.158698805739046711 0.157538282864339213 0.442400081957332769
-0.152107596483030211 0.155915266521714169 0.441627480784416215
-0.144790593446353671 0.154106332740758689 0.440854779292107424
-0.139148845153697076 0.152726440790315859 0.440081982142383921
-0.132881123011385660 0.151236130986975942 0.439309093997800659
-0.127116859608659039 0.149937457553263487 0.438536119521461376
-0.122666469050138449 0.149008474952577963 0.437763063376990780
-0.117715070475205394 0.148084206678544578 0.436989930228506185
-0.113887912517200207 0.147476942846078096 0.436216724740589701
-0.109624294553567092 0.146948104967727700 0.435443451578259699
-0.105689378235160295 0.146641082329077632 0.434670115406943058
-0.102639878285926647 0.146556984245311356 0.433896720892446575
-0.099231952734012405 0.146664375163777810 0.433123272700929207
-0.096583896685761728 0.146928844218226801 0.432349775498873712
-0.093615286419147570 0.147457600009980094 0.431576233953058608
-0.090852974124071229 0.148218205800863950 0.430802652730529700
-0.088692897863504802 0.149029922102359547 0.430029036498572770
-0.086253129484193794 0.150218190173476901 0.429255389924684039
-0.084333543124855789 0.151387416180374795 0.428481717676543417
-0.082149977838113536 0.153005830430308326 0.427708024421985300
-0.080080178318116757 0.154859675512841077 0.426934314828971262
-0.078429672114355573 0.156584737478688008 0.426160593565560908
-0.076523667843825832 0.158871417737048770 0.425386865299884787
-0.074986380189588323 0.160957759269994449 0.424613134700115247
-0.073189060705486614 0.163678611737847507 0.423839406434439070
-0.071428710782702715 0.166636759588824346 0.423065685171028827
-0.069978901366905127 0.169283348667323891 0.422291975578014622
-0.068246580670443813 0.172677200419902449 0.421518282323456672
-0.066798990768013836 0.175687126409093480 0.420744610075315939
-0.065044173253033008 0.179517137263281085 0.419970963501427319
-0.063255982889560372 0.183585002187864305 0.419197347269470222
-0.061729596145565939 0.187156422716001830 0.418423766046941481
-0.059841540002954621 0.191659613172028648 0.417650224501126266
-0.058210982338247418 0.195593088143646815 0.416876727299070882
-0.056172620492437458 0.200529482207148751 0.416103279107553403
-0.054030734435211836 0.205700643570083219 0.415329884593057030
-0.052155627353424515 0.210188186174153024 0.414556548421740223
-0.049783745946685880 0.215785463648777348 0.413783275259410332
-0.047694986446291061 0.220625115113434439 0.413010069771493848
-0.045039982602417025 0.226640533680863926 0.412236936623009365
-0.042207653218521352 0.232879451094842205 0.411463880478538657
-0.039700054270714907 0.238246371336294782 0.410690906002199319
-0.036499717345233648 0.244883973197511873 0.409918017857616057
-0.033661971967262810 0.250576022034547041 0.409145220707892665
-0.030036968948372031 0.257593936176388871 0.408372519215583762
-0.026156042703881180 0.264809614499001256 0.407599918042667209
-0.022713948832879985 0.270967947400734321 0.406827421850515403
-0.018318789146586981 0.278524422686444617 0.406055035299867251
-0.014423784254704267 0.284953358977071192 0.405282763050800465
-0.009455868169454582 0.292816642423343543 0.404510609762702811
-0.004150978465826433 0.300830288191281714 0.403738580094244404
0.000539541187607434 0.307613381166246036 0.402966678703349568
0.006506519678811773 0.315866264407990927 0.402194910247168913
0.011772206016607861 0.322826989953817700 0.401423279382050524
0.018456836465585158 0.331264696060718233 0.400651790763512761
0.025555232627731489 0.339777090216927535 0.399880449046215336
0.031797399755321393 0.346913177801889128 0.399109258883932283
0.039692431694997365 0.355508598431410583 0.398338224929522700
0.046617637000725076 0.362682540493018069 0.397567351834903382
0.055353672321592051 0.371283427350648232 0.396796644251020736
0.064564601795011750 0.379851371934433413 0.396026106827822577
0.072610154236749130 0.386946607457290204 0.395255744214229765
0.082715671709097216 0.395382652973373938 0.394485561058108725
0.091517169956572941 0.402327434758195990 0.393715562006243303
0.102539539283821840 0.410532367965846579 0.392945751704306401
0.112110779196988669 0.417241037041034157 0.392176134796831943
0.124060397465274724 0.425108845338288854 0.391406715927187232
0.136515393413884939 0.432746145868118215 0.390637499737544969
0.147278309404002938 0.438910160984746889 0.389868490868854556
0.160649486350714465 0.446036964767179245 0.389099693960814785
0.172166474527607943 0.451727656603561678 0.388331113651845694
0.186427091054079536 0.458228801957422993 0.387562754579060531
0.198669073049261041 0.463350181916229897 0.386794621378237391
0.213775920953447524 0.469111163294732625 0.386026718683791847
0.229320118862205463 0.474421290817320096 0.385259051128749030
0.242592933436439895 0.478478780540410487 0.384491623344714872
0.258883546465884851 0.482879766447958048 0.383724439961849018
0.272744491348573204 0.486137088890042479 0.382957505608836291
0.289696151196758511 0.489529316743498644 0.382190824912859439
0.304067672612489626 0.491907804362607171 0.381424402499570547
0.321580015948033093 0.494202836629111686 0.380658242993063167
0.336372771395699766 0.495634321298559000 0.379892351015845064
0.354332297141753516 0.496757661866140510 0.379126731188809796
0.372483962372205768 0.497216253359134552 0.378361388131208842
0.387729467851259613 0.497080109133689219 0.377596326460623632
0.406132900443703981 0.496284671461281468 0.376831550792938397
0.421532498756303387 0.495089110534855936 0.376067065742311524
0.440052867948790061 0.493010119125042112 0.375302875921148027
0.455492739163067373 0.490738720511869730 0.374538985940071401
0.473992603281241709 0.487366411576153458 0.373775400407896752
0.489358204304462530 0.484019344285894881 0.373012123931601880
0.507700995627582752 0.479363819032601668 0.372249161116299909
0.522879943798942981 0.474957622835211257 0.371486516565211977
0.540933358513133289 0.469048224420014370 0.370724194879638425
0.555818163459283587 0.463615001271628968 0.369962200658932039
0.573457287079155997 0.456499016613368058 0.369200538500469633
0.587947798571870184 0.450085094872307467 0.368439212999625065
0.605057822301207970 0.441825876030503495 0.367678228749740488
0.619063287611092972 0.434490040939203070 0.366917590342099198
0.635541706859602540 0.425164672616481054 0.366157302365898329
0.648982364077736240 0.416976077915037269 0.365397369408220485
0.664740592383218476 0.406672736619849207 0.364637796054006091
0.677548762317138120 0.397708622157320002 0.363878586886026256
0.692513137329232475 0.386523777764199716 0.363119746484854844
0.704633811681975142 0.376867116943759628 0.362361279428840721
0.718746009837103017 0.364902720151344284 0.361603190294080168
0.730136964404319633 0.354639910503353306 0.360845483654389343
0.743353874428452577 0.342000692411125518 0.360088164081276974
0.753985360287935502 0.331219384991847887 0.359331236143916044
0.766278490200583917 0.318010370944368514 0.358574704409116762
0.776132572447152280 0.306797512459811073 0.357818573441299359
0.787487079802327461 0.293121824926672658 0.357062847802465555
0.796556701994930227 0.281561963188261877 0.356307532052171694
0.806970143096765735 0.267518960636281944 0.355552630747501208
0.815257997231589648 0.255692841513264435 0.354798148443037253
0.824738889322276569 0.241376614693391389 0.354044089690834618
0.832256167019551296 0.229360078792578442 0.353290459040392801
0.840822449855878506 0.214858303896458214 0.352537261038628369
0.847587542285157980 0.202721474830267784 0.351784500229847863
0.855265013978808053 0.188114605775082377 0.351032181155719714
0.861302217384769753 0.175921349533679300 0.350280308355247205
0.867017898624451333 0.163721789510398202 0.349528886364741498
0.873461277718168283 0.149089745603470825 0.348777919717793483
0.878492413597665278 0.136914919770949550 0.348027412945247028
0.884134194160546172 0.122342110408681259 0.347277370575171052
0.888514480747807811 0.110239679679470015 0.346527797132833160
0.893396440474016784 0.095779379341263848 0.345778697140671221
0.897161583664604301 0.083790526167166257 0.345030075118266999
0.900659255638838530 0.071865221922067901 0.344281935582318011
0.904514208018982857 0.057648083037486586 0.343534283046611377
0.907450489452874320 0.045885273942827653 0.342787122021995572
0.910654116375859468 0.031879888712610216 0.342040457016353661
0.913066191606180189 0.020306188216915766 0.341294292534576271
0.915662895954926004 0.006541299022001623 0.340548633078533836
0.917587460541556821 -0.004821889552377223 0.339803483147050112
0.919302317607984865 -0.016083613666923180 0.339058847235874428
0.921093566324675317 -0.029459516147692100 0.338314729837655315
0.922372492274982747 -0.040487913637014095 0.337571135441912362
0.923464520419212342 -0.051406506317845047 0.336828068535010128
0.924537845434369676 -0.064361291674831678 0.336085533600130215
0.925242490515357785 -0.075032252038341074 0.335343535117245406
0.925869979052101777 -0.087686027454515370 0.334602077563091016
0.926218503962609851 -0.098103685424665632 0.333861165411139194
0.926414986623463221 -0.108405121939538829 0.333120803131571552
0.926458351604774077 -0.120612976323076382 0.332380995191252027
0.926340819129002013 -0.130657852546842645 0.331641746053699893
0.926089448662097747 -0.140586183517876773 0.330903060179063069
0.925618590573369038 -0.152346786545796975 0.330164942024091357
0.925091182501898368 -0.162020034837580540 0.329427396042108855
0.924446260990258617 -0.171578285582372481 0.328690426682987813
0.923523874405443479 -0.182897502425193093 0.327954038393121539
0.922636799442490330 -0.192205683632242441 0.327218235615397535
0.921646709202470493 -0.201401770804255753 0.326483022789170574
0.920328484297275207 -0.212290682154072652 0.325748404350236054
0.919126218608813605 -0.221244180699518789 0.325014384730803463
0.917833722032259103 -0.230089389780542442 0.324280968359469235
0.916168774315785139 -0.240562545746982936 0.323548159661190049
0.914690471349669076 -0.249174182224912222 0.322815963057256461
0.913133162090987494 -0.257681841895556096 0.322084382965266092
0.911164621392301255 -0.267755753116125261 0.321353423799096927
0.909444636743669488 -0.276039595472510557 0.320623089968880448
0.907655490670866261 -0.284223951556560106 0.319893385880975489
0.905800007078402247 -0.292310217361411551 0.319164315937941478
0.903489675067876474 -0.301886198963554009 0.318435884538511682
0.901497655887542271 -0.309761493088956674 0.317708096077566726
0.899447625750013469 -0.317543028635359215 0.316980954946108506
0.896914390215814317 -0.326758926116486437 0.316254465531233042
0.894745068594068105 -0.334338687187712646 0.315528632216104443
0.892525126258454371 -0.341828688143127890 0.314803459379928152
0.890256708877447345 -0.349230091472186810 0.314078951397925132
0.887473539882646656 -0.357996396436770614 0.313355112641304667
0.885105695446211538 -0.365206752338648410 0.312631947477238548
0.882695798693488798 -0.372331921794955722 0.311909460268834315
0.880245733722563206 -0.379372872616391854 0.311187655375109562
0.877757332591573958 -0.386330526719564249 0.310466537150965005
0.874723155054602186 -0.394570992339158599 0.309746109947158288
0.872156626898708209 -0.401348422320557063 0.309026378110278277
0.869557310740274758 -0.408045216744727768 0.308307345982718140
0.866926851059303338 -0.414662125742556009 0.307589017902649531
0.863731447446717926 -0.422497974666690090 0.306871398203996282
0.861038069000897299 -0.428941616503678624 0.306154491216408586
0.858318551482591952 -0.435307566394590673 0.305438301265236245
0.855574381649353732 -0.441596459129234786 0.304722832671503130
0.852807010314814873 -0.447808912492404010 0.304008089751880761
0.850017852366210303 -0.453945531484415965 0.303294076818662772
0.846644043172681826 -0.461210212335814718 0.302580798179738097
0.843811756211042097 -0.467182089238451115 0.301868258138565604
0.840961964835909237 -0.473080030451842659 0.301156460994148056
0.838095928267162837 -0.478904632128537622 0.300445411041005861
0.835214866690484392 -0.484656498122446933 0.299735112569151418
0.832319960306425521 -0.490336243257579296 0.299025569864063145
0.828829398618859514 -0.497057624268592069 0.298316787206659995
0.825907984714196020 -0.502580940028981460 0.297608768873274754
0.822976222723413975 -0.508034208048502078 0.296901519135629122
0.820035114571481594 -0.513418117155177711 0.296195042260807340
0.817085617572880785 -0.518733378431327496 0.295489342511231157
0.814128643810741792 -0.523980726189947177 0.294784424144633184
0.811165059657223519 -0.529160918564054228 0.294080291414031747
0.808195685451325030 -0.534274737717661763 0.293376948567705464
0.805221295352506639 -0.539322989684744236 0.292674399849167044
0.802242617364154587 -0.544306503879445125 0.291972649497137970
0.798663500876455545 -0.550202468185356230 0.291271701745522582
0.795677726239379712 -0.555046588430684995 0.290571560823383868
0.792689686720022824 -0.559828770934404307 0.289872230954915933
0.789699920836787972 -0.564549931301593144 0.289173716359419908
0.786708923981730202 -0.569211001512610171 0.288476021251277581
0.783717149537126345 -0.573812927932325523 0.287779149839927695
0.780725010121871565 -0.578356669217901409 0.287083106329838189
0.777732878988080079 -0.582843194106627105 0.286387894920482278
0.774741091532080706 -0.587273479146568134 0.285693519806313190
0.771749946909859208 -0.591648506390612394 0.284999985176738024
0.768759709762744659 -0.595969261051450427 0.284307295216093381
0.765770611995870043 -0.600236729201752195 0.283615454103619102
0.762782854654260989 -0.604451895457493227 0.282924466013434350
0.759796609832613212 -0.608615740734104071 0.282234335114511015
0.756812022630821035 -0.612729240056415603 0.281545065570649733
0.753829213143793364 -0.616793360435658578 0.280856661540454244
0.750848278461226482 -0.620809058842881845 0.280169127177306077
0.747869294693426223 -0.624777280253344447 0.279482466629339732
0.744892318975998835 -0.628698955818868255 0.278796684039418097
0.741917391488878142 -0.632575001117038793 0.278111783545106850
0.738944537444869987 -0.636406314529939121 0.277427769278649428
0.735973769075539908 -0.640193775710491630 0.276744645366942488
0.733005087571690805 -0.643938244185735531 0.276062415931510929
0.730038485018355110 -0.647640558040776693 0.275381085088483135
0.727073946281520334 -0.651301532731241029 0.274700656948565658
0.724111450858793360 -0.654921960003323367 0.274021135617018741
0.721742909627396845 -0.657789623981038685 0.273342525193631669
0.718784030340089974 -0.661338981683709859 0.272664829772698014
0.715827123751281325 -0.664849874720429002 0.271988053442990652
0.712872165209934128 -0.668322996624792331 0.271312200287737060
0.709919133024168536 -0.671759013436989072 0.270637274384595228
0.706968010078656173 -0.675158563177403304 0.269963279805628786
0.704018785374689871 -0.678522255441764255 0.269290220617281972
0.701071455517146225 -0.681850671085830973 0.268618100880355593
0.698126026165456048 -0.685144361975789429 0.267946924649982543
0.695771061457440942 -0.687754665142325861 0.267276695975603384
0.692829101316326024 -0.690987149246246490 0.266607418900941251
0.689889116988551487 -0.694186298888703313 0.265939097463978480
0.686951160361181645 -0.697352555380450378 0.265271735696931188
0.684015298264456284 -0.700486331247051286 0.264605337626225900
0.681081613431939736 -0.703588010573952594 0.263939907272474572
0.678736299504647311 -0.706046484715543321 0.263275448650450827
0.675806796387882436 -0.709091268986175138 0.262611965769065092
0.672879794003254483 -0.712104884720320075 0.261949462631341390
0.669955442653119349 -0.715087612618362289 0.261287943234391862
0.667033911751831909 -0.718039707888952439 0.260627411569394229
0.664698843933958505 -0.720379484453501417 0.259967871621566038
0.661782878567113486 -0.723277006590611449 0.259309327370142229
0.658870311239577289 -0.726144483720821854 0.258651782788349882
0.655961385019464993 -0.728982083892950938 0.257995241843384959
0.653637041100689986 -0.731230752789455929 0.257339708496387765
0.650735341590522709 -0.734014935266333990 0.256685186702419799
0.647838062800081493 -0.736769610159336175 0.256031680410439610
0.644945516876614278 -0.739494877627400737 0.255379193563278428
0.642635106779170906 -0.741653977637869666 0.254727730097616900
0.639751915006462224 -0.744326523012939778 0.254077293943961557
0.636874409886191151 -0.746969875128216998 0.253427889026620723
0.634576745566760803 -0.749063576795178543 0.252779519263680752
0.631710405156450383 -0.751654522349715526 0.252132188566982385
0.628850800862561177 -0.754216421252959290 0.251485900842097765
0.626568229869157833 -0.756245056534347926 0.250840659988306292
0.623721739109910578 -0.758754781961838876 0.250196469898570972
0.620883090830327444 -0.761235582789747456 0.249553334459515330
0.618618087937628069 -0.763199428328075857 0.248911257551399867
0.615794565116281278 -0.765628282677233818 0.248270243048098749
0.612980003344436364 -0.768028351684439725 0.247630294817075935
0.610735070503746647 -0.769927722320426278 0.246991416719362256
0.607937625809617410 -0.772276137751637504 0.246353612609532258
0.605150225864368396 -0.774595961840238378 0.245716886335680784
0.602927787029229001 -0.776431294505283920 0.245081241739399380
0.600159391378711216 -0.778699885608488240 0.244446682655753811
0.597952613429229896 -0.780494367994492455 0.243813212913260191
0.595204343715794226 -0.782712086473355440 0.243180836333862671
0.592467706067058786 -0.784901727737702615 0.242549556732909621
0.590286972992256409 -0.786633326101940367 0.241919377919131262
0.587572015027102434 -0.788772818986798741 0.241290303694616182
0.585408980061047135 -0.790464520534059245 0.240662337854788411
0.582716556294517352 -0.792554442980388241 0.240035484188385162
0.580571853719415110 -0.794206745912804268 0.239409746477433349
0.577902693139325740 -0.796247765351003611 0.238785128497226773
0.575776853736680638 -0.797861239000881128 0.238161634016303414
0.573131552933598409 -0.799854110554259146 0.237539266796423398
0.571024999735957772 -0.801429393001441670 0.236918030592545070
0.568404019121324655 -0.803374955416756076 0.236297929152803232
0.566317065571267597 -0.804912749434159247 0.235678966218485830
0.563720728412573036 -0.806811919174340475 0.235061145524012804
0.561653578599956682 -0.808312986911190690 0.234444470796911636
0.559082072517500972 -0.810166750857787665 0.233828945757796114
0.557034823208569119 -0.811631907598372004 0.233214574120343354
0.554488203632783172 -0.813441314861820364 0.232601359591271956
0.552460847729237980 -0.814871422212002594 0.231989305870319185
0.549939042951735013 -0.816637575403185156 0.231378416650218466
0.547931474024319076 -0.818033534212493141 0.230768695616677788
0.545932640361691979 -0.819414613705647721 0.230160146448356639
0.543446309100852565 -0.821120323730446966 0.229552772816844636
0.541466944376476578 -0.822468610710535009 0.228946578386638622
0.539004758268974427 -0.824133931600605107 0.228341566815121244
0.537044537170582315 -0.825450392922665643 0.227737741752538220
0.535092699197683208 -0.826753024044953766 0.227135106841976964
0.532664558552797929 -0.828362161279672771 0.226533665719343968
0.530731258058129263 -0.829634388161840541 0.225933422013343488
0.528806038574885950 -0.830893420339552269 0.225334379345455083
0.526410717796059857 -0.832448954176541189 0.224736541329912165
0.524503289266675776 -0.833679014767743198 0.224139911573680239
0.522603582809603950 -0.834896516685331491 0.223544493676434614
0.520239625737209721 -0.836401029541358088 0.222950291230539055
0.518356849473999848 -0.837590983654613930 0.222357307821024419
0.516481392047774324 -0.838769006669337291 0.221765547025566445
0.514613122684550173 -0.839935288562593918 0.221175012414464467
0.512287691201426254 -0.841376916223954274 0.220585707550619681
0.510435105469475126 -0.842517464665987315 0.219997635989513968
0.508589269163376767 -0.843646874524454304 0.219410801279188383
0.506750045070043731 -0.844765325568782144 0.218825206960221313
0.504460104248023011 -0.846148247299935097 0.218240856565707519
0.502635256450844614 -0.847242681557660360 0.217657753621236849
0.500816577399378238 -0.848326718080063880 0.217075901644872893
0.499003933674129152 -0.849400521323491975 0.216495304147131529
0.496746417078985869 -0.850728628335028825 0.215915964630959911
0.494946879179564814 -0.851779985111713267 0.215337886591715516
0.493152963868363881 -0.852821611770996135 0.214761073517145018
0.491364553038514729 -0.853853652520761619 0.214185528887362697
0.489581533927446244 -0.854876246149516739 0.213611256174830066
0.487803799790429704 -0.855889525796106221 0.213038258844334860
0.485588912328216105 -0.857143220907005121 0.212466540352969940
0.483822714647444252 -0.858136000254879905 0.211896104150112174
0.482061504340973279 -0.859119856933642678 0.211326953677402479
0.480305207331465422 -0.860094897982796147 0.210759092368723977
0.478553758786953387 -0.861061223923174857 0.210192523650182150
0.476807103658893061 -0.862018928661204886 0.209627250940083665
0.475065197178499266 -0.862968099422299351 0.209063277648916135
0.473328005309019084 -0.863908816714048400 0.208500607179326947
0.471595505147119898 -0.864841154320919347 0.207939242926103607
0.469867685279082181 -0.865765179327026790 0.207379188276152232
0.468144546067449485 -0.866680952177235508 0.206820446608478120
0.466426099893798574 -0.867588526763225731 0.206263021294164489
0.464284680344001055 -0.868711537900713204 0.205706915696352854
0.462576902013093205 -0.869600830412741388 0.205152133170222351
0.460873941471606874 -0.870482056307712582 0.204598677062969414
0.459175863175199539 -0.871355243435508298 0.204046550713787689
0.457482743670654946 -0.872220414124844745 0.203495757453848236
0.455794671373976834 -0.873077585481438656 0.202946300606278940
0.454531989106399803 -0.873715221955468024 0.202398183486144662
0.452852996769547267 -0.874558421113744600 0.201851409400427062
0.451179353261054294 -0.875393643824742052 0.201305981648004950
0.449511188196916156 -0.876220890753110715 0.200761903519634410
0.447848640939349951 -0.877040159136590280 0.200219178297928596
0.446191859934215895 -0.877851443229383910 0.199677809257337857
0.444541001980398531 -0.878654734761563083 0.199137799664130727
0.442896231429230069 -0.879450023414267257 0.198599152776373439
0.441257719329417875 -0.880237297302452704 0.198061871843910497
0.439625642512077641 -0.881016543466541457 0.197525960108345194
0.438000182628083823 -0.881787748366931523 0.196991420803020012
0.436381525152988003 -0.882550898373458459 0.196458257152997223
0.435172109299098664 -0.883117966868141480 0.195926472375038851
0.433565810102701621 -0.883866989491103539 0.195396069677588241
0.431966834504408037 -0.884607923241678806 0.194867052260749796
0.430375372885209106 -0.885340758426771957 0.194339423316269994
0.428791614348704553 -0.886065487483395642 0.193813186027518514
0.427608963052841240 -0.886603711503028746 0.193288343569468529
0.426039132242323537 -0.887314244511785866 0.192764899108677640
0.424477509166643729 -0.888016664881736029 0.192242855803268775
0.422924268617380472 -0.888710976534343500 0.191722216802911405
0.421379579130354232 -0.889397187264173161 0.191202985248802360
0.420226771005468736 -0.889906536100694145 0.190685164273646623
0.418697429271613686 -0.890578601583146057 0.190168757001638655
0.417177062300866042 -0.891242609677744158 0.189653766548444014
0.415665807186199388 -0.891898584881846812 0.189140196021179541
0.414538422209636326 -0.892385312183642032 0.188628048518395514
0.413043411506014702 -0.893027303497949787 0.188117327130056300
0.411557834865784899 -0.893661354715611478 0.187608034937522289
0.410449901396273742 -0.894131708238613987 0.187100175013531100
0.408981056764885276 -0.894751971299095561 0.186593750422178684
0.407521878975522001 -0.895364425268407316 0.186088764218901248
0.406433876583385922 -0.895818675173886358 0.185585219450456806
0.404991754268117843 -0.896417603513935735 0.185083119154906633
0.403559434475278089 -0.897008891450744361 0.184582466361596864
0.402491642795075488 -0.897447385490588445 0.184083264091140619
0.401076528463491677 -0.898025474541122248 0.183585515355399187
0.400021649375752797 -0.898454156769887047 0.183089223157464454
0.398623744687118919 -0.899019285878091212 0.182594390491640279
0.397235649044423822 -0.899577125096616359 0.182101020343424957
0.396200994433958897 -0.899990773907011321 0.181609115689492451
0.394829975021651625 -0.900536072022522838 0.181118679497675406
0.393808070115264863 -0.900940422307266231 0.180629714726946222
0.392453956972297957 -0.901473469903715130 0.180142224327400208
0.391444650730112031 -0.901868745733487742 0.179656211240236729
0.390107212150240135 -0.902389849053909288 0.179171678397742395
0.389110308878579281 -0.902776285236723597 0.178688628723273041
0.387789256008337357 -0.903285763472666314 0.178207065131235742
0.386804519052520945 -0.903663603492763756 0.177726990527071554
0.385499511112407101 -0.904161786011432267 0.177248407807238162
0.384526666975068987 -0.904531279939773114 0.176771319859192089
0.383237316956590301 -0.905018503508545402 0.176295729561371350
0.382276059710818628 -0.905379905934595053 0.175821639783178052
0.381319667569503751 -0.905737919198180585 0.175349053384961262
0.380051936368275056 -0.906210079994353657 0.174877973217999694
0.379106647053431223 -0.906560369299868718 0.174408402124484219
0.377853479141855630 -0.907022403208105343 0.173940342937500991
0.376918927518895552 -0.907365225861320068 0.173473798481014518
0.375988861822388887 -0.907704926840258941 0.173008771569850284
0.374755629340057628 -0.908153086123804409 0.172545265009677762
0.373835752923727671 -0.908485684057622755 0.172083281596993737
0.372920122488099359 -0.908815314505249439 0.171622824119105372
0.371705760093577586 -0.909250284087674610 0.171163895354113277
0.370799751521767029 -0.909573166137044975 0.170706498070894802
0.369897743775165877 -0.909893230100739414 0.170250635029087161
0.368701162918353365 -0.910315673676121317 0.169796308979071303
0.367808204154087548 -0.910629330671305914 0.169343522661954737
0.366919001537262479 -0.910940312490611026 0.168892278809555235
0.365739115740126630 -0.911350864949962425 0.168442580144384513
0.364858396729233592 -0.911655764320420614 0.167994429379631272
0.363981195077606845 -0.911958123473529447 0.167547829219145628
0.363107441064342562 -0.912257981158478892 0.167102782357422014
0.362237066093197613 -0.912555375267518731 0.166659291479583554
0.361081706207821873 -0.912948132355421715 0.166217359261365216
0.360218956148045055 -0.913239920476823119 0.165776988369098488
0.359359366191643326 -0.913529364818258860 0.165338181459694394
0.358502874037599173 -0.913816499277011252 0.164900941180628258
0.357649419150744330 -0.914101356772656914 0.164465270169923072
0.356798942877291192 -0.914383969228411031 0.164031171056134129
0.355669510251200194 -0.914757346837319574 0.163598646458332858
0.354825767292882455 -0.915034839317870441 0.163167698986090987
0.353984822314326986 -0.915310185805087828 0.162738331239465017
0.353146625968653205 -0.915583413759383014 0.162310545808980133
0.352311131308431336 -0.915854549585661815 0.161884345275615377
0.351478293869453728 -0.916123618627730840 0.161459732210787160
0.350648071746316847 -0.916390645165998330 0.161036709176334170
0.349820425671691249 -0.916655652414242628 0.160615278724501848
0.348995319083492572 -0.916918662520382677 0.160195443397927406
0.348172718193351216 -0.917179696567270386 0.159777205729623673
0.347352592040242381 -0.917438774577955973 0.159360568242964351
0.346534912552442842 -0.917695915518924377 0.158945533451668869
0.345719654582187785 -0.917951137311395660 0.158532103859786916
0.344906795963078161 -0.918204456836199556 0.158120281961683429
0.344096317535467933 -0.918455889947917159 0.157710070242023437
0.343288203179921925 -0.918705451486999336 0.157301471175757601
0.342482439836944486 -0.918953155295362700 0.156894487228106394
0.341679017528792817 -0.919199014231927403 0.156489120854546221
0.340877929362629950 -0.919443040192873373 0.156085374500793544
0.340079171534474423 -0.919685244131736912 0.155683250602791229
0.339282743325136027 -0.919925636081536435 0.155282751586692802
0.338488647082715310 -0.920164225180314710 0.154883879868848662
0.337696888207494772 -0.920401019695834322 0.154486637855791142
0.336907475118135069 -0.920636027054922312 0.154091027944219749
0.336382508449498019 -0.920791709062025454 0.153697052520987060
0.335597031795486500 -0.921023752140741392 0.153304713963084344
0.334813937838807751 -0.921254023986048387 0.152914014637626994
0.334033245697855863 -0.921482529207036438 0.152524956901840314
0.333254977263274743 -0.921709271726599333 0.152137543103045308
0.332737490183021067 -0.921859455768601177 0.151751775578644582
0.331963317221850907 -0.922083267417775354 0.151367656656108324
0.331191639335953636 -0.922305323750846395 0.150985188652959929
0.330422487898907880 -0.922525626499306806 0.150604373876762149
0.329655896638161083 -0.922744176894142565 0.150225214625103520
0.329146275792399079 -0.922888904026926249 0.149847713185584097
0.328384032478273413 -0.923104535345276922 0.149471871835801767
0.327624449908328397 -0.923318415477642929 0.149097692843338375
0.327119560056465419 -0.923460029252521686 0.148725178465746399
0.326364504789595833 -0.923670990093963695 0.148354330950535129
0.325612224331614075 -0.923880198525060647 0.147985152535156927
0.325112268097195622 -0.924018696816352403 0.147617645446993906
0.324364714551160782 -0.924224982491336111 0.147251811903344576
0.323620060609950411 -0.924429513027846372 0.146887654111410415
0.323125259674094223 -0.924564891037848779 0.146525174268282266
0.322385547637653314 -0.924766493596480110 0.146164374560927651
0.321648867672245764 -0.924966337684213435 0.145805257166176955
0.321159457337742149 -0.925098589540700011 0.145447824250710761
0.320427944352422001 -0.925295500166061213 0.145092077971046479
0.319942026348935149 -0.925425795353099101 0.144738020473525603
0.319215823657339803 -0.925619769603276743 0.144385653894300470
0.318733493770623211 -0.925748106418313288 0.144034980359321579
0.318012745044362111 -0.925939142186499975 0.143686001984324796
0.317534098829519662 -0.926065519574021390 0.143338720874818359
0.316818946689985725 -0.926253615883994352 0.142993139126070229
0.316344078538967732 -0.926378033644687404 0.142649258823095815
0.315634663171753371 -0.926563190952908178 0.142307082040644906
0.315163665397007464 -0.926685649937755040 0.141966610843189456
0.314460123190975216 -0.926867870413153550 0.141627847284910818
0.313993085127573957 -0.926988372702424845 0.141290793409687837
0.313295547364495941 -0.927167660478652511 0.140955451251084163
0.312832554524845374 -0.927286209538511264 0.140621822832335985
0.312141146138149916 -0.927462570935577602 0.140289910166339848
0.311682279406051699 -0.927579171756263254 0.139959715255640799
0.311225084583583667 -0.927694995042660397 0.139631240092419895
0.310542452699985705 -0.927867274683096710 0.139304486658482385
0.310089488043777339 -0.927981159492440644 0.138979456925245687
0.309638234550098201 -0.928094271351257771 0.138656152853727538
0.308964585105634015 -0.928262493315666903 0.138334576394534364
0.308517653515033574 -0.928373679908401250 0.138014729487848986
0.308072467096198954 -0.928484099548015585 0.137696614063419348
0.307407978510023661 -0.928648295334119411 0.137380232040546862
0.306967191915124116 -0.928756806514432043 0.137065585328074641
0.306528178721237832 -0.928864558194140155 0.136752675824376058
0.306090945876531628 -0.928971552770677222 0.136441505417343317
0.305438448697465892 -0.929130630605053076 0.136132075984376016
0.305005693744436979 -0.929235743692736649 0.135824389392369904
0.304574739388531746 -0.929340109000852843 0.135518447497705474
0.304145590235571639 -0.929443729455165624 0.135214252146237057
0.303718250357802699 -0.929546608096266214 0.134911805173281107
0.303080640540331403 -0.929699542083977759 0.134611108403605934
0.302657838185676098 -0.929800580226342488 0.134312163651419847
0.302236855175202990 -0.929900888070096854 0.134014972720361059
0.301817693188899727 -0.930000469146843534 0.133719537403486022
0.301400353375905428 -0.930099327091951644 0.133425859483258913
0.300984836364893094 -0.930197465640524079 0.133133940731541361
0.300571142259738855 -0.930294888626519878 0.132843782909580932
0.299954018011468704 -0.930439690045644641 0.132555387768000910
0.299544878257671898 -0.930535341515608683 0.132268757046789781
0.299137557749058203 -0.930630291572333679 0.131983892475290826
0.298732054317424223 -0.930724544454536451 0.131700795772191348
0.298328365304044163 -0.930818104483374875 0.131419468645512461
0.297926487576836929 -0.930910976057368389 0.131139912792598762
0.297526417532261112 -0.931003163650512611 0.130862129900108481
0.297128151107076244 -0.931094671808373686 0.130586121644002573
0.296731683791414347 -0.931185505144080272 0.130311889689535138
0.296337010632397924 -0.931275668336164042 0.130039435691243210
0.295944126253994577 -0.931365166123253263 0.129768761292936907
0.295553024858338342 -0.931454003302524258 0.129499868127689266
0.295163700242632832 -0.931542184725100753 0.129232757817826449
0.294776145811457724 -0.931629715292407012 0.128967431974918306
0.294583030249856492 -0.931673238049866792 0.128703892199768077
0.294198117891796840 -0.931759801627424444 0.128442140082403289
0.293814957577531177 -0.931845726803066543 0.128182177202065650
0.293433541424751088 -0.931931018628406549 0.127924005127202034
0.293053861208679267 -0.932015682190755257 0.127667625415454483
0.292675908377986183 -0.932099722609140535 0.127413039613651358
0.292299674063625781 -0.932183145031584837 0.127160249257797620
0.292112198496001951 -0.932224626110003673 0.126909255873065646
0.291738524670620336 -0.932307131245219467 0.126660060973786071
0.291366545889021167 -0.932389031359144749 0.126412666063438650
0.290996252275088740 -0.932470331675125275 0.126167072634643274
0.290627633689498399 -0.932551037431723961 0.125923282169150691
0.290443949293055559 -0.932591168991063646 0.125681296137833798
0.290077823692969416 -0.932670992756927331 0.125441116000678810
0.289713346702844321 -0.932750235106801107 0.125202743206776296
0.289350507354825537 -0.932828901310182923 0.124966179194312452
0.289169698312602308 -0.932868020004211096 0.124731425390560466
0.288809294412414985 -0.932945831872038611 0.124498483211871971
0.288450499843125652 -0.933023080772368396 0.124267354063668414
0.288271702421731224 -0.933061495756180026 0.124038039340432532
0.287915299932336444 -0.933137910082190380 0.123810540425700069
0.287560477305051632 -0.933213774600406554 0.123584858692051325
0.287383654671216959 -0.933251502322940962 0.123360995501102993
0.287031179138141135 -0.933326551972784468 0.123138952203499741
0.286855523164012527 -0.933363875208616967 0.122918730138906251
0.286505367048432769 -0.933438121767167228 0.122700330635999083
0.286156741602193287 -0.933511839452588310 0.122483755012458659
0.285982998936759492 -0.933548501592985192 0.122269004574961190
0.285636645769451691 -0.933621435709946601 0.122056080619171087
0.285464032063391715 -0.933657708979759193 0.121844984429732739
0.285119922350089261 -0.933729871165148828 0.121635717280263234
0.284948423100265358 -0.933765761366231350 0.121428280433344166
0.284606527660313358 -0.933837163189154329 0.121222675140514505
0.284436128191113413 -0.933872676088358222 0.121018902642262602
0.284096417517196054 -0.933943329044327419 0.120816964168019139
0.283927102999523728 -0.933978470369776881 0.120616860936149317
0.283758146812665202 -0.934013489103175054 0.120418594153945749
0.283421302753687376 -0.934083161313252086 0.120222165017621091
0.283253411531962707 -0.934117816045532345 0.120027574712300855
0.282918682291933288 -0.934186765891846127 0.119834824412016289
0.282751840898509577 -0.934221062251240797 0.119643915279697144
0.282585346066228815 -0.934255240395425846 0.119454848467164781
0.282253389292885015 -0.934323244509286610 0.119267625115125314
0.282087923944201902 -0.934357071710425147 0.119082246353162544
0.281758010786341384 -0.934424379464439347 0.118898713299731174
0.281593559552084871 -0.934457861237136478 0.118717027062150135
0.281429442925051565 -0.934491229083791564 0.118537188736595883
0.281265659184845807 -0.934524483609571854 0.118359199408095833
0.280939083475311158 -0.934590655108396562 0.118183060150521657
0.280776288052751899 -0.934623573281747055 0.118008772026582914
0.280613818611129440 -0.934656380534756304 0.117836336087820667
0.280451673420326564 -0.934689077462090179 0.117665753374601195
0.280128348847068720 -0.934754142710402136 0.117497024916109374
0.279967165987799693 -0.934786512211478016 0.117330151730342946
0.279806300430327060 -0.934818773746260989 0.117165134824105996
0.279645750430381479 -0.934850927899743667 0.117001975193003135
0.279485514244776856 -0.934882975254341830 0.116840673821433358
0.279165976334141308 -0.934946751886051586 0.116681231682584041
0.279006671115012539 -0.934978482317228243 0.116523649738425272
0.278847672720877793 -0.935010108257858574 0.116367928939703880
0.278688979402867298 -0.935041630279274560 0.116214070225937813
0.278530589409210272 -0.935073048950925911 0.116062074525410328
0.278372500988038563 -0.935104364839844271 0.115911942755164490
0.278214712387368390 -0.935135578510752241 0.115763675820997711
0.278057221852461123 -0.935166690526423205 0.115617274617456051
0.277900027630067270 -0.935197701446982999 0.115472740027829104
0.277743127965163261 -0.935228611830500878 0.115330072924144461
0.277586521104347783 -0.935259422232413984 0.115189274167162514
0.277430205291044063 -0.935290133206281515 0.115050344606371285
0.277274178771067081 -0.935320745302924639 0.114913285079981331
0.277118439790265736 -0.935351259070792640 0.114778096414920497
0.276962986592463323 -0.935381675056300543 0.114644779426829185
0.276807817424067015 -0.935411993803109465 0.114513334920055415
0.276652930529777352 -0.935442215852795300 0.114383763687649603
0.276498324156605246 -0.935472341744211788 0.114256066511360263
0.276343996551970561 -0.935502372013782391 0.114130244161628980
0.276189945962338923 -0.935532307195795276 0.114006297397585929
0.276036170639410883 -0.935562147821314416 0.113884226967045130
0.275882668831455846 -0.935591894419609660 0.113764033606500142
0.275729438789352743 -0.935621547517306529 0.113645718041119337
0.275729438789352743 -0.935621547517306529 0.113529280984741868
0.275576478766851762 -0.935651107638112212 0.113414723139873122
0.275423787017186894 -0.935680575303588058 0.113302045197680529
0.275271361796246672 -0.935709951032525411 0.113191247837989437
0.275119201363444921 -0.935739235340834807 0.113082331729278909
0.275119201363444921 -0.935739235340834807 0.112975297528677909
0.274967303978062239 -0.935768428742164038 0.112870145881961009
0.274815667903460015 -0.935797531747189160 0.112766877423544909
0.274664291401609695 -0.935826544864540422 0.112665492776484119
0.274664291401609695 -0.935826544864540422 0.112565992552467672
0.274513172743540257 -0.935855468599075424 0.112468377351815099
0.274362310198043469 -0.935884303453753397 0.112372647763472971
0.274362310198043469 -0.935884303453753397 0.112278804365011281
0.274211702038797744 -0.935913049928470908 0.112186847722619942
0.274061346542835427 -0.935941708520276250 0.112096778391105545
0.274061346542835427 -0.935941708520276250 0.112008596913887773
0.273911241990292986 -0.935970279723590703 0.111922303822996186
0.273761386664277850 -0.935998764029921104 0.111837899639067123
0.273761386664277850 -0.935998764029921104 0.111755384871340541
0.273611778853910970 -0.936027161927675433 0.111674760017656721
0.273611778853910970 -0.936027161927675433 0.111596025564453569
0.273462416850337342 -0.936055473902674073 0.111519181986763555
0.273313298950490835 -0.936083700437568278 0.111444229748210735
0.273313298950490835 -0.936083700437568278 0.111371169301008127
0.273164423456163097 -0.936111842011993933 0.111300001085954892
0.273164423456163097 -0.936111842011993933 0.111230725532433697
0.273015788674210280 -0.936139899102603756 0.111163343058408165
0.273015788674210280 -0.936139899102603756 0.111097854070420235
0.273015788674210280 -0.936139899102603756 0.111034258963587817
0.272867392915317752 -0.936167872183145122 0.110972558121602394
0.272867392915317752 -0.936167872183145122 0.110912751916726629
0.272719234494051888 -0.936195761724628150 0.110854840709792277
0.272719234494051888 -0.936195761724628150 0.110798824850197819
0.272571311736097888 -0.936223568194036626 0.110744704675906469
0.272571311736097888 -0.936223568194036626 0.110692480513444172
0.272571311736097888 -0.936223568194036626 0.110642152677897440
0.272423622969054147 -0.936251292055894524 0.110593721472911730
0.272423622969054147 -0.936251292055894524 0.110547187190689372
0.272423622969054147 -0.936251292055894524 0.110502550111987896
0.272276166527309127 -0.936278933771405031 0.110459810506118417
0.272276166527309127 -0.936278933771405031 0.110418968630943887
0.272276166527309127 -0.936278933771405031 0.110380024732877557
0.272276166527309127 -0.936278933771405031 0.110342979046881562
0.272128940753247117 -0.936306493798417239 0.110307831796465444
0.272128940753247117 -0.936306493798417239 0.110274583193684828
0.272128940753247117 -0.936306493798417239 0.110243233439140137
0.272128940753247117 -0.936306493798417239 0.110213782721975392
0.271981943995097897 -0.936333972591628760 0.110186231219877029
0.271981943995097897 -0.936333972591628760 0.110160579099072869
0.271981943995097897 -0.936333972591628760 0.110136826514331099
0.271981943995097897 -0.936333972591628760 0.110114973608959388
0.271981943995097897 -0.936333972591628760 0.110095020514803896
0.271981943995097897 -0.936333972591628760 0.110076967352248589
0.271835174607357954 -0.936361370602609044 0.110060814230214563
0.271835174607357954 -0.936361370602609044 0.110046561246159164
0.271835174607357954 -0.936361370602609044 0.110034208486075674
0.271835174607357954 -0.936361370602609044 0.110023756024492547
0.271835174607357954 -0.936361370602609044 0.110015203924473198
0.271835174607357954 -0.936361370602609044 0.110008552237615381
0.271835174607357954 -0.936361370602609044 0.110003801004051049
0.271835174607357954 -0.936361370602609044 0.110000950252446050
0.271835174607357954 -0.936361370602609044 0.110000000000000001
