-0.730962745883872889 -0.049540547768710530 0.739999999999999991
-0.730962745883872889 -0.049540547768710530 0.739999049747553928
-0.730962745883872889 -0.049540547768710530 0.739996198995948928
-0.730962745883872889 -0.049540547768710530 0.739991447762384680
-0.730962745883872889 -0.049540547768710530 0.739984796075526807
-0.730962745883872889 -0.049540547768710530 0.739976243975507431
-0.730962745883872889 -0.049540547768710530 0.739965791513924276
-0.730962745883872889 -0.049540547768710530 0.739953438753840897
-0.730962745883872889 -0.049540547768710530 0.739939185769785457
-0.730962745883872889 -0.049540547768710530 0.739923032647751389
-0.730962745883872889 -0.049540547768710530 0.739904979485196068
-0.730962745883872889 -0.049540547768710530 0.739885026391040590
-0.730962745883872889 -0.049540547768710530 0.739863173485668879
-0.730962745883872889 -0.049540547768710530 0.739839420900927136
-0.730962745883872889 -0.049540547768710530 0.739813768780122949
-0.730962745883872889 -0.049540547768710530 0.739786217278024627
-0.730962745883872889 -0.049540547768710530 0.739756766560859869
-0.730962745883872889 -0.049540547768710530 0.739725416806315206
-0.730962745883872889 -0.049540547768710530 0.739692168203534561
-0.730962745883872889 -0.049540547768710530 0.739657020953118471
-0.730962745883872889 -0.049540547768710530 0.739619975267122420
-0.730962745883872889 -0.049540547768710530 0.739581031369056063
-0.730962745883872889 -0.049540547768710530 0.739540189493881561
-0.730962745883872889 -0.049540547768710530 0.739497449888012137
-0.730962745883872889 -0.049540547768710530 0.739452812809310633
-0.730962745883872889 -0.049540547768710530 0.739406278527088290
-0.730962745883872889 -0.049540547768710530 0.739357847322102524
-0.730962745883872889 -0.049540547768710530 0.739307519486555820
-0.730962745883872889 -0.049540547768710530 0.739255295324093509
-0.730962745883872889 -0.049540547768710530 0.739201175149802103
-0.730962745883872889 -0.049540547768710530 0.739145159290207743
-0.730962745883872889 -0.049540547768710530 0.739087248083273307
-0.730962745883872889 -0.049540547768710530 0.739027441878397529
-0.730962745883872889 -0.049540547768710530 0.738965741036412216
-0.730962745883872889 -0.049540547768710530 0.738902145929579812
-0.730962745883872889 -0.049540547768710530 0.738836656941591730
-0.730962745883872889 -0.049540547768710530 0.738769274467566239
-0.730962745883872889 -0.049540547768710530 0.738699998914045142
-0.730962745883872889 -0.049540547768710530 0.738628830698991878
-0.730962745883872889 -0.049540547768710530 0.738555770251789201
-0.730962745883872889 -0.049540547768710530 0.738480818013236395
-0.730962745883872889 -0.049540547768710530 0.738403974435546395
-0.730962745883872889 -0.049540547768710530 0.738325239982343340
-0.730962745883872889 -0.049540547768710530 0.738244615128659576
-0.730962745883872889 -0.049540547768710530 0.738162100360932882
-0.730962745883872889 -0.049540547768710530 0.738077696177003806
-0.730962745883872889 -0.049540547768710530 0.737991403086112219
-0.730962745883872889 -0.049540547768710530 0.737903221608894433
-0.730962745883872889 -0.049540547768710530 0.737813152277379980
-0.730962745883872889 -0.049540547768710530 0.737721195634988725
-0.730962745883872889 -0.049540547768710530 0.737627352236526979
-0.730962745883872889 -0.049540547768710530 0.737531622648184837
-0.730962745883872889 -0.049540547768710530 0.737434007447532291
-0.730962745883872889 -0.049540547768710530 0.737334507223515900
-0.730962745883872889 -0.049540547768710530 0.737233122576455124
-0.730962745883872889 -0.049540547768710530 0.737129854118038996
-0.730962745883872889 -0.049540547768710530 0.737024702471322124
-0.730962745883872889 -0.049540547768710530 0.736917668270721027
-0.730962745883872889 -0.049540547768710530 0.736808752162010583
-0.730962745883872889 -0.049540547768710530 0.736697954802319477
-0.730962745883872889 -0.049540547768710530 0.736585276860126870
-0.730962745883872889 -0.049540547768710530 0.736470719015258179
-0.730962745883872889 -0.049540547768710530 0.736354281958880641
-0.730962745883872889 -0.049540547768710530 0.736235966393499863
-0.730962745883872889 -0.049540547768710530 0.736115773032954834
-0.730962745883872889 -0.049540547768710530 0.735993702602414035
-0.730962745883872889 -0.049540547768710530 0.735869755838370998
-0.730962745883872889 -0.049540547768710530 0.735743933488639756
-0.730962745883872889 -0.049540547768710530 0.735616236312350402
-0.730962745883872889 -0.049540547768710530 0.735486665079944646
-0.730962745883872889 -0.049540547768710530 0.735355220573170709
-0.730962745883872889 -0.049540547768710530 0.735221903585079439
-0.730962745883872889 -0.049540547768710530 0.735086714920018758
-0.730962745883872889 -0.049540547768710530 0.734949655393628665
-0.730962745883872889 -0.049540547768710530 0.734810725832837464
-0.730962745883872889 -0.049540547768710530 0.734669927075855544
-0.730962745883872889 -0.049540547768710530 0.734527259972170943
-0.730962745883872889 -0.049540547768710530 0.734382725382543899
-0.730962745883872889 -0.049540547768710530 0.734236324179002309
-0.730962745883872889 -0.049540547768710530 0.734088057244835501
-0.730962745883872889 -0.049540547768710530 0.733937925474589692
-0.730962745883872889 -0.049540547768710530 0.733785929774062096
-0.730962745883872889 -0.049540547768710530 0.733632071060296154
-0.730962745883872889 -0.049540547768710530 0.733476350261574761
-0.730962745883872889 -0.049540547768710530 0.733318768317415937
-0.730962745883872889 -0.049540547768710530 0.733159326178566717
-0.730962745883872889 -0.049540547768710530 0.732998024806996828
-0.730962745883872889 -0.049540547768710530 0.732834865175894024
-0.730962745883872889 -0.049540547768710530 0.732669848269657087
-0.730962745883872889 -0.049540547768710530 0.732502975083890617
-0.730962745883872889 -0.049540547768710530 0.732334246625398921
-0.730962745883872889 -0.049540547768710530 0.732163663912179352
-0.730962745883872889 -0.049540547768710530 0.731991227973417091
-0.730962745883872889 -0.049540547768710530 0.731816939849478376
-0.730962745883872889 -0.049540547768710530 0.731640800591904172
-0.730962745883872889 -0.049540547768710530 0.731462811263404067
-0.730962745883872889 -0.049540547768710530 0.731282972937849940
-0.730962745883872889 -0.049540547768710530 0.731101286700268749
-0.730962745883872889 -0.049540547768710530 0.730917753646837420
-0.730962745883872889 -0.049540547768710530 0.730732374884874636
-0.730962745883872889 -0.049540547768710530 0.730545151532835280
-0.730962745883872889 -0.049540547768710530 0.730356084720302889
-0.730962745883872889 -0.049540547768710530 0.730165175587983772
-0.730962745883872889 -0.049540547768710530 0.729972425287699123
-0.730962745883872889 -0.049540547768710530 0.729777834982378915
-0.730962745883872889 -0.049540547768710530 0.729581405846054243
-0.730962745883872889 -0.049540547768710530 0.729383139063850661
-0.730962745883872889 -0.049540547768710530 0.729183035831980852
-0.730962745883872889 -0.049540547768710530 0.728981097357737307
-0.730962745883872889 -0.049540547768710530 0.728777324859485542
-0.730962745883872889 -0.049540547768710530 0.728571719566655895
-0.730962745883872889 -0.049540547768710530 0.728364282719736744
-0.730962745883872889 -0.049540547768710530 0.728155015570267294
-0.730962745883872889 -0.049540547768710530 0.727943919380828919
-0.730962745883872889 -0.049540547768710530 0.727730995425038829
-0.730962745883872889 -0.049540547768710530 0.727516244987541416
-0.730962745883872889 -0.049540547768710530 0.727299669364000922
-0.730962745883872889 -0.049540547768710530 0.727081269861093782
-0.730962745883872889 -0.049540547768710530 0.726861047796500293
-0.730962745883872889 -0.049540547768710530 0.726639004498896957
-0.730962745883872889 -0.049540547768710530 0.726415141307948709
-0.730962745883872889 -0.049540547768710530 0.726189459574299923
-0.730962745883872889 -0.049540547768710530 0.725961960659567529
-0.730962745883872889 -0.049540547768710530 0.725732645936331688
-0.730962745883872889 -0.049540547768710530 0.725501516788128020
-0.730962745883872889 -0.049540547768710530 0.725268574609439609
-0.730962745883872889 -0.049540547768710530 0.725033820805687568
-0.730962745883872889 -0.049540547768710530 0.724797256793223710
-0.730962745883872889 -0.049540547768710530 0.724558883999321224
-0.730962745883872889 -0.049540547768710530 0.724318703862166235
-0.730962745883872889 -0.049540547768710530 0.724076717830849370
-0.730962745883872889 -0.049540547768710530 0.723832927365356760
-0.730962745883872889 -0.049540547768710530 0.723587333936561383
-0.730962745883872889 -0.049540547768710530 0.723339939026213963
-0.730962745883872889 -0.049540547768710530 0.723090744126934415
-0.730962745883872889 -0.049540547768710530 0.722839750742202303
-0.730962745883872889 -0.049540547768710530 0.722586960386348620
-0.730962745883872889 -0.049540547768710530 0.722332374584545467
-0.730962745883872889 -0.049540547768710530 0.722075994872797944
-0.730962745883872889 -0.049540547768710530 0.721817822797934383
-0.730962745883872889 -0.049540547768710530 0.721557859917596800
-0.730962745883872889 -0.049540547768710530 0.721296107800231900
-0.730962745883872889 -0.049540547768710530 0.721032568025081755
-0.730962745883872889 -0.049540547768710530 0.720767242182173473
-0.730962745883872889 -0.049540547768710530 0.720500131872310767
-0.730962745883872889 -0.049540547768710530 0.720231238707063071
-0.730962745883872889 -0.049540547768710530 0.719960564308756767
-0.730962745883872889 -0.049540547768710530 0.719688110310464868
-0.730962745883872889 -0.049540547768710530 0.719413878355997460
-0.730962745883872889 -0.049540547768710530 0.719137870099891496
-0.730962745883872889 -0.049540547768710530 0.718860087207401133
-0.730962745883872889 -0.049540547768710530 0.718580531354487628
-0.730962745883872889 -0.049540547768710530 0.718299204227808685
-0.730962745883872889 -0.049540547768710530 0.718016107524709124
-0.730962745883872889 -0.049540547768710530 0.717731242953210224
-0.730962745883872889 -0.049540547768710530 0.717444612231999179
-0.730962745883872889 -0.049540547768710530 0.717156217090419101
-0.730962745883872889 -0.049540547768710530 0.716866059268458589
-0.730962745883872889 -0.049540547768710530 0.716574140516741065
-0.730962745883872889 -0.049540547768710530 0.716280462596514012
-0.730962745883872889 -0.049540547768710530 0.715985027279638975
-0.730962745883872889 -0.049540547768710530 0.715687836348580131
-0.730962745883872889 -0.049540547768710530 0.715388891596394072
-0.730962745883872889 -0.049540547768710530 0.715088194826718926
-0.730962745883872889 -0.049540547768710530 0.714785747853762921
-0.730962745883872889 -0.049540547768710530 0.714481552502294504
-0.730962745883872889 -0.049540547768710530 0.714175610607630129
-0.730962745883872889 -0.049540547768710530 0.713867924015623934
-0.730962745883872889 -0.049540547768710530 0.713558494582656633
-0.730962745883872889 -0.049540547768710530 0.713247324175623976
-0.730962745883872889 -0.049540547768710530 0.712934414671925309
-0.730962745883872889 -0.049540547768710530 0.712619767959453143
-0.730962745883872889 -0.049540547768710530 0.712303385936580713
-0.730962745883872889 -0.049540547768710530 0.711985270512151103
-0.730962745883872889 -0.049540547768710530 0.711665423605465697
-0.730962745883872889 -0.049540547768710530 0.711343847146272412
-0.730962745883872889 -0.049540547768710530 0.711020543074754374
-0.730962745883872889 -0.049540547768710530 0.710695513341517593
-0.730962745883872889 -0.049540547768710530 0.710368759907580083
-0.730962745883872889 -0.049540547768710530 0.710040284744359096
-0.730962745883872889 -0.049540547768710530 0.709710089833660129
-0.730962745883872889 -0.049540547768710530 0.709378177167664048
-0.730962745883872889 -0.049540547768710530 0.709044548748915870
-0.730962745883872889 -0.049540547768710530 0.708709206590312113
-0.730962745883872889 -0.049540547768710530 0.708372152715089243
-0.730962745883872889 -0.049540547768710530 0.708033389156810689
-0.730962745883872889 -0.049540547768710530 0.707692917959355072
-0.730962745883872889 -0.049540547768710530 0.707350741176904108
-0.730962745883872889 -0.049540547768710530 0.707006860873929721
-0.730962745883872889 -0.049540547768710530 0.706661279125181618
-0.730962745883872889 -0.049540547768710530 0.706313998015675182
-0.730962745883872889 -0.049540547768710530 0.705965019640678482
-0.730962745883872889 -0.049540547768710530 0.705614346105699508
-0.730962745883872889 -0.049540547768710530 0.705261979526474403
-0.730962745883872889 -0.049540547768710530 0.704907922028953582
-0.730962745883872889 -0.049540547768710530 0.704552175749289300
-0.730962745883872889 -0.049540547768710530 0.704194742833822995
-0.730962745883872889 -0.049540547768710530 0.703835625439072410
-0.730962745883872889 -0.049540547768710530 0.703474825731717712
-0.730962745883872889 -0.049540547768710530 0.703112345888589618
-0.730962745883872889 -0.049540547768710530 0.702748188096655402
-0.730962745883872889 -0.049540547768710530 0.702382354553006127
-0.730962745883872889 -0.049540547768710530 0.702014847464843106
-0.730962745883872889 -0.049540547768710530 0.701645669049464793
-0.730962745883872889 -0.049540547768710530 0.701274821534253578
-0.730962745883872889 -0.049540547768710530 0.700902307156661686
-0.730962745883872889 -0.049540547768710530 0.700528128164198294
-0.730962745883872889 -0.049540547768710530 0.700152286814415881
-0.730962745883872889 -0.049540547768710530 0.699774785374896457
-0.730962745883872889 -0.049540547768710530 0.699395626123237801
-0.730962745883872889 -0.049540547768710530 0.699014811347040133
-0.730962745883872889 -0.049540547768710530 0.698632343343891682
-0.730962745883872889 -0.049540547768710530 0.698248224421355368
-0.730962745883872889 -0.049540547768710530 0.697862456896954697
-0.730962745883872889 -0.049540547768710530 0.697475043098159664
-0.730962745883872889 -0.049540547768710530 0.697085985362372984
-0.730962745883872889 -0.049540547768710530 0.696695286036915662
-0.730962745883872889 -0.049540547768710530 0.696302947479013001
-0.730962745883872889 -0.049540547768710530 0.695908972055780284
-0.730962745883872889 -0.049540547768710530 0.695513362144208891
-0.730962745883872889 -0.049540547768710530 0.695116120131151316
-0.730962745883872889 -0.049540547768710530 0.694717248413307176
-0.730962745883872889 -0.049540547768710530 0.694316749397208888
-0.730962745883872889 -0.049540547768710530 0.693914625499206461
-0.730962745883872889 -0.049540547768710530 0.693510879145453840
-0.730962745883872889 -0.049540547768710530 0.693105512771893584
-0.730962745883872889 -0.049540547768710530 0.692698528824242432
-0.730962745883872889 -0.049540547768710530 0.692289929757976541
-0.730962745883872889 -0.049540547768710530 0.691879718038316605
-0.730962745883872889 -0.049540547768710530 0.691467896140213090
-0.730962745883872889 -0.049540547768710530 0.691054466548331137
-0.730962745883872889 -0.049540547768710530 0.690639431757035682
-0.730962745883872889 -0.049540547768710530 0.690222794270376361
-0.731103611601682579 -0.048555048067062401 0.689804556602072627
-0.731322151679035248 -0.047067129149019060 0.689384721275498102
-0.731549438539020769 -0.045566932225384937 0.688963290823665919
-0.731785547595203978 -0.044053698839429611 0.688540267789212845
-0.732030566218210055 -0.042526670164191704 0.688115654724384629
-0.732284593363255021 -0.040985085918853303 0.687689454191019900
-0.732547739229120642 -0.039428183356978008 0.687261668760535072
-0.732820124943169837 -0.037855196317410578 0.686832301013909019
-0.733197908226361106 -0.035731527562556820 0.686401353541667092
-0.733492383859062791 -0.034118004769573718 0.685968828943865794
-0.733796578374789066 -0.032485807805704925 0.685534729830076905
-0.734110657055460525 -0.030834145898428811 0.685099058819371831
-0.734434794697353843 -0.029162220513299031 0.684661818540305611
-0.734769175370547423 -0.027469224613787979 0.684223011630901601
-0.735231284906270099 -0.025177708127886889 0.683782640738634817
-0.735590332121287771 -0.023432355957127726 0.683340708520416507
-0.735960299849623412 -0.021663172292128108 0.682897217642577936
-0.736341409588078588 -0.019869304698233892 0.682452170780854406
-0.736733890828026539 -0.018049888211268572 0.682005570620368706
-0.737275299283035923 -0.015582736724746138 0.681557419855615576
-0.737695249570075040 -0.013700265740313744 0.681107721190444715
-0.738127390931992977 -0.011789261182441835 0.680656477338045240
-0.738571984687757976 -0.009848793581006487 0.680203691020928702
-0.739184610951487020 -0.007214032465911568 0.679749364970912762
-0.739659313812667252 -0.005201102094303245 0.679293501929105314
-0.740147387374342935 -0.003155476499616172 0.678836104645886729
-0.740819451146858321 -0.000375358883811239 0.678377175880894634
-0.741339856599168900 0.001750543642671076 0.677916718403006269
-0.741874618380030215 0.003912619521468319 0.677454734990322271
-0.742610499506390354 0.006853564272447710 0.676991228430149805
-0.743179967401163433 0.009104379080371094 0.676526201518985459
-0.743963278490922919 0.012167843002767242 0.676059657062499042
-0.744569202931491425 0.014513804429682364 0.675591597875515815
-0.745191306463185210 0.016902623873025380 0.675122026782000395
-0.746046538138606219 0.020156658598146138 0.674650946615038660
-0.746707737002439864 0.022650666815523912 0.674178360216821981
-0.747616387440694141 0.026050047671119292 0.673704270438628683
-0.748318645160020002 0.028657063312297892 0.673228680140807945
-0.749039130326873970 0.031315103991653825 0.672751592192761816
-0.750028815574614538 0.034941418072348907 0.672273009472928451
-0.750793390898030655 0.037725135433640478 0.671792934868764235
-0.751843389452597766 0.041525637085445932 0.671311371276726909
-0.752654396231539402 0.044445271210168447 0.670828321602257471
-0.753767986858417727 0.048434547981088705 0.670343788759763304
-0.754628020161830504 0.051501828326293186 0.669857775672599853
-0.755808875101568356 0.055696720416207823 0.669370285273053756
-0.757030012274643394 0.060017755979704102 0.668881320502324628
-0.757973192186604527 0.063345556987908391 0.668390884310507527
-0.759268496731061227 0.067904888443665878 0.667898979656575076
-0.760269234301732655 0.071420753475726684 0.667405609508359698
-0.761644102098306686 0.076244621412788149 0.666910776842535635
-0.762706815324438292 0.079970269110972547 0.666414484644600846
-0.764167700497219493 0.085090784529990637 0.665916735908859470
-0.765681139749626816 0.090398143786324769 0.665417533638403169
-0.766852401789842153 0.094510120296240008 0.664916880845093483
-0.768464833715653994 0.100181430053625398 0.664414780549543171
-0.770138440223054443 0.106085860550729716 0.663911235781098785
-0.771436082239199128 0.110680222115346449 0.663406249577821461
-0.773226226662976801 0.117047487442103360 0.662899824986468933
-0.775089126332915379 0.123717276336075654 0.662391965062477772
-0.776537064000528687 0.128938261789374509 0.661882672869943733
-0.778539685565786010 0.136222497420999400 0.661371951481604547
-0.780629950460351774 0.143918056228964697 0.660859803978820493
-0.782258809438268088 0.149992148892738042 0.660346233451555964
-0.784517120609620089 0.158545805625546821 0.659831242998361267
-0.786879783072521710 0.167690168136844509 0.659314835726353410
-0.789352115709868296 0.177518806541631213 0.658797014751197674
-0.791280675000886280 0.185407903678017572 0.658277783197088628
-0.793952116076645065 0.196729257619044307 0.657757144196731369
-0.796734581635647920 0.209127396027606327 0.657235100891322421
-0.799616310931091201 0.222821029235983570 0.656711656430531421
-0.801827647979542757 0.234108173452055313 0.656186813972481464
-0.804804805687201807 0.250799152542604153 0.655660576683730012
-0.807736966082038821 0.269791384487794217 0.655132947739250349
-0.810475304726483103 0.291699130593413125 0.654603930322411820
-0.812752287558331621 0.317363575903987505 0.654073527624961182
-0.814083388637841132 0.347957162267476638 0.653541742847002838
-0.813574609292654682 0.385140378321116361 0.653008579196979855
-0.811014690832412510 0.418745992660924993 0.652474039891654756
-0.802273790022663746 0.473762778916492322 0.651938128156089536
-0.782048211290236384 0.544380946276513233 0.651400847223626678
-0.738455539208148326 0.635317855859773073 0.650862200335869279
-0.646632607052899822 0.746936810616723790 0.650322190742662065
-0.461406480225682369 0.853959942239271186 0.649780821702071409
-0.151314374308767263 0.851316888083706647 0.649238096480365567
0.138267959008188973 0.592533456154249571 0.648694018351995028
0.157389026127395276 0.222072064985413542 0.648148590599572971
-0.004288519627313529 -0.003374009168632892 0.647601816513855399
-0.171410674400024554 -0.087717041790478331 0.647053699393721038
-0.296669242522251686 -0.105539481780873245 0.646504242546151686
-0.385169808102849065 -0.098016263748990445 0.645953449286212344
-0.448246496511255810 -0.081972858321046865 0.645401322937030675
-0.494390540523258037 -0.063859334447626925 0.644847866829777683
-0.529121869572471204 -0.046079784369569277 0.644293084303647068
-0.555962699150038597 -0.029460494204268245 0.643736978705835461
-0.577194442777785310 -0.014207207184828485 0.643179553391521885
-0.594331884318388459 -0.000285983642296539 0.642620811723847774
-0.608407937132433352 0.012421656261057512 0.642060757073896426
-0.620145236151348755 0.024055144535087059 0.641499392820673031
-0.630061474831468571 0.034749535773815288 0.640936722351083898
-0.638535604385501276 0.044626438987564077 0.640372749059916258
-0.645850462437433714 0.053791836855056174 0.639807476349817827
-0.652220879200847481 0.062336708452471190 0.639240907631276056
-0.657812624772753596 0.070338661462556462 0.638673046322597582
-0.663902303872397015 0.079677371863988988 0.638103895849887803
-0.668176138791605978 0.086684756849826627 0.637533459647030010
-0.672004483530062591 0.093330819495966610 0.636961741155665062
-0.675450925225396515 0.099655401510181152 0.636388743825169967
-0.678567640469868394 0.105692882400929888 0.635814471112637336
-0.681397815963713183 0.111473065215295986 0.635238926482855071
-0.683977482767613054 0.117021907947991277 0.634662113408284490
-0.686895463177060628 0.123666979326120807 0.634084035369040122
-0.689015184184510465 0.128774226583995288 0.633504695852868616
-0.690967048206422740 0.133714557401468037 0.632924098355127196
-0.692769032650952354 0.138503179791022890 0.632342246378763129
-0.694436628935622080 0.143153665064832680 0.631759143434292514
-0.696352402927516323 0.148790928501502107 0.631174793039778748
-0.697764024745934019 0.153173242233034190 0.630589198720811650
-0.699078854561730800 0.157452751204164187 0.630002364010486038
-0.700305526921148891 0.161638225067144481 0.629414292449380408
-0.701726380625550261 0.166749949001758824 0.628824987585535511
-0.702781119553760991 0.170752064278842264 0.628234452974433477
-0.703769297795825755 0.174683791540041600 0.627642692178975614
-0.704918632884090846 0.179508697580900822 0.627049708769460978
-0.705774833936072987 0.183303634030962004 0.626455506323565503
-0.706579071294456407 0.187046415246592657 0.625860088426319683
-0.707516570240525278 0.191658862448127132 0.625263458670087813
-0.708216065972132158 0.195301466525598211 0.624665620654545006
-0.708873606137021661 0.198906542827691657 0.624066577986656545
-0.709640153869210311 0.203366147616374227 0.623466334280656009
-0.710211646219132464 0.206901012546558016 0.622864893158023070
-0.710748028693792944 0.210410575682212830 0.622262258247461841
-0.711371572133413066 0.214767144401268872 0.621658433184878789
-0.711834554412310805 0.218232090417608160 0.621053421613361412
-0.712266964453415752 0.221682423055541367 0.620447227183155481
-0.712766016540538505 0.225979488212496360 0.619839853551643394
-0.713133107592355930 0.229408142467816101 0.619231304383322301
-0.713552870471282796 0.233687598316803247 0.618621583349781567
-0.713858004211802344 0.237109677552988174 0.618010694129680793
-0.714201619160989232 0.241390279895665916 0.617398640408728050
-0.714446471906951208 0.244820813074965615 0.616785425879656679
-0.714664630541255064 0.248260030122122777 0.616171054242203975
-0.714899532458316056 0.252576051977131066 0.615555529203088425
-0.715056794965545084 0.256046450533389036 0.614938854475987173
-0.715214147078914175 0.260412068391098428 0.614321033781514036
-0.715307702310069127 0.263931125374371911 0.613702070847196968
-0.715382543235687951 0.268369641472024911 0.613081969407454963
-0.715407112340207263 0.271957483004173106 0.612460733203576524
-0.715390934237026488 0.276496443614272613 0.611838365983696564
-0.715337915693207593 0.280177515742115468 0.611214871502773316
-0.715217243020605853 0.284851347237500940 0.610590253522566684
-0.715073201688557702 0.288657111615788109 0.609964515811614816
-0.714827056981651054 0.293511506755254392 0.609337662145211567
-0.714497948865651766 0.298492485452020395 0.608709696305383963
-0.714166198155086640 0.302584751075107961 0.608080622080868771
-0.713651662313720125 0.307860158410313445 0.607450443267090412
-0.713146284504569294 0.312232792551509819 0.606819163666137418
-0.712372422966367491 0.317931382442447785 0.606186787086739787
-0.711614358992820883 0.322718326462903882 0.605553317344246333
-0.710445329580491336 0.329064100441766705 0.604918758260600598
-0.708951756251983145 0.335935239082087278 0.604283113664319305
-0.707438113050141482 0.341939911085630543 0.603646387390467831
-0.704975052911551492 0.350333493352290581 0.603008583280637778
-0.702332894977439892 0.358060781248009330 0.602369705182924098
-0.697660886415206738 0.369690187900793665 0.601729756951901340
-0.690212500650410066 0.385049910394248796 0.601088742448600111
-0.680095033178255814 0.402400448275283540 0.600446665540484759
-0.653302983185013453 0.438484393375977000 0.599803530101429061
-0.550126474233518015 0.522299510339068407 0.599159340011693797
0.039391116625332429 0.188789010510529404 0.598514099157902213
-0.756930375264831978 0.125607436501675440 0.597867811433017704
-0.754535704914929495 0.249050198807444112 0.597220480736319392
-0.747270660958396338 0.285807080404513802 0.596572110973379255
-0.740821355574532436 0.311776355452042186 0.595922706056038476
-0.736323708267182742 0.328781580843560184 0.595272269902383133
-0.732964670289180664 0.341586360598865657 0.594620806436721661
-0.730787714224130913 0.350134019492043369 0.593968319589560312
-0.728480543819080895 0.359514790719271671 0.593314813297580179
-0.726481357206422040 0.367946817832146555 0.592660291503612213
-0.724685112983797675 0.375750530837557828 0.592004758156615130
-0.723346952294761536 0.381676641917366388 0.591348217211650096
-0.721756498981735106 0.388800401375366700 0.590690672629857860
-0.720224159436259059 0.395694747599509788 0.590032128378433995
-0.718723201170488823 0.402425447373295997 0.589372588430605804
-0.717531187787836422 0.407724475846464374 0.588712056765608116
-0.716038368112787982 0.414271624776771652 0.588050537368658643
-0.714529933291246033 0.420759464267092431 0.587388034230934886
-0.712994585430987149 0.427209757617679875 0.586724551349549261
-0.711422575214493813 0.433639792013328695 0.586060092727525461
-0.710132691787525694 0.438778799876729797 0.585394662373774133
-0.708473179779452567 0.445206421501175065 0.584728264303068901
-0.706754011131197513 0.451648201025958707 0.584060902536021609
-0.704967474062897059 0.458113755468359196 0.583392581099058893
-0.703105656061588924 0.464612180491498217 0.582723304024396649
-0.701160152663694913 0.471152508724652863 0.582053075350017379
-0.699121741252556106 0.477744159095659038 0.581381899119644441
-0.697417162168865179 0.483061298916691084 0.580709779382718061
-0.695184114203708514 0.489772169471479280 0.580036720194371247
-0.692824256172035358 0.496567155987029829 0.579362725615404806
-0.690320639150356463 0.503462308456234520 0.578687799712263029
-0.687652162189279492 0.510477519634014554 0.578011946557009382
-0.684791940927951259 0.517638036900877396 0.577335170227301964
-0.681704902391989664 0.524976629004706652 0.576657474806368309
-0.678344128271277325 0.532536793308741485 0.575978864382981293
-0.674645103757026798 0.540377663096586192 0.575299343051434375
-0.670516315369891758 0.548581790731809016 0.574618914911516843
-0.666815493485003574 0.555484774789702707 0.573937584068489048
-0.661527033912844731 0.564680390615228123 0.573255354633057546
-0.655214171725408412 0.574745774682902444 0.572572230721350661
-0.647360309259637834 0.586091157353414882 0.571888216454893183
-0.637005932257052487 0.599429668228752877 0.571203315960581826
-0.622150490955913904 0.616110936700299483 0.570517533370660246
-0.597852299243205709 0.638984764472146916 0.569830872822694068
-0.548042275712344651 0.674812884636604715 0.569143338459545789
-0.384713330973395828 0.731943047802890656 0.568454934429350356
-0.187203521147097374 -0.123396610545477431 0.567765664885489074
-0.770599574563209599 0.336096139381841630 0.567075533986565739
-0.739781526888129704 0.467655904119031518 0.566384545896380986
-0.717595100820723308 0.517187587311199959 0.565692704783906763
-0.702897293453388583 0.544828608446533580 0.565000014823262009
-0.692157420229464249 0.563704418108019079 0.564306480193686899
-0.683650933278682538 0.578226231949618974 0.563612105079517756
-0.676497577667187766 0.590277195221630135 0.562916893670161955
-0.670209622540244521 0.600793035094002725 0.562220850160072394
-0.664496814213482168 0.610290324731994849 0.561523978748722397
-0.659176015560656525 0.619077192312830649 0.560826283640580292
-0.653140645700212352 0.628953324904251487 0.560127769045084101
-0.648307576261862861 0.636773265231378449 0.559428439176616110
-0.643592403814871927 0.644310730214196714 0.558728298254477340
-0.638953916702172608 0.651625105743777633 0.558027350502862229
-0.634360926917682422 0.658759927232050790 0.557325600150833100
-0.629789295240165692 0.665747791989105719 0.556623051432294513
-0.625219953721171673 0.672613545404514346 0.555919708585968286
-0.620637557115462757 0.679376408450111824 0.555215575855366850
-0.616029542464495372 0.686051434544737493 0.554510657488768932
-0.611385460330127861 0.692650529441133589 0.553804957739192694
-0.606696490993713144 0.699183179185727366 0.553098480864371078
-0.600999926488558933 0.706945235684670159 0.552391231126725279
-0.596187053767905373 0.713356347595238360 0.551683212793339983
-0.591308428671969866 0.719720437868812901 0.550974430135936832
-0.586359105765486111 0.726041223416690307 0.550264887430848670
-0.581334665656075611 0.732321628313432837 0.549554588958994228
-0.576231131189632984 0.738563907425590971 0.548843539005852032
-0.571044903028493200 0.744769742912756993 0.548131741861434318
-0.564707688851744050 0.752170277701072920 0.547419201820261936
-0.559328427898517555 0.758299499014109646 0.546705923181337261
-0.553856989622282581 0.764394601389824624 0.545991910248119217
-0.548290943007418541 0.770455531165858631 0.545277167328497070
-0.542628080260802115 0.776481923517639894 0.544561698734763899
-0.536866407055219597 0.782473128143902130 0.543845508783591502
-0.529819467694695789 0.789614821550895907 0.543128601796003752
-0.523834408489193271 0.795525052349857154 0.542410982097350503
-0.517745537514047616 0.801396332197642391 0.541692654017281949
-0.511551719791431880 0.807227020376594107 0.540973621889721756
-0.503979316205796279 0.814167666255526945 0.540253890052841745
-0.497551642683274009 0.819902332159580194 0.539533462849035028
-0.491016794069585427 0.825589906441683508 0.538812344624890471
-0.484374525426300773 0.831228016474021558 0.538090539731165718
-0.477624813072598298 0.836814150762171471 0.537368052522761430
-0.469383631072345708 0.843445184343082688 0.536644887358695422
-0.462398568474177429 0.848907539104926445 0.535921048602074901
-0.455307504889799153 0.854309117078099090 0.535196540620071826
-0.448111370757078242 0.859646984788712709 0.534471367783895701
-0.439338963321163289 0.865964111435939543 0.533745534468767047
-0.431916067864992814 0.871151223142795028 0.533019045053891527
-0.424392595686028384 0.876264921761333082 0.532291903922433307
-0.416770410133893598 0.881302138494142184 0.531564115461488407
-0.407496415432357928 0.887241540937185880 0.530835684062058610
-0.399664627928849492 0.892099781595152574 0.530106614119024488
-0.391741436830403356 0.896871887021146619 0.529376910031119641
-0.382116720958522449 0.902480631655481313 0.528646576200903162
-0.374002053073585139 0.907053132258633155 0.527915617034733886
-0.365805057430266922 0.911530509739131967 0.527184036942743628
-0.355864398472653720 0.916774153952891302 0.526451840338810095
-0.347497436133180349 0.921033297949189311 0.525719031640530909
-0.339058508367070299 0.925189461390876766 0.524985615269196515
-0.330551029465839530 0.929240478585112828 0.524251595649763980
-0.320256451828089594 0.933960082345128395 0.523516977210829459
-0.311610413277777054 0.937772913518003404 0.522781764384602554
-0.302907017565029135 0.941474718115225984 0.522045961606878439
-0.292392183928413263 0.945768236250348782 0.521309573317012220
-0.283574958926660681 0.949220756829759704 0.520572603957891289
-0.274711546208174784 0.952558054535816989 0.519835057975908787
-0.264019271476409634 0.956409370413227378 0.519096939820936853
-0.255066135334333588 0.959490007101034159 0.518358253946300196
-0.244275737959883443 0.963031294722912157 0.517619004808748007
-0.235248570107016886 0.965852271376061888 0.516879196868428425
-0.226192674048707465 0.968554653473745475 0.516138834588860784
-0.215291793600155712 0.971640745935791639 0.515397922436909073
-0.206182844774432827 0.974081821887630595 0.514656464882754738
-0.197054132654510439 0.976404213514591834 0.513914466399869707
-0.186077170383895152 0.979034725390417582 0.513171931464990072
-0.176913773683617825 0.981096896009922448 0.512428864558087671
-0.165901980927043280 0.983416219379860901 0.511685270162344774
-0.156714889833676763 0.985220181397804540 0.510941152764125550
-0.147520296189659395 0.986907664414542363 0.510196516852949977
-0.136479500342701121 0.988779803762636966 0.509451366921466198
-0.127274800047645631 0.990213378217526419 0.508705707465423762
-0.116226710317789084 0.991782943286166008 0.507959542983646317
-0.107019657056876383 0.992966241156603258 0.507212877978004517
-0.097813767602549784 0.994037078959751574 0.506465716953388712
-0.086769981317368683 0.995174832513419538 0.505718064417682078
-0.077570888651229242 0.996001266977558419 0.504969924881733090
-0.066538386855091891 0.996848269215253380 0.504221302859328868
-0.057351061949257875 0.997434541629369731 0.503472202867166985
-0.048170470086637607 0.997913063172931158 0.502722629424828926
-0.037163699358918834 0.998346295789374505 0.501972587054753117
-0.028000458805878148 0.998590850476253289 0.501222080282206495
-0.017016342092012526 0.998745833516102799 0.500471113635258535
-0.007873340017928609 0.998760573110588190 0.499719691644752828
0.003085049803604800 0.998642199181448476 0.498967818844280431
0.012205545227847114 0.998431113923859637 0.498215499770152170
0.023135793297807294 0.998044054607838516 0.497462738961371664
0.032231990185872472 0.997610933136501510 0.496709540959607176
0.041316644272266612 0.997078079171360265 0.495955910309165471
0.052202599725022836 0.996308014811164822 0.495201851556962724
0.061260893815162476 0.995558242677004213 0.494447369252498770
0.072114458246152646 0.994529860960899459 0.493692467947828284
0.081145134653658135 0.993566430789819210 0.492937152197534589
0.091964793640492204 0.992283532968078585 0.492181426558700674
0.100966549624979085 0.991109530823122586 0.491425295590883215
0.111750645708077967 0.989575738975819963 0.490668763856084045
0.120721987269284181 0.988194131008181875 0.489911835918723060
0.131468550664135930 0.986412964119070756 0.489154516345610635
0.140407658250730649 0.984826668509863001 0.488396809705919865
0.151114256072453046 0.982801637964606511 0.487638720571159257
0.160018869395423535 0.981013611119583517 0.486880253515145078
0.170682482349597209 0.978748330530314403 0.486121413113973777
0.179549811887279864 0.976761662540779563 0.485362203945993942
0.190166747436682604 0.974259965048854482 0.484602630591779604
0.198993419866648258 0.972077978027783285 0.483842697634101593
0.209559270001050624 0.969344032663964850 0.483082409657900780
0.218341313652042179 0.966970374401354693 0.482321771250259546
0.228850963484781289 0.964008791935455633 0.481560787000374912
0.237583837913594831 0.961447516618717413 0.480799461499530345
0.248031528521841738 0.958263434856465368 0.480037799341068050
0.256710199649108961 0.955519062545737152 0.479275805120361664
0.267089645023782185 0.952118201407533782 0.478513483434788112
0.275708704071678634 0.949195748670975448 0.477750838883700013
0.286013258022008054 0.945584426754202734 0.476987876068398153
0.294567079109807506 0.942489402409239840 0.476224599592103282
0.304789943991375156 0.938674509027271009 0.475461014059928577
0.314965407047661017 0.934751662002895722 0.474697124078852117
0.323407337531585792 0.931401791021157610 0.473932934257688454
0.333490868652126682 0.927286952112947538 0.473168449207061581
0.341853592914157955 0.923780355599364666 0.472403673539376345
0.351839117678287294 0.919481419541321787 0.471638611868791302
0.360117851716883208 0.915824741435851020 0.470873268811190182
0.370000024114484460 0.911349707271903786 0.470107648984154913
0.378190687026292216 0.907549592179650255 0.469341757006936922
0.387965111865256285 0.902906350229169208 0.468575597500429597
0.396064496632898611 0.898969257386305065 0.467809175087140594
0.405727913987109112 0.894165358959890577 0.467042494391163687
0.415329858552316300 0.889276816657723401 0.466275560038151071
0.423284243624492740 0.885139789463557314 0.465508376655285161
0.432772675533334872 0.880101050000746787 0.464740948871250947
0.440632367612480091 0.875841321977914089 0.463973281316208130
0.450007405197245580 0.870658034761072397 0.463205378621762642
0.457773077283680718 0.866279869382005741 0.462437245420939558
0.467036209345881359 0.860956570793205089 0.461668886348154228
0.474709658316734839 0.856463231956992477 0.460900306039185248
0.483863687842137957 0.851003180961624306 0.460131509131145422
0.492959827202062550 0.845469412326158798 0.459362500262455065
0.500496710287145485 0.840801858412163039 0.458593284072812746
0.509490415562839249 0.835133570757226829 0.457823865203168145
0.516944176218866791 0.830353878826672664 0.457054248295693633
0.525841053675291992 0.824550575556129983 0.456284437993756620
0.534687775604449689 0.818672853168045611 0.455514438941891142
0.542023184469244357 0.813717277800517502 0.454744255785770268
0.550783263940866519 0.807700653223603959 0.453973893172177512
0.558049461472145736 0.802627601885421704 0.453203355748979131
0.566730181340032058 0.796467526692145267 0.452432648165096596
0.573933386397977419 0.791272546932981546 0.451661775070477334
0.582542337489266093 0.784962889367721850 0.450890741116067750
0.591115388360836658 0.778568499162083150 0.450119550953784642
0.598233824419437066 0.773173292048020100 0.449348209236487384
0.606746982055708095 0.766616795055229172 0.448576720617949509
0.613818656854066780 0.761082481981154579 0.447805089752831120
0.622279407196453471 0.754353856005856027 0.447033321296650354
0.630714599178629931 0.747526592975821469 0.446261419905755630
0.637725871947844691 0.741759233129395623 0.445489390237297223
0.646119415824072618 0.734741490647922157 0.444717236949199513
0.653098630139510972 0.728809850888648025 0.443944964700132727
0.661456688205043553 0.721587958500648496 0.443172578149484575
0.669797693598429222 0.714248457562001837 0.442400081957332769
0.676736539226534872 0.708038986006271909 0.441627480784416215
0.685049859132394356 0.700471518114827996 0.440854779292107424
0.691967287688328270 0.694065086097104156 0.440081982142383921
0.700256577602822672 0.686252540046139781 0.439309093997800659
0.708533837791024190 0.678298633439051279 0.438536119521461376
0.715422705234301515 0.671558294155924607 0.437763063376990780
0.723678923305078325 0.663330292551383760 0.436989930228506185
0.730550403948370342 0.656353170558537258 0.436216724740589701
0.738785489843506671 0.647830654205886258 0.435443451578259699
0.747008361946092880 0.639138427238805762 0.434670115406943058
0.753850788376911440 0.631760461585072819 0.433896720892446575
0.762048688069867586 0.622739633458630815 0.433123272700929207
0.768868374930458898 0.615078097609804031 0.432349775498873712
0.777036073846563258 0.605704966649035281 0.431576233953058608
0.785184229299949688 0.596129211545567861 0.430802652730529700
0.791957485876523815 0.587989114140649471 0.430029036498572770
0.800062434550583235 0.578021829961606337 0.429255389924684039
0.806794998740261837 0.569544310264971987 0.428481717676543417
0.814844705254485713 0.559158383666328196 0.427708024421985300
0.822858066766823160 0.548532174647242132 0.426934314828971262
0.829504439649007552 0.539487165031824589 0.426160593565560908
0.837437474979405017 0.528397607160513871 0.425386865299884787
0.844008588383073244 0.518953793645711037 0.424613134700115247
0.851840282378785174 0.507370061380946646 0.423839406434439070
0.859606323209010759 0.495503233142962685 0.423065685171028827
0.866021916047256535 0.485390828545544606 0.422291975578014622
0.873645474501001829 0.472979118478344229 0.421518282323456672
0.879929135465132184 0.462398302447763754 0.420744610075315939
0.887377113982431798 0.449406878540539345 0.419970963501427319
0.894713288700786147 0.436084006147629322 0.419197347269470222
0.900732266604454157 0.424720444146109821 0.418423766046941481
0.907829781165133021 0.410761005410453461 0.417650224501126266
0.913629935436844676 0.398851050573291288 0.416876727299070882
0.920438928627127728 0.384216527695014909 0.416103279107553403
0.927066592415438429 0.369197166693588708 0.415329884593057030
0.932437611859200266 0.356378498597559878 0.414556548421740223
0.938682831962556974 0.340622744252123077 0.413783275259410332
0.943705658880845344 0.327173746174800995 0.413010069771493848
0.949494809961085595 0.310641689182808434 0.412236936623009365
0.954999991148483551 0.293669658343196194 0.411463880478538657
0.959350926329138987 0.279182042791098206 0.410690906002199319
0.964262351849346611 0.261374375898146993 0.409918017857616057
0.968075512133955818 0.246175542627676491 0.409145220707892665
0.972286074504182807 0.227497720055511943 0.408372519215583762
0.976063453992314423 0.208332631398254031 0.407599918042667209
0.978851922933061225 0.191984154255576134 0.406827421850515403
0.981730234864953477 0.171907774662096613 0.406055035299867251
0.983708258656272427 0.154792780440303035 0.405282763050800465
0.985535471874925184 0.133791352909428563 0.404510609762702811
0.986718015298238660 0.112284803435231229 0.403738580094244404
0.987171619923543853 0.093979243857846340 0.402966678703349568
0.987027560044097863 0.071558401394063997 0.402194910247168913
0.986292336636942046 0.052503197598948059 0.401423279382050524
0.984616200505782135 0.029204731202945755 0.400651790763512761
0.982010315401412259 0.005454151460387691 0.399880449046215336
0.979077802251118068 -0.014664387586055316 0.399109258883932283
0.974582476939219289 -0.039169671616079815 0.398338224929522700
0.969971749049022502 -0.059865910971927061 0.397567351834903382
0.963334809604935671 -0.084989783900624505 0.396796644251020736
0.955419847714463533 -0.110373951004693993 0.396026106827822577
0.947791392355881168 -0.131677854351653412 0.395255744214229765
0.937331051975125895 -0.157355596622951399 0.394485561058108725
0.927474319193621222 -0.178787506982330757 0.393715562006243303
0.914215889375614932 -0.204459188641831435 0.392945751704306401
0.901929320549682778 -0.225736787532567651 0.392176134796831943
0.885647007603562297 -0.251022818155141658 0.391406715927187232
0.867636869977863046 -0.275908452587265041 0.390637499737544969
0.851278262505360983 -0.296231686149023343 0.389868490868854556
0.830002886873424162 -0.319980259880228823 0.389099693960814785
0.810893249742691058 -0.339119425753654946 0.388331113651845694
0.786308721986641812 -0.361145209846627846 0.387562754579060531
0.764460010400645373 -0.378584980305361585 0.386794621378237391
0.736646748039550103 -0.398242942054993998 0.386026718683791847
0.707159821658813303 -0.416325359837789566 0.385259051128749030
0.681377676336190952 -0.430045220344279167 0.384491623344714872
0.649093902910818477 -0.444719634150355703 0.383724439961849018
0.621171514895560994 -0.455328528567413349 0.382957505608836291
0.586594385363938264 -0.465962107056768049 0.382190824912859439
0.557025534341672013 -0.472966800787935016 0.381424402499570547
0.520833128271692258 -0.479023595013572001 0.380658242993063167
0.490249208597190567 -0.482035704031357093 0.379892351015845064
0.453269597283866399 -0.483133596878477345 0.379126731188809796
0.416249168596089403 -0.481436423623131216 0.378361388131208842
0.385574957790008610 -0.477873792974167599 0.377596326460623632
0.349228807537983577 -0.471037120263504361 0.376831550792938397
0.319521584174081053 -0.463242730698172123 0.376067065742311524
0.284812425982098716 -0.451451272695443107 0.375302875921148027
0.256851629261898584 -0.439677656763742319 0.374538985940071401
0.224668941890119017 -0.423346977679542102 0.373775400407896752
0.199144237668146595 -0.408027086847222942 0.373012123931601880
0.170238802948012580 -0.387768752818557161 0.372249161116299909
0.147702166000739044 -0.369477705184560301 0.371486516565211977
0.122638622528322208 -0.346044464934569529 0.370724194879638425
0.103474343382734063 -0.325448420174103970 0.369962200658932039
0.082607460708509300 -0.299669068350697509 0.369200538500469633
0.067022695589368214 -0.277469961551636835 0.368439212999625065
0.050497909753266387 -0.250184445971949887 0.367678228749740488
0.038532193406529969 -0.227068908568624439 0.366917590342099198
0.026306421278567013 -0.199072527142005296 0.366157302365898329
0.017855458914152009 -0.175671072943510198 0.365397369408220485
0.009731475190419350 -0.147673244241533025 0.364637796054006091
0.004579136496407225 -0.124532714360836849 0.363878586886026256
0.000246155499994155 -0.097132087412644397 0.363119746484854844
-0.001901174753544704 -0.074701448298678100 0.362361279428840721
-0.002827048722266991 -0.048376080878872227 0.361603190294080168
-0.002308299700457817 -0.027003610542710055 0.360845483654389343
-0.000248179696260457 -0.002113097311129804 0.360088164081276974
0.002579582073962750 0.017948029623732840 0.359331236143916044
0.007196331500305259 0.041152260170540973 0.358574704409116762
0.011978877188286521 0.059733122418098292 0.357818573441299359
0.018736023600293188 0.081092907187826080 0.357062847802465555
0.025136736907575848 0.098095432779391992 0.356307532052171694
0.033645492448887468 0.117529234278049011 0.355552630747501208
0.041354684863692780 0.132912277183600214 0.354798148443037253
0.051262088230560249 0.150398817599776274 0.354044089690834618
0.060001930790007416 0.164165049681929687 0.353290459040392801
0.070994652825186813 0.179728443557304385 0.352537261038628369
0.080520851435508800 0.191912802780026454 0.351784500229847863
0.092325724518716110 0.205609790266442577 0.351032181155719714
0.102426951293899740 0.216269786151133847 0.350280308355247205
0.112728169719995733 0.226260132864409214 0.349528886364741498
0.125305235486920213 0.237387121735948697 0.348777919717793483
0.135928660164915949 0.245961367169298700 0.348027412945247028
0.148804486713964734 0.255438357522509096 0.347277370575171052
0.159609750731457667 0.262679701543550359 0.346527797132833160
0.172630524916843858 0.270608420699873231 0.345778697140671221
0.183500862567991696 0.276602373197401274 0.345030075118266999
0.194367821842858279 0.282057511723063203 0.344281935582318011
0.207378276109233484 0.287916854679195366 0.343534283046611377
0.218176157073579180 0.292247270847670548 0.342787122021995572
0.231058467489878017 0.296805819800553705 0.342040457016353661
0.241715455321922679 0.300091983512242311 0.341294292534576271
0.254391968899094267 0.303443710612299078 0.340548633078533836
0.264849863340757330 0.305761556467436912 0.339803483147050112
0.275201157781021666 0.307662962937535478 0.339058847235874428
0.287469750345365593 0.309414756694514459 0.338314729837655315
0.297556926691814827 0.310448857084191510 0.337571135441912362
0.307512368505919620 0.311109740723155004 0.336828068535010128
0.319276145736040184 0.311427548226455464 0.336085533600130215
0.328920355826373467 0.311310177013914113 0.335343535117245406
0.340295093437856133 0.310727440899504992 0.334602077563091016
0.349603436355895303 0.309886055229933399 0.333861165411139194
0.358752288832909605 0.308731999678332703 0.333120803131571552
0.369515136266064304 0.306947830724606185 0.332380995191252027
0.378300364659077570 0.305138851011721446 0.331641746053699893
0.386915144980097325 0.303046069966043718 0.330903060179063069
0.397023796876824431 0.300171386660283090 0.330164942024091357
0.405253562466541650 0.297481870867630227 0.329427396042108855
0.413304087109406526 0.294532686163147372 0.328690426682987813
0.422724583482179284 0.290660232856179868 0.327954038393121539
0.430371995397155926 0.287162616629164813 0.327218235615397535
0.437832242172233876 0.283425227513460332 0.326483022789170574
0.446533982028889498 0.278631489540284771 0.325748404350236054
0.453573642952280032 0.274385254193527106 0.325014384730803463
0.460417941902353078 0.269915464394997417 0.324280968359469235
0.468369293168538980 0.264262812662671043 0.323548159661190049
0.474773773696898937 0.259316329307879845 0.322815963057256461
0.480973387146324594 0.254159441554218157 0.322084382965266092
0.488137704151009710 0.247698472346204401 0.321353423799096927
0.493874311333346860 0.242091008193693669 0.320623089968880448
0.499394270165457899 0.236283883925388793 0.319893385880975489
0.504693284584299184 0.230280076792258509 0.319164315937941478
0.510753900264484861 0.222819872401507885 0.318435884538511682
0.515549991841503852 0.216393186618471289 0.317708096077566726
0.520108960501917572 0.209778523781703918 0.316980954946108506
0.525258356492141365 0.201596398433491919 0.316254465531233042
0.529274175364765287 0.194577152758856120 0.315528632216104443
0.533032276530674309 0.187378057378883356 0.314803459379928152
0.536525169866738705 0.180001686699658658 0.314078951397925132
0.540355201805047480 0.170919775207625108 0.313355112641304667
0.543235501563103518 0.163162881472086824 0.312631947477238548
0.545822756833668876 0.155237635622765657 0.311909460268834315
0.548106946395664152 0.147147186429080645 0.311187655375109562
0.550077363318474566 0.138894932989091197 0.310466537150965005
0.552011542962944302 0.128783883333247945 0.309746109947158288
0.553250376146227185 0.120189199368710198 0.309026378110278277
0.554136170336809286 0.111445908783031566 0.308307345982718140
0.554654963069966866 0.102559093011985458 0.307589017902649531
0.554772128023280686 0.091713485653033389 0.306871398203996282
0.554430039212866821 0.082531814854010982 0.306154491216408586
0.553670259295121925 0.073227258754764130 0.305438301265236245
0.552474940905257395 0.063807997592634752 0.304722832671503130
0.550825223523380147 0.054283239893222174 0.304008089751880761
0.548701204637079498 0.044663362234653753 0.303294076818662772
0.545496704030931423 0.033010528976001957 0.302580798179738097
0.542253885774647726 0.023224698551698869 0.301868258138565604
0.538465840278614771 0.013386743105227195 0.301156460994148056
0.534108116540142119 0.003513877148233091 0.300445411041005861
0.529155196889605106 -0.006374481804366589 0.299735112569151418
0.523580537676423430 -0.016256440828952612 0.299025569864063145
0.516031462277855013 -0.028071395480823186 0.298316787206659995
0.508990953066862262 -0.037848043025228123 0.297608768873274754
0.501237839443828936 -0.047527909933623574 0.296901519135629122
0.492742386794757459 -0.057075079390388250 0.296195042260807340
0.483474598424457391 -0.066449270684710293 0.295489342511231157
0.473404530791790568 -0.075605386048024747 0.294784424144633184
0.462502689485876584 -0.084493034487045759 0.294080291414031747
0.450740519831129227 -0.093056039122607292 0.293376948567705464
0.438091007230433871 -0.101231937461833676 0.292674399849167044
0.424529403409933503 -0.108951487782407819 0.291972649497137970
0.407021367285457014 -0.117504333901037539 0.291271701745522582
0.391383028781811526 -0.123939843447412879 0.290571560823383868
0.374779797229408573 -0.129646748962711139 0.289872230954915933
0.357207878208756879 -0.134522952446359534 0.289173716359419908
0.338672158261558665 -0.138458037602853024 0.288476021251277581
0.319188025196033787 -0.141333455567619837 0.287779149839927695
0.298783372799597324 -0.143022997222168186 0.287083106329838189
0.277500764131964894 -0.143393623006679516 0.286387894920482278
0.255399708870860165 -0.142306726356161317 0.285693519806313190
0.232558987052990357 -0.139619908445516527 0.284999985176738024
0.209078924369208718 -0.135189337904477042 0.284307295216093381
0.185083493693719070 -0.128872757322738174 0.283615454103619102
0.160722085632067663 -0.120533176516698676 0.282924466013434350
0.136170760434643823 -0.110043258441701305 0.282234335114511015
0.111632768899426707 -0.097290356100721662 0.281545065570649733
0.087338115908927469 -0.082182097438968774 0.280856661540454244
0.063541943609000909 -0.064652342150730541 0.280169127177306077
0.040521537848773798 -0.044667253805527316 0.279482466629339732
0.018571817070158141 -0.022231150518679743 0.278796684039418097
-0.002000750041250571 0.002608272092548340 0.278111783545106850
-0.020885733992021541 0.029755797598767432 0.277427769278649428
-0.037777635251253126 0.059066085665767855 0.276744645366942488
-0.052385717769978753 0.090343029480476844 0.276062415931510929
-0.064444281432744846 0.123341398488284917 0.275381085088483135
-0.073722753696872936 0.157770941041152746 0.274700656948565658
-0.080034916528686662 0.193302927978061229 0.274021135617018741
-0.082856832074887851 0.222282131070741629 0.273342525193631669
-0.083530074926235015 0.258881898426370771 0.272664829772698014
-0.081008486805379726 0.295539778721837065 0.271988053442990652
-0.075324681169603391 0.331873086155079766 0.271312200287737060
-0.066570052484268200 0.367512932230201483 0.270637274384595228
-0.054890053274726291 0.402115008045809019 0.269963279805628786
-0.040477268356817364 0.435368748533924821 0.269290220617281972
-0.023562857115187907 0.467004417838924435 0.268618100880355593
-0.004407018281484737 0.496797861294987486 0.267946924649982543
0.012344129058064535 0.519186182503211247 0.267276695975603384
0.034823704773084635 0.545251967238715496 0.266607418900941251
0.058744085292907422 0.569102222250213119 0.265939097463978480
0.083820262023629521 0.590689825308193139 0.265271735696931188
0.109779114713093873 0.610007075179517466 0.264605337626225900
0.136364511356966339 0.627080609644988574 0.263939907272474572
0.157924939473197162 0.639160432420047275 0.263275448650450827
0.185060109789871446 0.652351012787983020 0.262611965769065092
0.212221218584014409 0.663508517592929392 0.261949462631341390
0.239239387298233241 0.672740676299635632 0.261287943234391862
0.265969614031782986 0.680164787678863014 0.260627411569394229
0.287063620701421662 0.684884811223132273 0.259967871621566038
0.312981917306639379 0.689365995258697906 0.259309327370142229
0.338322439869047531 0.692387577814509436 0.258651782788349882
0.363017850700329103 0.694072751563256651 0.257995241843384959
0.382274653224540906 0.694539070564023531 0.257339708496387765
0.405688684738365613 0.694116202085470091 0.256685186702419799
0.428347441216175184 0.692677833658539965 0.256031680410439610
0.450233834331738469 0.690327138454619460 0.255379193563278428
0.467181133075359301 0.687854713122364236 0.254727730097616900
0.487661906077435481 0.684100084184455559 0.254077293943961557
0.507365569791206394 0.679685611386563027 0.253427889026620723
0.522575294109579813 0.675731047284397701 0.252779519263680752
0.540907217518197703 0.670319016331183293 0.252132188566982385
0.558498840885108150 0.664447086827131717 0.251485900842097765
0.572051888858274626 0.659458761025206952 0.250840659988306292
0.588360450345589370 0.652905845001538143 0.250196469898570972
0.603986771209169659 0.646046588354343254 0.249553334459515330
0.616012214267245839 0.640369117435017121 0.248911257551399867
0.630469512213899019 0.633069220177900571 0.248270243048098749
0.644310986009824838 0.625578376198421049 0.247630294817075935
0.654957020228667863 0.619470868786507700 0.246991416719362256
0.667750825931045178 0.611718448324794717 0.246353612609532258
0.679995965857617901 0.603860365340236238 0.245716886335680784
0.689412714408579208 0.597514395943615995 0.245081241739399380
0.700728596332563125 0.589526130045550989 0.244446682655753811
0.709431127405302675 0.583103296821968931 0.243813212913260191
0.719889716574821703 0.575049515759952112 0.243180836333862671
0.729901617410955605 0.566982596594438948 0.242549556732909621
0.737603103911189217 0.560529216981525358 0.241919377919131262
0.746861272722963765 0.552473366632925122 0.241290303694616182
0.753984561974838763 0.546044463135339941 0.240662337854788411
0.762549778819454405 0.538036536280320221 0.240035484188385162
0.769141661779631503 0.531658349622580295 0.239409746477433349
0.777070143615102737 0.523727474644978708 0.238785128497226773
0.783173801709685091 0.517420628066865618 0.238161634016303414
0.790517330365616555 0.509589552206452412 0.237539266796423398
0.796172473148783921 0.503370033118712756 0.236918030592545070
0.802978601108803702 0.495656241535897490 0.236297929152803232
0.808221651444228417 0.489536217311876354 0.235678966218485830
0.814533951860072380 0.481952862193494591 0.235061145524012804
0.819398256342979248 0.475941357041755886 0.234444470796911636
0.825256594205335703 0.468498028199916261 0.233828945757796114
0.829772643674549393 0.462601484338303282 0.233214574120343354
0.835213452684011703 0.455304847923988121 0.232601359591271956
0.839409102774373861 0.449527590681782274 0.231989305870319185
0.844465657789398749 0.442381918532083585 0.231378416650218466
0.848366343086191965 0.436726541803581503 0.230768695616677788
0.852143510096379231 0.431125787358547730 0.230160146448356639
0.856697959635732254 0.424201835984556019 0.229552772816844636
0.860213036795303143 0.418724287294407138 0.228946578386638622
0.864452871355974040 0.411954233034967032 0.228341566815121244
0.867726207310870357 0.406599488793008890 0.227737741752538220
0.870898164513387973 0.401298969108015768 0.227135106841976964
0.874725898459416285 0.394749094874712436 0.226533665719343968
0.877682416548754896 0.389569361081044618 0.225933422013343488
0.880548498641335220 0.384442646028090640 0.225334379345455083
0.884008618326476148 0.378108084329933980 0.224736541329912165
0.886682324484522000 0.373098869535300914 0.224139911573680239
0.889275191934797871 0.368140995751795486 0.223544493676434614
0.892406713743632451 0.362014955277125128 0.222950291230539055
0.894827437077236776 0.357170413428514411 0.222357307821024419
0.897175742566512557 0.352375214519249358 0.221765547025566445
0.899454007839906922 0.347628698764582134 0.221175012414464467
0.902206816587569738 0.341762984646867773 0.220585707550619681
0.904335706554124208 0.337123517698162956 0.219997635989513968
0.906401657243750769 0.332530496884100857 0.219410801279188383
0.908406674026964178 0.327983215606303058 0.218825206960221313
0.910830184662999032 0.322362352137357422 0.218240856565707519
0.912705029784984356 0.317915383370050153 0.217657753621236849
0.914524930966872818 0.313511840722975221 0.217075901644872893
0.916291579995872851 0.309151015516523131 0.216495304147131529
0.918427475658278647 0.303758984150925282 0.215915964630959911
0.920080153720564287 0.299491711502980429 0.215337886591715516
0.921684633419691868 0.295264898077850946 0.214761073517145018
0.923242342344870792 0.291077869799098166 0.214185528887362697
0.924754652307589020 0.286929965158276179 0.213611256174830066
0.926222881556043376 0.282820537145673456 0.213038258844334860
0.927998104976664240 0.277736899660795733 0.212466540352969940
0.929371709973833782 0.273711761963342348 0.211896104150112174
0.930705174845035010 0.269723113635302270 0.211326953677402479
0.931999613908820468 0.265770383788818954 0.210759092368723977
0.933256098724308036 0.261853022416828729 0.210192523650182150
0.934475659959126403 0.257970501499011018 0.209627250940083665
0.935659289211741685 0.254122315855784930 0.209063277648916135
0.936807940791998361 0.250307983845931281 0.208500607179326947
0.937922533449680018 0.246527048016196182 0.207939242926103607
0.939003952060698310 0.242779075595402072 0.207379188276152232
0.940053049270680119 0.239063658851601579 0.206820446608478120
0.941070647091612034 0.235380415335632309 0.206263021294164489
0.942299553692853009 0.230821063005780369 0.205706915696352854
0.943249135200707634 0.227208942404629799 0.205152133170222351
0.944169695798375175 0.223627927106521796 0.204598677062969414
0.945061944126071918 0.220077741699767737 0.204046550713787689
0.945926565861245683 0.216558135135607455 0.203495757453848236
0.946764225036034968 0.213068880095451385 0.202946300606278940
0.947375163167688994 0.210471733256445803 0.202398183486144662
0.948167175090417369 0.207035115137044756 0.201851409400427062
0.948933949113965114 0.203628339412721571 0.201305981648004950
0.949676078988651584 0.200251260241796403 0.200761903519634410
0.950394142388342189 0.196903750947888978 0.200219178297928596
0.951088701927778279 0.193585702701489393 0.199677809257337857
0.951760306122279465 0.190297023153114309 0.199137799664130727
0.952409490289820693 0.187037634940596942 0.198599152776373439
0.953036777392264889 0.183807474127829773 0.198061871843910497
0.953642678818155010 0.180606488588610892 0.197525960108345194
0.954227695103638474 0.177434636323092254 0.196991420803020012
0.954792316592778634 0.174291883736749753 0.196458257152997223
0.955202688171604031 0.171953899551176792 0.195926472375038851
0.955732770110918062 0.168862009579875905 0.195396069677588241
0.956243757827963337 0.165799155896959205 0.194867052260749796
0.956736108298219201 0.162765320757768506 0.194339423316269994
0.957210270625714843 0.159760486481826447 0.193813186027518514
0.957554222301649327 0.157525881077503371 0.193288343569468529
0.957997613486468724 0.154571749895911492 0.192764899108677640
0.958424013431691368 0.151646557547511940 0.192242855803268775
0.958833844185156381 0.148750271852501059 0.191722216802911405
0.959227521013211293 0.145882853132881796 0.191202985248802360
0.959512423658369418 0.143751204208478700 0.190685164273646623
0.959878810284289452 0.140934179811771199 0.190168757001638655
0.960230150667571114 0.138145863771861777 0.189653766548444014
0.960566835220102555 0.135386176918683432 0.189140196021179541
0.960809961868535622 0.133335144721480836 0.188628048518395514
0.961121918195522063 0.130625328704320365 0.188117327130056300
0.961420258010620477 0.127943854395340506 0.187608034937522289
0.961635297022353064 0.125951269051117809 0.187100175013531100
0.961910682706636821 0.123319065638887282 0.186593750422178684
0.962173439688341126 0.120714803180195007 0.186088764218901248
0.962362428272571568 0.118779837588347037 0.185585219450456806
0.962603913360469909 0.116224039624028330 0.185083119154906633
0.962833703980088385 0.113695660826123257 0.184582466361596864
0.962998568835585322 0.111817238757358661 0.184083264091140619
0.963208674055005765 0.109336304288666530 0.183585515355399187
0.963359138104721513 0.107493189094670205 0.183089223157464454
0.963550515895938320 0.105058940079279628 0.182594390491640279
0.963731606598409618 0.102650996182499621 0.182101020343424957
0.963860849431824152 0.100862127645515998 0.181609115689492451
0.964024634673324776 0.098499513784791159 0.181118679497675406
0.964141221655469449 0.096744290354504547 0.180629714726946222
0.964288552355193618 0.094426048395277629 0.180142224327400208
0.964393105812306417 0.092703725829726635 0.179656211240236729
0.964524790552034328 0.090428831168637314 0.179171678397742395
0.964617901030942360 0.088738618181440965 0.178688628723273041
0.964734706056503688 0.086505987435001042 0.178207065131235742
0.964816932428205098 0.084847051729339762 0.177726990527071554
0.964919581925098302 0.082655551082290113 0.177248407807238162
0.964991451695298208 0.081027025809856934 0.176771319859192089
0.965080628339216706 0.078875479829153605 0.176295729561371350
0.965142638160963573 0.077276470309275980 0.175821639783178052
0.965200566826603934 0.075689831075672509 0.175349053384961262
0.965271600307552768 0.073593261589757486 0.174877973217999694
0.965320326442300258 0.072034825308972039 0.174408402124484219
0.965379377712272779 0.069975238511022053 0.173940342937500991
0.965419326319780335 0.068444071447646138 0.173473798481014518
0.965455636317400279 0.066924304009358726 0.173008771569850284
0.965498511722734931 0.064915382250463394 0.172545265009677762
0.965526603533157557 0.063421543973060490 0.172083281596993737
0.965551284878367166 0.061938531971023614 0.171622824119105372
0.965578998700548641 0.059977728449541856 0.171163895354113277
0.965595968306418029 0.058519315220072921 0.170706498070894802
0.965609733785698920 0.057071162933058972 0.170250635029087161
0.965623203422508514 0.055155966396419898 0.169796308979071303
0.965629714855546162 0.053731109909475772 0.169343522661954737
0.965633208548926647 0.052315964391331127 0.168892278809555235
0.965633262747714438 0.050443931742271353 0.168442580144384513
0.965629915820397811 0.049050822923844939 0.167994429379631272
0.965623719572583972 0.047666897220850712 0.167547829219145628
0.965614721334285830 0.046292001522284631 0.167102782357422014
0.965602967062451967 0.044925985422857306 0.166659291479583554
0.965583084511298040 0.043118188730077167 0.166217359261365216
0.965565070931660552 0.041772323072263917 0.165776988369098488
0.965544445329505785 0.040434857058820661 0.165338181459694394
0.965521248378537811 0.039105653653688621 0.164900941180628258
0.965495519688680637 0.037784579259124762 0.164465270169923072
0.965467297864458729 0.036471503835421581 0.164031171056134129
0.965425855513766362 0.034732961577205346 0.163598646458332858
0.965391961292263678 0.033438065542620687 0.163167698986090987
0.965355696102351502 0.032150762136979760 0.162738331239465017
0.965317094861479097 0.030870937986843316 0.162310545808980133
0.965276191789043891 0.029598483817547538 0.161884345275615377
0.965233020462668234 0.028333294534823306 0.161459732210787160
0.965187613874361361 0.027075269301993721 0.161036709176334170
0.965140004485173453 0.025824311604725647 0.160615278724501848
0.965090224279220532 0.024580329312389737 0.160195443397927406
0.965038304817872783 0.023343234734826190 0.159777205729623673
0.964984277291395909 0.022112944665078849 0.159360568242964351
0.964928172570932552 0.020889380420495818 0.158945533451668869
0.964870021257710819 0.019672467867869858 0.158532103859786916
0.964809853733347156 0.018462137454799743 0.158120281961683429
0.964747700206159853 0.017258324215413512 0.157710070242023437
0.964683590758224518 0.016060967781197977 0.157301471175757601
0.964617555388978531 0.014870012374428088 0.156894487228106394
0.964549624058810062 0.013685406797229016 0.156489120854546221
0.964479826729853440 0.012507104411372705 0.156085374500793544
0.964408193404705294 0.011335063103558196 0.155683250602791229
0.964334754164185903 0.010169245249185166 0.155282751586692802
0.964259539202307003 0.009009617662310676 0.154883879868848662
0.964182578858361228 0.007856151530888811 0.154486637855791142
0.964103903648091509 0.006708822352265831 0.154091027944219749
0.964050515965686250 0.005947335468194537 0.153697052520987060
0.963969051023865209 0.004810191535031982 0.153304713963084344
0.963885953657345640 0.003679139633375572 0.152914014637626994
0.963801255247555999 0.002554170293024516 0.152524956901840314
0.963714987460331240 0.001435277892787190 0.152137543103045308
0.963656619498476363 0.000692724616342566 0.151751775578644582
0.963567807270306331 -0.000416041994625194 0.151367656656108324
0.963477511603670123 -0.001518728837586525 0.150985188652959929
0.963385765315019738 -0.002615328582227183 0.150604373876762149
0.963292601550537197 -0.003705830725467596 0.150225214625103520
0.963229721405768569 -0.004429438047769518 0.149847713185584097
0.963134269737003224 -0.005509746110433589 0.149471871835801767
0.963037490591342915 -0.006583914380477340 0.149097692843338375
0.962972250618729819 -0.007296605483111063 0.148725178465746399
0.962873335473491743 -0.008360493816603976 0.148354330950535129
0.962773185097683060 -0.009418182379150652 0.147985152535156927
0.962705749276066669 -0.010119850860263457 0.147617645446993906
0.962603618368906733 -0.011167147178656189 0.147251811903344576
0.962500346470780199 -0.012208169864105611 0.146887654111410415
0.962430882313168867 -0.012898684657568493 0.146525174268282266
0.962325788362101808 -0.013929183094715969 0.146164374560927651
0.962219649243587050 -0.014953324343055574 0.145805257166176955
0.962148327071386200 -0.015632537156312964 0.145447824250710761
0.962040526584692968 -0.016646009612729828 0.145092077971046479
0.961968130504962327 -0.017318078851372765 0.144738020473525603
0.961858769750874365 -0.018320789075883803 0.144385653894300470
0.961785367249547107 -0.018985652213919513 0.144034980359321579
0.961674547504657418 -0.019977506547572799 0.143686001984324796
0.961600206082215747 -0.020635101511227827 0.143338720874818359
0.961488028484926538 -0.021616007863332398 0.142993139126070229
0.961412815440993329 -0.022266274206145298 0.142649258823095815
0.961299380660156189 -0.023236143788069374 0.142307082040644906
0.961223362866324260 -0.023879023832313440 0.141966610843189456
0.961108770754062869 -0.024837772836002081 0.141627847284910818
0.961032014419042069 -0.025473212765819930 0.141290793409687837
0.960916363655294870 -0.026420763956188531 0.140955451251084163
0.960838934088360519 -0.027048714836085230 0.140621822832335985
0.960722321824565295 -0.027984999028480728 0.140289910166339848
0.960644283196211535 -0.028605417761421725 0.139959715255640799
0.960566018611947681 -0.029222813039142148 0.139631240092419895
0.960448219810139614 -0.030143225367552706 0.139304486658482385
0.960369433649157944 -0.030753039579818953 0.138979456925245687
0.960290455900036033 -0.031359813693564054 0.138656152853727538
0.960171650940231380 -0.032264266934783736 0.138334576394534364
0.960092235801251803 -0.032863426201438839 0.138014729487848986
0.960012662007261319 -0.033459535127582152 0.137696614063419348
0.959893023740848950 -0.034347975636136840 0.137380232040546862
0.959813092885114294 -0.034936452679966867 0.137065585328074641
0.959733034661206519 -0.035521876097212246 0.136752675824376058
0.959652857679092364 -0.036104246285665997 0.136441505417343317
0.959532387992559466 -0.036972079116275314 0.136132075984376016
0.959451950771835316 -0.037546821945491360 0.135824389392369904
0.959371423699906689 -0.038118517727609602 0.135518447497705474
0.959290814671746705 -0.038687169611519190 0.135214252146237057
0.959210131414843792 -0.039252781365175848 0.134911805173281107
0.959088983836589359 -0.040095508512180356 0.134611108403605934
0.959008147698185098 -0.040653540467862681 0.134312163651419847
0.958927263029336063 -0.041208550324150994 0.134014972720361059
0.958846336780255548 -0.041760544602434502 0.133719537403486022
0.958765375723465763 -0.042309530427928399 0.133425859483258913
0.958684386454159543 -0.042855515517743081 0.133133940731541361
0.958603375388436763 -0.043398508178210227 0.132843782909580932
0.958481831517020266 -0.044207405952050915 0.132555387768000910
0.958400792856277328 -0.044742957650702408 0.132268757046789781
0.958319753445318279 -0.045275550486552352 0.131983892475290826
0.958238718894176777 -0.045805195295770318 0.131700795772191348
0.958157694634736101 -0.046331903446927281 0.131419468645512461
0.958076685921549931 -0.046855686828630116 0.131139912792598762
0.957995697833019744 -0.047376557836206368 0.130862129900108481
0.957914735271561346 -0.047894529362751015 0.130586121644002573
0.957833802966547188 -0.048409614778639531 0.130311889689535138
0.957752905474337224 -0.048921827924206851 0.130039435691243210
0.957672047181204134 -0.049431183089711228 0.129768761292936907
0.957591232304322970 -0.049937695004663829 0.129499868127689266
0.957510464894688829 -0.050441378818581961 0.129232757817826449
0.957429748837866024 -0.050942250091989272 0.128967431974918306
0.957389411236990728 -0.051191635994307039 0.128703892199768077
0.957308779141829436 -0.051688318479506723 0.128442140082403289
0.957228207410214971 -0.052182228997975644 0.128182177202065650
0.957147699370944904 -0.052673384410218849 0.127924005127202034
0.957067258198740056 -0.053161801915806051 0.127667625415454483
0.956986886917876589 -0.053647499034013502 0.127413039613651358
0.956906588404259018 -0.054130493590756834 0.127160249257797620
0.956866467294133161 -0.054370983058724454 0.126909255873065646
0.956786283006707317 -0.054849957827297569 0.126660060973786071
0.956706178046585975 -0.055326275836404759 0.126412666063438650
0.956626154793057126 -0.055799955863357065 0.126167072634643274
0.956546215489675555 -0.056271016924827222 0.125923282169150691
0.956506277984295883 -0.056505571346890937 0.125681296137833798
0.956426468524951945 -0.056972740096596808 0.125441116000678810
0.956346748051793982 -0.057437338367429536 0.125202743206776296
0.956267118357052803 -0.057899385897777100 0.124966179194312452
0.956227338078212030 -0.058129459351371704 0.124731425390560466
0.956147847644446269 -0.058587718160501401 0.124498483211871971
0.956068451939102948 -0.059043476317735211 0.124267354063668414
0.956028790043666921 -0.059270423990553101 0.124038039340432532
0.955949538973785429 -0.059722469273378820 0.123810540425700069
0.955870385858687110 -0.060172064898667055 0.123584858692051325
0.955830846381183874 -0.060395950526586972 0.123360995501102993
0.955751842221289283 -0.060841910346435879 0.123138952203499741
0.955712377773517474 -0.061063989729282564 0.122918730138906251
0.955633524680653657 -0.061506360459434306 0.122700330635999083
0.955554773299739812 -0.061946364570013568 0.122483755012458659
0.955515435969367943 -0.062165485692979638 0.122269004574961190
0.955436838410960387 -0.062601979214260584 0.122056080619171087
0.955397578317707552 -0.062819356880541022 0.121844984429732739
0.955319135796732222 -0.063252387216637174 0.121635717280263234
0.955279953468501919 -0.063468045174884746 0.121428280433344166
0.955201666884424760 -0.063897659905828907 0.121222675140514505
0.955162562694270911 -0.064111621981723987 0.121018902642262602
0.955084432641459591 -0.064537868824499800 0.120816964168019139
0.955045406811920516 -0.064750158904815114 0.120616860936149317
0.955006407126851142 -0.064961896968883215 0.120418594153945749
0.954928486198491022 -0.065383727687498838 0.120222165017621091
0.954889564945921587 -0.065593825665730743 0.120027574712300855
0.954811800803559763 -0.066012400169523144 0.119834824412016289
0.954772957874165495 -0.066220882021135741 0.119643915279697144
0.954734141004988546 -0.066428830488743984 0.119454848467164781
0.954656585312896322 -0.066843137927551866 0.119267625115125314
0.954617846411435655 -0.067049502223037294 0.119082246353162544
0.954540446265243148 -0.067460665274051812 0.118898713299731174
0.954501784913085904 -0.067665469351836371 0.118717027062150135
0.954463149296096658 -0.067869758675602410 0.118537188736595883
0.954424539348873280 -0.068073535904541460 0.118359199408095833
0.954347396179938356 -0.068479564706564744 0.118183060150521657
0.954308862805868130 -0.068681821587558367 0.118008772026582914
0.954270354795978548 -0.068883576993012341 0.117836336087820667
0.954231872062639486 -0.069084833574440618 0.117665753374601195
0.954154982055167800 -0.069485860855653392 0.117497024916109374
0.954116574584678467 -0.069685636847210464 0.117330151730342946
0.954078191998440683 -0.069884924596902653 0.117165134824105996
0.954039834187426550 -0.070083726746391573 0.117001975193003135
0.954001501039058231 -0.070282045932646975 0.116840673821433358
0.953924908259046744 -0.070677245952662893 0.116681231682584041
0.953886648381271574 -0.070874132049851379 0.116523649738425272
0.953848412674614399 -0.071070545708063704 0.116367928939703880
0.953810201005864222 -0.071266489552690326 0.116214070225937813
0.953772013238984862 -0.071461966201986693 0.116062074525410328
0.953733849232663355 -0.071656978276410987 0.115911942755164490
0.953695708842887457 -0.071851528388876762 0.115763675820997711
0.953657591921816428 -0.072045619149134821 0.115617274617456051
0.953619498317092140 -0.072239253166358708 0.115472740027829104
0.953581427873784193 -0.072432433041864419 0.115330072924144461
0.953543380432638088 -0.072625161375751979 0.115189274167162514
0.953505355830735812 -0.072817440764478436 0.115050344606371285
0.953467353901843007 -0.073009273799600205 0.114913285079981331
0.953429374476671976 -0.073200663066789573 0.114778096414920497
0.953391417381986517 -0.073391611149310754 0.114644779426829185
0.953353482441176125 -0.073582120625830028 0.114513334920055415
0.953315569474608160 -0.073772194069194497 0.114383763687649603
0.953277678299051523 -0.073961834048661024 0.114256066511360263
0.953239808728210347 -0.074151043127852867 0.114130244161628980
0.953201960572426676 -0.074339823866030441 0.114006297397585929
0.953164133639507916 -0.074528178814942336 0.113884226967045130
0.953126327733476719 -0.074716110523716572 0.113764033606500142
0.953088542655795345 -0.074903621534031017 0.113645718041119337
0.953088542655795345 -0.074903621534031017 0.113529280984741868
0.953050778204791449 -0.075090714382661017 0.113414723139873122
0.953013034176228846 -0.075277391599158583 0.113302045197680529
0.952975310362621952 -0.075463655708563171 0.113191247837989437
0.952937606553845296 -0.075649509229147371 0.113082331729278909
0.952937606553845296 -0.075649509229147371 0.112975297528677909
0.952899922537641109 -0.075834954670627619 0.112870145881961009
0.952862258098167825 -0.076019994539530400 0.112766877423544909
0.952824613017742794 -0.076204631332859263 0.112665492776484119
0.952824613017742794 -0.076204631332859263 0.112565992552467672
0.952786987076370329 -0.076388867539871563 0.112468377351815099
0.952749380051152284 -0.076572705644332495 0.112372647763472971
0.952749380051152284 -0.076572705644332495 0.112278804365011281
0.952711791717022471 -0.076756148121764456 0.112186847722619942
0.952674221846221858 -0.076939197441611817 0.112096778391105545
0.952674221846221858 -0.076939197441611817 0.112008596913887773
0.952636670210369352 -0.077121856059543359 0.111922303822996186
0.952599136577297223 -0.077304126429164455 0.111837899639067123
0.952599136577297223 -0.077304126429164455 0.111755384871340541
0.952561620713516133 -0.077486010993060184 0.111674760017656721
0.952561620713516133 -0.077486010993060184 0.111596025564453569
0.952524122383933580 -0.077667512183879350 0.111519181986763555
0.952486641351232510 -0.077848632426664621 0.111444229748210735
0.952486641351232510 -0.077848632426664621 0.111371169301008127
0.952449177376515799 -0.078029374136509899 0.111300001085954892
0.952449177376515799 -0.078029374136509899 0.111230725532433697
0.952411730219071995 -0.078209739719668991 0.111163343058408165
0.952411730219071995 -0.078209739719668991 0.111097854070420235
0.952411730219071995 -0.078209739719668991 0.111034258963587817
0.952374299637505528 -0.078389731569226295 0.110972558121602394
0.952374299637505528 -0.078389731569226295 0.110912751916726629
0.952336885387455645 -0.078569352073659782 0.110854840709792277
0.952336885387455645 -0.078569352073659782 0.110798824850197819
0.952299487224510521 -0.078748603606270340 0.110744704675906469
0.952299487224510521 -0.078748603606270340 0.110692480513444172
0.952299487224510521 -0.078748603606270340 0.110642152677897440
0.952262104902888762 -0.078927488530013024 0.110593721472911730
0.952262104902888762 -0.078927488530013024 0.110547187190689372
0.952262104902888762 -0.078927488530013024 0.110502550111987896
0.952224738175028174 -0.079106009199051086 0.110459810506118417
0.952224738175028174 -0.079106009199051086 0.110418968630943887
0.952224738175028174 -0.079106009199051086 0.110380024732877557
0.952224738175028174 -0.079106009199051086 0.110342979046881562
0.952187386793208690 -0.079284167952996198 0.110307831796465444
0.952187386793208690 -0.079284167952996198 0.110274583193684828
0.952187386793208690 -0.079284167952996198 0.110243233439140137
0.952187386793208690 -0.079284167952996198 0.110213782721975392
0.952150050508006607 -0.079461967122535615 0.110186231219877029
0.952150050508006607 -0.079461967122535615 0.110160579099072869
0.952150050508006607 -0.079461967122535615 0.110136826514331099
0.952150050508006607 -0.079461967122535615 0.110114973608959388
0.952150050508006607 -0.079461967122535615 0.110095020514803896
0.952150050508006607 -0.079461967122535615 0.110076967352248589
0.952112729069769514 -0.079639409024204855 0.110060814230214563
0.952112729069769514 -0.079639409024204855 0.110046561246159164
0.952112729069769514 -0.079639409024204855 0.110034208486075674
0.952112729069769514 -0.079639409024204855 0.110023756024492547
0.952112729069769514 -0.079639409024204855 0.110015203924473198
0.952112729069769514 -0.079639409024204855 0.110008552237615381
0.952112729069769514 -0.079639409024204855 0.110003801004051049
0.952112729069769514 -0.079639409024204855 0.110000950252446050
0.952112729069769514 -0.079639409024204855 0.110000000000000001
