0.560166305681807031 -0.362384957328792889 0.739999999999999991
0.560166305681807031 -0.362384957328792889 0.739999049747553928
0.560166305681807031 -0.362384957328792889 0.739996198995948928
0.560166305681807031 -0.362384957328792889 0.739991447762384680
0.560166305681807031 -0.362384957328792889 0.739984796075526807
0.560166305681807031 -0.362384957328792889 0.739976243975507431
0.560142590895751136 -0.363480102220724688 0.739965791513924276
0.560142590895751136 -0.363480102220724688 0.739953438753840897
0.560142590895751136 -0.363480102220724688 0.739939185769785457
0.560142590895751136 -0.363480102220724688 0.739923032647751389
0.560142590895751136 -0.363480102220724688 0.739904979485196068
0.560142590895751136 -0.363480102220724688 0.739885026391040590
0.560142590895751136 -0.363480102220724688 0.739863173485668879
0.560142590895751136 -0.363480102220724688 0.739839420900927136
0.560142590895751136 -0.363480102220724688 0.739813768780122949
0.560116655873849845 -0.364580166577647469 0.739786217278024627
0.560116655873849845 -0.364580166577647469 0.739756766560859869
0.560116655873849845 -0.364580166577647469 0.739725416806315206
0.560116655873849845 -0.364580166577647469 0.739692168203534561
0.560088489100994735 -0.365685209308172610 0.739657020953118471
0.560088489100994735 -0.365685209308172610 0.739619975267122420
0.560088489100994735 -0.365685209308172610 0.739581031369056063
0.560088489100994735 -0.365685209308172610 0.739540189493881561
0.560058076782198988 -0.366795281823604657 0.739497449888012137
0.560058076782198988 -0.366795281823604657 0.739452812809310633
0.560058076782198988 -0.366795281823604657 0.739406278527088290
0.560058076782198988 -0.366795281823604657 0.739357847322102524
0.560025403090664509 -0.367910428730595096 0.739307519486555820
0.560025403090664509 -0.367910428730595096 0.739255295324093509
0.560025403090664509 -0.367910428730595096 0.739201175149802103
0.559990450385928540 -0.369030688437722465 0.739145159290207743
0.559990450385928540 -0.369030688437722465 0.739087248083273307
0.559953199406781676 -0.370156093685709675 0.739027441878397529
0.559953199406781676 -0.370156093685709675 0.738965741036412216
0.559953199406781676 -0.370156093685709675 0.738902145929579812
0.559913629442654881 -0.371286672016199304 0.738836656941591730
0.559913629442654881 -0.371286672016199304 0.738769274467566239
0.559871718485927206 -0.372422446183102107 0.738699998914045142
0.559871718485927206 -0.372422446183102107 0.738628830698991878
0.559827443368603350 -0.373563434517056758 0.738555770251789201
0.559827443368603350 -0.373563434517056758 0.738480818013236395
0.559780779884296531 -0.374709651250165032 0.738403974435546395
0.559780779884296531 -0.374709651250165032 0.738325239982343340
0.559731702899120109 -0.375861106800975842 0.738244615128659576
0.559731702899120109 -0.375861106800975842 0.738162100360932882
0.559680186450853379 -0.377017808033963120 0.738077696177003806
0.559680186450853379 -0.377017808033963120 0.737991403086112219
0.559626203839566405 -0.378179758486957673 0.737903221608894433
0.559626203839566405 -0.378179758486957673 0.737813152277379980
0.559569727710106823 -0.379346958577599036 0.737721195634988725
0.559510730127161793 -0.380519405788232734 0.737627352236526979
0.559510730127161793 -0.380519405788232734 0.737531622648184837
0.559449182644251808 -0.381697094832346151 0.737434007447532291
0.559385056367294187 -0.382880017805799722 0.737334507223515900
0.559385056367294187 -0.382880017805799722 0.737233122576455124
0.559318322013054647 -0.384068164322171057 0.737129854118038996
0.559248949963224273 -0.385261521638097182 0.737024702471322124
0.559248949963224273 -0.385261521638097182 0.736917668270721027
0.559176910314979403 -0.386460074765993311 0.736808752162010583
0.559102172927633090 -0.387663806576484693 0.736697954802319477
0.559102172927633090 -0.387663806576484693 0.736585276860126870
0.559024707466501347 -0.388872697893848984 0.736470719015258179
0.558944483443838624 -0.390086727583112192 0.736354281958880641
0.558861470257123960 -0.391305872629831908 0.736235966393499863
0.558775637225692678 -0.392530108214377449 0.736115773032954834
0.558775637225692678 -0.392530108214377449 0.735993702602414035
0.558686953624642269 -0.393759407779771364 0.735869755838370998
0.558595388716836228 -0.394993743097471484 0.735743933488639756
0.558500911784036047 -0.396233084325291474 0.735616236312350402
0.558403492155648440 -0.397477400063798392 0.735486665079944646
0.558403492155648440 -0.397477400063798392 0.735355220573170709
0.558303099236324374 -0.398726657408676854 0.735221903585079439
0.558199702532308217 -0.399980821999814495 0.735086714920018758
0.558093271676185942 -0.401239858069191657 0.734949655393628665
0.557983776451515867 -0.402503728483017742 0.734810725832837464
0.557871186814812514 -0.403772394785147537 0.734669927075855544
0.557755472918127104 -0.405045817236923233 0.734527259972170943
0.557636605129479768 -0.406323954855798308 0.734382725382543899
0.557514554053178735 -0.407606765451292707 0.734236324179002309
0.557389290548711558 -0.408894205661384402 0.734088057244835501
0.557260785749522980 -0.410186230986232137 0.733937925474589692
0.557129011080336634 -0.411482795821300762 0.733785929774062096
0.556993938274113365 -0.412783853489965158 0.733632071060296154
0.556855539388000365 -0.414089356274729203 0.733476350261574761
0.556713786819378553 -0.415399255446469717 0.733318768317415937
0.556568653319805318 -0.416713501296367528 0.733159326178566717
0.556420112009844869 -0.418032043163613753 0.732998024806996828
0.556268136391963486 -0.419354829465064693 0.732834865175894024
0.556112700363985746 -0.420681807722640189 0.732669848269657087
0.555953778230737106 -0.422012924591393945 0.732502975083890617
0.555791344715898417 -0.423348125887316462 0.732334246625398921
0.555625374972911867 -0.424687356614136369 0.732163663912179352
0.555455844595138304 -0.426030560990900420 0.731991227973417091
0.555282729626010330 -0.427377682476806964 0.731816939849478376
0.554925652389927859 -0.430083446979572459 0.731640800591904172
0.554741644537666390 -0.431441973358666908 0.731462811263404067
0.554553960938614532 -0.432804183623310412 0.731282972937849940
0.554362580009648664 -0.434170017831311261 0.731101286700268749
0.554167480662964618 -0.435539415437805943 0.730917753646837420
0.553968642311415960 -0.436912315320611588 0.730732374884874636
0.553559668776489877 -0.439668374690493247 0.730545151532835280
0.553349494962079302 -0.441051409273859774 0.730356084720302889
0.553135504886918761 -0.442437696376251299 0.730165175587983772
0.552917680525703559 -0.443827172368250422 0.729972425287699123
0.552470459443177742 -0.446615434395544131 0.729777834982378915
0.552241029271311579 -0.448014091140970849 0.729581405846054243
0.552007697911959472 -0.449415678245483785 0.729383139063850661
0.551529270439237607 -0.452227381188538002 0.729183035831980852
0.551284145017888472 -0.453637365125348024 0.728981097357737307
0.551035059785978776 -0.455050015668299612 0.728777324859485542
0.550782001361705964 -0.456465266247560009 0.728571719566655895
0.550263913900316926 -0.459303300246643342 0.728364282719736744
0.549998860573852832 -0.460725949608075336 0.728155015570267294
0.549456677610744126 -0.463578176895316107 0.727943919380828919
0.549179526531827888 -0.465007620052001192 0.727730995425038829
0.548898322184216192 -0.466439192923755686 0.727516244987541416
0.548323715700731129 -0.469308457722944938 0.727299669364000922
0.548030295624625352 -0.470746014600178841 0.727081269861093782
0.547431179952946545 -0.473626639912855807 0.726861047796500293
0.547125468749072419 -0.475069573578443094 0.726639004498896957
0.546815645481810497 -0.476514164894727033 0.726415141307948709
0.546183635250915067 -0.479408052174737365 0.726189459574299923
0.545861435270429185 -0.480857214379959319 0.725961960659567529
0.545204614991559477 -0.483759642942532264 0.725732645936331688
0.544869983129675606 -0.485212776766541842 0.725501516788128020
0.544188248383189244 -0.488122554069702674 0.725268574609439609
0.543841134864318398 -0.489579066627835235 0.725033820805687568
0.543134389518742600 -0.492495014628958061 0.724797256793223710
0.542410918550319421 -0.495414430653254967 0.724558883999321224
0.542042897786041200 -0.496875279672411241 0.724318703862166235
0.541294258160554209 -0.499798944338147699 0.724076717830849370
0.540913627612850556 -0.501261635165187180 0.723832927365356760
0.540139713416562528 -0.504188425320610145 0.723587333936561383
0.539746415860641982 -0.505652402759748654 0.723339939026213963
0.538947101009818463 -0.508581221620750257 0.723090744126934415
0.538130766801770410 -0.511510798011537315 0.722839750742202303
0.537716191907266494 -0.512975724572982239 0.722586960386348620
0.536874166565217470 -0.515905568422015071 0.722332374584545467
0.536014879247473597 -0.518835026149468970 0.722075994872797944
0.535578721286505854 -0.520299472605137980 0.721817822797934383
0.534693279132377630 -0.523227531666922263 0.721557859917596800
0.533790180190013452 -0.526154128863393189 0.721296107800231900
0.533331941774077611 -0.527616750878721175 0.721032568025081755
0.532401925671488252 -0.530540392001434324 0.720767242182173473
0.531453600130776582 -0.533461572728281097 0.720500131872310767
0.530486595927671667 -0.536379917574263398 0.720231238707063071
0.529995951464399040 -0.537837913231902220 0.719960564308756767
0.529000047527022454 -0.540751332894065850 0.719688110310464868
0.527984127775242396 -0.543661044855307862 0.719413878355997460
0.526947426443868827 -0.546566729875927915 0.719137870099891496
0.525888992748374973 -0.549468087583794951 0.718860087207401133
0.525351266297383046 -0.550917055423311042 0.718580531354487628
0.524257916591058359 -0.553811404810307217 0.718299204227808685
0.523139267735892477 -0.556700771693177998 0.718016107524709124
0.521993184768209328 -0.559584939930600322 0.717731242953210224
0.520816921063604554 -0.562463726145681520 0.717444612231999179
0.519606898247780502 -0.565336986392185326 0.717156217090419101
0.518987805187876683 -0.566771512323717586 0.716866059268458589
0.517717784207718856 -0.569636324237326575 0.716574140516741065
0.516398883268003317 -0.572495495899503881 0.716280462596514012
0.515020739985995291 -0.575349130070179737 0.715985027279638975
0.513568530994412686 -0.578197465199600358 0.715687836348580131
0.512020325351692063 -0.581040937393225376 0.715388891596394072
0.510342299831703650 -0.583880282414586671 0.715088194826718926
0.508479487058858370 -0.586716708636669804 0.714785747853762921
0.506336293811914917 -0.589552195269115398 0.714481552502294504
0.503730612225130159 -0.592389985863471802 0.714175610607630129
0.500267580915737864 -0.595235124173035479 0.713867924015623934
0.494901263287264026 -0.598091806797912184 0.713558494582656633
0.483654300325768227 -0.600904338772925484 0.713247324175623976
0.425552802513436523 -0.600056137225089992 0.712934414671925309
0.565958976119608659 -0.599653314261483050 0.712619767959453143
0.526511180316110439 -0.607260452518983751 0.712303385936580713
0.516704960238322242 -0.610675025161728446 0.711985270512151103
0.511682773703681315 -0.613653166166764463 0.711665423605465697
0.508301981032787786 -0.616499256863387912 0.711343847146272412
0.505674025687039896 -0.619285013606096224 0.711020543074754374
0.502436113529353467 -0.623401427230725669 0.710695513341517593
0.500538048912124722 -0.626118085903419441 0.710368759907580083
0.498764240100841860 -0.628817917036994967 0.710040284744359096
0.497074786652968226 -0.631503307505675737 0.709710089833660129
0.495444218188652530 -0.634175741461644571 0.709378177167664048
0.493855517292556112 -0.636836194519160737 0.709044548748915870
0.492296885074873736 -0.639485339539250464 0.708709206590312113
0.489997496768905250 -0.643438880171045779 0.708372152715089243
0.488481841832528796 -0.646061621782626716 0.708033389156810689
0.486975092597116466 -0.648674306690331437 0.707692917959355072
0.485474120340379678 -0.651277143663043123 0.707350741176904108
0.483228265617419050 -0.655163317132306577 0.707006860873929721
0.481732059120653644 -0.657742266875255610 0.706661279125181618
0.480234971063683180 -0.660311910322900819 0.706313998015675182
0.478735833486786777 -0.662872374109746199 0.705965019640678482
0.476481205335047786 -0.666696120540025250 0.705614346105699508
0.474973030433512133 -0.669234154184388474 0.705261979526474403
0.473460022621339627 -0.671763415334270642 0.704907922028953582
0.471941631401294859 -0.674284015669206482 0.704552175749289300
0.469652919333560293 -0.678048920072714001 0.704194742833822995
0.468119098772079578 -0.680548354071488726 0.703835625439072410
0.466578450502652342 -0.683039515967233779 0.703474825731717712
0.464253989723396154 -0.686760992965600670 0.703112345888589618
0.462694945241498401 -0.689231964145108345 0.702748188096655402
0.460341636194895654 -0.692923683095527765 0.702382354553006127
0.458762596165151582 -0.695375169541497806 0.702014847464843106
0.457175169241516965 -0.697819061530899454 0.701645669049464793
0.454777859007896412 -0.701470910600378583 0.701274821534253578
0.453168590071192701 -0.703896318263403820 0.700902307156661686
0.450737630436846615 -0.707520979861929855 0.700528128164198294
0.449105358929791698 -0.709928622153724098 0.700152286814415881
0.447463578155039121 -0.712329359510919580 0.699774785374896457
0.444982702067989955 -0.715917769444534335 0.699395626123237801
0.443316400860057802 -0.718301745073871678 0.699014811347040133
0.440797952605235077 -0.721865545528886821 0.698632343343891682
0.439106078018733414 -0.724233467915197382 0.698248224421355368
0.436548482177234853 -0.727773713177670478 0.697862456896954697
0.434829982564982176 -0.730126278460941136 0.697475043098159664
0.432231653825606410 -0.733644000822552100 0.697085985362372984
0.430485464259288353 -0.735981888190697542 0.696695286036915662
0.427844789067774345 -0.739478091137693139 0.696302947479013001
0.425177914763388287 -0.742961849657495232 0.695908972055780284
0.423385144625784415 -0.745277610000956603 0.695513362144208891
0.420673252422389399 -0.748741378449473971 0.695116120131151316
0.418849895844882969 -0.751044115853833905 0.694717248413307176
0.416091246802156256 -0.754488792632102778 0.694316749397208888
0.413303684102496904 -0.757922424482011525 0.693914625499206461
0.411428919826379025 -0.760205521461989497 0.693510879145453840
0.408591691151667658 -0.763621389589034472 0.693105512771893584
0.406683187879776586 -0.765892900537317511 0.692698528824242432
0.403794390344382581 -0.769291757278286248 0.692289929757976541
0.400873709972151382 -0.772680740789425391 0.691879718038316605
0.398908519978148246 -0.774934692980565720 0.691467896140213090
0.395933084618277031 -0.778307727578448794 0.691054466548331137
0.392923801679335549 -0.781671469882852299 0.690639431757035682
0.390898432027098786 -0.783908895235548075 0.690222794270376361
0.387831030605198246 -0.787257555926926367 0.689804556602072627
0.384727710199455397 -0.790597380683636164 0.689384721275498102
0.381587666750596355 -0.793928505376325644 0.688963290823665919
0.379473499053609942 -0.796144479622083345 0.688540267789212845
0.376270424026603101 -0.799461349921926745 0.688115654724384629
0.373028410761256923 -0.802769779596390620 0.687689454191019900
0.369746602666608637 -0.806069824782711275 0.687261668760535072
0.367536193189928861 -0.808265213787441539 0.686832301013909019
0.364186120103192124 -0.811551344203711333 0.686401353541667092
0.360793902648481657 -0.814829120285852193 0.685968828943865794
0.357358636625094483 -0.818098505651528751 0.685534729830076905
0.353879406109671890 -0.821359436282895872 0.685099058819371831
0.350355284135767275 -0.824611819438281435 0.684661818540305611
0.347980467342337119 -0.826775267008722725 0.684223011630901601
0.344379438773070479 -0.830013116731930345 0.683782640738634817
0.340730998848034150 -0.833242022700605545 0.683340708520416507
0.337034187217148229 -0.836461777134934970 0.682897217642577936
0.333288036763695894 -0.839672138119897382 0.682452170780854406
0.329491574784834595 -0.842872828387018713 0.682005570620368706
0.325643824286368844 -0.846063534075835011 0.681557419855615576
0.321743805377266656 -0.849243903490806806 0.681107721190444715
0.317790536784818667 -0.852413545848171195 0.680656477338045240
0.313783037480262761 -0.855572030026559016 0.680203691020928702
0.311080759495916959 -0.857671255469331650 0.679749364970912762
0.306980701879884799 -0.860810071128127574 0.679293501929105314
0.302823812387963076 -0.863936372306246314 0.678836104645886729
0.298609126816967996 -0.867049569436799561 0.678377175880894634
0.294335690459088639 -0.870149026965502226 0.677916718403006269
0.290002560439446111 -0.873234062237086994 0.677454734990322271
0.285608808206850973 -0.876303944421918501 0.676991228430149805
0.281153522132546740 -0.879357893517895728 0.676526201518985459
0.276635810254984738 -0.882395079416737227 0.676059657062499042
0.272054803150237945 -0.885414621056284212 0.675591597875515815
0.265846879901176170 -0.889411610241595096 0.675122026782000395
0.261114952058546623 -0.892386263986394979 0.674650946615038660
0.256317032954559987 -0.895339959825711573 0.674178360216821981
0.251452386892133617 -0.898271588727049042 0.673704270438628683
0.246520317977629189 -0.901179988122929210 0.673228680140807945
0.241520173679018624 -0.904063941885415945 0.672751592192761816
0.236451348456479221 -0.906922180479781348 0.672273009472928451
0.231313287460374772 -0.909753381305298925 0.671792934868764235
0.226105490277637100 -0.912556169240151815 0.671311371276726909
0.220827514712386153 -0.915329117398972603 0.670828321602257471
0.213680399898146495 -0.918977403022526951 0.670343788759763304
0.208237310611300463 -0.921674893093712089 0.669857775672599853
0.202723038168028696 -0.924337427648380672 0.669370285273053756
0.197137436411178701 -0.926963369931113057 0.668881320502324628
0.191480437405726012 -0.929551039492558129 0.668390884310507527
0.185752054995833027 -0.932098714518708293 0.667898979656575076
0.178003354851208384 -0.935430352624176509 0.667405609508359698
0.172108949884988649 -0.937877798773018911 0.666910776842535635
0.166143841373588452 -0.940279247662294093 0.666414484644600846
0.160108435289157802 -0.942632831741165522 0.665916735908859470
0.151952761172276241 -0.945693214437478336 0.665417533638403169
0.145755462005278114 -0.947927721796440359 0.664916880845093483
0.139489940280232316 -0.950107986010589767 0.664414780549543171
0.133157042913657264 -0.952232064145956514 0.663911235781098785
0.124610036230220822 -0.954973400228242175 0.663406249577821461
0.118123821693741748 -0.956958800985200808 0.662899824986468933
0.111573827400168246 -0.958881528818984363 0.662391965062477772
0.104961366087376162 -0.960739654347919858 0.661882672869943733
0.096050050842827195 -0.963113360747177238 0.661371951481604547
0.089297542527768947 -0.964813351367158734 0.660859803978820493
0.082487716750087536 -0.966442463659257678 0.660346233451555964
0.073321866106796030 -0.968501227220983973 0.659831242998361267
0.066385365960289378 -0.969957970965627525 0.659314835726353410
0.057057693360039630 -0.971780606575632255 0.658797014751197674
0.050005425073362419 -0.973055681804427919 0.658277783197088628
0.042907173560410572 -0.974250227196416407 0.657757144196731369
0.033375302702117859 -0.975715085085357758 0.657235100891322421
0.026178855496837961 -0.976715975984779661 0.656711656430531421
0.018944409428670705 -0.977631584256412056 0.656186813972481464
0.009243792281718677 -0.978717570898883671 0.655660576683730012
0.001930714388289068 -0.979429440036858612 0.655132947739250349
-0.007865098979134844 -0.980239764401437563 0.654603930322411820
-0.015242184943093207 -0.980742153095613300 0.654073527624961182
-0.025113297451934413 -0.981269941138731228 0.653541742847002838
-0.032539216240208002 -0.981558297517520550 0.653008579196979855
-0.042465127811588232 -0.981798306269566101 0.652474039891654756
-0.049924353234685137 -0.981869328823257170 0.651938128156089536
-0.059884232840093643 -0.981818008295824329 0.651400847223626678
-0.067361093750596956 -0.981669677545438102 0.650862200335869279
-0.077334054374038563 -0.981325193114167327 0.650322190742662065
-0.084812939567413870 -0.980956773563066653 0.649780821702071409
-0.094778307412561713 -0.980318989084167591 0.649238096480365567
-0.102243863084803044 -0.979731002294381259 0.648694018351995028
-0.112181432902096478 -0.978801425916430268 0.648148590599572971
-0.119618746870502390 -0.977995596775198761 0.647601816513855399
-0.129509016140554434 -0.976777292927402896 0.647053699393721038
-0.136903783834087300 -0.975756472211894210 0.646504242546151686
-0.146728159820732507 -0.974253944501186186 0.645953449286212344
-0.156506946140369030 -0.972591531293364842 0.645401322937030675
-0.163807803222661474 -0.971241062330035376 0.644847866829777683
-0.173493727306566037 -0.969304065898793921 0.644293084303647068
-0.180718981857958150 -0.967750385082237541 0.643736978705835461
-0.190296512226994230 -0.965546325035079755 0.643179553391521885
-0.199805656695283884 -0.963193376551717773 0.642620811723847774
-0.206890004776282777 -0.961332685648948027 0.642060757073896426
-0.216269147285567787 -0.958726187226032978 0.641499392820673031
-0.223251386460815993 -0.956678813794319849 0.640936722351083898
-0.232488618516787815 -0.953828180734626052 0.640372749059916258
-0.241639966296394004 -0.950842443887373934 0.639807476349817827
-0.250702276170237381 -0.947724881252905327 0.639240907631276056
-0.257438827382837243 -0.945302194955536690 0.638673046322597582
-0.266338512626101864 -0.941961944507764826 0.638103895849887803
-0.275141812251106899 -0.938499058133852815 0.637533459647030010
-0.281679695386923390 -0.935823437371715361 0.636961741155665062
-0.290309142048759961 -0.932154028349712949 0.636388743825169967
-0.298836679794582449 -0.928371208477293264 0.635814471112637336
-0.305164489600254496 -0.925461663834119763 0.635238926482855071
-0.313509979205880474 -0.921488333283201122 0.634662113408284490
-0.321749669553711037 -0.917410620463941173 0.634084035369040122
-0.329882508214431547 -0.913231724511198051 0.633504695852868616
-0.337907618489813655 -0.908954789101412697 0.632924098355127196
-0.343855320176291113 -0.905684606122051594 0.632342246378763129
-0.351690284918121654 -0.901243480826481314 0.631759143434292514
-0.359415925483763388 -0.896712635084261578 0.631174793039778748
-0.367031925329041109 -0.892094964611053198 0.630589198720811650
-0.372671853121590013 -0.888576433913255692 0.630002364010486038
-0.380095586250135009 -0.883813567921256982 0.629414292449380408
-0.387409415151924064 -0.878971460759702561 0.628824987585535511
-0.394613435059284479 -0.874052729617051827 0.628234452974433477
-0.401707828163468339 -0.869059916862272352 0.627642692178975614
-0.408692854799509842 -0.863995490876428462 0.627049708769460978
-0.415568845083699179 -0.858861847351898522 0.626455506323565503
-0.420654516396786748 -0.854967591768620805 0.625860088426319683
-0.427340669383963201 -0.849718369849495891 0.625263458670087813
-0.433918990952263439 -0.844406158986268585 0.624665620654545006
-0.440390006526007127 -0.839033100362910789 0.624066577986656545
-0.446754278067585053 -0.833601273533365217 0.623466334280656009
-0.453012398437815711 -0.828112699510441974 0.622864893158023070
-0.459164986204238956 -0.822569344047416662 0.622262258247461841
-0.465212680888736851 -0.816973121080873055 0.621658433184878789
-0.471156138661914969 -0.811325896290374438 0.621053421613361412
-0.476996028432600361 -0.805629490779029567 0.620447227183155481
-0.481308386957311152 -0.801325984169618755 0.619839853551643394
-0.486968668350630962 -0.795547773763360722 0.619231304383322301
-0.492527259813773099 -0.789725191627060896 0.618621583349781567
-0.497984850060033124 -0.783859925511072642 0.618010694129680793
-0.503342127311693366 -0.777953636767227286 0.617398640408728050
-0.508599777540606701 -0.772007964204413089 0.616785425879656679
-0.513758483031700131 -0.766024527916327580 0.616171054242203975
-0.518818921271925193 -0.760004933051248388 0.615555529203088425
-0.523781764135745620 -0.753950773520940420 0.614938854475987173
-0.528647677370485791 -0.747863635617426192 0.614321033781514036
-0.533417320358826830 -0.741745101532051310 0.613702070847196968
-0.538091346161269746 -0.735596752738918336 0.613081969407454963
-0.542670401812688108 -0.729420173244919035 0.612460733203576524
-0.547155128870122853 -0.723216952674563984 0.611838365983696564
-0.551546164204811840 -0.716988689158505887 0.611214871502773316
-0.556904168768385999 -0.709170596113990914 0.610590253522566684
-0.561086709254650762 -0.702891891140236202 0.609964515811614816
-0.565177609148008853 -0.696593426889939193 0.609337662145211567
-0.569177499188091685 -0.690276864816231628 0.608709696305383963
-0.573087012951352892 -0.683943886241288990 0.608080622080868771
-0.576906788819236294 -0.677596193625751075 0.607450443267090412
-0.580637472068547877 -0.671235511517410677 0.606819163666137418
-0.584279717071078730 -0.664863587147256130 0.606186787086739787
-0.587834189580535904 -0.658482190664190892 0.605553317344246333
-0.591301569077218980 -0.652093115003283597 0.604918758260600598
-0.594682551155198746 -0.645698175362501514 0.604283113664319305
-0.598788372237221811 -0.637699054391182685 0.603646387390467831
-0.601977603144187023 -0.631297666067566210 0.603008583280637778
-0.605082837470239165 -0.624896453226220339 0.602369705182924098
-0.608104865733851918 -0.618497310760310559 0.601729756951901340
-0.611044506705614943 -0.612102146665401747 0.601088742448600111
-0.613902609448165881 -0.605712879096309109 0.600446665540484759
-0.617361920461516833 -0.597737519632679182 0.599803530101429061
-0.620039836003688838 -0.591368562153637867 0.599159340011693797
-0.622639203548291165 -0.585011763309264521 0.598514099157902213
-0.625161019676607199 -0.578669043803187622 0.597867811433017704
-0.627606318944032515 -0.572342313790706658 0.597220480736319392
-0.630556979961478303 -0.564459271376306360 0.596572110973379255
-0.632834100076548833 -0.558175414650882606 0.595922706056038476
-0.635038334840219099 -0.551913624337294850 0.595272269902383133
-0.637170884969220142 -0.545675711257994522 0.594620806436721661
-0.639232989830061826 -0.539463449510839133 0.593968319589560312
-0.641713506550756208 -0.531736829108121034 0.593314813297580179
-0.643621835358743066 -0.525588544522620049 0.592660291503612213
-0.645464002324134922 -0.519471362159116046 0.592004758156615130
-0.647241398871716722 -0.513386844079285920 0.591348217211650096
-0.649374231563871640 -0.505829409159276544 0.590690672629857860
-0.651011141179379971 -0.499823767484602444 0.590032128378433995
-0.652588007726553676 -0.493855414976665463 0.589372588430605804
-0.654476955799735083 -0.486449338678367427 0.588712056765608116
-0.655924273021023185 -0.480569408533719100 0.588050537368658643
-0.657316521881465055 -0.474730602653476552 0.587388034230934886
-0.658655267637164754 -0.468933926302174509 0.586724551349549261
-0.660255862987622621 -0.461748717644912821 0.586060092727525461
-0.661480000849108629 -0.456050060416306025 0.585394662373774133
-0.662655781233930652 -0.450396198898711297 0.584728264303068901
-0.664059925239598781 -0.443392819869108168 0.584060902536021609
-0.665132708482100710 -0.437841922384262505 0.583392581099058893
-0.666162285818167943 -0.432337547569757230 0.582723304024396649
-0.667390889831510514 -0.425523015931591420 0.582053075350017379
-0.668328975349265941 -0.420124439266852168 0.581381899119644441
-0.669448109702903471 -0.413442775002776153 0.580709779382718061
-0.670302489766706588 -0.408150757736384040 0.580036720194371247
-0.671122111177431480 -0.402906099468620993 0.579362725615404806
-0.672099999238486623 -0.396416698043132509 0.578687799712263029
-0.672846758884463991 -0.391278075672461367 0.578011946557009382
-0.673563451603864660 -0.386186180277968416 0.577335170227301964
-0.674419144146975680 -0.379886490605404303 0.576657474806368309
-0.675073207574136247 -0.374898374911440291 0.575978864382981293
-0.675854835140594634 -0.368726979966869428 0.575299343051434375
-0.676452937922522590 -0.363840194829837982 0.574618914911516843
-0.677168610103481616 -0.357793628727334057 0.573937584068489048
-0.677717055070596874 -0.353005099186719740 0.573255354633057546
-0.678245354615478302 -0.348259108014157714 0.572572230721350661
-0.678879128865111592 -0.342385282599477037 0.571888216454893183
-0.679366208513306757 -0.337732178997755705 0.571203315960581826
-0.679951876863434501 -0.331971870317571471 0.570517533370660246
-0.680403117046936345 -0.327407415771496735 0.569830872822694068
-0.680947173372415948 -0.321755104087092625 0.569143338459545789
-0.681367586864095931 -0.317274723596817021 0.568454934429350356
-0.681876074173701219 -0.311724514251984774 0.567765664885489074
-0.682270321287528070 -0.307323367573459350 0.567075533986565739
-0.682748853800968392 -0.301869075095690942 0.566384545896380986
-0.683121262199034684 -0.297542119916106240 0.565692704783906763
-0.683575052380435477 -0.292177341740154806 0.565000014823262009
-0.683929640239551162 -0.287919388438387824 0.564306480193686899
-0.684363529327149833 -0.282637568112941051 0.563612105079517756
-0.684704030776667083 -0.278443326192566010 0.562916893670161955
-0.685122521557004038 -0.273237806420897733 0.562220850160072394
-0.685452413485763246 -0.269101923086966954 0.561523978748722397
-0.685859704304905726 -0.263965989326287676 0.560826283640580292
-0.686182233823808163 -0.259883080860287552 0.560127769045084101
-0.686582253058444447 -0.254809996449779030 0.559428439176616110
-0.686900465082671774 -0.250774673230457990 0.558728298254477340
-0.687296905504389599 -0.245757707080221877 0.558027350502862229
-0.687613670081149486 -0.241764593076399303 0.557325600150833100
-0.688010022732512549 -0.236797040972085371 0.556623051432294513
-0.688328061864385443 -0.232840788511112506 0.555919708585968286
-0.688727649190912006 -0.227915988948295845 0.555215575855366850
-0.689130417705238973 -0.223012081848183996 0.554510657488768932
-0.689455571096964537 -0.219102634712035754 0.553804957739192694
-0.689866483059668578 -0.214231227452790385 0.553098480864371078
-0.690199373083457468 -0.210345168829505491 0.552391231126725279
-0.690621464188594603 -0.205499749542974036 0.551683212793339983
-0.691051054860163383 -0.200665977635260701 0.550974430135936832
-0.691400740123605528 -0.196806015490724018 0.550264887430848670
-0.691846125822865421 -0.191988226569073828 0.549554588958994228
-0.692209623774268423 -0.188138501841955491 0.548843539005852032
-0.692673745555952847 -0.183330336665402160 0.548131741861434318
-0.693149549835534118 -0.178524787080808128 0.547419201820261936
-0.693539219588167111 -0.174680924589082909 0.546705923181337261
-0.694038363890613796 -0.169875188311533476 0.545991910248119217
-0.694551773077750623 -0.165066633538398011 0.545277167328497070
-0.694973402588683342 -0.161216456988198670 0.544561698734763899
-0.695514866227697426 -0.156397938016900356 0.543845508783591502
-0.696073259587610793 -0.151571156305340321 0.543128601796003752
-0.696532820750044412 -0.147702464598881839 0.542410982097350503
-0.697124164513987510 -0.142855858560303528 0.541692654017281949
-0.697735219593591638 -0.137995457264705579 0.540973621889721756
-0.698238944901026115 -0.134095849100925368 0.540253890052841745
-0.698888079144114105 -0.129205512454262705 0.539533462849035028
-0.699559845186920493 -0.124295649762652005 0.538812344624890471
-0.700114277130080565 -0.120352276894596460 0.538090539731165718
-0.700829511157750162 -0.115401886882648380 0.537368052522761430
-0.701570444043130181 -0.110425895142019087 0.536644887358695422
-0.702182452159879622 -0.106425133609311662 0.535921048602074901
-0.702972501381872061 -0.101397241846522879 0.535196540620071826
-0.703791454433332020 -0.096337140488181289 0.534471367783895701
-0.704468215860917013 -0.092264170839240683 0.533745534468767047
-0.705342161830697756 -0.087139639941950092 0.533019045053891527
-0.706248328142123460 -0.081975528131684461 0.532291903922433307
-0.707187918251039993 -0.076768966282398154 0.531564115461488407
-0.707964468070375386 -0.072571131492758040 0.530835684062058610
-0.708967270790586301 -0.067280451743358921 0.530106614119024488
-0.710006888719691198 -0.061938459696647269 0.529376910031119641
-0.711084530602583254 -0.056541646041692595 0.528646576200903162
-0.711974828888255029 -0.052182232524517980 0.527915617034733886
-0.713123932729271659 -0.046677218353937622 0.527184036942743628
-0.714314389599105759 -0.041106385729885286 0.526451840338810095
-0.715547353311748124 -0.035465329220722652 0.525719031640530909
-0.716565086922927530 -0.030898780482674137 0.524985615269196515
-0.717877377075321510 -0.025119292087269762 0.524251595649763980
-0.719235233690760256 -0.019255648628748678 0.523516977210829459
-0.720639665060766821 -0.013302229650117792 0.522781764384602554
-0.721797384139706510 -0.008470835519942155 0.522045961606878439
-0.723287995629852132 -0.002340416209417329 0.521309573317012220
-0.724827655330256504 0.003897648801980569 0.520572603957891289
-0.726417084255610801 0.010250599997280063 0.519835057975908787
-0.728056894037919067 0.016726185930284798 0.519096939820936853
-0.729405346144591293 0.022000507013686055 0.518358253946300196
-0.731136962058860140 0.028718135567735337 0.517619004808748007
-0.732919923180615496 0.035583143435969966 0.516879196868428425
-0.734754233319480754 0.042605595095244420 0.516138834588860784
-0.736639669234425476 0.049796282614593401 0.515397922436909073
-0.738184511017478506 0.055677714303588421 0.514656464882754738
-0.740160540691182867 0.063200967807383934 0.513914466399869707
-0.742185524560023513 0.070927053690801212 0.513171931464990072
-0.744257983634161069 0.078870096286715097 0.512428864558087671
-0.746375969454157850 0.087045272002642060 0.511685270162344774
-0.748536986793969406 0.095468894583455477 0.510941152764125550
-0.750294702458355722 0.102398419756507320 0.510196516852949977
-0.752524787998436584 0.111314346098996986 0.509451366921466198
-0.754787180672433888 0.120531263599042537 0.508705707465423762
-0.757076343356971826 0.130070715342879284 0.507959542983646317
-0.759385594964291699 0.139955895858017820 0.507212877978004517
-0.761706918407347389 0.150211781276014644 0.506465716953388712
-0.763566291390226137 0.158701402673586456 0.505718064417682078
-0.765883991274206366 0.169693714780761118 0.504969924881733090
-0.768182140457736473 0.181137338536304537 0.504221302859328868
-0.770445237715309261 0.193065324388232484 0.503472202867166985
-0.772654951625083242 0.205513207994548142 0.502722629424828926
-0.774789638359136390 0.218519156804696191 0.501972587054753117
-0.776823776711520475 0.232124105305610673 0.501222080282206495
-0.778727306595656810 0.246371869779647035 0.500471113635258535
-0.780132522821689767 0.258264244310955460 0.499719691644752828
-0.781707675177520711 0.273788977253050014 0.498967818844280431
-0.783036808899834624 0.290095037159599389 0.498215499770152170
-0.784064378740795931 0.307237426808911640 0.497462738961371664
-0.784725230183611067 0.325273753038008651 0.496709540959607176
-0.784943013003944312 0.344263797067513866 0.495955910309165471
-0.784628363919471550 0.364268842239457158 0.495201851556962724
-0.783676842358123515 0.385350678790770007 0.494447369252498770
-0.781966612340551093 0.407570183362486183 0.493692467947828284
-0.779957612684841539 0.426204037849133854 0.492937152197534589
-0.776509204378950879 0.450613842859393932 0.492181426558700674
-0.771845815341905439 0.476307259025608942 0.491425295590883215
-0.765754638781258379 0.503316863102596157 0.490668763856084045
-0.757992090638750726 0.531656576761376898 0.489911835918723060
-0.748281482663924358 0.561314246494987179 0.489154516345610635
-0.736311597779900184 0.592242346159550959 0.488396809705919865
-0.721736801997292288 0.624346578240762673 0.487638720571159257
-0.704179554904241445 0.657472267760878637 0.486880253515145078
-0.683236435565948041 0.691388671074799288 0.486121413113973777
-0.658489047567318520 0.725771706360358371 0.485362203945993942
-0.629521337418292637 0.760186199230516446 0.484602630591779604
-0.603045734641869724 0.787367000192614519 0.483842697634101593
-0.565542721724521136 0.820326907665808847 0.483082409657900780
-0.522916700164684278 0.851388897452795335 0.482321771250259546
-0.475067772367247843 0.879599795455988986 0.481560787000374912
-0.422097192382444364 0.903894114468594467 0.480799461499530345
-0.364360897845326936 0.923140351969615081 0.480037799341068050
-0.302512112447379744 0.936211543990086992 0.479275805120361664
-0.237521385117958728 0.942077781023971217 0.478513483434788112
-0.170662608663155524 0.939912278066872275 0.477750838883700013
-0.103457307817943267 0.929196216664279540 0.476987876068398153
-0.037577059944197022 0.909803267418272332 0.476224599592103282
0.025286110221498903 0.882044916804397783 0.475461014059928577
0.083562214927727807 0.846663745314301441 0.474697124078852117
0.135934522971834504 0.804772614385216412 0.473932934257688454
0.181437056435755140 0.757749967677324276 0.473168449207061581
0.219503973641192285 0.707110855819051864 0.472403673539376345
0.249967927370751491 0.654376737446586088 0.471638611868791302
0.273015273000140724 0.600964090842655119 0.470873268811190182
0.289112854496718863 0.548104418858767373 0.470107648984154913
0.298922882996420725 0.496799541371869768 0.469341757006936922
0.303220037500553763 0.447808904399889407 0.468575597500429597
0.302820309564352130 0.401661390311832678 0.467809175087140594
0.298526204696264563 0.358682805020472228 0.467042494391163687
0.291088954598308580 0.319031025141581992 0.466275560038151071
0.281185858539446387 0.282732673871441853 0.465508376655285161
0.269409667883315218 0.249717315521775562 0.464740948871250947
0.258983155885345206 0.225577710053394637 0.463973281316208130
0.245055584644869678 0.198094289237987914 0.463205378621762642
0.230469279512308167 0.173411045395929025 0.462437245420939558
0.215518647803432439 0.151312594531927885 0.461668886348154228
0.200438968986931670 0.131581204853738781 0.460900306039185248
0.185415417094062729 0.114004190625440482 0.460131509131145422
0.170591395129901680 0.098378721891653240 0.459362500262455065
0.156075948782377599 0.084514703328073759 0.458593284072812746
0.141950185892225189 0.072236255364829624 0.457823865203168145
0.128272724822208445 0.061382215758739068 0.457054248295693633
0.115084248391650684 0.051805979708951025 0.456284437993756620
0.102411264641346797 0.043374913952919703 0.455514438941891142
0.090269182779989077 0.035969515119197201 0.454744255785770268
0.078664808949985551 0.029482432366714710 0.453973893172177512
0.067598357592681346 0.023817436862319467 0.453203355748979131
0.057065062753023865 0.018888393030123206 0.452432648165096596
0.047056461836814445 0.014618266638072823 0.451661775070477334
0.037561412938595114 0.010938190697154083 0.450890741116067750
0.028566896750835825 0.007786600430851393 0.450119550953784642
0.020058644971955489 0.005108441902903445 0.449348209236487384
0.012021629631909839 0.002854454577686879 0.448576720617949509
0.004440441211851429 0.000980525283027194 0.447805089752831120
-0.002700421792868621 -0.000552890569103856 0.447033321296650354
-0.009416333662053879 -0.001781285549691826 0.446261419905755630
-0.016935702227906323 -0.002897419247403313 0.445489390237297223
-0.022769231720890251 -0.003562600498532746 0.444717236949199513
-0.028224515546183583 -0.004014141732872935 0.443944964700132727
-0.033315062786910710 -0.004274972316311902 0.443172578149484575
-0.038053787123444059 -0.004365858361377612 0.442400081957332769
-0.042452989029432016 -0.004305648676868192 0.441627480784416215
-0.046524349859710608 -0.004111492721862561 0.440854779292107424
-0.050278934947012743 -0.003799033853426868 0.440081982142383921
-0.053727203445934173 -0.003382580801967759 0.439309093997800659
-0.056879023174668447 -0.002875259978189118 0.438536119521461376
-0.059743689026630381 -0.002289150907816541 0.437763063376990780
-0.062329943860274753 -0.001635406829636043 0.436989930228506185
-0.064646001047157189 -0.000924362242886285 0.436216724740589701
-0.066699567986507474 -0.000165628981679294 0.435443451578259699
-0.068497870115851345 0.000631817798263490 0.434670115406943058
-0.070047675003552690 0.001459562501094858 0.433896720892446575
-0.071355316288705339 0.002309679766250076 0.433123272700929207
-0.072426717214598743 0.003174671996537891 0.432349775498873712
-0.073267413651940796 0.004047412904729115 0.431576233953058608
-0.073882576496241567 0.004921096348940033 0.430802652730529700
-0.074277033394986439 0.005789189811990791 0.430029036498572770
-0.074455289776089020 0.006645391955445747 0.429255389924684039
-0.074421549182266067 0.007483593747919657 0.428481717676543417
-0.074179732926844891 0.008297842725353884 0.427708024421985300
-0.073733499120628723 0.009082309994578177 0.426934314828971262
-0.073086261101158317 0.009831259635081305 0.426160593565560908
-0.072241205344984266 0.010539020197683612 0.425386865299884787
-0.071201308920458034 0.011199958033662749 0.424613134700115247
-0.069969356564268226 0.011808452220902155 0.423839406434439070
-0.068547957468043541 0.012358870884311035 0.423065685171028827
-0.066939561863809102 0.012845548730930165 0.422291975578014622
-0.065146477509725936 0.013262765649937138 0.421518282323456672
-0.063170886169264445 0.013604726243207004 0.420744610075315939
-0.061014860212353597 0.013865540181100488 0.419970963501427319
-0.058680379425992982 0.014039203288661789 0.419197347269470222
-0.056169348174623289 0.014119579293975046 0.418423766046941481
-0.053483613008411375 0.014100382180247027 0.417650224501126266
-0.050624980883991415 0.013975159111689863 0.416876727299070882
-0.047595238088200972 0.013737273907412612 0.416103279107553403
-0.044396170018795644 0.013379891060951256 0.415329884593057030
-0.041029581973959665 0.012895960326696784 0.414556548421740223
-0.037497321060852309 0.012278201896722064 0.413783275259410332
-0.033801299404644818 0.011519092228129439 0.413010069771493848
-0.029943518756575849 0.010610850578001055 0.412236936623009365
-0.025926096699538839 0.009545426351241688 0.411463880478538657
-0.021751294548866928 0.008314487356571235 0.410690906002199319
-0.017421547121620341 0.006909409114009963 0.409918017857616057
-0.012939494491917189 0.005321265362349333 0.409145220707892665
-0.008308015872703895 0.003540819950169961 0.408372519215583762
-0.002557462365184079 0.001136974687020451 0.407599918042667209
0.002391205043525531 -0.001100611724096436 0.406827421850515403
0.007478041881308517 -0.003562201805236641 0.406055035299867251
0.012698741989577038 -0.006258381481562792 0.405282763050800465
0.018048545484217388 -0.009200057316284914 0.404510609762702811
0.023522189566036356 -0.012398450324236913 0.403738580094244404
0.029113856720347844 -0.015865086249738265 0.402966678703349568
0.034817120386746822 -0.019611781895174256 0.402194910247168913
0.040624888145452738 -0.023650627009343866 0.401423279382050524
0.046529342610146310 -0.027993961264126344 0.400651790763512761
0.052521880201538342 -0.032654345769697508 0.399880449046215336
0.058593048103066467 -0.037644528591460322 0.399109258883932283
0.064732479739508408 -0.042977403679095263 0.398338224929522700
0.070928829208448813 -0.048665962604790280 0.397567351834903382
0.077169705225767243 -0.054723238517090843 0.396796644251020736
0.083441605199265606 -0.061162241681732434 0.396026106827822577
0.089729850202240474 -0.067995886015402934 0.395255744214229765
0.096018521748525959 -0.075236906048809726 0.394485561058108725
0.102290401345612403 -0.082897763752041942 0.393715562006243303
0.108526914026479543 -0.090990544773217802 0.392945751704306401
0.114708077159290392 -0.099526843695836184 0.392176134796831943
0.120812455984769695 -0.108517638024356461 0.391406715927187232
0.126817127500804622 -0.117973150764272366 0.390637499737544969
0.132697654467410109 -0.127902701646366274 0.389868490868854556
0.138428071388942031 -0.138314547203864213 0.389099693960814785
0.143980884532825038 -0.149215710235227617 0.388331113651845694
0.149327088071812747 -0.160611799406848249 0.387562754579060531
0.154436198521625323 -0.172506820083521306 0.386794621378237391
0.159276309698774349 -0.184902977890795017 0.386026718683791847
0.163814170342254706 -0.197800476820669785 0.385259051128749030
0.168015286513778672 -0.211197314211521242 0.384491623344714872
0.171844050669735710 -0.225089075297255359 0.383724439961849018
0.175263899106267829 -0.239468730532180624 0.382957505608836291
0.177680291393225886 -0.251317224905915459 0.382190824912859439
0.180269634572219117 -0.266548283380346251 0.381424402499570547
0.182344307499638258 -0.282232015033718864 0.380658242993063167
0.183866081654774638 -0.298349770892055333 0.379892351015845064
0.184796950742028954 -0.314879480118809396 0.379126731188809796
0.185099462517252511 -0.331795547342468244 0.378361388131208842
0.184737076465799371 -0.349068784191902182 0.377596326460623632
0.183674543847054589 -0.366666380072200704 0.376831550792938397
0.181878305649162963 -0.384551916979852193 0.376067065742311524
0.179316903035247055 -0.402685432675156441 0.375302875921148027
0.175961393911042596 -0.421023535815926275 0.374538985940071401
0.171785768403610067 -0.439519575757283065 0.373775400407896752
0.166767355322599370 -0.458123868704912229 0.373012123931601880
0.160887211110682354 -0.476783980531652496 0.372249161116299909
0.154130482498637311 -0.495445065256082895 0.371486516565211977
0.146486733964764082 -0.514050256611677581 0.370724194879638425
0.137950231379002974 -0.532541108579021150 0.369962200658932039
0.128520173684038869 -0.550858079161001379 0.369200538500469633
0.118200865349343404 -0.568941050244964330 0.368439212999625065
0.107001823466058854 -0.586729874990422284 0.367678228749740488
0.094937814756327649 -0.604164943046584302 0.366917590342099198
0.082028819460685104 -0.621187753055968850 0.366157302365898329
0.068299920840417722 -0.637741481341098093 0.365397369408220485
0.056746473866301189 -0.650609950394185232 0.364637796054006091
0.041620498879688078 -0.666183595494899139 0.363878586886026256
0.025770164858921252 -0.681142582573497579 0.363119746484854844
0.009237680908068924 -0.695441248159777481 0.362361279428840721
-0.007931127233418656 -0.709037937953964637 0.361603190294080168
-0.025687286654369923 -0.721895347175150803 0.360845483654389343
-0.043979181893738117 -0.733980794926296198 0.360088164081276974
-0.062753084166917494 -0.745266428951780080 0.359331236143916044
-0.081953694304959523 -0.755729358942454965 0.358574704409116762
-0.101524688623997272 -0.765351718521576796 0.357818573441299359
-0.121409257346531518 -0.774120657772181864 0.357062847802465555
-0.141550625881621206 -0.782028269768259121 0.356307532052171694
-0.157810790877291829 -0.787731964607894075 0.355552630747501208
-0.178273317310580603 -0.794084491061266773 0.354798148443037253
-0.198837948777549123 -0.799578496231916791 0.354044089690834618
-0.219452258019489699 -0.804223188707780090 0.353290459040392801
-0.240065881453106755 -0.808031634163193457 0.352537261038628369
-0.260630811154687170 -0.811020424313881660 0.351784500229847863
-0.281101636910829289 -0.813209327383006553 0.351032181155719714
-0.301435738681901044 -0.814620927529219774 0.350280308355247205
-0.321593430885735110 -0.815280260136993506 0.349528886364741498
-0.337567835594838994 -0.815284259893728658 0.348777919717793483
-0.357317700227075430 -0.814659040220579556 0.348027412945247028
-0.376796322468468781 -0.813361638623999017 0.347277370575171052
-0.395975714058282025 -0.811423181172669983 0.346527797132833160
-0.414830934320390532 -0.808875611573509068 0.345778697140671221
-0.433340018030902718 -0.805751401383815402 0.345030075118266999
-0.451483879793489251 -0.802083283202167374 0.344281935582318011
-0.465724952335176412 -0.798779188572957710 0.343534283046611377
-0.483172061712688117 -0.794214440520071951 0.342787122021995572
-0.500214794829091036 -0.789196851925394682 0.342040457016353661
-0.516843843130271097 -0.783758141532092556 0.341294292534576271
-0.533052115007612404 -0.777929345461756405 0.340548633078533836
-0.548834577390421741 -0.771740688389872087 0.339803483147050112
-0.564188096503797643 -0.765221475799764850 0.339058847235874428
-0.576161082363464305 -0.759787157856260498 0.338314729837655315
-0.590740065563832406 -0.752743534779036549 0.337571135441912362
-0.604890102336704927 -0.745445840052147757 0.336828068535010128
-0.618613865464495483 -0.737919231164286593 0.336085533600130215
-0.631915206374866312 -0.730187675632817390 0.335343535117245406
-0.642255393871999147 -0.723870206525314419 0.334602077563091016
-0.654809336551757881 -0.715826294894457815 0.333861165411139194
-0.666956805177286394 -0.707638125428533771 0.333120803131571552
-0.678704978128508607 -0.699325090993450749 0.332380995191252027
-0.690061641811901660 -0.690905408123546505 0.331641746053699893
-0.698870647498674891 -0.684104380533916645 0.330903060179063069
-0.709543792641102233 -0.675534979033434624 0.330164942024091357
-0.719849674040872300 -0.666903906290586157 0.329427396042108855
-0.729797573925304643 -0.658225173393514273 0.328690426682987813
-0.739396987597831123 -0.649511772032117518 0.327954038393121539
-0.746832087140318013 -0.642524194497945733 0.327218235615397535
-0.755828599821225300 -0.633778033727988466 0.326483022789170574
-0.764503841501241399 -0.625028513831957566 0.325748404350236054
-0.772867602026546696 -0.616285138646508024 0.325014384730803463
-0.779340903483255576 -0.609300729206192715 0.324280968359469235
-0.787168544182937358 -0.600589797442108386 0.323548159661190049
-0.794711835317907012 -0.591907436147257826 0.322815963057256461
-0.801980269961175884 -0.583260291513094997 0.322084382965266092
-0.807603408260099354 -0.576371982127929838 0.321353423799096927
-0.814400547288944621 -0.567802927546472769 0.320623089968880448
-0.820948574396122011 -0.559284370810666953 0.319893385880975489
-0.827256331023432545 -0.550820701100013466 0.319164315937941478
-0.832135350637746907 -0.544091912030261193 0.318435884538511682
-0.838032231036487940 -0.535736519508934306 0.317708096077566726
-0.843712460678673004 -0.527445744525334770 0.316980954946108506
-0.849184044491210099 -0.519222251921446332 0.316254465531233042
-0.853416315750773702 -0.512693451419061752 0.315528632216104443
-0.858531756632841314 -0.504596602711187669 0.314803459379928152
-0.863459705419623913 -0.496572593528271322 0.314078951397925132
-0.867271849178971155 -0.490206774210595775 0.313355112641304667
-0.871880042412481737 -0.482317196540500870 0.312631947477238548
-0.876320020224017004 -0.474503683627547801 0.311909460268834315
-0.880598216343339790 -0.466766925345853345 0.311187655375109562
-0.883908465060692206 -0.460633112338418360 0.310466537150965005
-0.887910925790451500 -0.453035599700542080 0.309746109947158288
-0.891768391894322554 -0.445515729750878053 0.309026378110278277
-0.894753718758257599 -0.439555742532222071 0.308307345982718140
-0.898364084445747890 -0.432175540336740438 0.307589017902649531
-0.901844508778506193 -0.424872647081832366 0.306871398203996282
-0.904538642033152263 -0.419085764446743225 0.306154491216408586
-0.907797579601285820 -0.411921084034919005 0.305438301265236245
-0.910320629196626818 -0.406244156321867889 0.304722832671503130
-0.913373052245833650 -0.399216026696316173 0.304008089751880761
-0.916316808787670523 -0.392262882054303819 0.303294076818662772
-0.918596336980982753 -0.386753886449246909 0.302580798179738097
-0.921354715909557975 -0.379933917567820467 0.301868258138565604
-0.924015483478113131 -0.373186859562176509 0.301156460994148056
-0.926076264130305415 -0.367841165150226357 0.300445411041005861
-0.928570381653418431 -0.361223287643581581 0.299735112569151418
-0.930502283287837684 -0.355979848216404826 0.299025569864063145
-0.932840628852758202 -0.349488404684514253 0.298316787206659995
-0.935096824955572115 -0.343065992148287369 0.297608768873274754
-0.936844630057511618 -0.337977181111010994 0.296901519135629122
-0.938960337772637099 -0.331676839164502746 0.296195042260807340
-0.940599371078663760 -0.326684567039928209 0.295489342511231157
-0.942583452563023672 -0.320503515188977128 0.294784424144633184
-0.944497982862927521 -0.314387558937404110 0.294080291414031747
-0.945981154770294763 -0.309541111259181156 0.293376948567705464
-0.947776500525375543 -0.303540274577210334 0.292674399849167044
-0.949167270806795305 -0.298784895349325785 0.291972649497137970
-0.950850647369807733 -0.292896644689948027 0.291271701745522582
-0.952154562175192121 -0.288230362133476081 0.290571560823383868
-0.953732632289907012 -0.282452306188662405 0.289872230954915933
-0.954954815063402407 -0.277873268689244557 0.289173716359419908
-0.956433736656528866 -0.272203172419495654 0.288476021251277581
-0.957578925343458787 -0.267709656859875966 0.287779149839927695
-0.958964396735384472 -0.262145448415941340 0.287083106329838189
-0.960300258420819786 -0.256639231637363019 0.286387894920482278
-0.961334281388293910 -0.252275633985419190 0.285693519806313190
-0.962584742824674211 -0.246872405075399287 0.284999985176738024
-0.963552364984046394 -0.242590515400682882 0.284307295216093381
-0.964722137067100527 -0.237288606289575515 0.283615454103619102
-0.965626995374153418 -0.233087146818495211 0.282924466013434350
-0.966505061551481526 -0.228921051409801041 0.282234335114511015
-0.967565956826683671 -0.223762822541791584 0.281545065570649733
-0.968386090081609918 -0.219675488906296845 0.280856661540454244
-0.969376527744891914 -0.214615041733804995 0.280169127177306077
-0.970141814447140316 -0.210605413537401309 0.279482466629339732
-0.971065533061727715 -0.205641467228136532 0.278796684039418097
-0.971778873437170732 -0.201708546568195396 0.278111783545106850
-0.972639391206397641 -0.196839880425262015 0.277427769278649428
-0.973303518465908235 -0.192982707032816392 0.276744645366942488
-0.974104155630363677 -0.188208134273778693 0.276062415931510929
-0.974721652690415219 -0.184425764552846594 0.275381085088483135
-0.975319218286775813 -0.180676337798342523 0.274700656948565658
-0.976038864810268469 -0.176035593220132069 0.274021135617018741
-0.976593294382189225 -0.172359595927304876 0.273342525193631669
-0.977260457765719792 -0.167810028437688441 0.272664829772698014
-0.977774022867956338 -0.164206475871716773 0.271988053442990652
-0.978270126105296511 -0.160634793539334575 0.271312200287737060
-0.978866334985348363 -0.156214690657872801 0.270637274384595228
-0.979324662948858671 -0.152713947563340280 0.269963279805628786
-0.979874927121262451 -0.148381831150030119 0.269290220617281972
-0.980297495537133745 -0.144950911163148344 0.268618100880355593
-0.980704793008956632 -0.141550647378566208 0.267946924649982543
-0.981193005261094764 -0.137343060689039398 0.267276695975603384
-0.981567289375149810 -0.134010883455251140 0.266607418900941251
-0.981927481321664075 -0.130708556154717770 0.265939097463978480
-0.982358431144189637 -0.126622223379978638 0.265271735696931188
-0.982688170841659159 -0.123386089529955945 0.264605337626225900
-0.983004916950350083 -0.120178929216828656 0.263939907272474572
-0.983383067848114689 -0.116210290383876536 0.263275448650450827
-0.983671746257946622 -0.113067274507849258 0.262611965769065092
-0.983948452723883427 -0.109952288223900518 0.261949462631341390
-0.984213486538217497 -0.106865028371418536 0.261287943234391862
-0.984528808704371539 -0.103044474276694442 0.260627411569394229
-0.984768637449253248 -0.100018461184179452 0.259967871621566038
-0.984997718382227050 -0.097019153326947050 0.259309327370142229
-0.985269366515685752 -0.093307075782316951 0.258651782788349882
-0.985475242721478795 -0.090366657448487486 0.257995241843384959
-0.985671224959262515 -0.087451871475865972 0.257339708496387765
-0.985857561968795482 -0.084562379700199031 0.256685186702419799
-0.986077288155711940 -0.080985564280750322 0.256031680410439610
-0.986242799638971990 -0.078151730899935379 0.255379193563278428
-0.986399430236390207 -0.075342070834477581 0.254727730097616900
-0.986547401861867845 -0.072556233637960377 0.254077293943961557
-0.986720517909760120 -0.069106900939058136 0.253427889026620723
-0.986849786729983247 -0.066373373953531045 0.252779519263680752
-0.986971076063616670 -0.063662518629987563 0.252132188566982385
-0.987084582456237758 -0.060973978208251289 0.251485900842097765
-0.987190496709360321 -0.058307395353233982 0.250840659988306292
-0.987312494607247904 -0.055004499930981665 0.250196469898570972
-0.987401995019962953 -0.052386014608215681 0.249553334459515330
-0.987484484814749708 -0.049788326012744299 0.248911257551399867
-0.987560131392984264 -0.047211078566476494 0.248270243048098749
-0.987629096897325920 -0.044653918177754659 0.247630294817075935
-0.987691538310423001 -0.042116492666815553 0.246991416719362256
-0.987747607554946505 -0.039598452241007276 0.246353612609532258
-0.987808956679871897 -0.036477633734457615 0.245716886335680784
-0.987851218513858043 -0.034001946339561606 0.245081241739399380
-0.987887568254708137 -0.031544529417171674 0.244446682655753811
-0.987918137510851668 -0.029105048748681805 0.243813212913260191
-0.987943053408610217 -0.026683175157622474 0.243180836333862671
-0.987962438713529734 -0.024278585056151436 0.242549556732909621
-0.987976411955427514 -0.021890961032398515 0.241919377919131262
-0.987985087558764685 -0.019519992407152242 0.241290303694616182
-0.987988575977014283 -0.017165375817783768 0.240662337854788411
-0.987986983832125465 -0.014826815804059146 0.240035484188385162
-0.987978005584096985 -0.011925759012206494 0.239409746477433349
-0.987965353150041858 -0.009622290901294128 0.238785128497226773
-0.987947941987196154 -0.007333980697987463 0.238161634016303414
-0.987925864100098194 -0.005060572955308040 0.237539266796423398
-0.987899208472013846 -0.002801823084521371 0.236918030592545070
-0.987868061233800554 -0.000557497888055480 0.236297929152803232
-0.987832505836224728 0.001672623963625719 0.235678966218485830
-0.987792623226240618 0.003888751468195006 0.235061145524012804
-0.987748492025993685 0.006091080870094190 0.234444470796911636
-0.987700188714302540 0.008279795277729707 0.233828945757796114
-0.987647787810014943 0.010455064335746000 0.233214574120343354
-0.987591362056529642 0.012617043923854321 0.232601359591271956
-0.987530982606199870 0.014765875936126382 0.231989305870319185
-0.987466719204603605 0.016901688097542777 0.231378416650218466
-0.987398640372779579 0.019024593856567407 0.230768695616677788
-0.987326813587635410 0.021134692326694404 0.230160146448356639
-0.987251305457948813 0.023232068310066745 0.229552772816844636
-0.987192298150530001 0.024796794153647106 0.228946578386638622
-0.987110505945634320 0.026872067143382639 0.228341566815121244
-0.987025212477568803 0.028934778027266017 0.227737741752538220
-0.986936482580808128 0.030984959305904891 0.227135106841976964
-0.986844380978622482 0.033022630237845130 0.226533665719343968
-0.986748972418459380 0.035047797272406922 0.225933422013343488
-0.986650321796340046 0.037060454560300604 0.225334379345455083
-0.986548494269490983 0.039060584538284093 0.224736541329912165
-0.986443555356244728 0.041048158585512029 0.224139911573680239
-0.986335571023059021 0.043023137735488381 0.223544493676434614
-0.986252624190961602 0.044496077842479942 0.222950291230539055
-0.986139470702937060 0.046448893878932307 0.222357307821024419
-0.986023456051106861 0.048388961130803598 0.221765547025566445
-0.985904648405398154 0.050316209275118595 0.221175012414464467
-0.985783116593176967 0.052230561843584156 0.220585707550619681
-0.985658930098732511 0.054131937230051330 0.219997635989513968
-0.985564090253836844 0.055549401065024484 0.219410801279188383
-0.985435427171024281 0.057427858302422585 0.218825206960221313
-0.985304303685771377 0.059293096034152781 0.218240856565707519
-0.985170791474683449 0.061145022816952610 0.217657753621236849
-0.985034962658862701 0.062983547151323427 0.217075901644872893
-0.984931614366110542 0.064353590545065564 0.216495304147131529
-0.984791906060420663 0.066168444079474753 0.215915964630959911
-0.984650081037277913 0.067969651960157973 0.215337886591715516
-0.984506212230344291 0.069757131889033153 0.214761073517145018
-0.984397013235921436 0.071088686066704820 0.214185528887362697
-0.984249743048327685 0.072851959151480628 0.213611256174830066
-0.984100628931657395 0.074601305716896105 0.213038258844334860
-0.983987626602160881 0.075904140281338017 0.212466540352969940
-0.983835458526588047 0.077628977109763742 0.211896104150112174
-0.983681643039642228 0.079339743628355885 0.211326953677402479
-0.983526250179823092 0.081036404155725106 0.210759092368723977
-0.983408711960354731 0.082299626559659556 0.210192523650182150
-0.983250724157370692 0.083971545602367637 0.209627250940083665
-0.983091346027163193 0.085629312703489835 0.209063277648916135
-0.982970939528233112 0.086863352538178285 0.208500607179326947
-0.982809285196267091 0.088496369126387697 0.207939242926103607
-0.982646417124625415 0.090115270966303840 0.207379188276152232
-0.982523506373623512 0.091320205266055554 0.206820446608478120
-0.982358660153877516 0.092914497998440038 0.206263021294164489
-0.982234333181371766 0.094101033256713262 0.205706915696352854
-0.982067685748070573 0.095670887415334804 0.205152133170222351
-0.981900084290636022 0.097226877252867883 0.204598677062969414
-0.981773788505265088 0.098384823353911077 0.204046550713787689
-0.981604641379408172 0.099916767782959159 0.203495757453848236
-0.981477242782467174 0.101056796741566757 0.202946300606278940
-0.981306697277056772 0.102565022668657635 0.202398183486144662
-0.981178301695288635 0.103687401033069004 0.201851409400427062
-0.981006492639760252 0.105172291406244678 0.201305981648004950
-0.980877196448380673 0.106277326340130929 0.200761903519634410
-0.980704245977325417 0.107739316173196820 0.200219178297928596
-0.980530693196625558 0.109188433751862546 0.199677809257337857
-0.980400153496404303 0.110266923927387905 0.199137799664130727
-0.980225625515205645 0.111693918392744673 0.198599152776373439
-0.980094389251919385 0.112756017548333476 0.198061871843910497
-0.979962874174562071 0.113811219992855539 0.197525960108345194
-0.979787105588022511 0.115207566241611992 0.196991420803020012
-0.979654980730344516 0.116246988999183176 0.196458257152997223
-0.979478433842769447 0.117622595441588373 0.195926472375038851
-0.979345749287799716 0.118646692624677363 0.195396069677588241
-0.979168485289530377 0.120002176408795791 0.194867052260749796
-0.979035282861560385 0.121011418549711369 0.194339423316269994
-0.978857352285204207 0.122347415706150486 0.193813186027518514
-0.978723666097970124 0.123342285248978056 0.193288343569468529
-0.978589781247137580 0.124331144795521709 0.192764899108677640
-0.978410966669724269 0.125640431544655595 0.192242855803268775
-0.978276634652291976 0.126615619539957980 0.191722216802911405
-0.978097236809295389 0.127907006358544684 0.191202985248802360
-0.977962475688919031 0.128869015807725140 0.190685164273646623
-0.977827534835976175 0.129825527651861783 0.190168757001638655
-0.977647337413677708 0.131092479747246748 0.189653766548444014
-0.977511984114146637 0.132036511295532399 0.189140196021179541
-0.977376456210792943 0.132975341424838023 0.188628048518395514
-0.977195482181910102 0.134219174318741252 0.188117327130056300
-0.977059549762284374 0.135146204946708426 0.187608034937522289
-0.976923444625612203 0.136068320506775309 0.187100175013531100
-0.976787166857645106 0.136985604312318598 0.186593750422178684
-0.976605194457953796 0.138201274687712872 0.186088764218901248
-0.976468513300197793 0.139107600325480085 0.185585219450456806
-0.976331658707815575 0.140009361194491699 0.185083119154906633
-0.976148915327393563 0.141204740168772380 0.184582466361596864
-0.976011654179277377 0.142096144063381946 0.184083264091140619
-0.975874217909177388 0.142983230703212449 0.183585515355399187
-0.975736605992083783 0.143866070006239133 0.183089223157464454
-0.975598817942765595 0.144744729731141941 0.182594390491640279
-0.975414825850451139 0.145909887366399593 0.182101020343424957
-0.975276625365965488 0.146779045490381455 0.181609115689492451
-0.975138247765882094 0.147644233247447465 0.181118679497675406
-0.974999693047292393 0.148505508113632390 0.180629714726946222
-0.974860961387237879 0.149362925005818714 0.180142224327400208
-0.974675711292601887 0.150500236230491580 0.179656211240236729
-0.974536568658032620 0.151348849900274751 0.179171678397742395
-0.974397251292863809 0.152193769385233046 0.178688628723273041
-0.974257760437292508 0.153035037845810185 0.178207065131235742
-0.974118097638699387 0.153872695602363496 0.177726990527071554
-0.973978264772216606 0.154706780103958552 0.177248407807238162
-0.973838264062256265 0.155537325892707801 0.176771319859192089
-0.973698098100330811 0.156364364588783944 0.176295729561371350
-0.973557769866298051 0.157187924857262906 0.175821639783178052
-0.973417282743462842 0.158008032408557098 0.175349053384961262
-0.973229726057482480 0.159096177129526395 0.174877973217999694
-0.973088883745437894 0.159908311650689694 0.174408402124484219
-0.972947896946329327 0.160717057729983070 0.173940342937500991
-0.972806770970049306 0.161522428253103978 0.173473798481014518
-0.972665511604266286 0.162324433181491867 0.173008771569850284
-0.972524125122546934 0.163123079586443898 0.172545265009677762
-0.972382618292962020 0.163918371679897312 0.172083281596993737
-0.972240998383536836 0.164710310860259390 0.171622824119105372
-0.972099273166466382 0.165498895762603848 0.171163895354113277
-0.971957450921100530 0.166284122314098781 0.170706498070894802
-0.971815540434355363 0.167065983800253115 0.170250635029087161
-0.971673550999898605 0.167844470935429702 0.169796308979071303
-0.971578852333806697 0.168361582008028143 0.169343522661954737
-0.971436753336399894 0.169134417871511178 0.168892278809555235
-0.971294602620198511 0.169903842691542795 0.168442580144384513
-0.971152411294920137 0.170669838495509874 0.167994429379631272
-0.971010190945833296 0.171432385172725743 0.167547829219145628
-0.970867953621329716 0.172191460587299616 0.167102782357422014
-0.970725711818119397 0.172947040699414745 0.166659291479583554
-0.970583478466610305 0.173699099681771496 0.166217359261365216
-0.970441266910218592 0.174447610062801794 0.165776988369098488
-0.970346478083246367 0.174944631279791762 0.165338181459694394
-0.970204333565412469 0.175687162223252868 0.164900941180628258
-0.970062248292055784 0.176426064284942008 0.164465270169923072
-0.969920236937581337 0.177161305150037307 0.164031171056134129
-0.969778314481677617 0.177892851525345064 0.163598646458332858
-0.969636496178448604 0.178620669307503699 0.163167698986090987
-0.969542016150459762 0.179103792578839682 0.162738331239465017
-0.969400405986449831 0.179825318541324053 0.162310545808980133
-0.969258941767110693 0.180543022200364278 0.161884345275615377
-0.969117639489272653 0.181256867843373748 0.161459732210787160
-0.969023535895564114 0.181730603928171364 0.161036709176334170
-0.968882539390684250 0.182437940100637963 0.160615278724501848
-0.968741747996273217 0.183141323191303496 0.160195443397927406
-0.968601177989146689 0.183840718080461429 0.159777205729623673
-0.968507595679007127 0.184304748568466403 0.159360568242964351
-0.968367430781321814 0.184997419940882202 0.158945533451668869
-0.968227530531858727 0.185686012513061827 0.158532103859786916
-0.968134418663476159 0.186142792188327522 0.158120281961683429
-0.967994995119246915 0.186824515312266737 0.157710070242023437
-0.967855878716695428 0.187502075756491804 0.157301471175757601
-0.967763312793311958 0.187951455656299782 0.156894487228106394
-0.967624742831585172 0.188622014190500120 0.156489120854546221
-0.967486521045580861 0.189288335545495456 0.156085374500793544
-0.967394573979295291 0.189730183359031968 0.155683250602791229
-0.967256965384521772 0.190389387981055425 0.155282751586692802
-0.967165440508136243 0.190826470135393333 0.154883879868848662
-0.967028484839973834 0.191478496826009648 0.154486637855791142
-0.966891939258216926 0.192126191107370614 0.154091027944219749
-0.966801143248532835 0.192555572047104273 0.153697052520987060
-0.966665310324151927 0.193196009494261023 0.153304713963084344
-0.966575001153889168 0.193620539462564634 0.152914014637626994
-0.966439915498398028 0.194253683537979949 0.152524956901840314
-0.966350115488699091 0.194673341593253502 0.152137543103045308
-0.966215809412186433 0.195299166101799759 0.151751775578644582
-0.966126539300237175 0.195713938300580592 0.151367656656108324
-0.965993042668780166 0.196332427670063758 0.150985188652959929
-0.965904321521176779 0.196742307216708434 0.150604373876762149
-0.965771661642292889 0.197353456654776549 0.150225214625103520
-0.965683506788505563 0.197758443963095276 0.149847713185584097
-0.965551708325651292 0.198362259490651449 0.149471871835801767
-0.965464135311795868 0.198762362162556716 0.149097692843338375
-0.965376798981331330 0.199160514703447478 0.148725178465746399
-0.965246242786472530 0.199754093271204525 0.148354330950535129
-0.965159507012050555 0.200147383713496496 0.147985152535156927
-0.965029860357057290 0.200733686218199703 0.147617645446993906
-0.964943736322373957 0.201122138914603343 0.147251811903344576
-0.964857859709740806 0.201508664819360195 0.146887654111410415
-0.964729511705644582 0.202084852796402981 0.146525174268282266
-0.964644259460596398 0.202466586080839672 0.146164374560927651
-0.964559258992089719 0.202846413096009537 0.145805257166176955
-0.964432232512786758 0.203412594194571972 0.145447824250710761
-0.964347865591937969 0.203787685800744134 0.145092077971046479
-0.964263753448593830 0.204160896301292971 0.144738020473525603
-0.964138064264647876 0.204717202531888187 0.144385653894300470
-0.964054591541531058 0.205085745921690210 0.144034980359321579
-0.963971375308571021 0.205452437585862291 0.143686001984324796
-0.963888415829455392 0.205817286628852181 0.143338720874818359
-0.963764458362991405 0.206361125922400690 0.142993139126070229
-0.963682141291359429 0.206721410163748731 0.142649258823095815
-0.963600081147808263 0.207079885909993933 0.142307082040644906
-0.963518277776488352 0.207436563513693495 0.141966610843189456
-0.963436730935877561 0.207791453567916673 0.141627847284910818
-0.963314890931006529 0.208320460752549341 0.141290793409687837
-0.963233983805365179 0.208670929810707562 0.140955451251084163
-0.963153331708659244 0.209019650189255723 0.140621822832335985
-0.963072934035071437 0.209366633456262274 0.140289910166339848
-0.962992790103619267 0.209711891369043502 0.139959715255640799
-0.962912899160876634 0.210055435862188056 0.139631240092419895
-0.962793535279797386 0.210567566457725119 0.139304486658482385
-0.962714273056474945 0.210906880691841603 0.138979456925245687
-0.962635260645618551 0.211244524533400813 0.138656152853727538
-0.962556496994379618 0.211580510596596438 0.138334576394534364
-0.962477980989298709 0.211914851620981115 0.138014729487848986
-0.962399711457920581 0.212247560464766116 0.137696614063419348
-0.962321687171536544 0.212578650093330934 0.137380232040546862
-0.962243906845572372 0.212908133577500880 0.137065585328074641
-0.962166369142884781 0.213236024080228570 0.136752675824376058
-0.962089072675513357 0.213562334849501434 0.136441505417343317
-0.962012016005170723 0.213887079216309506 0.136132075984376016
-0.961935197645854778 0.214210270584339835 0.135824389392369904
-0.961858616065351946 0.214531922424043675 0.135518447497705474
-0.961782269686930258 0.214852048266236495 0.135214252146237057
-0.961706156889967412 0.215170661699546628 0.134911805173281107
-0.961630276012633289 0.215487776360249184 0.134611108403605934
-0.961554625352845749 0.215803405928734704 0.134312163651419847
-0.961479203168801311 0.216117564127717821 0.134014972720361059
-0.961404007680916939 0.216430264714901621 0.133719537403486022
-0.961329037073405890 0.216741521477287202 0.133425859483258913
-0.961254289494956504 0.217051348228869290 0.133133940731541361
-0.961216998753784080 0.217205729673398629 0.132843782909580932
-0.961142582173001525 0.217513437358422157 0.132555387768000910
-0.961068383845020136 0.217819749659529494 0.132268757046789781
-0.960994401803649367 0.218124680451887321 0.131983892475290826
-0.960920634051247613 0.218428243623832730 0.131700795772191348
-0.960847078560930878 0.218730453068774089 0.131419468645512461
-0.960773733277663911 0.219031322681858043 0.131139912792598762
-0.960737138813555047 0.219181259395024641 0.130862129900108481
-0.960664104925498252 0.219480145320269326 0.130586121644002573
-0.960591275986173665 0.219777726151846597 0.130311889689535138
-0.960518649847272421 0.220074015774094134 0.130039435691243210
-0.960482412149526565 0.220221680719388635 0.129768761292936907
-0.960410086129445451 0.220516059539529130 0.129499868127689266
-0.960337957433408551 0.220809181812504141 0.129232757817826449
-0.960266023831524151 0.221101061374203489 0.128967431974918306
-0.960230129488438444 0.221246539455679292 0.128703892199768077
-0.960158484301545156 0.221536580843417708 0.128442140082403289
-0.960087028543948895 0.221825414011014688 0.128182177202065650
-0.960051370983616814 0.221969381808712785 0.127924005127202034
-0.959980195054351837 0.222256428410422480 0.127667625415454483
-0.959909202774761550 0.222542301097257755 0.127413039613651358
-0.959873774772575628 0.222684801493385320 0.127160249257797620
-0.959803053574814213 0.222968938904473279 0.126909255873065646
-0.959732510149104101 0.223251936466824508 0.126660060973786071
-0.959697304359596548 0.223393012038572369 0.126412666063438650
-0.959627023138344581 0.223674325203792046 0.126167072634643274
-0.959591947109383225 0.223814566162001516 0.125923282169150691
-0.959521922716233822 0.224094225218166188 0.125681296137833798
-0.959452066541188087 0.224372798257509054 0.125441116000678810
-0.959417200782996304 0.224511681679990027 0.125202743206776296
-0.959347592418290818 0.224788650606372764 0.124966179194312452
-0.959312849208151741 0.224926739406684117 0.124731425390560466
-0.959243483222648852 0.225202133882397071 0.124498483211871971
-0.959208859843207806 0.225339442822120706 0.124267354063668414
-0.959139730801976453 0.225613292219893180 0.124038039340432532
-0.959105224536673129 0.225749835907004981 0.123810540425700069
-0.959036327011361767 0.226022169276287432 0.123584858692051325
-0.959001935149925711 0.226157962147063407 0.123360995501102993
-0.958967580822393639 0.226293507922707471 0.123138952203499741
-0.958898983573037489 0.226563864481476418 0.122918730138906251
-0.958864740054830134 0.226698678391838826 0.122700330635999083
-0.958796361745242631 0.226967585235191838 0.122483755012458659
-0.958762226362692815 0.227101681244846032 0.122269004574961190
-0.958694061671247488 0.227369166066891504 0.122056080619171087
-0.958660031778050259 0.227502557899928237 0.121844984429732739
-0.958626036465718867 0.227635718012072219 0.121635717280263234
-0.958558148429079271 0.227901349008186149 0.121428280433344166
-0.958524255131869340 0.228033822830966515 0.121222675140514505
-0.958490395269053774 0.228166070812970467 0.121018902642262602
-0.958422774722193394 0.228429895000462235 0.120816964168019139
-0.958389013479321483 0.228561474054466751 0.120616860936149317
-0.958355284554817555 0.228692832958974468 0.120418594153945749
-0.958321587674842434 0.228823973106106471 0.120222165017621091
-0.958254288965722845 0.229085602627786211 0.120027574712300855
-0.958220686600926630 0.229216094719792762 0.119834824412016289
-0.958187115210344054 0.229346373485891153 0.119643915279697144
-0.958153574532937924 0.229476440248881253 0.119454848467164781
-0.958086584289215559 0.229735942977783492 0.119267625115125314
-0.958053134215825386 0.229865381513012002 0.119082246353162544
-0.958019713842726439 0.229994613179353102 0.118898713299731174
-0.957986322924159639 0.230123639222660048 0.118717027062150135
-0.957952961218680565 0.230252460868990871 0.118537188736595883
-0.957886324498440578 0.230509495792293129 0.118359199408095833
-0.957853049018847380 0.230637711435847714 0.118183060150521657
-0.957819801823082684 0.230765727414271427 0.118008772026582914
-0.957786582688380239 0.230893544866162537 0.117836336087820667
-0.957753391396949594 0.231021164908451537 0.117665753374601195
-0.957720227734778606 0.231148588640605723 0.117497024916109374
-0.957687091492273934 0.231275817142515439 0.117330151730342946
-0.957653982465265674 0.231402851470900506 0.117165134824105996
-0.957620900453254986 0.231529692665702891 0.117001975193003135
-0.957587845260943205 0.231656341744643612 0.116840673821433358
-0.957554816698660605 0.231782799701796438 0.116681231682584041
-0.957521814580591490 0.231909067513981992 0.116523649738425272
-0.957488838727168501 0.232035146132307191 0.116367928939703880
-0.957455888963695823 0.232161036487159023 0.116214070225937813
-0.957422965120990233 0.232286739485917160 0.116062074525410328
-0.957390067035623460 0.232412256012397678 0.115911942755164490
-0.957357194549469215 0.232537586928209528 0.115763675820997711
-0.957324347511083529 0.232662733068211780 0.115617274617456051
-0.957291525773832142 0.232787695247090420 0.115472740027829104
-0.957258729197699609 0.232912474253100632 0.115330072924144461
-0.957225957649294523 0.233037070848099714 0.115189274167162514
-0.957193211000903377 0.233161485770976062 0.115050344606371285
-0.957160489131167802 0.233285719735357389 0.114913285079981331
-0.957127791925887372 0.233409773426836442 0.114778096414920497
-0.957095119276908157 0.233533647507021436 0.114644779426829185
-0.957095119276908157 0.233533647507021436 0.114513334920055415
-0.957062471083470201 0.233657342608828089 0.114383763687649603
-0.957029847250676857 0.233780859342015146 0.114256066511360263
-0.956997247691681263 0.233904198285502518 0.114130244161628980
-0.956964672326290344 0.234027359992463602 0.114006297397585929
-0.956932121080942055 0.234150344990420700 0.113884226967045130
-0.956932121080942055 0.234150344990420700 0.113764033606500142
-0.956899593890857769 0.234273153773814191 0.113645718041119337
-0.956867090697419043 0.234395786813318407 0.113529280984741868
-0.956834611449536521 0.234518244551116417 0.113414723139873122
-0.956834611449536521 0.234518244551116417 0.113302045197680529
-0.956802156104063828 0.234640527399525178 0.113191247837989437
-0.956769724625623819 0.234762635741737502 0.113082331729278909
-0.956769724625623819 0.234762635741737502 0.112975297528677909
-0.956737316986561614 0.234884569932082121 0.112870145881961009
-0.956704933166892202 0.235006330296257282 0.112766877423544909
-0.956704933166892202 0.235006330296257282 0.112665492776484119
-0.956672573154910166 0.235127917129396846 0.112565992552467672
-0.956640236946503686 0.235249330698448389 0.112468377351815099
-0.956640236946503686 0.235249330698448389 0.112372647763472971
-0.956607924546470700 0.235370571237757509 0.112278804365011281
-0.956575635966626203 0.235491638955788063 0.112186847722619942
-0.956575635966626203 0.235491638955788063 0.112096778391105545
-0.956543371227982497 0.235612534027518417 0.112008596913887773
-0.956543371227982497 0.235612534027518417 0.111922303822996186
-0.956511130359955608 0.235733256597468799 0.111837899639067123
-0.956511130359955608 0.235733256597468799 0.111755384871340541
-0.956478913399956499 0.235853806780978725 0.111674760017656721
-0.956478913399956499 0.235853806780978725 0.111596025564453569
-0.956446720393426042 0.235974184664586584 0.111519181986763555
-0.956446720393426042 0.235974184664586584 0.111444229748210735
-0.956414551395935564 0.236094390298399237 0.111371169301008127
-0.956414551395935564 0.236094390298399237 0.111300001085954892
-0.956382406469909907 0.236214423707870103 0.111230725532433697
-0.956382406469909907 0.236214423707870103 0.111163343058408165
-0.956350285687219581 0.236334284884797796 0.111097854070420235
-0.956350285687219581 0.236334284884797796 0.111034258963587817
-0.956350285687219581 0.236334284884797796 0.110972558121602394
-0.956318189128310125 0.236453973790399563 0.110912751916726629
-0.956318189128310125 0.236453973790399563 0.110854840709792277
-0.956286116883012793 0.236573490352780025 0.110798824850197819
-0.956286116883012793 0.236573490352780025 0.110744704675906469
-0.956286116883012793 0.236573490352780025 0.110692480513444172
-0.956254069048722233 0.236692834473181402 0.110642152677897440
-0.956254069048722233 0.236692834473181402 0.110593721472911730
-0.956254069048722233 0.236692834473181402 0.110547187190689372
-0.956222045732775250 0.236812006017932508 0.110502550111987896
-0.956222045732775250 0.236812006017932508 0.110459810506118417
-0.956222045732775250 0.236812006017932508 0.110418968630943887
-0.956222045732775250 0.236812006017932508 0.110380024732877557
-0.956190047050420988 0.236931004825559011 0.110342979046881562
-0.956190047050420988 0.236931004825559011 0.110307831796465444
-0.956190047050420988 0.236931004825559011 0.110274583193684828
-0.956190047050420988 0.236931004825559011 0.110243233439140137
-0.956190047050420988 0.236931004825559011 0.110213782721975392
-0.956158073126701646 0.237049830700403419 0.110186231219877029
-0.956158073126701646 0.237049830700403419 0.110160579099072869
-0.956158073126701646 0.237049830700403419 0.110136826514331099
-0.956158073126701646 0.237049830700403419 0.110114973608959388
-0.956158073126701646 0.237049830700403419 0.110095020514803896
-0.956158073126701646 0.237049830700403419 0.110076967352248589
-0.956158073126701646 0.237049830700403419 0.110060814230214563
-0.956158073126701646 0.237049830700403419 0.110046561246159164
-0.956126124095143082 0.237168483417224296 0.110034208486075674
-0.956126124095143082 0.237168483417224296 0.110023756024492547
-0.956126124095143082 0.237168483417224296 0.110015203924473198
-0.956126124095143082 0.237168483417224296 0.110008552237615381
-0.956126124095143082 0.237168483417224296 0.110003801004051049
-0.956126124095143082 0.237168483417224296 0.110000950252446050
-0.956126124095143082 0.237168483417224296 0.110000000000000001
