0.264294825828881752 0.655073618796105595 0.739999999999999991
0.264294825828881752 0.655073618796105595 0.739999049747553928
0.264294825828881752 0.655073618796105595 0.739996198995948928
0.264294825828881752 0.655073618796105595 0.739991447762384680
0.264294825828881752 0.655073618796105595 0.739984796075526807
0.264294825828881752 0.655073618796105595 0.739976243975507431
0.264294825828881752 0.655073618796105595 0.739965791513924276
0.264294825828881752 0.655073618796105595 0.739953438753840897
0.264294825828881752 0.655073618796105595 0.739939185769785457
0.264294825828881752 0.655073618796105595 0.739923032647751389
0.264294825828881752 0.655073618796105595 0.739904979485196068
0.264294825828881752 0.655073618796105595 0.739885026391040590
0.264294825828881752 0.655073618796105595 0.739863173485668879
0.264294825828881752 0.655073618796105595 0.739839420900927136
0.264294825828881752 0.655073618796105595 0.739813768780122949
0.264294825828881752 0.655073618796105595 0.739786217278024627
0.264294825828881752 0.655073618796105595 0.739756766560859869
0.264294825828881752 0.655073618796105595 0.739725416806315206
0.264294825828881752 0.655073618796105595 0.739692168203534561
0.264294825828881752 0.655073618796105595 0.739657020953118471
0.264294825828881752 0.655073618796105595 0.739619975267122420
0.264294825828881752 0.655073618796105595 0.739581031369056063
0.264294825828881752 0.655073618796105595 0.739540189493881561
0.264294825828881752 0.655073618796105595 0.739497449888012137
0.264294825828881752 0.655073618796105595 0.739452812809310633
0.264294825828881752 0.655073618796105595 0.739406278527088290
0.264294825828881752 0.655073618796105595 0.739357847322102524
0.264294825828881752 0.655073618796105595 0.739307519486555820
0.264294825828881752 0.655073618796105595 0.739255295324093509
0.264294825828881752 0.655073618796105595 0.739201175149802103
0.264294825828881752 0.655073618796105595 0.739145159290207743
0.264294825828881752 0.655073618796105595 0.739087248083273307
0.264294825828881752 0.655073618796105595 0.739027441878397529
0.264294825828881752 0.655073618796105595 0.738965741036412216
0.264294825828881752 0.655073618796105595 0.738902145929579812
0.264294825828881752 0.655073618796105595 0.738836656941591730
0.264294825828881752 0.655073618796105595 0.738769274467566239
0.264294825828881752 0.655073618796105595 0.738699998914045142
0.264294825828881752 0.655073618796105595 0.738628830698991878
0.264294825828881752 0.655073618796105595 0.738555770251789201
0.264294825828881752 0.655073618796105595 0.738480818013236395
0.264294825828881752 0.655073618796105595 0.738403974435546395
0.264294825828881752 0.655073618796105595 0.738325239982343340
0.264294825828881752 0.655073618796105595 0.738244615128659576
0.264294825828881752 0.655073618796105595 0.738162100360932882
0.264294825828881752 0.655073618796105595 0.738077696177003806
0.264294825828881752 0.655073618796105595 0.737991403086112219
0.264294825828881752 0.655073618796105595 0.737903221608894433
0.264294825828881752 0.655073618796105595 0.737813152277379980
0.264294825828881752 0.655073618796105595 0.737721195634988725
0.264294825828881752 0.655073618796105595 0.737627352236526979
0.264294825828881752 0.655073618796105595 0.737531622648184837
0.264294825828881752 0.655073618796105595 0.737434007447532291
0.264294825828881752 0.655073618796105595 0.737334507223515900
0.264294825828881752 0.655073618796105595 0.737233122576455124
0.264294825828881752 0.655073618796105595 0.737129854118038996
0.264294825828881752 0.655073618796105595 0.737024702471322124
0.264294825828881752 0.655073618796105595 0.736917668270721027
0.264294825828881752 0.655073618796105595 0.736808752162010583
0.264294825828881752 0.655073618796105595 0.736697954802319477
0.264294825828881752 0.655073618796105595 0.736585276860126870
0.264294825828881752 0.655073618796105595 0.736470719015258179
0.264294825828881752 0.655073618796105595 0.736354281958880641
0.264294825828881752 0.655073618796105595 0.736235966393499863
0.264294825828881752 0.655073618796105595 0.736115773032954834
0.264294825828881752 0.655073618796105595 0.735993702602414035
0.264294825828881752 0.655073618796105595 0.735869755838370998
0.264294825828881752 0.655073618796105595 0.735743933488639756
0.264294825828881752 0.655073618796105595 0.735616236312350402
0.264294825828881752 0.655073618796105595 0.735486665079944646
0.264294825828881752 0.655073618796105595 0.735355220573170709
0.264294825828881752 0.655073618796105595 0.735221903585079439
0.264294825828881752 0.655073618796105595 0.735086714920018758
0.264294825828881752 0.655073618796105595 0.734949655393628665
0.264294825828881752 0.655073618796105595 0.734810725832837464
0.264294825828881752 0.655073618796105595 0.734669927075855544
0.264294825828881752 0.655073618796105595 0.734527259972170943
0.264294825828881752 0.655073618796105595 0.734382725382543899
0.264294825828881752 0.655073618796105595 0.734236324179002309
0.264294825828881752 0.655073618796105595 0.734088057244835501
0.264294825828881752 0.655073618796105595 0.733937925474589692
0.264294825828881752 0.655073618796105595 0.733785929774062096
0.264294825828881752 0.655073618796105595 0.733632071060296154
0.264294825828881752 0.655073618796105595 0.733476350261574761
0.264294825828881752 0.655073618796105595 0.733318768317415937
0.264294825828881752 0.655073618796105595 0.733159326178566717
0.264294825828881752 0.655073618796105595 0.732998024806996828
0.264294825828881752 0.655073618796105595 0.732834865175894024
0.264294825828881752 0.655073618796105595 0.732669848269657087
0.264294825828881752 0.655073618796105595 0.732502975083890617
0.264294825828881752 0.655073618796105595 0.732334246625398921
0.264294825828881752 0.655073618796105595 0.732163663912179352
0.264294825828881752 0.655073618796105595 0.731991227973417091
0.264294825828881752 0.655073618796105595 0.731816939849478376
0.264294825828881752 0.655073618796105595 0.731640800591904172
0.264294825828881752 0.655073618796105595 0.731462811263404067
0.264294825828881752 0.655073618796105595 0.731282972937849940
0.264294825828881752 0.655073618796105595 0.731101286700268749
0.264294825828881752 0.655073618796105595 0.730917753646837420
0.264294825828881752 0.655073618796105595 0.730732374884874636
0.264294825828881752 0.655073618796105595 0.730545151532835280
0.264294825828881752 0.655073618796105595 0.730356084720302889
0.264294825828881752 0.655073618796105595 0.730165175587983772
0.264294825828881752 0.655073618796105595 0.729972425287699123
0.264294825828881752 0.655073618796105595 0.729777834982378915
0.264294825828881752 0.655073618796105595 0.729581405846054243
0.264294825828881752 0.655073618796105595 0.729383139063850661
0.264294825828881752 0.655073618796105595 0.729183035831980852
0.264294825828881752 0.655073618796105595 0.728981097357737307
0.264294825828881752 0.655073618796105595 0.728777324859485542
0.264294825828881752 0.655073618796105595 0.728571719566655895
0.264294825828881752 0.655073618796105595 0.728364282719736744
0.264294825828881752 0.655073618796105595 0.728155015570267294
0.264294825828881752 0.655073618796105595 0.727943919380828919
0.264294825828881752 0.655073618796105595 0.727730995425038829
0.264294825828881752 0.655073618796105595 0.727516244987541416
0.264294825828881752 0.655073618796105595 0.727299669364000922
0.264294825828881752 0.655073618796105595 0.727081269861093782
0.264294825828881752 0.655073618796105595 0.726861047796500293
0.264294825828881752 0.655073618796105595 0.726639004498896957
0.264294825828881752 0.655073618796105595 0.726415141307948709
0.264294825828881752 0.655073618796105595 0.726189459574299923
0.264294825828881752 0.655073618796105595 0.725961960659567529
0.264294825828881752 0.655073618796105595 0.725732645936331688
0.264294825828881752 0.655073618796105595 0.725501516788128020
0.264294825828881752 0.655073618796105595 0.725268574609439609
0.264294825828881752 0.655073618796105595 0.725033820805687568
0.264294825828881752 0.655073618796105595 0.724797256793223710
0.264294825828881752 0.655073618796105595 0.724558883999321224
0.264294825828881752 0.655073618796105595 0.724318703862166235
0.264294825828881752 0.655073618796105595 0.724076717830849370
0.264294825828881752 0.655073618796105595 0.723832927365356760
0.264294825828881752 0.655073618796105595 0.723587333936561383
0.264294825828881752 0.655073618796105595 0.723339939026213963
0.264294825828881752 0.655073618796105595 0.723090744126934415
0.264294825828881752 0.655073618796105595 0.722839750742202303
0.264294825828881752 0.655073618796105595 0.722586960386348620
0.264294825828881752 0.655073618796105595 0.722332374584545467
0.264294825828881752 0.655073618796105595 0.722075994872797944
0.264294825828881752 0.655073618796105595 0.721817822797934383
0.264294825828881752 0.655073618796105595 0.721557859917596800
0.264294825828881752 0.655073618796105595 0.721296107800231900
0.264294825828881752 0.655073618796105595 0.721032568025081755
0.264294825828881752 0.655073618796105595 0.720767242182173473
0.264294825828881752 0.655073618796105595 0.720500131872310767
0.264294825828881752 0.655073618796105595 0.720231238707063071
0.264294825828881752 0.655073618796105595 0.719960564308756767
0.264294825828881752 0.655073618796105595 0.719688110310464868
0.264294825828881752 0.655073618796105595 0.719413878355997460
0.264294825828881752 0.655073618796105595 0.719137870099891496
0.264294825828881752 0.655073618796105595 0.718860087207401133
0.264294825828881752 0.655073618796105595 0.718580531354487628
0.264294825828881752 0.655073618796105595 0.718299204227808685
0.264294825828881752 0.655073618796105595 0.718016107524709124
0.264294825828881752 0.655073618796105595 0.717731242953210224
0.264294825828881752 0.655073618796105595 0.717444612231999179
0.264294825828881752 0.655073618796105595 0.717156217090419101
0.264294825828881752 0.655073618796105595 0.716866059268458589
0.264294825828881752 0.655073618796105595 0.716574140516741065
0.264294825828881752 0.655073618796105595 0.716280462596514012
0.264294825828881752 0.655073618796105595 0.715985027279638975
0.264294825828881752 0.655073618796105595 0.715687836348580131
0.264294825828881752 0.655073618796105595 0.715388891596394072
0.264294825828881752 0.655073618796105595 0.715088194826718926
0.264294825828881752 0.655073618796105595 0.714785747853762921
0.264294825828881752 0.655073618796105595 0.714481552502294504
0.264294825828881752 0.655073618796105595 0.714175610607630129
0.264294825828881752 0.655073618796105595 0.713867924015623934
0.264294825828881752 0.655073618796105595 0.713558494582656633
0.264294825828881752 0.655073618796105595 0.713247324175623976
0.264294825828881752 0.655073618796105595 0.712934414671925309
0.264294825828881752 0.655073618796105595 0.712619767959453143
0.264294825828881752 0.655073618796105595 0.712303385936580713
0.264294825828881752 0.655073618796105595 0.711985270512151103
0.264294825828881752 0.655073618796105595 0.711665423605465697
0.264294825828881752 0.655073618796105595 0.711343847146272412
0.264294825828881752 0.655073618796105595 0.711020543074754374
0.264294825828881752 0.655073618796105595 0.710695513341517593
0.264294825828881752 0.655073618796105595 0.710368759907580083
0.264294825828881752 0.655073618796105595 0.710040284744359096
0.264294825828881752 0.655073618796105595 0.709710089833660129
0.264294825828881752 0.655073618796105595 0.709378177167664048
0.264294825828881752 0.655073618796105595 0.709044548748915870
0.264294825828881752 0.655073618796105595 0.708709206590312113
0.264294825828881752 0.655073618796105595 0.708372152715089243
0.264294825828881752 0.655073618796105595 0.708033389156810689
0.264294825828881752 0.655073618796105595 0.707692917959355072
0.264294825828881752 0.655073618796105595 0.707350741176904108
0.264294825828881752 0.655073618796105595 0.707006860873929721
0.264294825828881752 0.655073618796105595 0.706661279125181618
0.264294825828881752 0.655073618796105595 0.706313998015675182
0.264294825828881752 0.655073618796105595 0.705965019640678482
0.264294825828881752 0.655073618796105595 0.705614346105699508
0.264294825828881752 0.655073618796105595 0.705261979526474403
0.264294825828881752 0.655073618796105595 0.704907922028953582
0.264294825828881752 0.655073618796105595 0.704552175749289300
0.264294825828881752 0.655073618796105595 0.704194742833822995
0.264294825828881752 0.655073618796105595 0.703835625439072410
0.264294825828881752 0.655073618796105595 0.703474825731717712
0.264294825828881752 0.655073618796105595 0.703112345888589618
0.264294825828881752 0.655073618796105595 0.702748188096655402
0.264294825828881752 0.655073618796105595 0.702382354553006127
0.264294825828881752 0.655073618796105595 0.702014847464843106
0.264294825828881752 0.655073618796105595 0.701645669049464793
0.264294825828881752 0.655073618796105595 0.701274821534253578
0.264294825828881752 0.655073618796105595 0.700902307156661686
0.264294825828881752 0.655073618796105595 0.700528128164198294
0.264294825828881752 0.655073618796105595 0.700152286814415881
0.264294825828881752 0.655073618796105595 0.699774785374896457
0.264294825828881752 0.655073618796105595 0.699395626123237801
0.264294825828881752 0.655073618796105595 0.699014811347040133
0.264294825828881752 0.655073618796105595 0.698632343343891682
0.264294825828881752 0.655073618796105595 0.698248224421355368
0.264294825828881752 0.655073618796105595 0.697862456896954697
0.264294825828881752 0.655073618796105595 0.697475043098159664
0.264294825828881752 0.655073618796105595 0.697085985362372984
0.264294825828881752 0.655073618796105595 0.696695286036915662
0.264294825828881752 0.655073618796105595 0.696302947479013001
0.264294825828881752 0.655073618796105595 0.695908972055780284
0.264294825828881752 0.655073618796105595 0.695513362144208891
0.264294825828881752 0.655073618796105595 0.695116120131151316
0.264294825828881752 0.655073618796105595 0.694717248413307176
0.264294825828881752 0.655073618796105595 0.694316749397208888
0.264294825828881752 0.655073618796105595 0.693914625499206461
0.264294825828881752 0.655073618796105595 0.693510879145453840
0.264294825828881752 0.655073618796105595 0.693105512771893584
0.264294825828881752 0.655073618796105595 0.692698528824242432
0.264294825828881752 0.655073618796105595 0.692289929757976541
0.264294825828881752 0.655073618796105595 0.691879718038316605
0.264294825828881752 0.655073618796105595 0.691467896140213090
0.264294825828881752 0.655073618796105595 0.691054466548331137
0.264294825828881752 0.655073618796105595 0.690639431757035682
0.264294825828881752 0.655073618796105595 0.690222794270376361
0.265275839502408961 0.654517869743367453 0.689804556602072627
0.266367412068495124 0.654470987829455786 0.689384721275498102
0.267678107212818095 0.654001130498766736 0.688963290823665919
0.268987633633327394 0.653555237118479182 0.688540267789212845
0.270305533549842658 0.653114729978470532 0.688115654724384629
0.271633789524665770 0.652676333308600531 0.687689454191019900
0.272973296459224302 0.652238977461819136 0.687261668760535072
0.274324656825097102 0.651802189089273343 0.686832301013909019
0.276145760332300205 0.651220261540586431 0.686401353541667092
0.277526633433164638 0.650783965241983120 0.685968828943865794
0.278920873270003977 0.650347684713993957 0.685534729830076905
0.280328891007610770 0.649911345717247846 0.685099058819371831
0.281751090630344980 0.649474889214377460 0.684661818540305611
0.283187870817868503 0.649038266651174145 0.684223011630901601
0.285126939479451114 0.648455775145531099 0.683782640738634817
0.286599267254584844 0.648018616164342309 0.683340708520416507
0.288087474095972018 0.647581175764036066 0.682897217642577936
0.289591940586883312 0.647143428557066747 0.682452170780854406
0.291113042743331274 0.646705352058875471 0.682005570620368706
0.293167697210174549 0.646120703306236166 0.681557419855615576
0.294729049475507932 0.645681783295114053 0.681107721190444715
0.296308252330105493 0.645242473275370543 0.680656477338045240
0.297905656788274187 0.644802757492308753 0.680203691020928702
0.300064436156134984 0.644215811934381710 0.679749364970912762
0.301705634575632597 0.643775089139102863 0.679293501929105314
0.303366149374619476 0.643333907945430661 0.678836104645886729
0.305610760756257260 0.642744922668670560 0.678377175880894634
0.307317557067417368 0.642302600568750548 0.677916718403006269
0.309044682190696696 0.641859754202595889 0.677454734990322271
0.311379621064898415 0.641268433281925954 0.676991228430149805
0.313155249480301934 0.640824260949471869 0.676526201518985459
0.315555797883503408 0.640231059077810749 0.676059657062499042
0.317381297874528179 0.639785378894389467 0.675591597875515815
0.319228547691963294 0.639338982721848970 0.675122026782000395
0.321725732466015546 0.638742587886563573 0.674650946615038660
0.323624502398930369 0.638294319013793410 0.674178360216821981
0.326191024959246234 0.637695209598167390 0.673704270438628683
0.328142233066067990 0.637244722114526763 0.673228680140807945
0.330116144302067593 0.636793156831625073 0.672751592192761816
0.332783535339455150 0.636189242571945535 0.672273009472928451
0.334810831418897559 0.635734812969711793 0.671792934868764235
0.337549701553064185 0.635126716833951388 0.671311371276726909
0.339630778326263760 0.634668855393223930 0.670828321602257471
0.342441506369235982 0.634055754984555131 0.670343788759763304
0.344576536117805809 0.633593795376932056 0.669857775672599853
0.347459203497710312 0.632974736502501023 0.669370285273053756
0.350382903354218844 0.632351794762513242 0.668881320502324628
0.352602535083743951 0.631881814748558979 0.668390884310507527
0.355597721006351897 0.631251159375124882 0.667898979656575076
0.357870755057291823 0.630774930403282585 0.667405609508359698
0.360936795600886207 0.630135297304859621 0.666910776842535635
0.363262667353307700 0.629651833509284220 0.666414484644600846
0.366398696974613969 0.629001862560795266 0.665916735908859470
0.369574254259762425 0.628345343376850551 0.665417533638403169
0.371981635897503327 0.627848368065288653 0.664916880845093483
0.375225442053673142 0.627179228329417415 0.664414780549543171
0.378507680277632208 0.626502200414009947 0.663911235781098785
0.380994320487314186 0.625988953611906318 0.663406249577821461
0.384342770430830649 0.625296923041275932 0.662899824986468933
0.387728449842778766 0.624595633611587653 0.662391965062477772
0.390291878175264895 0.624063291705681755 0.661882672869943733
0.393741665249487116 0.623344607649172988 0.661371951481604547
0.397227514049669661 0.622615311634871493 0.660859803978820493
0.399865333015010482 0.622061086368757454 0.660346233451555964
0.403413381628049295 0.621312068968789655 0.659831242998361267
0.406996516198862235 0.620551139478734859 0.659314835726353410
0.410614461579799528 0.619777841772431337 0.658797014751197674
0.413350630562236920 0.619189482489026832 0.658277783197088628
0.417029003109063545 0.618393469151504060 0.657757144196731369
0.420741737947116445 0.617583876445687796 0.657235100891322421
0.424488807364015119 0.616760275926082291 0.656711656430531421
0.427321672200047908 0.616133126977040591 0.656186813972481464
0.431129018468287384 0.615283989378160645 0.655660576683730012
0.434971080559952372 0.614419672230379632 0.655132947739250349
0.438848185145521819 0.613539741399188543 0.654603930322411820
0.442760770312713103 0.612643751518485713 0.654073527624961182
0.446709392307471087 0.611731240746112293 0.653541742847002838
0.450694732085427541 0.610801724932166890 0.653008579196979855
0.453708316348065244 0.610093121267500038 0.652474039891654756
0.457759948550206353 0.609132591373680254 0.651938128156089536
0.461850865598500471 0.608153555724991746 0.651400847223626678
0.465982271551415028 0.607155384950753607 0.650862200335869279
0.470155524154874604 0.606137392053749724 0.650322190742662065
0.474372140672382425 0.605098823424923937 0.649780821702071409
0.478633803701923211 0.604038849320402305 0.649238096480365567
0.482942367026806485 0.602956553784502747 0.648694018351995028
0.487299861551255320 0.601850923994182274 0.648148590599572971
0.491708501369477025 0.600720838991961270 0.647601816513855399
0.496170690028530315 0.599565057755108821 0.647053699393721038
0.500689027040162604 0.598382206540089445 0.646504242546151686
0.505266314705551278 0.597170765422079475 0.645953449286212344
0.509905565315154075 0.595929053931223973 0.645401322937030675
0.514610008791216322 0.594655215667890813 0.644847866829777683
0.519383100838531675 0.593347201758083753 0.644293084303647068
0.524228531671034670 0.592002752985570369 0.643736978705835461
0.529150235389676760 0.590619380406201655 0.643179553391521885
0.534152400071911448 0.589194344229301281 0.642620811723847774
0.539239478649467308 0.587724630707267770 0.642060757073896426
0.544416200636288372 0.586206926744423873 0.641499392820673031
0.549687584775416571 0.584637591889626496 0.640936722351083898
0.555058952659088001 0.583012627332812672 0.640372749059916258
0.560535943381043067 0.581327641465684608 0.639807476349817827
0.566124529260536136 0.579577811511154950 0.639240907631276056
0.571831032670290229 0.577757840647148080 0.638673046322597582
0.579140212393603915 0.575375322672294631 0.638103895849887803
0.585137083470093855 0.573375376198488329 0.637533459647030010
0.591275061689279013 0.571284178091498007 0.636961741155665062
0.597562170385408042 0.569093803463895043 0.636388743825169967
0.604006888711128065 0.566795523949341962 0.635814471112637336
0.610618174341557962 0.564379717312548657 0.635238926482855071
0.617405486427474837 0.561835764893546030 0.634662113408284490
0.626152424490784010 0.558457630417960038 0.634084035369040122
0.633373131806616252 0.555580544407381138 0.633504695852868616
0.640804339032603254 0.552532397947529064 0.632924098355127196
0.648457874266168965 0.549296825007290712 0.632342246378763129
0.656346165210012655 0.545855638766502338 0.631759143434292514
0.666556565633316667 0.541233958509960478 0.631174793039778748
0.675021620335605199 0.537252566261542275 0.630589198720811650
0.683765953978818120 0.532990808013317996 0.630002364010486038
0.692804460176735137 0.528419694588777689 0.629414292449380408
0.704539716930592252 0.522220898222058971 0.628824987585535511
0.714296840476059347 0.516828800731964133 0.628234452974433477
0.724399205153668069 0.511006294281607265 0.627642692178975614
0.737536937449975949 0.503049750030338472 0.627049708769460978
0.748473882484186781 0.496075204443083451 0.626455506323565503
0.759806056046307132 0.488491612521319840 0.625860088426319683
0.774546891888209466 0.478046560627025885 0.625263458670087813
0.786812885676970719 0.468818309544778489 0.624665620654545006
0.799507019404301356 0.458713316144214400 0.624066577986656545
0.815978484056990916 0.444684526815133818 0.623466334280656009
0.829630737099520066 0.432192649369213033 0.622864893158023070
0.843686775603832873 0.418419543687538309 0.622262258247461841
0.861775080637502189 0.399153145201988191 0.621658433184878789
0.876596386339030809 0.381873795781668690 0.621053421613361412
0.891643705502393913 0.362707683902876332 0.620447227183155481
0.910592459095807105 0.335733778687689166 0.619839853551643394
0.925662526123970708 0.311418593672183275 0.619231304383322301
0.944009765749477037 0.277126407880934733 0.618621583349781567
0.957908162488366632 0.246194058491630674 0.618010694129680793
0.973602206647387058 0.202631952804650739 0.617398640408728050
0.984120400182580735 0.163495065378167881 0.616785425879656679
0.992038119120631556 0.120272294498010357 0.616171054242203975
0.996871069345217409 0.060278294823391643 0.615555529203088425
0.995320937255083193 0.007554704379780564 0.614938854475987173
0.984458777542104757 -0.063709512653698175 0.614321033781514036
0.966871631744400939 -0.124077009193083898 0.613702070847196968
0.931423603520893706 -0.201551645596411255 0.613081969407454963
0.890852130633768668 -0.262729545652707119 0.612460733203576524
0.823870193030456388 -0.333914561344013650 0.611838365983696564
0.757639754404616506 -0.382918895470023835 0.611214871502773316
0.661470037283696466 -0.429222400890607148 0.610590253522566684
0.577087003900596307 -0.451230620732610055 0.609964515811614816
0.468133987621232150 -0.457621909329161580 0.609337662145211567
0.362338810893474861 -0.440705668996166755 0.608709696305383963
0.284490419683428863 -0.412307091637903411 0.608080622080868771
0.199689667556797040 -0.362302361339650492 0.607450443267090412
0.143445361087424339 -0.314219041424939505 0.606819163666137418
0.088040615975934031 -0.248589880181203399 0.606186787086739787
0.054972221684860531 -0.194542001128650083 0.605553317344246333
0.026038245333041367 -0.127982806441125557 0.604918758260600598
0.008654002610280515 -0.064706969183992200 0.604283113664319305
0.001453272795125620 -0.017389935613350720 0.603646387390467831
-0.000989800830698374 0.037074038587592506 0.603008583280637778
0.001137424920179361 0.076791812865593861 0.602369705182924098
0.007604441727857625 0.121738455771651710 0.601729756951901340
0.017162719695224843 0.161770402755212456 0.601088742448600111
0.026390247250057258 0.190541093421077334 0.600446665540484759
0.039286616258476459 0.222820552792900667 0.599803530101429061
0.053183240149176372 0.251431039626420105 0.599159340011693797
0.064742144221230175 0.271967568733937737 0.598514099157902213
0.079487523884866018 0.295031021347136546 0.597867811433017704
0.094357456837066728 0.315530183412028098 0.597220480736319392
0.106236174364339214 0.330297339503436427 0.596572110973379255
0.120970329115874478 0.346951873708000180 0.595922706056038476
0.135508559463228873 0.361831070734914051 0.595272269902383133
0.149804174510915017 0.375149727367467156 0.594620806436721661
0.161048426071023792 0.384806802344314358 0.593968319589560312
0.174854388141114148 0.395767644732369694 0.593314813297580179
0.188383982418972667 0.405626917974341583 0.592660291503612213
0.201646674016899563 0.414508091068669371 0.592004758156615130
0.212075584954311114 0.420981049377736061 0.591348217211650096
0.224903357435563750 0.428360977929495401 0.590690672629857860
0.237524004734956745 0.435026858823953200 0.590032128378433995
0.249967652699958465 0.441049930468648432 0.589372588430605804
0.259817962653555334 0.445447240897766661 0.588712056765608116
0.272032008250866153 0.450462689883019518 0.588050537368658643
0.284175928905470387 0.454986932988502901 0.587388034230934886
0.296297684523797233 0.459059838295075795 0.586724551349549261
0.308452356947553186 0.462714655981842471 0.586060092727525461
0.318242633224960658 0.465355703802985965 0.585394662373774133
0.330626727884744676 0.468320967488260131 0.584728264303068901
0.343257518936073980 0.470925772351756478 0.584060902536021609
0.356245719678204287 0.473175763595266030 0.583392581099058893
0.369731835045225998 0.475065552884428199 0.582723304024396649
0.383898832626492159 0.476574379989123331 0.582053075350017379
0.398991645678658968 0.477658455863294029 0.581381899119644441
0.411955260718522565 0.478167508641897165 0.580709779382718061
0.429660238231333036 0.478243029058109115 0.580036720194371247
0.449656936040183031 0.477476827714504448 0.579362725615404806
0.472952839259496716 0.475447039525619397 0.578687799712263029
0.501168849219133850 0.471329535322290272 0.578011946557009382
0.537063737590444568 0.463376744544597152 0.577335170227301964
0.585625262198360641 0.447437969610603503 0.576657474806368309
0.656229924216744087 0.411995858284653238 0.575978864382981293
0.763495991475662716 0.317864680158241042 0.575299343051434375
0.860404656814035995 0.014964749378354403 0.574618914911516843
0.511265113503859170 -0.380526495134610454 0.573937584068489048
0.001141925741348890 -0.010170895082091836 0.573255354633057546
0.066258166733003609 0.275868244100883619 0.572572230721350661
0.155100706534541194 0.375498712798505552 0.571888216454893183
0.216818690574576728 0.417508488779832820 0.571203315960581826
0.260385199213110374 0.438623016267478905 0.570517533370660246
0.292959041390741415 0.450548229165697478 0.569830872822694068
0.318615283650265035 0.457802725879285388 0.569143338459545789
0.339693471457506502 0.462411682591104989 0.568454934429350356
0.357601372416500751 0.465390772728471291 0.567765664885489074
0.373228040033443120 0.467295304401745493 0.567075533986565739
0.387159665544080711 0.468450222913095016 0.566384545896380986
0.399797393225719389 0.469056343843395562 0.565692704783906763
0.411424644952761653 0.469243434569819096 0.565000014823262009
0.422247260931706836 0.469098502802896611 0.564306480193686899
0.432418356817671767 0.468681703727771404 0.563612105079517756
0.442054240043240620 0.468035700090385476 0.562916893670161955
0.451244906468710849 0.467191387858690910 0.562220850160072394
0.460061145818872974 0.466171518109446570 0.561523978748722397
0.468559464317570673 0.464993055954060042 0.560826283640580292
0.478401536383984027 0.463387288817070364 0.560127769045084101
0.486349766597817368 0.461900465544872296 0.559428439176616110
0.494099690231947053 0.460285876975775166 0.558728298254477340
0.501676288974010953 0.458548588363677345 0.558027350502862229
0.509100660770172797 0.456692256000783059 0.557325600150833100
0.516390766085555786 0.454719386383744983 0.556623051432294513
0.523562005157858334 0.452631525220069497 0.555919708585968286
0.530627668958877918 0.450429395050898518 0.555215575855366850
0.537599294636915359 0.448112994299786516 0.554510657488768932
0.544486947874111005 0.445681666553920219 0.553804957739192694
0.551299448711645601 0.443134146065079781 0.553098480864371078
0.559386103029755888 0.439921102736565928 0.552391231126725279
0.566059286800345007 0.437110638393877593 0.551683212793339983
0.572679073954843298 0.434176027245122720 0.550974430135936832
0.579250671467819167 0.431113530918841747 0.550264887430848670
0.585778674982388226 0.427918755675159246 0.549554588958994228
0.592267128034145274 0.424586591107800559 0.548843539005852032
0.598719568335367325 0.421111127586009715 0.548131741861434318
0.606419246101653431 0.416741746749332120 0.547419201820261936
0.612802624863743817 0.412925544369260211 0.546705923181337261
0.619158249421219775 0.408940289565935478 0.545991910248119217
0.625487788509893616 0.404775114222756693 0.545277167328497070
0.631792466577875245 0.400417330997357879 0.544561698734763899
0.638073035460669180 0.395852030087510021 0.543845508783591502
0.645578177478081439 0.390074647936959729 0.543128601796003752
0.651805667388303922 0.384985732212152543 0.542410982097350503
0.658007511718024407 0.379619325952473441 0.541692654017281949
0.664181531108411383 0.373942993387901379 0.540973621889721756
0.671548724286919030 0.366664961042921456 0.540253890052841745
0.677647163855013779 0.360150334002987571 0.539533462849035028
0.683700034123653100 0.353155170583466571 0.538812344624890471
0.689695577372065660 0.345590463760471089 0.538090539731165718
0.695616269327741343 0.337337437387679906 0.537368052522761430
0.702583647745535389 0.326292378381486226 0.536644887358695422
0.708223064497980559 0.315858697310498981 0.535921048602074901
0.713630643502894291 0.303931686072937191 0.535196540620071826
0.718672096041471087 0.289966279913665526 0.534471367783895701
0.723870824702645188 0.269252976101680308 0.533745534468767047
0.726842410507198333 0.246842673928376471 0.533019045053891527
0.727159911067530307 0.216526156403809539 0.532291903922433307
0.721076443288272140 0.171853415180174385 0.531564115461488407
0.684742433272747753 0.076468066627747744 0.530835684062058610
0.528939927260643428 -0.080262712954037946 0.530106614119024488
-0.112397924549798425 0.223607490086770583 0.529376910031119641
0.532612383748737761 0.688713481818854278 0.528646576200903162
0.686779403350208706 0.558526197162383720 0.527915617034733886
0.735130859494590227 0.484764663102500826 0.527184036942743628
0.761734577932820178 0.432351564334304772 0.526451840338810095
0.775269029891377359 0.402884143954920060 0.525719031640530909
0.785503412510544674 0.380250332278935677 0.524985615269196515
0.793997568551062516 0.361758522811648553 0.524251595649763980
0.802873945167908998 0.343012375685131488 0.523516977210829459
0.809581137757947156 0.329287533761981277 0.522781764384602554
0.815861725666253368 0.316744363060866008 0.522045961606878439
0.822984719264357789 0.302798234098655306 0.521309573317012220
0.828651903488950570 0.291842089298859242 0.520572603957891289
0.834118698546010284 0.281328844863635186 0.519835057975908787
0.840451338930787051 0.269146232696033105 0.519096939820936853
0.845559515763536496 0.259262321741072110 0.518358253946300196
0.851503903034518284 0.247635930860999276 0.517619004808748007
0.856312110094332057 0.238090819901286221 0.516879196868428425
0.860993650430684876 0.228639856286886323 0.516138834588860784
0.866449062888189125 0.217385854668331657 0.515397922436909073
0.870862406198830374 0.208055691287381050 0.514656464882754738
0.875156344618080562 0.198751612899489172 0.513914466399869707
0.880152297251829085 0.187602609878623539 0.513171931464990072
0.884185100782321376 0.178312566248940152 0.512428864558087671
0.888867538165910354 0.167152757827111698 0.511685270162344774
0.892638223162726341 0.157835135900264323 0.510941152764125550
0.896288784385872561 0.148495472502743753 0.510196516852949977
0.900509746703240577 0.137252576607578169 0.509451366921466198
0.903893050015577404 0.127849918190548806 0.508705707465423762
0.907790535179801461 0.116522237603400969 0.507959542983646317
0.910901815798756065 0.107042859029733373 0.507212877978004517
0.913887740889434363 0.097525626382999608 0.506465716953388712
0.917303823900823545 0.086053192805836676 0.505718064417682078
0.920010052975917647 0.076448621308514708 0.504969924881733090
0.923087223996039041 0.064869167664296457 0.504221302859328868
0.925508276632552751 0.055174242798012807 0.503472202867166985
0.927797878896006400 0.045437926161859710 0.502722629424828926
0.930370281576223923 0.033699808295657330 0.501972587054753117
0.932366682356434384 0.023872873449898746 0.501222080282206495
0.934583946415098454 0.012026934302698356 0.500471113635258535
0.936281663012806353 0.002111260432096640 0.499719691644752828
0.938137242823629092 -0.009839434760160026 0.498967818844280431
0.939530854368818114 -0.019840679027792796 0.498215499770152170
0.941018292762984432 -0.031891651157311796 0.497462738961371664
0.942102464341734169 -0.041974204931790882 0.496709540959607176
0.943044247690688842 -0.052092040410697149 0.495955910309165471
0.943984936146060827 -0.064278356711867712 0.495201851556962724
0.944609737088197843 -0.074469557900885885 0.494447369252498770
0.945167033457598338 -0.086740078035849988 0.493692467947828284
0.945469882182706112 -0.096998022454765132 0.492937152197534589
0.945637963861367559 -0.109344222582487549 0.492181426558700674
0.945614146191237182 -0.119661315801324997 0.491425295590883215
0.945387551755433653 -0.132073476153153901 0.490668763856084045
0.945032706324525962 -0.142441097757057933 0.489911835918723060
0.944406468408290345 -0.154908228467672771 0.489154516345610635
0.943716711158628430 -0.165316666216530517 0.488396809705919865
0.942686522224244650 -0.177826428305659701 0.487638720571159257
0.941658597723316282 -0.188264816094710963 0.486880253515145078
0.940221006358998856 -0.200803456488184429 0.486121413113973777
0.938852462376238095 -0.211259731900373171 0.485362203945993942
0.937005093825404645 -0.223812051261842060 0.484602630591779604
0.935294472191897208 -0.234272947942554099 0.483842697634101593
0.933036262669484251 -0.246822318753209702 0.483082409657900780
0.930983296036216768 -0.257273407141391741 0.482321771250259546
0.928314726486472508 -0.269801856625039915 0.481560787000374912
0.925920527619475298 -0.280227643493062284 0.480799461499530345
0.922843839469158933 -0.292716011489277284 0.480037799341068050
0.920111067645779657 -0.303100104360341072 0.479275805120361664
0.916630441379481686 -0.315528280217753032 0.478513483434788112
0.913563429738998289 -0.325853617167527920 0.477750838883700013
0.909685107242490298 -0.338200852634722438 0.476987876068398153
0.906289935915822520 -0.348449991841132234 0.476224599592103282
0.902022269778441244 -0.360695279434838312 0.475461014059928577
0.897546500908776412 -0.372876146227026084 0.474697124078852117
0.893660189760042911 -0.382973235960154312 0.473932934257688454
0.888812024348206942 -0.395020178371843056 0.473168449207061581
0.884620760138281392 -0.404997341408679989 0.472403673539376345
0.879413547355359038 -0.416890664572634795 0.471638611868791302
0.874929142871472054 -0.426731985637038347 0.470873268811190182
0.869377805786547331 -0.438453295657905695 0.470107648984154913
0.864613251384358072 -0.448144113055993720 0.469341757006936922
0.858733948462897301 -0.459676709090490465 0.468575597500429597
0.853703104747588704 -0.469203915616777101 0.467809175087140594
0.847512836304748163 -0.480533114619130397 0.467042494391163687
0.841160282303035634 -0.491745981416352007 0.466275560038151071
0.835746272978634241 -0.500998770893957612 0.465508376655285161
0.829109690576020797 -0.511990045044615649 0.464740948871250947
0.823466212233747274 -0.521054290956578625 0.463973281316208130
0.816562816109928757 -0.531815285506919810 0.463205378621762642
0.810703986639234486 -0.540684768716344744 0.462437245420939558
0.803550348113147850 -0.551209231588701609 0.461668886348154228
0.797489597696551145 -0.559879732210327052 0.460900306039185248
0.790101295159534533 -0.570163753596517164 0.460131509131145422
0.782591111548611829 -0.580315763706709897 0.459362500262455065
0.776242429091661412 -0.588674786800475802 0.458593284072812746
0.768519053852430800 -0.598584513617112846 0.457823865203168145
0.761997850870823834 -0.606741942311199711 0.457054248295693633
0.754073189297290836 -0.616410557594970876 0.456284437993756620
0.746043144556118976 -0.625948711486122966 0.455514438941891142
0.739272931242612175 -0.633798246802093734 0.454744255785770268
0.731056615479832361 -0.643100011847639319 0.453973893172177512
0.724134477848349389 -0.650754331487403359 0.453203355748979131
0.715739360766080024 -0.659824209313317867 0.452432648165096596
0.708670793048998382 -0.667287426805877271 0.451661775070477334
0.700102603477185337 -0.676130716440737745 0.450890741116067750
0.691441822638543591 -0.684852845140848876 0.450119550953784642
0.684154464230901205 -0.692030023827794105 0.449348209236487384
0.675326202002062725 -0.700534702443442736 0.448576720617949509
0.667900123233301946 -0.707533236085901240 0.447805089752831120
0.658906037075985274 -0.715826628290278322 0.447033321296650354
0.649821694910030168 -0.724007359319538191 0.446261419905755630
0.642182372539881419 -0.730739865601858218 0.445489390237297223
0.632932065817776279 -0.738718659654174048 0.444717236949199513
0.625153877682278925 -0.745285289973933063 0.443944964700132727
0.615735969038050945 -0.753067812344110354 0.443172578149484575
0.606225569688982779 -0.760745497390697190 0.442400081957332769
0.598228899677668347 -0.767064531666565963 0.441627480784416215
0.588546352351421054 -0.774553697708058930 0.440854779292107424
0.580404626607067819 -0.780717451451195643 0.440081982142383921
0.570545896820512932 -0.788022272211525099 0.439309093997800659
0.560589112929346323 -0.795228020477110387 0.438536119521461376
0.552215807168433215 -0.801157759737565645 0.437763063376990780
0.542075286617894836 -0.808184017838105451 0.436989930228506185
0.533546603454606694 -0.813965107876318261 0.436216724740589701
0.523216803688967724 -0.820813846436095895 0.435443451578259699
0.512781288346196629 -0.827566227178770264 0.434670115406943058
0.504002969009562096 -0.833119691180749911 0.433896720892446575
0.493368925651820944 -0.839695580178793088 0.433123272700929207
0.484422572756712633 -0.845101782817890168 0.432349775498873712
0.473583737337654742 -0.851500442204594865 0.431576233953058608
0.462630513551894496 -0.857801704439559276 0.430802652730529700
0.453414071014837217 -0.862977812277276546 0.430029036498572770
0.442246177870304569 -0.869098391472358234 0.429255389924684039
0.432848166925369315 -0.874122481680594254 0.428481717676543417
0.421459180336535899 -0.880058577065527037 0.427708024421985300
0.409946895303302306 -0.885891986539716680 0.426934314828971262
0.400257766199205445 -0.890673482910912528 0.426160593565560908
0.388514498832594146 -0.896313999700904640 0.425386865299884787
0.378630229481028202 -0.900931921298690708 0.424613134700115247
0.366649611487813276 -0.906372397442460009 0.423839406434439070
0.354536846191293109 -0.911700248871029073 0.423065685171028827
0.344340558853173606 -0.916052095541411759 0.422291975578014622
0.331980582183181938 -0.921166080236152096 0.421518282323456672
0.321575603642969388 -0.925335351378377524 0.420744610075315939
0.308961953147013690 -0.930224623021418062 0.419970963501427319
0.296207166473998362 -0.934986185978179840 0.419197347269470222
0.285468930675125687 -0.938853742780814349 0.418423766046941481
0.272450202336490033 -0.943370653497397571 0.417650224501126266
0.261489162570866074 -0.947028225920080624 0.416876727299070882
0.248199584873712797 -0.951285350910234362 0.416103279107553403
0.234759270110752372 -0.955393714309032860 0.415329884593057030
0.223442294974730671 -0.958699823428575848 0.414556548421740223
0.209719954763088690 -0.962521164408680852 0.413783275259410332
0.198164836686501755 -0.965579840782460397 0.413010069771493848
0.184152920161957667 -0.969093770228538709 0.412236936623009365
0.169979798894792089 -0.972430569343022300 0.411463880478538657
0.158044046647282888 -0.975070741554128650 0.410690906002199319
0.143569347459925778 -0.978063764409916381 0.409918017857616057
0.131379026625073170 -0.980406504056179573 0.409145220707892665
0.116594970670427178 -0.983028707891267839 0.408372519215583762
0.101638971384821142 -0.985436159103241560 0.407599918042667209
0.089042722910643246 -0.987271490004242858 0.406827421850515403
0.073765928041629403 -0.989260171387860154 0.406055035299867251
0.060899526852938646 -0.990732152865355542 0.405282763050800465
0.045295407427820955 -0.992266620015636702 0.404510609762702811
0.029510402889180720 -0.993537041472664861 0.403738580094244404
0.016217083717220027 -0.994385148225409798 0.402966678703349568
0.000097212032289351 -0.995138968644886379 0.402194910247168913
-0.013476408957724229 -0.995537997793685125 0.401423279382050524
-0.029933513273604440 -0.995729505114372415 0.400651790763512761
-0.046574589091470775 -0.995593430336280005 0.399880449046215336
-0.060582219339576915 -0.995218501512813880 0.399109258883932283
-0.077558372787489560 -0.994440551671379680 0.398338224929522700
-0.091843039792073422 -0.993507277368301467 0.397567351834903382
-0.109147808670472801 -0.992029927481316132 0.396796644251020736
-0.126627291491469451 -0.990145102699653945 0.396026106827822577
-0.141323827379845390 -0.988249213103651991 0.395255744214229765
-0.159111335909030871 -0.985566531060141138 0.394485561058108725
-0.174056222538754024 -0.982977182386040038 0.393715562006243303
-0.192129762559450079 -0.979426858629048880 0.392945751704306401
-0.207301318653640709 -0.976083993647490766 0.392176134796831943
-0.225630477683104458 -0.971591774282684506 0.391406715927187232
-0.244082762563033684 -0.966553050919867873 0.390637499737544969
-0.259543835279375967 -0.961919462730893349 0.389868490868854556
-0.278184645599735325 -0.955816559220947104 0.389099693960814785
-0.293779717791993855 -0.950261920946606220 0.388331113651845694
-0.312550172270505522 -0.943012157531415651 0.387562754579060531
-0.328224453857716814 -0.936466873478474682 0.386794621378237391
-0.347051490821885744 -0.927986299165215911 0.386026718683791847
-0.365872978225820988 -0.918799085442581598 0.385259051128749030
-0.381532311851792205 -0.910585581317149173 0.384491623344714872
-0.400265604057601754 -0.900039616892555294 0.383724439961849018
-0.415804870122789105 -0.890660724794915426 0.382957505608836291
-0.434333290933429650 -0.878678062649317804 0.382190824912859439
-0.449647205927998062 -0.868071560357816852 0.381424402499570547
-0.467834474502473174 -0.854581708506030213 0.380658242993063167
-0.482801018861542197 -0.842693094140941179 0.379892351015845064
-0.500490429064644471 -0.827636789079832624 0.379126731188809796
-0.517834843049955640 -0.811706457020581862 0.378361388131208842
-0.531984635525151517 -0.797756235532008917 0.377596326460623632
-0.548548655377724570 -0.780200237848943434 0.376831550792938397
-0.561963609257646879 -0.764888395499529361 0.376067065742311524
-0.577539721634117820 -0.745696850161739477 0.375302875921148027
-0.590039597806242266 -0.729026498668776002 0.374538985940071401
-0.604403531919324721 -0.708218148581818085 0.373775400407896752
-0.615795549468097780 -0.690218498938307112 0.373012123931601880
-0.628710071666100156 -0.667846056973454116 0.372249161116299909
-0.638792697719085867 -0.648576765268984445 0.371486516565211977
-0.650012939581109173 -0.624731896313675872 0.370724194879638425
-0.658580990610812878 -0.604286932776341823 0.369962200658932039
-0.667861362433973649 -0.579104435874143286 0.369200538500469633
-0.674712410191965706 -0.557615085522443876 0.368439212999625065
-0.681815022157380990 -0.531275781129287306 0.367678228749740488
-0.686756974730666769 -0.508912350805876157 0.366917590342099198
-0.691461325350506084 -0.481644160041376779 0.366157302365898329
-0.694320907974824042 -0.458615973262185339 0.365397369408220485
-0.696434416380348642 -0.430692714216089789 0.364637796054006091
-0.697066121721356291 -0.407246034908710475 0.363878586886026256
-0.696434898188264873 -0.378983568383258862 0.363119746484854844
-0.694729832855994545 -0.355397214640072234 0.362361279428840721
-0.691248928919077521 -0.327146751960043225 0.361603190294080168
-0.687142877405410801 -0.303725339687445528 0.360845483654389343
-0.680765164772497489 -0.275863970035907458 0.360088164081276974
-0.674245149807964350 -0.252928950816377729 0.359331236143916044
-0.664987974513610913 -0.225847731406504743 0.358574704409116762
-0.656096634315348703 -0.203726633484419800 0.357818573441299359
-0.644045497892803409 -0.177816876351299252 0.357062847802465555
-0.632882735221257264 -0.156831387941066769 0.356307532052171694
-0.618191469543372896 -0.132470026905347843 0.355552630747501208
-0.604913047309268315 -0.112923737866810536 0.354798148443037253
-0.587800255122727489 -0.090458823707881914 0.354044089690834618
-0.572613294358885638 -0.072625531683145922 0.353290459040392801
-0.553355184417268275 -0.052362948166800788 0.352537261038628369
-0.536510823698768680 -0.036476416836618591 0.351784500229847863
-0.515430926044484816 -0.018668820661568442 0.351032181155719714
-0.497214681186723240 -0.004914748563838001 0.350280308355247205
-0.478475945964508598 0.007822946658145424 0.349528886364741498
-0.455391805733322941 0.021735741797366731 0.348777919717793483
-0.435734670806922075 0.032166833752021423 0.348027412945247028
-0.411741199928599144 0.043272780137530942 0.347277370575171052
-0.391486939671832568 0.051345775820605982 0.346527797132833160
-0.366968014830870271 0.059615789375057154 0.345778697140671221
-0.346432533679609134 0.065332914058341768 0.345030075118266999
-0.325869816722610617 0.069993474861904437 0.344281935582318011
-0.301243137715191289 0.074212829047098181 0.343534283046611377
-0.280828898296271612 0.076607119216892006 0.342787122021995572
-0.256543083684349693 0.078168711094841054 0.342040457016353661
-0.236541277088725188 0.078408357497730424 0.341294292534576271
-0.212894550248355519 0.077466394100106362 0.340548633078533836
-0.193537274335984361 0.075694799837986868 0.339803483147050112
-0.174540320882126954 0.073063082113299177 0.339058847235874428
-0.152271998951628129 0.068820808697753616 0.338314729837655315
-0.134194573567439690 0.064426293169588866 0.337571135441912362
-0.116585203926924341 0.059291890758813894 0.336828068535010128
-0.096109106154607910 0.052209446207937091 0.336085533600130215
-0.079618784502126227 0.045586434880281128 0.335343535117245406
-0.060547616130502552 0.036833249489516690 0.334602077563091016
-0.045271975538034748 0.028914119162401559 0.333861165411139194
-0.030571656616906258 0.020468790827257215 0.333120803131571552
-0.013705621603712286 0.009694056864241723 0.332380995191252027
-0.000305267954640537 0.000225729011056665 0.331641746053699893
0.012493973728611853 -0.009648318800291159 0.330903060179063069
0.027055025223729996 -0.021982645526294170 0.330164942024091357
0.038522783304608635 -0.032625493697636378 0.329427396042108855
0.049385363491229781 -0.043564196188205916 0.328690426682987813
0.061624992260650012 -0.057036595551664869 0.327954038393121539
0.071166345057103036 -0.068516383024373406 0.327218235615397535
0.080114755708720689 -0.080195206935393892 0.326483022789170574
0.090079191438833486 -0.094434006288874689 0.325748404350236054
0.097746868916066695 -0.106456079927980035 0.325014384730803463
0.104845168452647089 -0.118594166900794731 0.324280968359469235
0.112624259697948925 -0.133280477602330000 0.323548159661190049
0.118502406103188573 -0.145594026826250639 0.322815963057256461
0.123841858382556416 -0.157953864068816535 0.322084382965266092
0.129552930360342489 -0.172819738267440348 0.321353423799096927
0.133744610167525424 -0.185215209987676793 0.320623089968880448
0.137432089065395391 -0.197599229711681035 0.319893385880975489
0.140626523228656264 -0.209955940458726231 0.319164315937941478
0.143824839891593503 -0.224727007986008115 0.318435884538511682
0.145974139324824032 -0.236972377711871907 0.317708096077566726
0.147666361802191615 -0.249145737584938992 0.316980954946108506
0.149109412684222842 -0.263641458170841336 0.316254465531233042
0.149835270436268569 -0.275614107781940287 0.315528632216104443
0.150139467311912717 -0.287477798915098948 0.314803459379928152
0.150032825272644110 -0.299222291767590576 0.314078951397925132
0.149377572539894476 -0.313144712581315487 0.313355112641304667
0.148404459500030922 -0.324593495860741044 0.312631947477238548
0.147054136098871996 -0.335893689863824729 0.311909460268834315
0.145336777692151253 -0.347037010515696076 0.311187655375109562
0.143262397903064498 -0.358015537505248338 0.310466537150965005
0.140315735965706179 -0.370961578212805287 0.309746109947158288
0.137490369838601856 -0.381551267941965588 0.309026378110278277
0.134338960723131035 -0.391952903076253190 0.308307345982718140
0.130870868283860020 -0.402159770089663748 0.307589017902649531
0.126304097728767689 -0.414141797383293375 0.306871398203996282
0.122171532565635801 -0.423897631084277249 0.306154491216408586
0.117751269639878114 -0.433438646646457704 0.305438301265236245
0.113052076853715627 -0.442758967223908950 0.304722832671503130
0.108082587807468378 -0.451852877231967098 0.304008089751880761
0.102851302787748150 -0.460714810304997335 0.303294076818662772
0.096239961575199900 -0.471035286030943190 0.302580798179738097
0.090461989109354463 -0.479367938726272147 0.301868258138565604
0.084448522170959717 -0.487451672873263353 0.301156460994148056
0.078207493455623639 -0.495281424928755154 0.300445411041005861
0.071746694955042351 -0.502852220153002571 0.299735112569151418
0.065073774858657035 -0.510159159030301623 0.299025569864063145
0.056796821326466046 -0.518572384979472889 0.298316787206659995
0.049683426127687558 -0.525281866324821878 0.297608768873274754
0.042381380441767869 -0.531712134310364681 0.296901519135629122
0.034897695697626768 -0.537858422980610706 0.296195042260807340
0.027239226460104377 -0.543715944678691332 0.295489342511231157
0.019412670359272494 -0.549279864970763310 0.294784424144633184
0.011424569449288102 -0.554545275167433127 0.294080291414031747
0.003281313290532828 -0.559507162317607887 0.293376948567705464
-0.005010855964091232 -0.564160376604279312 0.292674399849167044
-0.013445836181700199 -0.568499596051001310 0.291972649497137970
-0.023747922574873959 -0.573284379649741105 0.291271701745522582
-0.032476228745230151 -0.576912980385985596 0.290571560823383868
-0.041328623999434821 -0.580208937145769488 0.289872230954915933
-0.050299448419439785 -0.583165755280893761 0.289173716359419908
-0.059383093649345409 -0.585776537713635470 0.288476021251277581
-0.068573973335940563 -0.588033930893817836 0.287779149839927695
-0.077866488373210585 -0.589930067318638285 0.287083106329838189
-0.087254986283260227 -0.591456504410692752 0.286387894920482278
-0.096733714023435780 -0.592604159617615256 0.285693519806313190
-0.106296763351674234 -0.593363241510092121 0.284999985176738024
-0.115938007756555328 -0.593723176717936729 0.284307295216093381
-0.125651029773368311 -0.593672532486927640 0.283615454103619102
-0.135429037321637386 -0.593198934716794413 0.282924466013434350
-0.145264767427689179 -0.592288981324424646 0.282234335114511015
-0.155150375463209200 -0.590928150878092695 0.281545065570649733
-0.165077307647895882 -0.589100706516209494 0.280856661540454244
-0.175036154232837998 -0.586789595321768331 0.280169127177306077
-0.185016480303106745 -0.583976343497495942 0.279482466629339732
-0.195006630646246321 -0.580640947973784849 0.278796684039418097
-0.204993504532677590 -0.576761765432137086 0.278111783545106850
-0.214962295594181840 -0.572315400218745163 0.277427769278649428
-0.224896191202682533 -0.567276593277849850 0.276744645366942488
-0.234776024905096664 -0.561618115071377932 0.276062415931510929
-0.244579874501294287 -0.555310666584266976 0.275381085088483135
-0.254282597300029334 -0.548322793980636436 0.274700656948565658
-0.263855292975791411 -0.540620824334880901 0.274021135617018741
-0.271397631835034903 -0.533921032621184621 0.273342525193631669
-0.280649021543797506 -0.524841648245581993 0.272664829772698014
-0.289663820769256009 -0.514941972338778364 0.271988053442990652
-0.298392334369857626 -0.504180038143257514 0.271312200287737060
-0.306777153315734796 -0.492512065800274401 0.270637274384595228
-0.314751956748390904 -0.479892843357776155 0.269963279805628786
-0.322240156481198858 -0.466276291714918301 0.269290220617281972
-0.329153375966717399 -0.451616269096011158 0.268618100880355593
-0.335389762429848193 -0.435867684511783149 0.267946924649982543
-0.339813375484848246 -0.422456336431834834 0.267276695975603384
-0.344524628081738449 -0.404644145274573597 0.266607418900941251
-0.348185987956139753 -0.385637551618002061 0.265939097463978480
-0.350626665399949855 -0.365413946338120743 0.265271735696931188
-0.351652923223314096 -0.343964692398001926 0.264605337626225900
-0.351046432266075903 -0.321300317792451440 0.263939907272474572
-0.349222572692874045 -0.302317152688365676 0.263275448650450827
-0.345044946624590176 -0.277578731522760636 0.262611965769065092
-0.338487357798325172 -0.251816677601492067 0.261949462631341390
-0.329238585650846405 -0.225184951963502411 0.261287943234391862
-0.316971463262534559 -0.197900299033836991 0.260627411569394229
-0.304760262966896789 -0.175795823971432313 0.259967871621566038
-0.286224089120995839 -0.148130108718751652 0.259309327370142229
-0.263768242038545542 -0.120856952132227580 0.258651782788349882
-0.237134946379483819 -0.094538329133762755 0.257995241843384959
-0.212696664126105606 -0.074616709401734413 0.257339708496387765
-0.178168555331572609 -0.051769929310641900 0.256685186702419799
-0.139277147374783833 -0.031991942310345682 0.256031680410439610
-0.096262417283115728 -0.016176467735700306 0.255379193563278428
-0.059180834071792060 -0.006985663278031681 0.254727730097616900
-0.010053165897115792 -0.000548154143995366 0.254077293943961557
0.041325052675193368 -0.000425041973708202 0.253427889026620723
0.083317811490751195 -0.005266100863480339 0.252779519263680752
0.135873944046376344 -0.017782737519607336 0.252132188566982385
0.187252963379249904 -0.037536626801572201 0.251485900842097765
0.226602917261394365 -0.058389259898792623 0.250840659988306292
0.272533127406925813 -0.090304777578911102 0.250196469898570972
0.313815266307867158 -0.127949762739725886 0.249553334459515330
0.342902039920539026 -0.161499158842013768 0.248911257551399867
0.373827920223385013 -0.206746102226589457 0.248270243048098749
0.398423071607201473 -0.254530958451444911 0.247630294817075935
0.413505736217533393 -0.293781062340885246 0.246991416719362256
0.426777704136896086 -0.343190124903972993 0.246353612609532258
0.434207524333880990 -0.392077708138536374 0.245716886335680784
0.436293410782598312 -0.430264399163889311 0.245081241739399380
0.434588316303998634 -0.476304522655597584 0.244446682655753811
0.430178193430969691 -0.511481615500864240 0.243813212913260191
0.421405352107438180 -0.553102912723906770 0.243180836333862671
0.409596078613939263 -0.591925857668868849 0.242549556732909621
0.398356694024493418 -0.620905733144676231 0.241919377919131262
0.382513888761981780 -0.654527661705796016 0.241290303694616182
0.368700253053544924 -0.679379481331815360 0.240662337854788411
0.350357175541107901 -0.707975820489703311 0.240035484188385162
0.335044895161455358 -0.728964556778460504 0.239409746477433349
0.315362680607297552 -0.752973914877135830 0.238785128497226773
0.299342809740907434 -0.770506959860472129 0.238161634016303414
0.279153603892907276 -0.790477825208063312 0.237539266796423398
0.262979449899710338 -0.805007452251260025 0.236918030592545070
0.242852080161205852 -0.821504040315896522 0.236297929152803232
0.226893152860528913 -0.833471123153854854 0.235678966218485830
0.207198452307983172 -0.847022503975020546 0.235061145524012804
0.191689264384009017 -0.856828411813568724 0.234444470796911636
0.172655457145730162 -0.867905578211138229 0.233828945757796114
0.157734951326842787 -0.875901362581051446 0.233214574120343354
0.139490817439862913 -0.884910666749794239 0.232601359591271956
0.125232227018867937 -0.891395907771665108 0.231989305870319185
0.107839069331916115 -0.898681191197694962 0.231378416650218466
0.094271625982184026 -0.903907672934512019 0.230768695616677788
0.081012817572732432 -0.908644284834219662 0.230160146448356639
0.064870443330458993 -0.913933804393498139 0.229552772816844636
0.052297333624363784 -0.917702588153289422 0.228946578386638622
0.036999374795427198 -0.921886632510542925 0.228341566815121244
0.025088990715010751 -0.924847152527835892 0.227737741752538220
0.013463420429635109 -0.927492206189336921 0.227135106841976964
-0.000678257185413200 -0.930391032196137280 0.226533665719343968
-0.011687962106078642 -0.932410508788371173 0.225933422013343488
-0.022435637227667726 -0.934185136623852608 0.225334379345455083
-0.035513007970526589 -0.936086525932883440 0.224736541329912165
-0.045698177620391134 -0.937374182172334591 0.224139911573680239
-0.055645389738583906 -0.938470634463365427 0.223544493676434614
-0.067755941629943583 -0.939593204373617263 0.222950291230539055
-0.077194408335884923 -0.940308164946380476 0.222357307821024419
-0.086418341507326024 -0.940872835343343317 0.221765547025566445
-0.095434654891242920 -0.941297759567149450 0.221175012414464467
-0.106423339324291988 -0.941647134297155741 0.220585707550619681
-0.114996893103850084 -0.941792032438172777 0.219997635989513968
-0.123384076901087214 -0.941826120577248238 0.219410801279188383
-0.131591025181918841 -0.941756894181878801 0.218825206960221313
-0.141605281170309238 -0.941535578877690904 0.218240856565707519
-0.149428107849078229 -0.941258435014691086 0.217657753621236849
-0.157089273925975381 -0.940898652470863794 0.217075901644872893
-0.164594077137681594 -0.940461617483647427 0.216495304147131529
-0.173762954285629712 -0.939814257258606900 0.215915964630959911
-0.180934315557959580 -0.939221106343505641 0.215337886591715516
-0.187965214391774105 -0.938565646032618162 0.214761073517145018
-0.194860151072067111 -0.937851794269166428 0.214185528887362697
-0.201623448404204597 -0.937083193592386454 0.213611256174830066
-0.208259256108538737 -0.936263233356814162 0.213038258844334860
-0.216380782742182531 -0.935170846938511269 0.212466540352969940
-0.222744045257498746 -0.934246544704327331 0.211896104150112174
-0.228992163993245901 -0.933280385722597527 0.211326953677402479
-0.235128603741415088 -0.932274892313245784 0.210759092368723977
-0.241156680234859810 -0.931232424161335004 0.210192523650182150
-0.247079564677044727 -0.930155191578873830 0.209627250940083665
-0.252900288327912559 -0.929045267695567167 0.209063277648916135
-0.258621746987967582 -0.927904599728656354 0.208500607179326947
-0.264246705503482560 -0.926735019348708722 0.207939242926103607
-0.269777802165027614 -0.925538252267075645 0.207379188276152232
-0.275217553158048356 -0.924315927032131057 0.206820446608478120
-0.280568356909389971 -0.923069583160077700 0.206263021294164489
-0.287135250178520041 -0.921480091004408419 0.205706915696352854
-0.292294111473950124 -0.920184922633642044 0.205152133170222351
-0.297371059564440099 -0.918870210371723894 0.204598677062969414
-0.302368040625232704 -0.917537191607880942 0.204046550713787689
-0.307286905697633117 -0.916187047580925173 0.203495757453848236
-0.312129414825871476 -0.914820908117620291 0.202946300606278940
-0.315712197891263757 -0.913786459428289288 0.202398183486144662
-0.320425061711121784 -0.912394906360677771 0.201851409400427062
-0.325065973741451686 -0.910990233740498923 0.201305981648004950
-0.329636392981477122 -0.909573411812087951 0.200761903519634410
-0.334137704157928095 -0.908145377865099634 0.200219178297928596
-0.338571225883575688 -0.906707036602960481 0.199677809257337857
-0.342938213928905222 -0.905259262769978479 0.199137799664130727
-0.347239865270501880 -0.903802903075782815 0.198599152776373439
-0.351477322091843070 -0.902338777837330852 0.198061871843910497
-0.355651675635581643 -0.900867682424641991 0.197525960108345194
-0.359763970148407497 -0.899390388380876593 0.196991420803020012
-0.363815206554489901 -0.897907644439607466 0.196458257152997223
-0.366814144166432543 -0.896792447931691772 0.195926472375038851
-0.370760820291876236 -0.895301902256412374 0.195396069677588241
-0.374648997357918845 -0.893807853593044044 0.194867052260749796
-0.378479545840293585 -0.892310970513848334 0.194339423316269994
-0.382253309383651707 -0.890811900982123595 0.193813186027518514
-0.385046860955480186 -0.889686542192041907 0.193288343569468529
-0.388723211115098832 -0.888185143815187428 0.192764899108677640
-0.392344982657630736 -0.886683235036253459 0.192242855803268775
-0.395912944839902248 -0.885181386631504807 0.191722216802911405
-0.399427853337091632 -0.883680148493951156 0.191202985248802360
-0.402029666395565866 -0.882554939281112727 0.190685164273646623
-0.405453516573381967 -0.881056028697879468 0.190168757001638655
-0.408826339301568642 -0.879559131087680024 0.189653766548444014
-0.412148858337072266 -0.878064715997837864 0.189140196021179541
-0.414608168742048255 -0.876945803904065624 0.188628048518395514
-0.417844385764269133 -0.875456796834125583 0.188117327130056300
-0.421032271486833309 -0.873971449583635929 0.187608034937522289
-0.423391898144523993 -0.872860074048085521 0.187100175013531100
-0.426496923244713388 -0.871382047091588174 0.186593750422178684
-0.429555582451663864 -0.869908687546461890 0.186088764218901248
-0.431819580147999982 -0.868806926638918897 0.185585219450456806
-0.434798823967318504 -0.867342501149441225 0.185083119154906633
-0.437733676478879896 -0.865883579894420663 0.184582466361596864
-0.439906118273559632 -0.864793159721575666 0.184083264091140619
-0.442765024547395192 -0.863344488700839796 0.183585515355399187
-0.444881339157502942 -0.862262024728090104 0.183089223157464454
-0.447666522266179201 -0.860824289515684682 0.182594390491640279
-0.450410580231618674 -0.859393066859430954 0.182101020343424957
-0.452442075091365581 -0.858324024074564429 0.181609115689492451
-0.455115924051987419 -0.856904584440014050 0.181118679497675406
-0.457095603469472256 -0.855844539029503082 0.180629714726946222
-0.459701487770276862 -0.854437281824935502 0.180142224327400208
-0.461631035742069595 -0.853386494418487240 0.179656211240236729
-0.464171200253262028 -0.851991716797563026 0.179171678397742395
-0.466052299037704232 -0.850950373610436683 0.178688628723273041
-0.468528983271879140 -0.849568276718541626 0.178207065131235742
-0.470363308708252270 -0.848536494484147363 0.177726990527071554
-0.472778740283294807 -0.847167190337162479 0.177248407807238162
-0.474567956724888274 -0.846145021659053365 0.176771319859192089
-0.476924344457114624 -0.844788540496167029 0.176295729561371350
-0.478670099505092983 -0.843775979511043550 0.175821639783178052
-0.480397727320550083 -0.842767521075253434 0.175349053384961262
-0.482673545471783927 -0.841429265797767334 0.174877973217999694
-0.484360025976214192 -0.840430316977835989 0.174408402124484219
-0.486582042709609308 -0.839104665640636238 0.173940342937500991
-0.488228960747404739 -0.838115103382018001 0.173473798481014518
-0.489859400200241712 -0.837129516671972107 0.173008771569850284
-0.492008172729179183 -0.835821529130594820 0.172545265009677762
-0.493601252579452865 -0.834845089061346912 0.172083281596993737
-0.495178780666500673 -0.833872507891423975 0.171622824119105372
-0.497258427197153630 -0.832581667054038910 0.171163895354113277
-0.498800714299299841 -0.831617933024408451 0.170706498070894802
-0.500328337621088304 -0.830657919433029912 0.170250635029087161
-0.502342803831126949 -0.829383611240275709 0.169796308979071303
-0.503837208159120475 -0.828432102947549320 0.169343522661954737
-0.505317792845088487 -0.827484162090309505 0.168892278809555235
-0.507270829668051482 -0.826225707794895237 0.168442580144384513
-0.508720109791522490 -0.825285904674756710 0.167994429379631272
-0.510156366198938449 -0.824349508413065424 0.167547829219145628
-0.511579827693669387 -0.823416470357674068 0.167102782357422014
-0.512990718309149218 -0.822486741945821942 0.166659291479583554
-0.514852729219978822 -0.821252168961366769 0.166217359261365216
-0.516235131626591071 -0.820329975940075284 0.165776988369098488
-0.517605674460605791 -0.819410933452567436 0.165338181459694394
-0.518964560191844893 -0.818494995215213850 0.164900941180628258
-0.520311986134249782 -0.817582115888195737 0.164465270169923072
-0.521648144393060287 -0.816672251222127832 0.164031171056134129
-0.523412483404110951 -0.815463713659992484 0.163598646458332858
-0.524723067834848345 -0.814560718329311317 0.163167698986090987
-0.526022986691227046 -0.813660599866105172 0.162738331239465017
-0.527312408987791525 -0.812763320360622821 0.162310545808980133
-0.528591498325357345 -0.811868843710397137 0.161884345275615377
-0.529860412871008046 -0.810977135739509247 0.161459732210787160
-0.531119305345282400 -0.810088164311430159 0.161036709176334170
-0.532368323012675115 -0.809201899438637184 0.160615278724501848
-0.533607607681732876 -0.808318313383710074 0.160195443397927406
-0.534837295711441008 -0.807437380754979617 0.159777205729623673
-0.536057518019209978 -0.806559078599536017 0.159360568242964351
-0.537268400102501209 -0.805683386484572939 0.158945533451668869
-0.538470062065557808 -0.804810286573151679 0.158532103859786916
-0.539662618648510839 -0.803939763697341103 0.158120281961683429
-0.540846179268842708 -0.803071805419594442 0.157710070242023437
-0.542020848068049954 -0.802206402088348480 0.157301471175757601
-0.543186723965394136 -0.801343546886682634 0.156894487228106394
-0.544343900723237129 -0.800483235869313026 0.156489120854546221
-0.545492467011205573 -0.799625467999103279 0.156085374500793544
-0.546632506489665326 -0.798770245165487225 0.155683250602791229
-0.547764097888288948 -0.797917572205136039 0.155282751586692802
-0.548887315107457141 -0.797067456900824700 0.154883879868848662
-0.550002227314471126 -0.796219909983112761 0.154486637855791142
-0.551108899049592260 -0.795374945120892685 0.154091027944219749
-0.551842131997277940 -0.794813077755643027 0.153697052520987060
-0.552935200863042264 -0.793972454586255538 0.153304713963084344
-0.554020179691027681 -0.793134464068671496 0.152914014637626994
-0.555097117135193940 -0.792299130376782790 0.152524956901840314
-0.556166057845179251 -0.791466480434517283 0.152137543103045308
-0.556874262654019847 -0.790912885959908607 0.151751775578644582
-0.557929964294204161 -0.790084776033094238 0.151367656656108324
-0.558977769858790663 -0.789259434583078900 0.150985188652959929
-0.560017710666749768 -0.788436897993506802 0.150604373876762149
-0.561049814810867353 -0.787617205007017485 0.150225214625103520
-0.561733543024877657 -0.787072342952830573 0.149847713185584097
-0.562752640302970231 -0.786257481467616648 0.149471871835801767
-0.563763961463202179 -0.785445577587138954 0.149097692843338375
-0.564433864431099996 -0.784905974283579333 0.148725178465746399
-0.565432263970921722 -0.784099103726169755 0.148354330950535129
-0.566422930020647142 -0.783295318360070159 0.147985152535156927
-0.567079083752003554 -0.782761200466488560 0.147617645446993906
-0.568056886805456962 -0.781962670624911427 0.147251811903344576
-0.569026985014940534 -0.781167364342688519 0.146887654111410415
-0.569669440670012683 -0.780638977666864964 0.146525174268282266
-0.570626714585237838 -0.779849164517584792 0.146164374560927651
-0.571576302401017977 -0.779062720932110708 0.145805257166176955
-0.572205093542554555 -0.778540324840347076 0.145447824250710761
-0.573141882713114947 -0.777759621918728383 0.145092077971046479
-0.573762145717599426 -0.777241105246218922 0.144738020473525603
-0.574686148695620402 -0.776466300154052602 0.144385653894300470
-0.575297891463039557 -0.775951767853729990 0.144034980359321579
-0.576209119931416436 -0.775183017888730119 0.143686001984324796
-0.576812350384486416 -0.774672574511316325 0.143338720874818359
-0.577710816850447229 -0.773910035631172888 0.142993139126070229
-0.578305543981239678 -0.773403784341574196 0.142649258823095815
-0.579191263308947213 -0.772647609699018467 0.142307082040644906
-0.579777498171418548 -0.772145651311267334 0.141966610843189456
-0.580650489033188499 -0.771395989818332128 0.141627847284910818
-0.581228245680106670 -0.770898421852108773 0.141290793409687837
-0.582088531907014151 -0.770155416795498038 0.140955451251084163
-0.582657828252154286 -0.769662332575805852 0.140621822832335985
-0.583505440068120995 -0.768926120303008775 0.140289910166339848
-0.584066298669817408 -0.768437608109094228 0.139959715255640799
-0.584623789664490578 -0.767950948162591795 0.139631240092419895
-0.585453722554362010 -0.767224459077727738 0.139304486658482385
-0.586002816489045841 -0.766742484789943779 0.138979456925245687
-0.586548561415904057 -0.766262405637550992 0.138656152853727538
-0.587360913152023212 -0.765545864743397919 0.138334576394534364
-0.587898313729448452 -0.765070571554350209 0.138014729487848986
-0.588432388968749054 -0.764597210721882359 0.137696614063419348
-0.589227283904692256 -0.763890813304436866 0.137380232040546862
-0.589753080714565669 -0.763422323834347272 0.137065585328074641
-0.590275581320159781 -0.762955797713465778 0.136752675824376058
-0.590794795085108349 -0.762491242591514129 0.136441505417343317
-0.591567474540634297 -0.761798120912083876 0.136132075984376016
-0.592078515247075665 -0.761338523131496192 0.135824389392369904
-0.592586305584433592 -0.760880918753680913 0.135518447497705474
-0.593090857031999708 -0.760425312911101603 0.135214252146237057
-0.593592181540507080 -0.759971710163440561 0.134911805173281107
-0.594338145075760438 -0.759295070417611240 0.134611108403605934
-0.594831457563860244 -0.758846491610395191 0.134312163651419847
-0.595321588580626337 -0.758399927358387571 0.134014972720361059
-0.595808552141804615 -0.757955379648660221 0.133719537403486022
-0.596292362703172873 -0.757512849904294794 0.133425859483258913
-0.596773035159567589 -0.757072338981573223 0.133133940731541361
-0.597250584833510789 -0.756633847177703101 0.132843782909580932
-0.597961088672973928 -0.755979894609106973 0.132555387768000910
-0.598430901152692041 -0.755546448282257699 0.132268757046789781
-0.598897647717979043 -0.755115017789762755 0.131983892475290826
-0.599361345499599296 -0.754685600986907401 0.131700795772191348
-0.599822012002538818 -0.754258195205391502 0.131419468645512461
-0.600279665094056503 -0.753832797262478538 0.131139912792598762
-0.600734322987614977 -0.753409403474602613 0.130862129900108481
-0.601186004235704785 -0.752988009661981983 0.130586121644002573
-0.601634727713584283 -0.752568611162636181 0.130311889689535138
-0.602080512604964424 -0.752151202844693945 0.130039435691243210
-0.602523378395715126 -0.751735779110486280 0.129768761292936907
-0.602963344850217742 -0.751322333918824192 0.129499868127689266
-0.603400432006649723 -0.750910860787702861 0.129232757817826449
-0.603834660158919845 -0.750501352811190015 0.128967431974918306
-0.604050708516787771 -0.750297333485004381 0.128703892199768077
-0.604480686739680584 -0.749890759394711282 0.128442140082403289
-0.604907857723856912 -0.749486131419230817 0.128182177202065650
-0.605332242552278910 -0.749083441265574912 0.127924005127202034
-0.605753862504551099 -0.748682680271145262 0.127667625415454483
-0.606172739039008479 -0.748283839421435060 0.127413039613651358
-0.606588893783264971 -0.747886909358673524 0.127160249257797620
-0.606795957285092613 -0.747689157858104636 0.126909255873065646
-0.607208070232090336 -0.747295075712630652 0.126660060973786071
-0.607617516105818378 -0.746902879549576681 0.126412666063438650
-0.608024317021662819 -0.746512558913224100 0.126167072634643274
-0.608428495203134356 -0.746124103065609168 0.125923282169150691
-0.608629607740953760 -0.745930571006705123 0.125681296137833798
-0.609029893702871417 -0.745544891614852046 0.125441116000678810
-0.609427612896646598 -0.745161048998552844 0.125202743206776296
-0.609822787839672698 -0.744779031518521317 0.124966179194312452
-0.610019428270913600 -0.744588703503050509 0.124731425390560466
-0.610410829187808868 -0.744209401396633163 0.124498483211871971
-0.610799742386537337 -0.743831894335977961 0.124267354063668414
-0.610993273177364848 -0.743643810080466316 0.124038039340432532
-0.611378497332375592 -0.743268972272165263 0.123810540425700069
-0.611761290512732092 -0.742895898141706312 0.123584858692051325
-0.611951782588118887 -0.742710018441111286 0.123360995501102993
-0.612330971912577238 -0.742339565646518929 0.123138952203499741
-0.612519674843667428 -0.742154989271342935 0.122918730138906251
-0.612895311440309065 -0.741787128293148634 0.122700330635999083
-0.613268607936086174 -0.741420978536818209 0.122483755012458659
-0.613454385736176833 -0.741238541155405661 0.122269004574961190
-0.613824214606549234 -0.740874932888100801 0.122056080619171087
-0.614008271336351497 -0.740693758579392680 0.121844984429732739
-0.614374683519399278 -0.740332660993580194 0.121635717280263234
-0.614557044618351811 -0.740152734247011557 0.121428280433344166
-0.614920090920078710 -0.739794116123678958 0.121222675140514505
-0.615100781751588999 -0.739615421234634640 0.121018902642262602
-0.615460512817477934 -0.739259250977795990 0.120816964168019139
-0.615639558658549690 -0.739081772060859454 0.120616860936149317
-0.615818061768985459 -0.738904694909755855 0.120418594153945749
-0.616173450970388448 -0.738551738740700237 0.120222165017621091
-0.616350342634286008 -0.738375856129912855 0.120027574712300855
-0.616702533993837232 -0.738025272828270906 0.119834824412016289
-0.616877839236394054 -0.737850568513234939 0.119643915279697144
-0.617052621210851804 -0.737676253331345566 0.119454848467164781
-0.617400626397593855 -0.737328783066335980 0.119267625115125314
-0.617573855118627946 -0.737155624321745195 0.119082246353162544
-0.617918778546081349 -0.736810450427125341 0.118898713299731174
-0.618090478729525827 -0.736638431591706055 0.118717027062150135
-0.618261674868511024 -0.736466789034312064 0.118537188736595883
-0.618432369687046402 -0.736295520903905043 0.118359199408095833
-0.618772266233460377 -0.735954100499653929 0.118183060150521657
-0.618941473380875573 -0.735783944506964604 0.118008772026582914
-0.619110190049308562 -0.735614155501018274 0.117836336087820667
-0.619278418933215891 -0.735444731615340519 0.117665753374601195
-0.619613424098126697 -0.735106971721420921 0.117497024916109374
-0.619780205738866163 -0.734938631965027400 0.117330151730342946
-0.619946510314434152 -0.734770649832794165 0.117165134824105996
-0.620112340490140967 -0.734603023443181513 0.117001975193003135
-0.620277698921915976 -0.734435750915682917 0.116840673821433358
-0.620607011153711863 -0.734102259904500620 0.116681231682584041
-0.620770970235448027 -0.733936037646606976 0.116523649738425272
-0.620934468137961493 -0.733770161701073897 0.116367928939703880
-0.621097507486359279 -0.733604630175160533 0.116214070225937813
-0.621260090896302075 -0.733439441177443863 0.116062074525410328
-0.621422220979132578 -0.733274592812133585 0.115911942755164490
-0.621583900337118078 -0.733110083184431383 0.115763675820997711
-0.621745131566832643 -0.732945910396742839 0.115617274617456051
-0.621905917258223750 -0.732782072549804209 0.115472740027829104
-0.622066259989857429 -0.732618567748000049 0.115330072924144461
-0.622226162338783140 -0.732455394088404876 0.115189274167162514
-0.622385626869389252 -0.732292549673217330 0.115050344606371285
-0.622544656141791775 -0.732130032600502467 0.114913285079981331
-0.622703252707957788 -0.731967840968480998 0.114778096414920497
-0.622861419109866699 -0.731805972877675015 0.114644779426829185
-0.623019157884204589 -0.731644426425661742 0.114513334920055415
-0.623176471559467648 -0.731483199710384557 0.114383763687649603
-0.623333362654689194 -0.731322290831578181 0.114256066511360263
-0.623489833682251637 -0.731161697887683926 0.114130244161628980
-0.623645887143993383 -0.731001418980248063 0.114006297397585929
-0.623801525537087453 -0.730841452207363851 0.113884226967045130
-0.623956751346955718 -0.730681795671579648 0.113764033606500142
-0.624111567052146876 -0.730522447474689196 0.113645718041119337
-0.624111567052146876 -0.730522447474689196 0.113529280984741868
-0.624265975121335415 -0.730363405720867775 0.113414723139873122
-0.624419978016674371 -0.730204668513106281 0.113302045197680529
-0.624573578187629597 -0.730046233960151003 0.113191247837989437
-0.624726778078555256 -0.729888100168001097 0.113082331729278909
-0.624726778078555256 -0.729888100168001097 0.112975297528677909
-0.624879580120832223 -0.729730265248814236 0.112870145881961009
-0.625031986740274492 -0.729572727312610469 0.112766877423544909
-0.625184000350882063 -0.729415484474340570 0.112665492776484119
-0.625184000350882063 -0.729415484474340570 0.112565992552467672
-0.625335623355522841 -0.729258534853133522 0.112468377351815099
-0.625486858151607761 -0.729101876566023654 0.112372647763472971
-0.625486858151607761 -0.729101876566023654 0.112278804365011281
-0.625637707123209541 -0.728945507736782905 0.112186847722619942
-0.625788172644777818 -0.728789426491832204 0.112096778391105545
-0.625788172644777818 -0.728789426491832204 0.112008596913887773
-0.625938257080841387 -0.728633630960614176 0.111922303822996186
-0.626087962785944363 -0.728478119275685954 0.111837899639067123
-0.626087962785944363 -0.728478119275685954 0.111755384871340541
-0.626237292102714505 -0.728322889574962717 0.111674760017656721
-0.626237292102714505 -0.728322889574962717 0.111596025564453569
-0.626386247364304816 -0.728167939999004199 0.111519181986763555
-0.626534830891898098 -0.728013268693887161 0.111444229748210735
-0.626534830891898098 -0.728013268693887161 0.111371169301008127
-0.626683044995580141 -0.727858873810243501 0.111300001085954892
-0.626683044995580141 -0.727858873810243501 0.111230725532433697
-0.626830891974315296 -0.727704753503336743 0.111163343058408165
-0.626830891974315296 -0.727704753503336743 0.111097854070420235
-0.626830891974315296 -0.727704753503336743 0.111034258963587817
-0.626978374115202630 -0.727550905934032266 0.110972558121602394
-0.626978374115202630 -0.727550905934032266 0.110912751916726629
-0.627125493694052127 -0.727397329268014925 0.110854840709792277
-0.627125493694052127 -0.727397329268014925 0.110798824850197819
-0.627272252972867483 -0.727244021678888908 0.110744704675906469
-0.627272252972867483 -0.727244021678888908 0.110692480513444172
-0.627272252972867483 -0.727244021678888908 0.110642152677897440
-0.627418654204387360 -0.727090981342938925 0.110593721472911730
-0.627418654204387360 -0.727090981342938925 0.110547187190689372
-0.627418654204387360 -0.727090981342938925 0.110502550111987896
-0.627564699625522193 -0.726938206446701374 0.110459810506118417
-0.627564699625522193 -0.726938206446701374 0.110418968630943887
-0.627564699625522193 -0.726938206446701374 0.110380024732877557
-0.627564699625522193 -0.726938206446701374 0.110342979046881562
-0.627710391462355854 -0.726785695181307201 0.110307831796465444
-0.627710391462355854 -0.726785695181307201 0.110274583193684828
-0.627710391462355854 -0.726785695181307201 0.110243233439140137
-0.627710391462355854 -0.726785695181307201 0.110213782721975392
-0.627855731927756122 -0.726633445745268558 0.110186231219877029
-0.627855731927756122 -0.726633445745268558 0.110160579099072869
-0.627855731927756122 -0.726633445745268558 0.110136826514331099
-0.627855731927756122 -0.726633445745268558 0.110114973608959388
-0.627855731927756122 -0.726633445745268558 0.110095020514803896
-0.627855731927756122 -0.726633445745268558 0.110076967352248589
-0.628000723221942558 -0.726481456343842869 0.110060814230214563
-0.628000723221942558 -0.726481456343842869 0.110046561246159164
-0.628000723221942558 -0.726481456343842869 0.110034208486075674
-0.628000723221942558 -0.726481456343842869 0.110023756024492547
-0.628000723221942558 -0.726481456343842869 0.110015203924473198
-0.628000723221942558 -0.726481456343842869 0.110008552237615381
-0.628000723221942558 -0.726481456343842869 0.110003801004051049
-0.628000723221942558 -0.726481456343842869 0.110000950252446050
-0.628000723221942558 -0.726481456343842869 0.110000000000000001
