-0.443559977225480129 0.613616773159319950 0.739999999999999991
-0.443559977225480129 0.613616773159319950 0.739999049747553928
-0.443559977225480129 0.613616773159319950 0.739996198995948928
-0.443559977225480129 0.613616773159319950 0.739991447762384680
-0.443559977225480129 0.613616773159319950 0.739984796075526807
-0.443559977225480129 0.613616773159319950 0.739976243975507431
-0.443559977225480129 0.613616773159319950 0.739965791513924276
-0.443559977225480129 0.613616773159319950 0.739953438753840897
-0.443559977225480129 0.613616773159319950 0.739939185769785457
-0.443559977225480129 0.613616773159319950 0.739923032647751389
-0.443559977225480129 0.613616773159319950 0.739904979485196068
-0.443559977225480129 0.613616773159319950 0.739885026391040590
-0.443559977225480129 0.613616773159319950 0.739863173485668879
-0.443559977225480129 0.613616773159319950 0.739839420900927136
-0.443559977225480129 0.613616773159319950 0.739813768780122949
-0.443559977225480129 0.613616773159319950 0.739786217278024627
-0.443559977225480129 0.613616773159319950 0.739756766560859869
-0.443559977225480129 0.613616773159319950 0.739725416806315206
-0.443559977225480129 0.613616773159319950 0.739692168203534561
-0.443559977225480129 0.613616773159319950 0.739657020953118471
-0.443559977225480129 0.613616773159319950 0.739619975267122420
-0.443559977225480129 0.613616773159319950 0.739581031369056063
-0.443559977225480129 0.613616773159319950 0.739540189493881561
-0.443559977225480129 0.613616773159319950 0.739497449888012137
-0.443559977225480129 0.613616773159319950 0.739452812809310633
-0.443559977225480129 0.613616773159319950 0.739406278527088290
-0.443559977225480129 0.613616773159319950 0.739357847322102524
-0.443559977225480129 0.613616773159319950 0.739307519486555820
-0.443559977225480129 0.613616773159319950 0.739255295324093509
-0.443559977225480129 0.613616773159319950 0.739201175149802103
-0.443559977225480129 0.613616773159319950 0.739145159290207743
-0.443559977225480129 0.613616773159319950 0.739087248083273307
-0.443559977225480129 0.613616773159319950 0.739027441878397529
-0.443559977225480129 0.613616773159319950 0.738965741036412216
-0.443559977225480129 0.613616773159319950 0.738902145929579812
-0.443559977225480129 0.613616773159319950 0.738836656941591730
-0.443559977225480129 0.613616773159319950 0.738769274467566239
-0.443559977225480129 0.613616773159319950 0.738699998914045142
-0.443559977225480129 0.613616773159319950 0.738628830698991878
-0.443559977225480129 0.613616773159319950 0.738555770251789201
-0.443559977225480129 0.613616773159319950 0.738480818013236395
-0.443559977225480129 0.613616773159319950 0.738403974435546395
-0.443559977225480129 0.613616773159319950 0.738325239982343340
-0.443559977225480129 0.613616773159319950 0.738244615128659576
-0.443559977225480129 0.613616773159319950 0.738162100360932882
-0.443559977225480129 0.613616773159319950 0.738077696177003806
-0.443559977225480129 0.613616773159319950 0.737991403086112219
-0.443559977225480129 0.613616773159319950 0.737903221608894433
-0.443559977225480129 0.613616773159319950 0.737813152277379980
-0.443559977225480129 0.613616773159319950 0.737721195634988725
-0.443559977225480129 0.613616773159319950 0.737627352236526979
-0.443559977225480129 0.613616773159319950 0.737531622648184837
-0.443559977225480129 0.613616773159319950 0.737434007447532291
-0.443559977225480129 0.613616773159319950 0.737334507223515900
-0.443559977225480129 0.613616773159319950 0.737233122576455124
-0.443559977225480129 0.613616773159319950 0.737129854118038996
-0.443559977225480129 0.613616773159319950 0.737024702471322124
-0.443559977225480129 0.613616773159319950 0.736917668270721027
-0.443559977225480129 0.613616773159319950 0.736808752162010583
-0.443559977225480129 0.613616773159319950 0.736697954802319477
-0.443559977225480129 0.613616773159319950 0.736585276860126870
-0.443559977225480129 0.613616773159319950 0.736470719015258179
-0.443559977225480129 0.613616773159319950 0.736354281958880641
-0.443559977225480129 0.613616773159319950 0.736235966393499863
-0.443559977225480129 0.613616773159319950 0.736115773032954834
-0.443559977225480129 0.613616773159319950 0.735993702602414035
-0.443559977225480129 0.613616773159319950 0.735869755838370998
-0.443559977225480129 0.613616773159319950 0.735743933488639756
-0.443559977225480129 0.613616773159319950 0.735616236312350402
-0.443559977225480129 0.613616773159319950 0.735486665079944646
-0.443559977225480129 0.613616773159319950 0.735355220573170709
-0.443559977225480129 0.613616773159319950 0.735221903585079439
-0.443559977225480129 0.613616773159319950 0.735086714920018758
-0.443559977225480129 0.613616773159319950 0.734949655393628665
-0.443559977225480129 0.613616773159319950 0.734810725832837464
-0.443559977225480129 0.613616773159319950 0.734669927075855544
-0.443559977225480129 0.613616773159319950 0.734527259972170943
-0.443559977225480129 0.613616773159319950 0.734382725382543899
-0.443559977225480129 0.613616773159319950 0.734236324179002309
-0.443559977225480129 0.613616773159319950 0.734088057244835501
-0.443559977225480129 0.613616773159319950 0.733937925474589692
-0.443559977225480129 0.613616773159319950 0.733785929774062096
-0.443559977225480129 0.613616773159319950 0.733632071060296154
-0.443559977225480129 0.613616773159319950 0.733476350261574761
-0.443559977225480129 0.613616773159319950 0.733318768317415937
-0.443559977225480129 0.613616773159319950 0.733159326178566717
-0.443559977225480129 0.613616773159319950 0.732998024806996828
-0.443559977225480129 0.613616773159319950 0.732834865175894024
-0.443559977225480129 0.613616773159319950 0.732669848269657087
-0.443559977225480129 0.613616773159319950 0.732502975083890617
-0.443559977225480129 0.613616773159319950 0.732334246625398921
-0.443559977225480129 0.613616773159319950 0.732163663912179352
-0.443559977225480129 0.613616773159319950 0.731991227973417091
-0.443559977225480129 0.613616773159319950 0.731816939849478376
-0.443559977225480129 0.613616773159319950 0.731640800591904172
-0.443559977225480129 0.613616773159319950 0.731462811263404067
-0.443559977225480129 0.613616773159319950 0.731282972937849940
-0.443559977225480129 0.613616773159319950 0.731101286700268749
-0.443559977225480129 0.613616773159319950 0.730917753646837420
-0.443559977225480129 0.613616773159319950 0.730732374884874636
-0.443559977225480129 0.613616773159319950 0.730545151532835280
-0.443559977225480129 0.613616773159319950 0.730356084720302889
-0.443559977225480129 0.613616773159319950 0.730165175587983772
-0.443559977225480129 0.613616773159319950 0.729972425287699123
-0.443559977225480129 0.613616773159319950 0.729777834982378915
-0.443559977225480129 0.613616773159319950 0.729581405846054243
-0.443559977225480129 0.613616773159319950 0.729383139063850661
-0.443559977225480129 0.613616773159319950 0.729183035831980852
-0.443559977225480129 0.613616773159319950 0.728981097357737307
-0.443559977225480129 0.613616773159319950 0.728777324859485542
-0.443559977225480129 0.613616773159319950 0.728571719566655895
-0.443559977225480129 0.613616773159319950 0.728364282719736744
-0.443559977225480129 0.613616773159319950 0.728155015570267294
-0.443559977225480129 0.613616773159319950 0.727943919380828919
-0.443559977225480129 0.613616773159319950 0.727730995425038829
-0.443559977225480129 0.613616773159319950 0.727516244987541416
-0.443559977225480129 0.613616773159319950 0.727299669364000922
-0.443559977225480129 0.613616773159319950 0.727081269861093782
-0.443559977225480129 0.613616773159319950 0.726861047796500293
-0.443559977225480129 0.613616773159319950 0.726639004498896957
-0.443559977225480129 0.613616773159319950 0.726415141307948709
-0.443559977225480129 0.613616773159319950 0.726189459574299923
-0.443559977225480129 0.613616773159319950 0.725961960659567529
-0.443559977225480129 0.613616773159319950 0.725732645936331688
-0.443559977225480129 0.613616773159319950 0.725501516788128020
-0.443559977225480129 0.613616773159319950 0.725268574609439609
-0.443559977225480129 0.613616773159319950 0.725033820805687568
-0.443559977225480129 0.613616773159319950 0.724797256793223710
-0.443559977225480129 0.613616773159319950 0.724558883999321224
-0.443559977225480129 0.613616773159319950 0.724318703862166235
-0.443559977225480129 0.613616773159319950 0.724076717830849370
-0.443559977225480129 0.613616773159319950 0.723832927365356760
-0.443559977225480129 0.613616773159319950 0.723587333936561383
-0.443559977225480129 0.613616773159319950 0.723339939026213963
-0.443559977225480129 0.613616773159319950 0.723090744126934415
-0.443559977225480129 0.613616773159319950 0.722839750742202303
-0.443559977225480129 0.613616773159319950 0.722586960386348620
-0.443559977225480129 0.613616773159319950 0.722332374584545467
-0.443559977225480129 0.613616773159319950 0.722075994872797944
-0.443559977225480129 0.613616773159319950 0.721817822797934383
-0.443559977225480129 0.613616773159319950 0.721557859917596800
-0.443559977225480129 0.613616773159319950 0.721296107800231900
-0.443559977225480129 0.613616773159319950 0.721032568025081755
-0.443559977225480129 0.613616773159319950 0.720767242182173473
-0.443559977225480129 0.613616773159319950 0.720500131872310767
-0.443559977225480129 0.613616773159319950 0.720231238707063071
-0.443559977225480129 0.613616773159319950 0.719960564308756767
-0.443559977225480129 0.613616773159319950 0.719688110310464868
-0.443559977225480129 0.613616773159319950 0.719413878355997460
-0.443559977225480129 0.613616773159319950 0.719137870099891496
-0.443559977225480129 0.613616773159319950 0.718860087207401133
-0.443559977225480129 0.613616773159319950 0.718580531354487628
-0.443559977225480129 0.613616773159319950 0.718299204227808685
-0.443559977225480129 0.613616773159319950 0.718016107524709124
-0.443559977225480129 0.613616773159319950 0.717731242953210224
-0.443559977225480129 0.613616773159319950 0.717444612231999179
-0.443559977225480129 0.613616773159319950 0.717156217090419101
-0.443559977225480129 0.613616773159319950 0.716866059268458589
-0.443559977225480129 0.613616773159319950 0.716574140516741065
-0.443559977225480129 0.613616773159319950 0.716280462596514012
-0.443559977225480129 0.613616773159319950 0.715985027279638975
-0.443559977225480129 0.613616773159319950 0.715687836348580131
-0.443559977225480129 0.613616773159319950 0.715388891596394072
-0.443559977225480129 0.613616773159319950 0.715088194826718926
-0.443559977225480129 0.613616773159319950 0.714785747853762921
-0.443559977225480129 0.613616773159319950 0.714481552502294504
-0.443559977225480129 0.613616773159319950 0.714175610607630129
-0.443559977225480129 0.613616773159319950 0.713867924015623934
-0.443559977225480129 0.613616773159319950 0.713558494582656633
-0.443559977225480129 0.613616773159319950 0.713247324175623976
-0.443559977225480129 0.613616773159319950 0.712934414671925309
-0.443559977225480129 0.613616773159319950 0.712619767959453143
-0.443559977225480129 0.613616773159319950 0.712303385936580713
-0.443559977225480129 0.613616773159319950 0.711985270512151103
-0.443559977225480129 0.613616773159319950 0.711665423605465697
-0.443559977225480129 0.613616773159319950 0.711343847146272412
-0.443559977225480129 0.613616773159319950 0.711020543074754374
-0.443559977225480129 0.613616773159319950 0.710695513341517593
-0.443559977225480129 0.613616773159319950 0.710368759907580083
-0.443559977225480129 0.613616773159319950 0.710040284744359096
-0.443559977225480129 0.613616773159319950 0.709710089833660129
-0.443559977225480129 0.613616773159319950 0.709378177167664048
-0.443559977225480129 0.613616773159319950 0.709044548748915870
-0.443559977225480129 0.613616773159319950 0.708709206590312113
-0.443559977225480129 0.613616773159319950 0.708372152715089243
-0.443559977225480129 0.613616773159319950 0.708033389156810689
-0.443559977225480129 0.613616773159319950 0.707692917959355072
-0.443559977225480129 0.613616773159319950 0.707350741176904108
-0.443559977225480129 0.613616773159319950 0.707006860873929721
-0.443559977225480129 0.613616773159319950 0.706661279125181618
-0.443559977225480129 0.613616773159319950 0.706313998015675182
-0.443559977225480129 0.613616773159319950 0.705965019640678482
-0.443559977225480129 0.613616773159319950 0.705614346105699508
-0.443559977225480129 0.613616773159319950 0.705261979526474403
-0.443559977225480129 0.613616773159319950 0.704907922028953582
-0.443559977225480129 0.613616773159319950 0.704552175749289300
-0.443559977225480129 0.613616773159319950 0.704194742833822995
-0.443559977225480129 0.613616773159319950 0.703835625439072410
-0.443559977225480129 0.613616773159319950 0.703474825731717712
-0.443559977225480129 0.613616773159319950 0.703112345888589618
-0.443559977225480129 0.613616773159319950 0.702748188096655402
-0.443559977225480129 0.613616773159319950 0.702382354553006127
-0.443559977225480129 0.613616773159319950 0.702014847464843106
-0.443559977225480129 0.613616773159319950 0.701645669049464793
-0.443559977225480129 0.613616773159319950 0.701274821534253578
-0.443559977225480129 0.613616773159319950 0.700902307156661686
-0.443559977225480129 0.613616773159319950 0.700528128164198294
-0.443559977225480129 0.613616773159319950 0.700152286814415881
-0.443559977225480129 0.613616773159319950 0.699774785374896457
-0.443559977225480129 0.613616773159319950 0.699395626123237801
-0.443559977225480129 0.613616773159319950 0.699014811347040133
-0.443559977225480129 0.613616773159319950 0.698632343343891682
-0.443559977225480129 0.613616773159319950 0.698248224421355368
-0.443559977225480129 0.613616773159319950 0.697862456896954697
-0.443559977225480129 0.613616773159319950 0.697475043098159664
-0.443559977225480129 0.613616773159319950 0.697085985362372984
-0.443559977225480129 0.613616773159319950 0.696695286036915662
-0.443559977225480129 0.613616773159319950 0.696302947479013001
-0.443559977225480129 0.613616773159319950 0.695908972055780284
-0.443559977225480129 0.613616773159319950 0.695513362144208891
-0.443559977225480129 0.613616773159319950 0.695116120131151316
-0.443559977225480129 0.613616773159319950 0.694717248413307176
-0.443559977225480129 0.613616773159319950 0.694316749397208888
-0.443559977225480129 0.613616773159319950 0.693914625499206461
-0.443559977225480129 0.613616773159319950 0.693510879145453840
-0.443559977225480129 0.613616773159319950 0.693105512771893584
-0.443559977225480129 0.613616773159319950 0.692698528824242432
-0.443559977225480129 0.613616773159319950 0.692289929757976541
-0.443559977225480129 0.613616773159319950 0.691879718038316605
-0.443559977225480129 0.613616773159319950 0.691467896140213090
-0.443559977225480129 0.613616773159319950 0.691054466548331137
-0.443559977225480129 0.613616773159319950 0.690639431757035682
-0.443559977225480129 0.613616773159319950 0.690222794270376361
-0.443023323283332271 0.614584866608119396 0.689804556602072627
-0.442206705969993230 0.616050862470602034 0.689384721275498102
-0.441375544394384978 0.617534425289939959 0.688963290823665919
-0.440529150729180585 0.619036655872469921 0.688540267789212845
-0.439666791321193240 0.620558705429555491 0.688115654724384629
-0.438787639106034466 0.622101785483704539 0.687689454191019900
-0.437894473536767137 0.623666579948760069 0.687261668760535072
-0.436976664553346938 0.625255962877816596 0.686832301013909019
-0.435726574157193736 0.627413611654047076 0.686401353541667092
-0.434765239313285978 0.629063022785766313 0.685968828943865794
-0.433782362955584588 0.630740854870876833 0.685534729830076905
-0.432776855453728404 0.632448712494145249 0.685099058819371831
-0.431747566970443031 0.634188277155785074 0.684661818540305611
-0.430693279813866181 0.635961312309912707 0.684223011630901601
-0.429246433132599969 0.638380635832318855 0.683782640738634817
-0.428128654346341619 0.640239125110789620 0.683340708520416507
-0.426981250623175490 0.642137621399414105 0.682897217642577936
-0.425802639153446461 0.644078305046551614 0.682452170780854406
-0.424591134174718887 0.646063468879190417 0.682005570620368706
-0.422921503163399048 0.648783733003647667 0.681557419855615576
-0.421626047787995173 0.650882285977197883 0.681107721190444715
-0.420291221400072801 0.653033868382645766 0.680656477338045240
-0.418914783058036089 0.655241348526350187 0.680203691020928702
-0.417010629307098202 0.658276859105917489 0.679749364970912762
-0.415527460855845909 0.660626819678236665 0.679293501929105314
-0.413993978097516091 0.663043427638704719 0.678836104645886729
-0.411865774833456655 0.666375539475345113 0.678377175880894634
-0.410202650604056307 0.668962112814045273 0.677916718403006269
-0.408478119740591616 0.671628243739531006 0.677454734990322271
-0.406076410753019923 0.675314431122309045 0.676991228430149805
-0.404192811802371321 0.678183638837839053 0.676526201518985459
-0.401562619380749997 0.682158178606094179 0.676059657062499042
-0.399494196311543315 0.685257719922012343 0.675591597875515815
-0.397337354071388371 0.688465290602056856 0.675122026782000395
-0.394313146397183512 0.692920670913681924 0.674650946615038660
-0.391924700661793246 0.696404634156432611 0.674178360216821981
-0.388565089989683254 0.701253143050281968 0.673704270438628683
-0.385903011954872532 0.705051691352238219 0.673228680140807945
-0.383108355967763492 0.708998164906648465 0.672751592192761816
-0.379157549803327498 0.714505142919049319 0.672273009472928451
-0.376010661179968897 0.718831079210287882 0.671792934868764235
-0.371544443688025194 0.724878730220709699 0.671311371276726909
-0.367972524005077684 0.729638014865959694 0.670828321602257471
-0.362881265304286993 0.736303383021193913 0.670343788759763304
-0.358791251753290019 0.741557892981877576 0.669857775672599853
-0.352933953965713587 0.748929179860758243 0.669370285273053756
-0.346559805297771917 0.756747968185043418 0.668881320502324628
-0.341398475450420125 0.762926585263976165 0.668390884310507527
-0.333944730937006273 0.771613414304097689 0.667898979656575076
-0.327874812587250597 0.778485827690712506 0.667405609508359698
-0.319056066496350488 0.788156724161163891 0.666910776842535635
-0.311829719804277261 0.795812149419570569 0.666414484644600846
-0.301261647804663579 0.806586561441968497 0.665916735908859470
-0.289469775875252078 0.818041882242598439 0.665417533638403169
-0.279701455029674972 0.827098596396327324 0.664916880845093483
-0.265252081928614936 0.839811393239706772 0.664414780549543171
-0.248911907698897011 0.853257298848868695 0.663911235781098785
-0.235212763199219327 0.863812467315257848 0.663406249577821461
-0.214698248876803499 0.878470606930864761 0.662899824986468933
-0.191172012924277879 0.893697061954154659 0.662391965062477772
-0.171210445676809458 0.905379215701945683 0.661882672869943733
-0.140970271113821599 0.921064273666023503 0.661371951481604547
-0.105875043122758028 0.936442664176539097 0.660859803978820493
-0.075839744626548300 0.947357532745399133 0.660346233451555964
-0.030069223224302832 0.960260059932642962 0.659831242998361267
0.023143422562973970 0.969907500884194529 0.659314835726353410
0.084664935742628067 0.974187212363593846 0.658797014751197674
0.136567871366410132 0.972140303574475229 0.658277783197088628
0.213252245725355893 0.959389748479915871 0.657757144196731369
0.296988156046622265 0.931019246878727280 0.657235100891322421
0.383996008123320465 0.882177531283102279 0.656711656430531421
0.447456016331398754 0.829634416355072291 0.656186813972481464
0.522155092262934217 0.737065602830681565 0.655660576683730012
0.575530499154971342 0.621431091991305751 0.655132947739250349
0.598037432471606789 0.491194588106464158 0.654603930322411820
0.585236581375667253 0.359401890840361449 0.654073527624961182
0.539900610472718756 0.239700096196846402 0.653541742847002838
0.470732015067277243 0.141951136383715260 0.653008579196979855
0.409839365451301174 0.085645425012928975 0.652474039891654756
0.324717355220637494 0.032690358785819426 0.651938128156089536
0.241883818586993649 0.001552086889581500 0.651400847223626678
0.165804425831705043 -0.012684373177704295 0.650862200335869279
0.098442221716633277 -0.014779934186346592 0.650322190742662065
0.040139083668376638 -0.008673298773003591 0.649780821702071409
-0.009646847898954886 0.002658469657085234 0.649238096480365567
-0.051847642584665413 0.017090318072384782 0.648694018351995028
-0.087499381101565119 0.033164180496154966 0.648148590599572971
-0.117595849912313671 0.049910023158247732 0.647601816513855399
-0.143025214938335699 0.066700767159040164 0.647053699393721038
-0.164551448862679139 0.083144193081952977 0.646504242546151686
-0.182817684284013904 0.099006044039283286 0.645953449286212344
-0.198358884709926464 0.114156781214799621 0.645401322937030675
-0.211617323314990918 0.128535316123167959 0.644847866829777683
-0.222957763776937157 0.142124562996033876 0.644293084303647068
-0.232681042669023869 0.154935079323769598 0.643736978705835461
-0.241035661183795158 0.166994186298186520 0.643179553391521885
-0.248227419999821952 0.178338781389801609 0.642620811723847774
-0.254427307275046810 0.189010630674880498 0.642060757073896426
-0.259777902096532898 0.199053323148202871 0.641499392820673031
-0.264398550749125993 0.208510336778625294 0.640936722351083898
-0.268389544712736683 0.217423846245082819 0.640372749059916258
-0.271835494060714777 0.225834023390848793 0.639807476349817827
-0.274808055558027120 0.233778662816318927 0.639240907631276056
-0.277368144304942776 0.241293019752965104 0.638673046322597582
-0.280066661374357651 0.250130442515539286 0.638103895849887803
-0.281877437248597928 0.256792380064805814 0.637533459647030010
-0.283419125226562985 0.263121288671735176 0.636961741155665062
-0.284723472991342208 0.269142162067689816 0.636388743825169967
-0.285817938402749439 0.274877930010567484 0.635814471112637336
-0.286726334502649227 0.280349614522637736 0.635238926482855071
-0.287469366586825481 0.285576482566666401 0.634662113408284490
-0.288192884198428312 0.291792552894560742 0.634084035369040122
-0.288626383991694491 0.296530914634634102 0.633504695852868616
-0.288945305331642588 0.301076658613945114 0.632924098355127196
-0.289161363717445385 0.305443109719028771 0.632342246378763129
-0.289284856625871167 0.309642499656927361 0.631759143434292514
-0.289322758961299553 0.314673835574852401 0.631174793039778748
-0.289269503381563542 0.318537039602160010 0.630589198720811650
-0.289149426823955391 0.322266495323675406 0.630002364010486038
-0.288968575992987475 0.325870765964625830 0.629414292449380408
-0.288665140643508011 0.330212021043742421 0.628824987585535511
-0.288366185744005299 0.333562534079219319 0.628234452974433477
-0.288021718721854281 0.336811326677517286 0.627642692178975614
-0.287532599388255983 0.340738478176707382 0.627049708769460978
-0.287098326090770906 0.343779899326148608 0.626455506323565503
-0.286628864308579479 0.346737702999565855 0.625860088426319683
-0.285996257877239701 0.350324507207177838 0.625263458670087813
-0.285456158639992685 0.353110851570381301 0.624665620654545006
-0.284887865069558655 0.355827642287680601 0.624066577986656545
-0.284140352883684943 0.359131389392226219 0.623466334280656009
-0.283514384994322910 0.361704706893058114 0.622864893158023070
-0.282864934851995709 0.364219463152113843 0.622262258247461841
-0.282021771005755428 0.367284924530292767 0.621658433184878789
-0.281323324645709472 0.369678137000339024 0.621053421613361412
-0.280604520639763655 0.372021421343381897 0.620447227183155481
-0.279678473998516142 0.374883754024530336 0.619839853551643394
-0.278916351381238548 0.377122747315583040 0.619231304383322301
-0.277937944520433688 0.379861054181952595 0.618621583349781567
-0.277135147815965266 0.382005511425307975 0.618010694129680793
-0.276107156549791899 0.384631025263943660 0.617398640408728050
-0.275265527191703274 0.386689221496816893 0.616785425879656679
-0.274407058048292685 0.388711398594108193 0.616171054242203975
-0.273310574287272512 0.391190415223825860 0.615555529203088425
-0.272414841755606207 0.393136103515058899 0.614938854475987173
-0.271272156836810385 0.395523086730663609 0.614321033781514036
-0.270339668469562144 0.397397784125454068 0.613702070847196968
-0.269151178901691601 0.399699040175976350 0.613081969407454963
-0.268182082662601573 0.401507369008407944 0.612460733203576524
-0.266947787756055155 0.403728184848625882 0.611838365983696564
-0.265941952214310939 0.405474007424833527 0.611214871502773316
-0.264661545950980348 0.407618783548943653 0.610590253522566684
-0.263618627943108252 0.409305300128988192 0.609964515811614816
-0.262291577258228881 0.411377663899301305 0.609337662145211567
-0.260938321589085420 0.413411113820657206 0.608709696305383963
-0.259836692891743715 0.415010400499654653 0.608080622080868771
-0.258435669835399673 0.416975770848106164 0.607450443267090412
-0.257295502580854873 0.418521474442739572 0.606819163666137418
-0.255845889583043551 0.420420835098472778 0.606186787086739787
-0.254666513591073174 0.421914415409994525 0.605553317344246333
-0.253167470160037045 0.423749364084094304 0.604918758260600598
-0.251640610562029798 0.425549066975666967 0.604283113664319305
-0.250398932524197093 0.426963659831841369 0.603646387390467831
-0.248821404371273869 0.428700653982909130 0.603008583280637778
-0.247538903501780733 0.430065382984777422 0.602369705182924098
-0.245910013808480432 0.431740353463388071 0.601729756951901340
-0.244252333012118045 0.433381066984781071 0.601088742448600111
-0.242905354466233403 0.434669038501994454 0.600446665540484759
-0.241195478930586932 0.436248310568032316 0.599803530101429061
-0.239456447061165839 0.437793518948559279 0.599159340011693797
-0.238044175339308356 0.439005173750942390 0.598514099157902213
-0.236252483767100285 0.440489104318667002 0.597867811433017704
-0.234431488904255747 0.441938980949771854 0.597220480736319392
-0.232953595146022374 0.443074347392737489 0.596572110973379255
-0.231079878507129050 0.444462859208111793 0.595922706056038476
-0.229176933732527094 0.445817227232697399 0.595272269902383133
-0.227244836855956339 0.447137407536617681 0.594620806436721661
-0.225678235281697226 0.448168905179873400 0.593968319589560312
-0.223693925640225388 0.449427428304675691 0.593314813297580179
-0.221680785574868477 0.450651628741812360 0.592660291503612213
-0.219638957960625131 0.451841456265309083 0.592004758156615130
-0.217984941912952673 0.452768535206004741 0.591348217211650096
-0.215891858205517068 0.453896359928746718 0.590690672629857860
-0.213770511577707156 0.454989659888033859 0.590032128378433995
-0.211621045736518826 0.456048371483527892 0.589372588430605804
-0.209881315097397658 0.456870388492500890 0.588712056765608116
-0.207681548303528002 0.457866648362359352 0.588050537368658643
-0.205453969776041884 0.458828079228047414 0.587388034230934886
-0.203198635025112595 0.459754559333799051 0.586724551349549261
-0.200915559882450717 0.460645939410861849 0.586060092727525461
-0.199069107698320230 0.461333649694656345 0.585394662373774133
-0.196735986251127509 0.462161360994907677 0.584728264303068901
-0.194374898110746264 0.462953351443727124 0.584060902536021609
-0.191985644861015187 0.463709304046588833 0.583392581099058893
-0.189567955528097631 0.464428838360152474 0.582723304024396649
-0.187121480229903603 0.465111501392155957 0.582053075350017379
-0.184645784087235865 0.465756758013818384 0.581381899119644441
-0.182643838096569144 0.466245612462486525 0.580709779382718061
-0.180114155170933737 0.466821887802612578 0.580036720194371247
-0.177553533301255645 0.467358733421273598 0.579362725615404806
-0.174961164255627993 0.467855205550335052 0.578687799712263029
-0.172336129677070071 0.468310224997539659 0.578011946557009382
-0.169677396581798090 0.468722564295845190 0.577335170227301964
-0.166983813304146717 0.469090834340766538 0.576657474806368309
-0.164254105326537447 0.469413469932693783 0.575978864382981293
-0.161486871418280081 0.469688714543743668 0.575299343051434375
-0.158680579854879655 0.469914604008094650 0.574618914911516843
-0.156406310100144635 0.470058316615899086 0.573937584068489048
-0.153525423554058127 0.470189685930659074 0.573255354633057546
-0.150600463594400713 0.470264940122648800 0.572572230721350661
-0.147629367331056666 0.470281152073588227 0.571888216454893183
-0.144609922315243722 0.470235087078208991 0.571203315960581826
-0.141539762045904849 0.470123175760393308 0.570517533370660246
-0.138416361216782469 0.469941484001841991 0.569830872822694068
-0.135237030627392729 0.469685679415786150 0.569143338459545789
-0.131998911773723110 0.469350993826631646 0.568454934429350356
-0.128698971094889481 0.468932181125327918 0.567765664885489074
-0.125333993924815257 0.468423469756330424 0.567075533986565739
-0.121900578172154092 0.467818509005139438 0.566384545896380986
-0.118395127849463336 0.467110308084755899 0.565692704783906763
-0.114813846579157011 0.466291166870567486 0.565000014823262009
-0.111152731273438984 0.465352596910572458 0.564306480193686899
-0.107407566302553770 0.464285231134560716 0.563612105079517756
-0.103573918529675651 0.463078720344234751 0.562916893670161955
-0.099647133762439333 0.461721614264025582 0.562220850160072394
-0.095622335350494900 0.460201224480088322 0.561523978748722397
-0.091494425900995602 0.458503466098027612 0.560826283640580292
-0.086397334264829040 0.456209849867870498 0.560127769045084101
-0.082023598823998400 0.454064198847151101 0.559428439176616110
-0.077529071873776292 0.451684388078531451 0.558728298254477340
-0.072907883677725452 0.449048081992146575 0.558027350502862229
-0.068154075151669630 0.446130199181385245 0.557325600150833100
-0.063261672014924636 0.442902499800659544 0.556623051432294513
-0.058224789189213311 0.439333098858607995 0.555919708585968286
-0.053037775978619389 0.435385890441159773 0.555215575855366850
-0.047695416234978971 0.431019864489059379 0.554510657488768932
-0.042193202760466952 0.426188293727054468 0.553804957739192694
-0.036527712247268501 0.420837763439068591 0.553098480864371078
-0.029511175775767701 0.413645209717552587 0.552391231126725279
-0.023483332531572143 0.406924199748050885 0.551683212793339983
-0.017295795700025957 0.399453289835655867 0.550974430135936832
-0.010957924297396504 0.391135289081572468 0.550264887430848670
-0.004485836173582669 0.381857137503175181 0.549554588958994228
0.002094976550889277 0.371486907269763245 0.548843539005852032
0.008746034083148307 0.359870227341662963 0.548131741861434318
0.016738841361245926 0.344027833369682123 0.547419201820261936
0.023309798596594156 0.328986859572882873 0.546705923181337261
0.029668294840834220 0.312001086583584053 0.545991910248119217
0.035637832146481835 0.292768256880573507 0.545277167328497070
0.040969403033748852 0.270935992954673410 0.544561698734763899
0.045312373519173429 0.246097680726722418 0.543845508783591502
0.048511455954488164 0.211671839955275276 0.543128601796003752
0.048658072425360133 0.178538268739000527 0.542410982097350503
0.045426320670102854 0.140811485807573383 0.541692654017281949
0.037379617617154845 0.098041779171492954 0.540973621889721756
0.018558185485608118 0.039756432288078077 0.540253890052841745
-0.007913548518992456 -0.014247585046053213 0.539533462849035028
-0.047828256197933808 -0.071755208145063420 0.538812344624890471
-0.105074914498237262 -0.129645133847123506 0.538090539731165718
-0.183188076374278364 -0.182267944744239241 0.537368052522761430
-0.306309603629780325 -0.226088863017821884 0.536644887358695422
-0.429154508049198191 -0.233681864614831369 0.535921048602074901
-0.559072478922631455 -0.204852774954670414 0.535196540620071826
-0.679707858147648891 -0.136925475595859020 0.534471367783895701
-0.789813994544993458 -0.014310869558420092 0.533745534468767047
-0.842580684141071790 0.104747562485206058 0.533019045053891527
-0.860892810818019827 0.222768539639807195 0.532291903922433307
-0.852130745743574169 0.329205249206261652 0.531564115461488407
-0.818548266720515283 0.435190251648905679 0.530835684062058610
-0.780304509257544687 0.505060160367547195 0.530106614119024488
-0.738438822971210662 0.560180377941061014 0.529376910031119641
-0.687924950185323847 0.610497079767696071 0.528646576200903162
-0.647654438464260074 0.642137978244336161 0.527915617034733886
-0.609926257655613480 0.666646993789706266 0.527184036942743628
-0.568391034653839888 0.688940419112057389 0.526451840338810095
-0.536879427259633335 0.703054972812290457 0.525719031640530909
-0.508021032163237241 0.714119464528065739 0.524985615269196515
-0.481597959579958157 0.722841900183622821 0.524251595649763980
-0.452774566842245929 0.730965550893055704 0.523516977210829459
-0.430890105632894538 0.736251214874423243 0.522781764384602554
-0.410720078778758546 0.740509009285604924 0.522045961606878439
-0.388510886216197393 0.744578816136977961 0.521309573317012220
-0.371467381889377724 0.747305637865570249 0.520572603957891289
-0.355596602557396391 0.749568632916079558 0.519835057975908787
-0.337918126290359166 0.751813068174680410 0.519096939820936853
-0.324192825266613416 0.753381918866734335 0.518358253946300196
-0.308784850830081448 0.754992143591587062 0.517619004808748007
-0.296731157949581992 0.756161152939362369 0.516879196868428425
-0.285313622925500332 0.757211645856032733 0.516138834588860784
-0.272362004593831863 0.758355447746847600 0.515397922436909073
-0.262127467188556895 0.759237356069639491 0.514656464882754738
-0.252347822724292792 0.760073185773325499 0.513914466399869707
-0.241151572963140826 0.761034633921829684 0.513171931464990072
-0.232225725367984415 0.761813892568742657 0.512428864558087671
-0.221949230934545050 0.762735241856213220 0.511685270162344774
-0.213712398358298583 0.763499196225732590 0.510941152764125550
-0.205744213650044055 0.764265055141893801 0.510196516852949977
-0.196503466139231031 0.765192007350739223 0.509451366921466198
-0.189045321974638331 0.765974482624487196 0.508705707465423762
-0.180357889830801726 0.766928647706667466 0.507959542983646317
-0.173316822353858702 0.767738194227354231 0.507212877978004517
-0.166439599451638887 0.768561904911703397 0.506465716953388712
-0.158383465341479845 0.769569874162182477 0.505718064417682078
-0.151818846446852618 0.770426416893480237 0.504969924881733090
-0.144102605957410729 0.771474127670039977 0.504221302859328868
-0.137794499117454422 0.772363489876829235 0.503472202867166985
-0.131587135826836732 0.773267203928429736 0.502722629424828926
-0.124258927637371480 0.774369818308009439 0.501972587054753117
-0.118243153249571076 0.775303005352683372 0.501222080282206495
-0.111122447867468388 0.776438888648297354 0.500471113635258535
-0.105262416456666591 0.777397846153177974 0.499719691644752828
-0.098309702183665859 0.778562100634372589 0.498967818844280431
-0.092575120866764588 0.779542442725804308 0.498215499770152170
-0.085756885910132030 0.780729518186200067 0.497462738961371664
-0.080121973212687075 0.781726430961598329 0.496709540959607176
-0.074524868111086773 0.782729210945450782 0.495955910309165471
-0.067852281941325698 0.783938793489055263 0.495201851556962724
-0.062323778602336510 0.784950723361884095 0.494447369252498770
-0.055722468514197321 0.786168154292660182 0.493692467947828284
-0.050244784652079599 0.787184002928308146 0.492937152197534589
-0.043694901475241799 0.788402985548738222 0.492181426558700674
-0.038252642353929223 0.789417504664293834 0.491425295590883215
-0.031736980291972916 0.790631756362959237 0.490668763856084045
-0.026316789400800400 0.791639734502659231 0.489911835918723060
-0.019820413750290478 0.792843042998006897 0.489154516345610635
-0.014410697250734905 0.793839346544184088 0.488396809705919865
-0.007920650374865779 0.795025613335539449 0.487638720571159257
-0.002511359156983972 0.796005218680259974 0.486880253515145078
0.003983572514502209 0.797168493557473212 0.486121413113973777
0.009401116024646716 0.798126512887552764 0.485362203945993942
0.015910587867614845 0.799261021692553753 0.484602630591779604
0.021343828580216107 0.800192723670120287 0.483842697634101593
0.027876087845630670 0.801292890317164885 0.483082409657900780
0.033331351149620769 0.802193716142486246 0.482321771250259546
0.039893360615747941 0.803254179122203427 0.481560787000374912
0.045375946873108086 0.804119753918780766 0.480799461499530345
0.051973489804149009 0.805135377023238785 0.480037799341068050
0.057487756063502593 0.805961516229832475 0.479275805120361664
0.064125528799587161 0.806927393021725337 0.478513483434788112
0.069674962415017860 0.807710103353296960 0.477750838883700013
0.076356659602477506 0.808621554913862339 0.476987876068398153
0.081943947419514884 0.809357029592891797 0.476224599592103282
0.088672343627431538 0.810209595294137497 0.475461014059928577
0.095427077956335038 0.811028234482966237 0.474697124078852117
0.101076469587743523 0.811683624845697449 0.473932934257688454
0.107880568444232328 0.812436874351625149 0.473168449207061581
0.113571501449313328 0.813036093751366096 0.472403673539376345
0.120425761568461465 0.813719961497795241 0.471638611868791302
0.126158627468772433 0.814259742944972276 0.470873268811190182
0.133063212760186955 0.814870372056417325 0.470107648984154913
0.138837909588238551 0.815347547769459613 0.469341757006936922
0.145792432083426293 0.815881183801897225 0.468575597500429597
0.151608431140265010 0.816292657349352746 0.467809175087140594
0.158612029815309308 0.816745614742628412 0.467042494391163687
0.165641889118576247 0.817153026530440529 0.466275560038151071
0.171519855575938573 0.817456963298342498 0.465508376655285161
0.178596702223258685 0.817778062237936254 0.464740948871250947
0.184513127685869416 0.818008553857951237 0.463973281316208130
0.191635220597785205 0.818239692879758396 0.463205378621762642
0.197588549744966369 0.818393691104761012 0.462437245420939558
0.204753910895488223 0.818531197145763389 0.461668886348154228
0.210742412136001922 0.818605625781027912 0.460900306039185248
0.217948875031774625 0.818645786598721781 0.460131509131145422
0.225176789232221841 0.818631269342644297 0.459362500262455065
0.231215926057155741 0.818576592175914941 0.458593284072812746
0.238481311581051292 0.818458904836930623 0.457823865203168145
0.244550647460210602 0.818316664541195893 0.457054248295693633
0.251851014794898076 0.818091987044756608 0.456284437993756620
0.259169381866186266 0.817807330975536373 0.455514438941891142
0.265281208749391206 0.817523473125002287 0.454744255785770268
0.272630541675318028 0.817125876877280999 0.453973893172177512
0.278767058950892321 0.816746295894907104 0.453203355748979131
0.286144664890600198 0.816231907833382175 0.452432648165096596
0.292303599525883695 0.815753402165242614 0.451661775070477334
0.299706716416065222 0.815118396566605119 0.450890741116067750
0.307122559459142130 0.814416004431940954 0.450119550953784642
0.313311534300077077 0.813778399392803720 0.449348209236487384
0.320748482099891763 0.812949588060181583 0.448576720617949509
0.326953825275223431 0.812205104749611273 0.447805089752831120
0.334408932258962233 0.811246232147171287 0.447033321296650354
0.341872673925344595 0.810214923669203779 0.446261419905755630
0.348098395163112584 0.809299426259042498 0.445489390237297223
0.355575580765427335 0.808132672773573812 0.444717236949199513
0.361811195359068472 0.807102916975233953 0.443944964700132727
0.369298655311745883 0.805797433062086510 0.443172578149484575
0.376790346126445297 0.804414958894345111 0.442400081957332769
0.383035937835204232 0.803203442731841410 0.441627480784416215
0.390532791501059795 0.801677536917697164 0.440854779292107424
0.396781255927118659 0.800345319004126976 0.440081982142383921
0.404279806493058169 0.798673222616249512 0.439309093997800659
0.411777771166190409 0.796920312925442409 0.438536119521461376
0.418024835348739632 0.795397315475954825 0.437763063376990780
0.425518851640260820 0.793494462103325082 0.436989930228506185
0.431761033542822026 0.791845621802337751 0.436216724740589701
0.439247233856760233 0.789790770238244955 0.435443451578259699
0.446727472919562885 0.787652261360796468 0.434670115406943058
0.452955557411949816 0.785805934918291316 0.433896720892446575
0.460421618749262795 0.783512913357212293 0.433123272700929207
0.466636082393991070 0.781537304271387345 0.432349775498873712
0.474083572188256697 0.779088619212027433 0.431576233953058608
0.481518995780730596 0.776554688129468040 0.430802652730529700
0.487704943246023648 0.774377850734291773 0.430029036498572770
0.495114533738322482 0.771687301592241526 0.429255389924684039
0.501276889970849071 0.769379882533157256 0.428481717676543417
0.508655629024017841 0.766532678127462175 0.427708024421985300
0.516015333978009139 0.763600183699973512 0.426934314828971262
0.522132721847395342 0.761091439919253654 0.426160593565560908
0.529453323566957845 0.758003203364133959 0.425386865299884787
0.535535798017086173 0.755365138571410411 0.424613134700115247
0.542811652397902855 0.752122409745080156 0.423839406434439070
0.550060642995294780 0.748796129215881345 0.423065685171028827
0.556079669042902736 0.745960846929480947 0.422291975578014622
0.563274784507867943 0.742483052449864012 0.421518282323456672
0.569246382569539300 0.739522536343417247 0.420744610075315939
0.576381513124356037 0.735895829233146115 0.419970963501427319
0.583481311473329489 0.732189177588525864 0.419197347269470222
0.589369480579980509 0.729039956359726737 0.418423766046941481
0.596399677914346782 0.725189409565235366 0.417650224501126266
0.602227243095789899 0.721921829991957531 0.416876727299070882
0.609181600843033411 0.717931232085682325 0.416103279107553403
0.616091984352623578 0.713866014025981932 0.415329884593057030
0.621815735182953078 0.710422288215581066 0.414556548421740223
0.628640803148230232 0.706223759570376197 0.413783275259410332
0.634290969987647446 0.702670906559473840 0.413010069771493848
0.641024808823351000 0.698343859133363942 0.412236936623009365
0.647706482463655364 0.693948826305192834 0.411463880478538657
0.653233514442540075 0.690235474470029642 0.410690906002199319
0.659815345899469552 0.685719816604297483 0.409918017857616057
0.665256994236386623 0.681908147507179763 0.409145220707892665
0.671733844866813312 0.677277183900092838 0.408372519215583762
0.678151409569581087 0.672585601533267630 0.407599918042667209
0.683453123869466106 0.668630808603004612 0.406827421850515403
0.689758572049384733 0.663832286592717091 0.406055035299867251
0.694965121000481134 0.659790637357743459 0.405282763050800465
0.701154409488999208 0.654890590109268200 0.404510609762702811
0.707278803580285720 0.649937427067383888 0.403738580094244404
0.712332181418712351 0.645770355014545272 0.402966678703349568
0.718335104951999703 0.640723895294779688 0.402194910247168913
0.723286029159208477 0.636481246424319469 0.401423279382050524
0.729164657428874596 0.631346662192365460 0.400651790763512761
0.734974466548765193 0.626166135150114989 0.399880449046215336
0.739762950152341503 0.621814991525174054 0.399109258883932283
0.745445017097446594 0.616554018206586396 0.398338224929522700
0.750126308693947697 0.612137829773457876 0.397567351834903382
0.755678966563719356 0.606801145705952449 0.396796644251020736
0.761160483184262215 0.601425090933117579 0.396026106827822577
0.765673843902818119 0.596915922335251925 0.395255744214229765
0.771024171910764000 0.591471087511121318 0.394485561058108725
0.775427886811142830 0.586906385478255688 0.393715562006243303
0.780646342247265701 0.581396998327253223 0.392945751704306401
0.784939981565184963 0.576780201776686763 0.392176134796831943
0.790026208252077033 0.571210288521208476 0.391406715927187232
0.795040266578246446 0.565608986955297377 0.390637499737544969
0.799163537180076711 0.560918058266456021 0.389868490868854556
0.804045382915423379 0.555262065037747998 0.389099693960814785
0.808058588474586115 0.550527052074798684 0.388331113651845694
0.812808549206761599 0.544819900758136466 0.387562754579060531
0.816712054163399870 0.540043672359051374 0.386794621378237391
0.821330668857745194 0.534288717421620651 0.386026718683791847
0.825877933139103071 0.528509041544395930 0.385259051128749030
0.829612988647161265 0.523674427741676163 0.384491623344714872
0.834030083468465522 0.517851811293348563 0.383724439961849018
0.837657042544333041 0.512982663364231373 0.382957505608836291
0.841944905872449079 0.507120073138408678 0.382190824912859439
0.845464596477189967 0.502218813660945229 0.381424402499570547
0.849624269875011051 0.496319104438770642 0.380658242993063167
0.853037594125178766 0.491388075235342281 0.379892351015845064
0.857070193769723265 0.485454021625310261 0.379126731188809796
0.861033968746851563 0.479502387395645935 0.378361388131208842
0.864284793145373542 0.474529847402237803 0.377596326460623632
0.868123302190552226 0.468548089356684461 0.376831550792938397
0.871270232678978851 0.463551588451278973 0.376067065742311524
0.874984661497918093 0.457542461227002428 0.375302875921148027
0.878028682911478286 0.452524321291477682 0.374538985940071401
0.881620204602715063 0.446490655577189255 0.373775400407896752
0.884562284008027944 0.441453282559696736 0.373012123931601880
0.888032042988175507 0.435398034467069095 0.372249161116299909
0.890873118582641954 0.430343958744652977 0.371486516565211977
0.894222220269716317 0.424270256453307015 0.370724194879638425
0.896963195464640428 0.419202169502446709 0.369962200658932039
0.900192702574164061 0.413113353727067367 0.369200538500469633
0.902834445836538713 0.408034138204511954 0.368439212999625065
0.905945381774605596 0.401933793056696076 0.367678228749740488
0.908488732448023306 0.396846543513547367 0.366917590342099198
0.911482091835642660 0.390738514598300724 0.366157302365898329
0.913927871749975695 0.385646546434093795 0.365397369408220485
0.916804637552574353 0.379534943730991337 0.364637796054006091
0.919153667762949933 0.374441788697875144 0.363878586886026256
0.921914833997905192 0.368330972625716957 0.363119746484854844
0.924167955574467292 0.363240360031325538 0.362361279428840721
0.926814554058344231 0.357134910304346243 0.361603190294080168
0.928972651490203694 0.352050734069715821 0.360845483654389343
0.931505780737589606 0.345955402153228619 0.360088164081276974
0.933569806273835678 0.340881674908914190 0.359331236143916044
0.935990660466080482 0.334801322062672879 0.358574704409116762
0.937961657626737000 0.329742118417302388 0.357818573441299359
0.940271553546012773 0.323681642385333035 0.357062847802465555
0.942150678113070850 0.318641034237368337 0.356307532052171694
0.944351078128424448 0.312605288360563283 0.355552630747501208
0.946139615144513835 0.307587275638492863 0.354798148443037253
0.948232144675044464 0.301580984618371017 0.354044089690834618
0.949931520323326284 0.296589425018174202 0.353290459040392801
0.951917978666454334 0.290617101608673156 0.352537261038628369
0.953529766326982497 0.285655642787423836 0.351784500229847863
0.955412130283445293 0.279721509329564522 0.351032181155719714
0.956938050501363602 0.274793526659598109 0.350280308355247205
0.958425547393955579 0.269881789707020703 0.349528886364741498
0.960160385258889137 0.264009987335352414 0.348777919717793483
0.961564766504738766 0.259136041066991063 0.348027412945247028
0.963201076232753639 0.253311145076423050 0.347277370575171052
0.964524387423542962 0.248477487695077409 0.346527797132833160
0.966064689778947550 0.242702250219767296 0.345778697140671221
0.967309081863788278 0.237910965104084521 0.345030075118266999
0.968518336356525289 0.233139512601519744 0.344281935582318011
0.969923720244494469 0.227440368925991815 0.343534283046611377
0.971057328846560264 0.222713548446217907 0.342787122021995572
0.972373322151422581 0.217068638395017777 0.342040457016353661
0.973433601657846093 0.212387471103574976 0.341294292534576271
0.974663003837302533 0.206797764435594167 0.340548633078533836
0.975652297333441609 0.202162849416729545 0.339803483147050112
0.976610100525030611 0.197549046753896729 0.339058847235874428
0.977718577807652256 0.192040356165523729 0.338314729837655315
0.978608801012057050 0.187472969307046294 0.337571135441912362
0.979469071738229280 0.182926591555513968 0.336828068535010128
0.980462524876502650 0.177498528488075680 0.336085533600130215
0.981258557636756290 0.172997981066400519 0.335343535117245406
0.982176272304208897 0.167624491228272832 0.334602077563091016
0.982910295818194890 0.163169003584381134 0.333861165411139194
0.983616850200955684 0.158733675118029327 0.333120803131571552
0.984429070913712678 0.153437566773870160 0.332380995191252027
0.985076719359630038 0.149045757265910850 0.331641746053699893
0.985698266266494261 0.144673316937500629 0.330903060179063069
0.986410242381647873 0.139451568783550028 0.330164942024091357
0.986975788462302939 0.135120762537371764 0.329427396042108855
0.987516503996319961 0.130808420411959836 0.328690426682987813
0.988133114982935767 0.125657570137985952 0.327954038393121539
0.988620512281163100 0.121384818299461072 0.327218235615397535
0.989084245897747349 0.117129596900222344 0.326483022789170574
0.989609972472873411 0.112046072548395936 0.325748404350236054
0.990022839284673828 0.107828431727412855 0.325014384730803463
0.990413104852080783 0.103627447219924673 0.324280968359469235
0.990852027821508052 0.098607905129810935 0.323548159661190049
0.991193654153250558 0.094442717818360389 0.322815963057256461
0.991513644139864536 0.090293457746626671 0.322084382965266092
0.991869470791822860 0.085335110056325603 0.321353423799096927
0.992142848008691902 0.081220270690362362 0.320623089968880448
0.992395469897303428 0.077120851861412154 0.319893385880975489
0.992627597518267901 0.073036751236825181 0.319164315937941478
0.992879457524028508 0.068155950145903865 0.318435884538511682
0.993067390024489072 0.064105336675015334 0.317708096077566726
0.993235629445273105 0.060069918228677799 0.316980954946108506
0.993411863045078669 0.055247516700437815 0.316254465531233042
0.993537627678378055 0.051245676115959649 0.315528632216104443
0.993644467573611134 0.047259240280189962 0.314803459379928152
0.993732620162665503 0.043288344324448724 0.314078951397925132
0.993814070462479160 0.038544020029909254 0.313355112641304667
0.993861948115632776 0.034607946114333488 0.312631947477238548
0.993891902196945121 0.030688057742623231 0.311909460268834315
0.993904175100770670 0.026784618752009659 0.311187655375109562
0.993899012047337993 0.022897919528973909 0.310466537150965005
0.993870151140997193 0.018256421635642561 0.309746109947158288
0.993827509206876347 0.014407688247255857 0.309026378110278277
0.993768240414005244 0.010576774747741491 0.308307345982718140
0.993692606464253503 0.006764055834418081 0.307589017902649531
0.993580618956176664 0.002213355700853126 0.306871398203996282
0.993469925454825709 -0.001557960062673447 0.306154491216408586
0.993343735096561598 -0.005309815528851736 0.305438301265236245
0.993202328693355341 -0.009041806812722486 0.304722832671503130
0.993045991228946878 -0.012753532145497515 0.304008089751880761
0.992875011529186113 -0.016444595353034552 0.303294076818662772
0.992650919831640777 -0.020846053015673383 0.302580798179738097
0.992448760005166686 -0.024490314633393129 0.301868258138565604
0.992232902646342230 -0.028112723486080515 0.301156460994148056
0.992003647311471060 -0.031712943092930490 0.300445411041005861
0.991761294489892253 -0.035290658893939786 0.299735112569151418
0.991506144883550822 -0.038845580767826349 0.299025569864063145
0.991183496153858923 -0.043081030111845831 0.298316787206659995
0.990901248336386709 -0.046584918474391834 0.297608768873274754
0.990607158630572360 -0.050065273013935763 0.296901519135629122
0.990301520368061960 -0.053521927289329363 0.296195042260807340
0.989984623157949883 -0.056954747704030417 0.295489342511231157
0.989656752167148879 -0.060363634182451276 0.294784424144633184
0.989318187456428078 -0.063748520393048735 0.294080291414031747
0.988969203314515433 -0.067109373968396002 0.293376948567705464
0.988610067689908556 -0.070446196110041825 0.292674399849167044
0.988241041641229501 -0.073759021163128990 0.291972649497137970
0.987785511686972928 -0.077702831167343667 0.291271701745522582
0.987395608769356947 -0.080963141267201055 0.290571560823383868
0.986996599278684550 -0.084199776781415769 0.289872230954915933
0.986588710981651906 -0.087412899686000689 0.289173716359419908
0.986172162798969021 -0.090602699591958824 0.288476021251277581
0.985747164846852209 -0.093769391182570161 0.287779149839927695
0.985313918341975015 -0.096913212431378404 0.287083106329838189
0.984872615559222231 -0.100034422791022815 0.286387894920482278
0.984423439874438366 -0.103133301187658233 0.285693519806313190
0.983966565855064701 -0.106210143993021089 0.284999985176738024
0.983502159387881436 -0.109265263049021510 0.284307295216093381
0.983030377878296058 -0.112298983561031740 0.283615454103619102
0.982551370481914654 -0.115311642064128417 0.282924466013434350
0.982065278377391992 -0.118303584397064954 0.282234335114511015
0.981572235054521958 -0.121275163800277863 0.281545065570649733
0.981072366674219931 -0.124226738886688559 0.280856661540454244
0.980565792427605554 -0.127158671792329481 0.280169127177306077
0.980052624919733217 -0.130071326386161978 0.279482466629339732
0.979532970588840701 -0.132965066485495165 0.278796684039418097
0.979006930130252973 -0.135840254202266419 0.278111783545106850
0.978474598948274710 -0.138697248307834031 0.277427769278649428
0.977936067603621950 -0.141536402744271261 0.276744645366942488
0.977391422285552203 -0.144358065155411774 0.276062415931510929
0.976840745282516520 -0.147162575531194439 0.275381085088483135
0.976284115465580138 -0.149950264905628294 0.274700656948565658
0.975721608761924153 -0.152721454182079774 0.274021135617018741
0.975267421488740127 -0.154926733990623289 0.273342525193631669
0.974694520211903281 -0.157668995049868199 0.272664829772698014
0.974115943145302809 -0.160395591183826292 0.271988053442990652
0.973531759459505208 -0.163106795091583157 0.271312200287737060
0.972942037706236551 -0.165802864578477871 0.270637274384595228
0.972346846278590360 -0.168484041829713160 0.269963279805628786
0.971746253878632560 -0.171150552709039061 0.269290220617281972
0.971140329976681649 -0.173802606129914494 0.268618100880355593
0.970529145253235748 -0.176440393528441208 0.267946924649982543
0.970036458221707698 -0.178540469102746291 0.267276695975603384
0.969415987664772327 -0.181153002508753103 0.266607418900941251
0.968790464296623632 -0.183751709175257349 0.265939097463978480
0.968159967252880338 -0.186336710463175570 0.265271735696931188
0.967524578832636761 -0.188908108698742194 0.264605337626225900
0.966884384851616763 -0.191465987083405842 0.263939907272474572
0.966368829776385829 -0.193502599203084102 0.263275448650450827
0.965720214500964680 -0.196036290550411385 0.262611965769065092
0.965067055334986712 -0.198556593645516644 0.261949462631341390
0.964409454200092831 -0.201063519821561010 0.261287943234391862
0.963747517835210177 -0.203557062149639090 0.260627411569394229
0.963214922285346109 -0.205542243613661302 0.259967871621566038
0.962545467483617134 -0.208011621131413804 0.259309327370142229
0.961872003219497618 -0.210467502660635686 0.258651782788349882
0.961194655705805978 -0.212909817078991870 0.257995241843384959
0.960650069902088566 -0.214853842887370361 0.257339708496387765
0.959966067215909380 -0.217271509960990095 0.256685186702419799
0.959278562211957730 -0.219675334106824660 0.256031680410439610
0.958587700441542179 -0.222065192738566564 0.255379193563278428
0.958032694969707221 -0.223966935233357867 0.254727730097616900
0.957336172635857463 -0.226331313751567065 0.254077293943961557
0.956636725177889669 -0.228681331034519653 0.253427889026620723
0.956075169729010188 -0.230550900333365560 0.252779519263680752
0.955370867053517703 -0.232874671583967907 0.252132188566982385
0.954664100483782918 -0.235183633938639836 0.251485900842097765
0.954097027429422595 -0.237020030010982929 0.250840659988306292
0.953386255721371256 -0.239301918092912014 0.250196469898570972
0.952673500822300401 -0.241568532888987997 0.249553334459515330
0.952101985961630648 -0.243370718332797498 0.248911257551399867
0.951386100161137893 -0.245609433330827742 0.248270243048098749
0.950668718794838163 -0.247832430357340205 0.247630294817075935
0.950093853326031246 -0.249599411771712354 0.246991416719362256
0.949374215364001683 -0.251793750862721100 0.246353612609532258
0.948653562432638431 -0.253971981761176580 0.245716886335680784
0.948076421794302626 -0.255702887402616097 0.245081241739399380
0.947354361116907073 -0.257851828689846407 0.244446682655753811
0.946776305023207643 -0.259559168107955762 0.243813212913260191
0.946053357260810523 -0.261678503717348299 0.243180836333862671
0.945330132024468028 -0.263781285272947530 0.242549556732909621
0.944751451171648604 -0.265451552843701144 0.241919377919131262
0.944028093587823580 -0.267524404374786196 0.241290303694616182
0.943449487494398609 -0.269170681729446470 0.240662337854788411
0.942726439622954882 -0.271213512466517148 0.240035484188385162
0.942148246869533912 -0.272835765394168595 0.239409746477433349
0.941425912201534709 -0.274848581117934809 0.238785128497226773
0.940848439215669741 -0.276446853243576263 0.238161634016303414
0.940127179675088187 -0.278429757156815505 0.237539266796423398
0.939550698713099930 -0.280004169709950235 0.236918030592545070
0.938830832599781617 -0.281957361069008650 0.236297929152803232
0.938255580458818295 -0.283508110999015073 0.235678966218485830
0.937537381269130998 -0.285431881858372483 0.235061145524012804
0.936963558674506425 -0.286959238575593134 0.234444470796911636
0.936247254718817312 -0.288853969003884214 0.233828945757796114
0.935675026299533252 -0.290358270065851853 0.233214574120343354
0.934960800999709463 -0.292224422227593872 0.232601359591271956
0.934390295767903778 -0.293706068248072660 0.231989305870319185
0.933678288519827815 -0.295544179699538390 0.231378416650218466
0.933109600755932522 -0.297003628757693205 0.230768695616677788
0.932541742200791779 -0.298453373245680942 0.230160146448356639
0.931833098725205033 -0.300252066984583121 0.229552772816844636
0.931267135031844440 -0.301680365648942295 0.228946578386638622
0.930560874116994174 -0.303452604519532265 0.228341566815121244
0.929996820340346364 -0.304860030774686375 0.227737741752538220
0.929433612478715920 -0.306258374252841747 0.227135106841976964
0.928730783885319600 -0.307993719162270030 0.226533665719343968
0.928169456275094840 -0.309372081397194243 0.225933422013343488
0.927608948764170327 -0.310741770837584030 0.225334379345455083
0.926909448132382296 -0.312441885921417750 0.224736541329912165
0.926350736386326590 -0.313792542328970359 0.224139911573680239
0.925792796216817759 -0.315134956853600601 0.223544493676434614
0.925096427045570935 -0.316801591177694186 0.222950291230539055
0.924540151212312811 -0.318125957642607093 0.222357307821024419
0.923984579573994491 -0.319442524725207899 0.221765547025566445
0.923429688302063179 -0.320751429356359530 0.221175012414464467
0.922736992747708817 -0.322376993118578370 0.220585707550619681
0.922183539228589977 -0.323669156447884521 0.219997635989513968
0.921630681204086089 -0.324954099429941468 0.219410801279188383
0.921078390909235822 -0.326231955949339403 0.218825206960221313
0.920388783393973675 -0.327819512566501381 0.218240856565707519
0.919837666941902832 -0.329081905065868763 0.217657753621236849
0.919287025875496600 -0.330337633137728182 0.217075901644872893
0.918736831893565031 -0.331586821245032137 0.216495304147131529
0.918049675724613490 -0.333139293969474393 0.215915964630959911
0.917500386789862343 -0.334374205077322184 0.215337886591715516
0.916951457091607969 -0.335602956716432643 0.214761073517145018
0.916402861720347683 -0.336825657175823967 0.214185528887362697
0.915854577173052964 -0.338042409959435353 0.213611256174830066
0.915306581586287082 -0.339253313428634906 0.213038258844334860
0.914621963197853605 -0.340758858095928374 0.212466540352969940
0.914074547914148328 -0.341956931247780760 0.211896104150112174
0.913527364666316011 -0.343149435112442891 0.211326953677402479
0.912980401126947005 -0.344336442476409266 0.210759092368723977
0.912433647787489699 -0.345518019333032222 0.210192523650182150
0.911887098162852405 -0.346694224630156589 0.209627250940083665
0.911340748978992199 -0.347865110056207461 0.209063277648916135
0.910794600356007455 -0.349030719840475234 0.208500607179326947
0.910248655968206477 -0.350191090602141486 0.207939242926103607
0.909702923191682888 -0.351346251226707929 0.207379188276152232
0.909157413236470147 -0.352496222774974610 0.206820446608478120
0.908612141252479688 -0.353641018443601962 0.206263021294164489
0.907930915528696980 -0.355064741811172480 0.205706915696352854
0.907386255350652426 -0.356197899285966124 0.205152133170222351
0.906841910516571703 -0.357325869660686635 0.204598677062969414
0.906297913632139851 -0.358448633159626218 0.204046550713787689
0.905754301444253507 -0.359566162595166272 0.203495757453848236
0.905211114795499205 -0.360678423600768683 0.202946300606278940
0.904804030912963797 -0.361509137367330868 0.202398183486144662
0.904261699296671329 -0.362612075316001314 0.201851409400427062
0.903719925994510342 -0.363709615672732189 0.201305981648004950
0.903178766364859831 -0.364801699919866051 0.200761903519634410
0.902638279283527578 -0.365888264036273059 0.200219178297928596
0.902098526943673318 -0.366969238965955402 0.199677809257337857
0.901559574630115712 -0.368044551121301744 0.199137799664130727
0.901021490467041164 -0.369114122922482579 0.198599152776373439
0.900484345142633313 -0.370177873364648025 0.198061871843910497
0.899948211615452687 -0.371235718604399023 0.197525960108345194
0.899413164796043718 -0.372287572576496972 0.196991420803020012
0.898879281213968762 -0.373333347621402301 0.196458257152997223
0.898479678666114889 -0.374113636319828913 0.195926472375038851
0.897948018515830615 -0.375148559809317439 0.195396069677588241
0.897417737515383784 -0.376177160344834727 0.194867052260749796
0.896888915063747572 -0.377199350042556114 0.194339423316269994
0.896361630431346423 -0.378215042495395892 0.193813186027518514
0.895967223559255066 -0.378972497209924819 0.193288343569468529
0.895442819097253428 -0.379976618259198817 0.192764899108677640
0.894920166654378013 -0.380974017164640577 0.192242855803268775
0.894399341617153176 -0.381964618545800549 0.191722216802911405
0.893880417453121856 -0.382948351325586800 0.191202985248802360
0.893492514703335017 -0.383681603336527177 0.190685164273646623
0.892977086829883859 -0.384653159802119227 0.190168757001638655
0.892463749153642349 -0.385617678481850301 0.189653766548444014
0.891952564943145787 -0.386575108735562722 0.189140196021179541
0.891570626124652099 -0.387288502793512623 0.188628048518395514
0.891063352226679983 -0.388233425934910614 0.188117327130056300
0.890558387282047503 -0.389171155419315018 0.187608034937522289
0.890181208524009393 -0.389869716344892758 0.187100175013531100
0.889680399839454128 -0.390794801064879516 0.186593750422178684
0.889182024748079280 -0.391712641057303634 0.186088764218901248
0.888809862881476898 -0.392396263733176653 0.185585219450456806
0.888315832711593201 -0.393301419337917069 0.185083119154906633
0.887824326516106987 -0.394199336390160970 0.184582466361596864
0.887457367830619015 -0.394868033573634258 0.184083264091140619
0.886970333382815612 -0.395753327641537200 0.183585515355399187
0.886606748897931118 -0.396412587848163300 0.183089223157464454
0.886124233814934881 -0.397285350058211251 0.182594390491640279
0.885644312717276838 -0.398151007223548181 0.182101020343424957
0.885286075845192921 -0.398795616973711853 0.181609115689492451
0.884810697323999085 -0.399648963684263558 0.181118679497675406
0.884455863354844496 -0.400284407519527263 0.180629714726946222
0.883985010357167367 -0.401125631298968943 0.180142224327400208
0.883633557575701722 -0.401752062580787661 0.179656211240236729
0.883167189583530465 -0.402581384118742003 0.179171678397742395
0.882819079186500044 -0.403198979971545246 0.178688628723273041
0.882357133658612569 -0.404016650061550020 0.178207065131235742
0.882012310941835964 -0.404625608949905791 0.177726990527071554
0.881554705012852491 -0.405431905131444170 0.177248407807238162
0.881213100724286491 -0.406032444260303493 0.176771319859192089
0.880759733111967424 -0.406827667247463276 0.176295729561371350
0.880421264951351867 -0.407420019818175161 0.175821639783178052
0.880084112757084980 -0.408008938617687222 0.175349053384961262
0.879636592253657090 -0.408788902171495883 0.174877973217999694
0.879302439173745065 -0.409369989711914406 0.174408402124484219
0.878858847336014382 -0.410139683874272243 0.173940342937500991
0.878527586193938115 -0.410713200417680002 0.173473798481014518
0.878197529773425689 -0.411283553575944538 0.173008771569850284
0.877759291292288468 -0.412039188930488742 0.172545265009677762
0.877431961465935717 -0.412602353106290398 0.172083281596993737
0.877105763089542467 -0.413162519123655259 0.171622824119105372
0.876672552705927033 -0.413904829403405117 0.171163895354113277
0.876348905768484787 -0.414458193258537000 0.170706498070894802
0.876026313887005692 -0.415008724577278110 0.170250635029087161
0.875597792462103675 -0.415738445296564452 0.169796308979071303
0.875277572084924849 -0.416282558417851278 0.169343522661954737
0.874958329381997912 -0.416824001825713775 0.168892278809555235
0.874534153372085621 -0.417541856099606035 0.168442580144384513
0.874217102356954490 -0.418077255213456733 0.167994429379631272
0.873900952707242329 -0.418610141656784451 0.167547829219145628
0.873585682036378541 -0.419140560997806833 0.167102782357422014
0.873271268283922097 -0.419668557964543498 0.166659291479583554
0.872853345510854139 -0.420368861384941450 0.166217359261365216
0.872540847645574158 -0.420891374870086987 0.165776988369098488
0.872229136152613105 -0.421411608155934481 0.165338181459694394
0.871918190950604632 -0.421929601574227098 0.164900941180628258
0.871607992541462817 -0.422445394276922181 0.164465270169923072
0.871298522051184965 -0.422959024185338761 0.164031171056134129
0.870886995690044352 -0.423640562835591150 0.163598646458332858
0.870579154124500043 -0.424149286353492860 0.163167698986090987
0.870271982639036601 -0.424655963883989629 0.162738331239465017
0.869965465558879880 -0.425160627403117386 0.162310545808980133
0.869659588049238153 -0.425663307394545221 0.161884345275615377
0.869354336154173346 -0.426164032804175696 0.161459732210787160
0.869049696827562945 -0.426662831006771437 0.161036709176334170
0.868745657968345464 -0.427159727766633635 0.160615278724501848
0.868442208447604669 -0.427654747210550468 0.160195443397927406
0.868139338141077244 -0.428147911793158031 0.159777205729623673
0.867837037952367885 -0.428639242276128374 0.159360568242964351
0.867535299840599849 -0.429128757701189467 0.158945533451668869
0.867234116841306912 -0.429616475373210183 0.158532103859786916
0.866933483087328205 -0.430102410843540561 0.158120281961683429
0.866633393827936915 -0.430586577896087452 0.157710070242023437
0.866333845443199912 -0.431068988540533327 0.157301471175757601
0.866034835458354579 -0.431549653005624312 0.156894487228106394
0.865736362552918082 -0.432028579740230179 0.156489120854546221
0.865438426572236130 -0.432505775411010374 0.156085374500793544
0.865141028530086897 -0.432981244912938990 0.155683250602791229
0.864844170610178264 -0.433454991381661658 0.155282751586692802
0.864547856170929885 -0.433927016200835014 0.154883879868848662
0.864252089737743701 -0.434397319027688522 0.154486637855791142
0.863956876997077128 -0.434865897815740921 0.154091027944219749
0.863760379440339010 -0.435177324104449703 0.153697052520987060
0.863466105284640406 -0.435643020401404346 0.153304713963084344
0.863172405586894120 -0.436106979087322599 0.152914014637626994
0.862879290190365689 -0.436569192132441830 0.152524956901840314
0.862586770028137440 -0.437029649969802869 0.152137543103045308
0.862392093155638362 -0.437335641344188508 0.151751775578644582
0.862100592230782059 -0.437793148549152022 0.151367656656108324
0.861809720829570525 -0.438248867893576477 0.150985188652959929
0.861519493646973444 -0.438702784617184205 0.150604373876762149
0.861229926325657980 -0.439154882682857850 0.150225214625103520
0.861037256170944398 -0.439455262559463988 0.149847713185584097
0.860748825820660479 -0.439904290647187612 0.149471871835801767
0.860461101356168490 -0.440351451610361877 0.149097692843338375
0.860269686430847891 -0.440648511742137927 0.148725178465746399
0.859983180461135199 -0.441092515708888577 0.148354330950535129
0.859697431962783698 -0.441534596945260593 0.147985152535156927
0.859507363918076583 -0.441828238566523812 0.147617645446993906
0.859222923884633616 -0.442267065191882025 0.147251811903344576
0.858939297449086481 -0.442703907943407193 0.146887654111410415
0.858750675998238622 -0.442994022456542236 0.146525174268282266
0.858468454626038713 -0.443427505188184967 0.146164374560927651
0.858187106367098052 -0.443858939111121842 0.145805257166176955
0.858000037240310709 -0.444145411186341987 0.145447824250710761
0.857720195258368179 -0.444573374889953299 0.145092077971046479
0.857534151805208311 -0.444857510200776574 0.144738020473525603
0.857255880750145582 -0.445281933761898452 0.144385653894300470
0.857070906256645504 -0.445563685667318576 0.144034980359321579
0.856794271191684498 -0.445984499290022096 0.143686001984324796
0.856610409038028431 -0.446263821488084911 0.143338720874818359
0.856335474890002279 -0.446680956270658291 0.142993139126070229
0.856152768178640500 -0.446957803312977520 0.142649258823095815
0.855879599183725692 -0.447371192008463314 0.142307082040644906
0.855698090374649945 -0.447645519796644131 0.141966610843189456
0.855426749534034081 -0.448055097547544467 0.141627847284910818
0.855246480084949523 -0.448326863814651422 0.141290793409687837
0.854977028631534020 -0.448732568860421954 0.140955451251084163
0.854798038651536585 -0.449001733626196331 0.140621822832335985
0.854530535544305136 -0.449403507961494253 0.140289910166339848
0.854352863460579925 -0.449670033962407789 0.139959715255640799
0.854175728859407846 -0.449935494706482753 0.139631240092419895
0.853911047150600400 -0.450331677032769551 0.139304486658482385
0.853735280836855015 -0.450594452138997348 0.138979456925245687
0.853560071270745180 -0.450856144593648700 0.138656152853727538
0.853298312039726170 -0.451246643662946145 0.138334576394534364
0.853124516492281160 -0.451505610622559228 0.138014729487848986
0.852951294956642014 -0.451763480504978998 0.137696614063419348
0.852692548786478266 -0.452148220644173815 0.137380232040546862
0.852520781692822416 -0.452403332949336823 0.137065585328074641
0.852349603638733133 -0.452657336988904202 0.136752675824376058
0.852179018483255168 -0.452910230185355644 0.136441505417343317
0.851924260374935294 -0.453287482217251569 0.136132075984376016
0.851755173010748878 -0.453537588911650913 0.135824389392369904
0.851586690443532746 -0.453786577998208540 0.135518447497705474
0.851418815603949719 -0.454034448195848150 0.135214252146237057
0.851251551212780067 -0.454281198512615836 0.134911805173281107
0.851001804645591609 -0.454649222757602556 0.134611108403605934
0.850836076882096837 -0.454893170943327096 0.134312163651419847
0.850670967411514933 -0.455135998067326686 0.134014972720361059
0.850506477993604904 -0.455377704443843512 0.133719537403486022
0.850342610173201008 -0.455618290675437521 0.133425859483258913
0.850179365284411515 -0.455857757646087769 0.133133940731541361
0.850016744449321404 -0.456096106521539923 0.132843782909580932
0.849773985230404483 -0.456451536645901046 0.132555387768000910
0.849612928055802019 -0.456687097209649173 0.132268757046789781
0.849452497212890290 -0.456921545931530060 0.131983892475290826
0.849292692891297829 -0.457154885200612537 0.131700795772191348
0.849133515078764445 -0.457387117667268028 0.131419468645512461
0.848974963567743046 -0.457618246233344794 0.131139912792598762
0.848817037952158682 -0.457848274055175308 0.130862129900108481
0.848659737638510991 -0.458077204527827742 0.130586121644002573
0.848503061842670880 -0.458305041288241788 0.130311889689535138
0.848347009600110225 -0.458531788200571055 0.130039435691243210
0.848191579761277348 -0.458757449361296088 0.129768761292936907
0.848036771004660794 -0.458982029080997112 0.129499868127689266
0.847882581835954996 -0.459205531884463447 0.129232757817826449
0.847729010592137122 -0.459427962504196596 0.128967431974918306
0.847652456128341503 -0.459538777278016286 0.128703892199768077
0.847499808301001689 -0.459759608926965990 0.128442140082403289
0.847347773540006122 -0.459979381078548744 0.128182177202065650
0.847196349632406198 -0.460198099132626270 0.127924005127202034
0.847045534220521312 -0.460415768661579072 0.127667625415454483
0.846895324799271099 -0.460632395413026863 0.127413039613651358
0.846745718730717356 -0.460847985290082363 0.127160249257797620
0.846671141092971813 -0.460955393287823700 0.126909255873065646
0.846522434814395819 -0.461169439262974601 0.126660060973786071
0.846374324718682569 -0.461382463788945152 0.126412666063438650
0.846226807722503027 -0.461594473282056439 0.126167072634643274
0.846079880625200564 -0.461805474290883700 0.125923282169150691
0.846006637257208816 -0.461910598695027874 0.125681296137833798
0.845860588763057253 -0.462120099527444150 0.125441116000678810
0.845715121688134119 -0.462328608776148342 0.125202743206776296
0.845570232458039417 -0.462536133400374971 0.124966179194312452
0.845498003393256203 -0.462639528678821743 0.124731425390560466
0.845353974025675692 -0.462845589628932741 0.124498483211871971
0.845210513160802979 -0.463050683780858063 0.124267354063668414
0.845138994704163427 -0.463152870582344112 0.124038039340432532
0.844996379271915954 -0.463356528231670062 0.123810540425700069
0.844854322462154084 -0.463559237461086848 0.123584858692051325
0.844783502265009423 -0.463660238756160692 0.123360995501102993
0.844642275697595091 -0.463861539417539048 0.123138952203499741
0.844571868277196880 -0.463961840682442395 0.122918730138906251
0.844431462509140029 -0.464161749852661232 0.122700330635999083
0.844291598583990277 -0.464360740951010875 0.122483755012458659
0.844221868452353696 -0.464459894639454807 0.122269004574961190
0.844082809097507214 -0.464657523156357888 0.122056080619171087
0.844013478762435598 -0.464755999938191500 0.121844984429732739
0.843875213971668314 -0.464952283453230031 0.121635717280263234
0.843806278384035213 -0.465050092156147343 0.121428280433344166
0.843668797968682771 -0.465245048398192196 0.121222675140514505
0.843600251989786387 -0.465342197922172018 0.121018902642262602
0.843463545590394048 -0.465535844753385053 0.120816964168019139
0.843395384001743964 -0.465632344057619219 0.120616860936149317
0.843327349370474488 -0.465728628622071927 0.120418594153945749
0.843191658611663231 -0.465920557549017733 0.120222165017621091
0.843124001295477488 -0.466016203921804983 0.120027574712300855
0.842989059795700157 -0.466206865528035808 0.119834824412016289
0.842921774408878055 -0.466301882780668475 0.119643915279697144
0.842854611791716390 -0.466396692347599617 0.119454848467164781
0.842720652431129258 -0.466585692481565895 0.119267625115125314
0.842653854466617225 -0.466679885077516787 0.119082246353162544
0.842520618900453488 -0.466867660407556284 0.118898713299731174
0.842454180065446812 -0.466961245176373385 0.118717027062150135
0.842387859704541331 -0.467054629371111862 0.118537188736595883
0.842321657195316154 -0.467147814012313978 0.118359199408095833
0.842189603241377038 -0.467333588708970737 0.118183060150521657
0.842123750544132688 -0.467426180807009484 0.118008772026582914
0.842058013198007771 -0.467518577430893756 0.117836336087820667
0.841992390572248839 -0.467610779603467641 0.117665753374601195
0.841861486956134275 -0.467794604681127990 0.117497024916109374
0.841796204700544504 -0.467886229628299288 0.117330151730342946
0.841731034632623221 -0.467977664211164823 0.117165134824105996
0.841665976114793657 -0.468068909452906246 0.117001975193003135
0.841601028511098748 -0.468159966372955538 0.116840673821433358
0.841471463484849802 -0.468341519339529999 0.116681231682584041
0.841406844780740681 -0.468432017428811076 0.116523649738425272
0.841342334426462557 -0.468522331283418247 0.116367928939703880
0.841277931776524657 -0.468612461926522172 0.116214070225937813
0.841213636188299141 -0.468702410375958056 0.116062074525410328
0.841149447014509888 -0.468792177653766351 0.115911942755164490
0.841085363609571091 -0.468881764778269650 0.115763675820997711
0.841021385325565807 -0.468971172768882338 0.115617274617456051
0.840957511513304223 -0.469060402645064989 0.115472740027829104
0.840893741524413540 -0.469149455423530981 0.115330072924144461
0.840830074708104336 -0.469238332122363155 0.115189274167162514
0.840766510414292734 -0.469327033757056977 0.115050344606371285
0.840703047992163333 -0.469415561342360732 0.114913285079981331
0.840639686788856921 -0.469503915893899060 0.114778096414920497
0.840576426152427558 -0.469592098424463422 0.114644779426829185
0.840513265429746470 -0.469680109946642999 0.114513334920055415
0.840450203967209042 -0.469767951471934841 0.114383763687649603
0.840387241112013461 -0.469855624009130501 0.114256066511360263
0.840324376208091861 -0.469943128569460300 0.114130244161628980
0.840261608602290155 -0.470030466158756099 0.114006297397585929
0.840198937639620391 -0.470117637783498410 0.113884226967045130
0.840136362667162295 -0.470204644445837094 0.113764033606500142
0.840073883027751434 -0.470291487151596632 0.113645718041119337
0.840073883027751434 -0.470291487151596632 0.113529280984741868
0.840011498067444240 -0.470378166900836669 0.113414723139873122
0.839949207132121511 -0.470464684692135704 0.113302045197680529
0.839887009565681186 -0.470551041524885583 0.113191247837989437
0.839824904715035014 -0.470637238392950130 0.113082331729278909
0.839824904715035014 -0.470637238392950130 0.112975297528677909
0.839762891925257549 -0.470723276290852310 0.112870145881961009
0.839700970543055591 -0.470809156209337387 0.112766877423544909
0.839639139914916344 -0.470894879137713773 0.112665492776484119
0.839639139914916344 -0.470894879137713773 0.112565992552467672
0.839577399388517387 -0.470980446062120195 0.112468377351815099
0.839515748309974663 -0.471065857968947177 0.112372647763472971
0.839515748309974663 -0.471065857968947177 0.112278804365011281
0.839454186029903848 -0.471151115837222467 0.112186847722619942
0.839392711895638133 -0.471236220648412640 0.112096778391105545
0.839392711895638133 -0.471236220648412640 0.112008596913887773
0.839331325258527272 -0.471321173377220237 0.111922303822996186
0.839270025468818570 -0.471405974998054700 0.111837899639067123
0.839270025468818570 -0.471405974998054700 0.111755384871340541
0.839208811878121796 -0.471490626481898434 0.111674760017656721
0.839208811878121796 -0.471490626481898434 0.111596025564453569
0.839147683841240166 -0.471575128794033738 0.111519181986763555
0.839086640711228737 -0.471659482900240401 0.111444229748210735
0.839086640711228737 -0.471659482900240401 0.111371169301008127
0.839025681844624005 -0.471743689760226181 0.111300001085954892
0.839025681844624005 -0.471743689760226181 0.111230725532433697
0.838964806598715196 -0.471827750331073770 0.111163343058408165
0.838964806598715196 -0.471827750331073770 0.111097854070420235
0.838964806598715196 -0.471827750331073770 0.111034258963587817
0.838904014332022108 -0.471911665566615401 0.110972558121602394
0.838904014332022108 -0.471911665566615401 0.110912751916726629
0.838843304405423984 -0.471995436416031255 0.110854840709792277
0.838843304405423984 -0.471995436416031255 0.110798824850197819
0.838782676180908848 -0.472079063825434186 0.110744704675906469
0.838782676180908848 -0.472079063825434186 0.110692480513444172
0.838782676180908848 -0.472079063825434186 0.110642152677897440
0.838722129023855789 -0.472162548734990584 0.110593721472911730
0.838722129023855789 -0.472162548734990584 0.110547187190689372
0.838722129023855789 -0.472162548734990584 0.110502550111987896
0.838661662298601729 -0.472245892084440955 0.110459810506118417
0.838661662298601729 -0.472245892084440955 0.110418968630943887
0.838661662298601729 -0.472245892084440955 0.110380024732877557
0.838661662298601729 -0.472245892084440955 0.110342979046881562
0.838601275375441158 -0.472329094804467220 0.110307831796465444
0.838601275375441158 -0.472329094804467220 0.110274583193684828
0.838601275375441158 -0.472329094804467220 0.110243233439140137
0.838601275375441158 -0.472329094804467220 0.110213782721975392
0.838540967625219569 -0.472412157823308920 0.110186231219877029
0.838540967625219569 -0.472412157823308920 0.110160579099072869
0.838540967625219569 -0.472412157823308920 0.110136826514331099
0.838540967625219569 -0.472412157823308920 0.110114973608959388
0.838540967625219569 -0.472412157823308920 0.110095020514803896
0.838540967625219569 -0.472412157823308920 0.110076967352248589
0.838480738420148919 -0.472495082065837568 0.110060814230214563
0.838480738420148919 -0.472495082065837568 0.110046561246159164
0.838480738420148919 -0.472495082065837568 0.110034208486075674
0.838480738420148919 -0.472495082065837568 0.110023756024492547
0.838480738420148919 -0.472495082065837568 0.110015203924473198
0.838480738420148919 -0.472495082065837568 0.110008552237615381
0.838480738420148919 -0.472495082065837568 0.110003801004051049
0.838480738420148919 -0.472495082065837568 0.110000950252446050
0.838480738420148919 -0.472495082065837568 0.110000000000000001
