-0.717070157348108639 -0.630907020758334269 0.739999999999999991
-0.717070157348108639 -0.630907020758334269 0.739999049747553928
-0.717070157348108639 -0.630907020758334269 0.739996198995948928
-0.717070157348108639 -0.630907020758334269 0.739991447762384680
-0.717070157348108639 -0.630907020758334269 0.739984796075526807
-0.717070157348108639 -0.630907020758334269 0.739976243975507431
-0.718494552288103550 -0.629329891912667527 0.739965791513924276
-0.718494552288103550 -0.629329891912667527 0.739953438753840897
-0.718494552288103550 -0.629329891912667527 0.739939185769785457
-0.718494552288103550 -0.629329891912667527 0.739923032647751389
-0.718494552288103550 -0.629329891912667527 0.739904979485196068
-0.718494552288103550 -0.629329891912667527 0.739885026391040590
-0.718494552288103550 -0.629329891912667527 0.739863173485668879
-0.718494552288103550 -0.629329891912667527 0.739839420900927136
-0.718494552288103550 -0.629329891912667527 0.739813768780122949
-0.719919616452158961 -0.627744506511807909 0.739786217278024627
-0.719919616452158961 -0.627744506511807909 0.739756766560859869
-0.719919616452158961 -0.627744506511807909 0.739725416806315206
-0.719919616452158961 -0.627744506511807909 0.739692168203534561
-0.721345324180671765 -0.626150812861772765 0.739657020953118471
-0.721345324180671765 -0.626150812861772765 0.739619975267122420
-0.721345324180671765 -0.626150812861772765 0.739581031369056063
-0.721345324180671765 -0.626150812861772765 0.739540189493881561
-0.722771649334132182 -0.624548758485623856 0.739497449888012137
-0.722771649334132182 -0.624548758485623856 0.739452812809310633
-0.722771649334132182 -0.624548758485623856 0.739406278527088290
-0.722771649334132182 -0.624548758485623856 0.739357847322102524
-0.724198565279855599 -0.622938290114595228 0.739307519486555820
-0.724198565279855599 -0.622938290114595228 0.739255295324093509
-0.724198565279855599 -0.622938290114595228 0.739201175149802103
-0.725626044880012699 -0.621319353677408759 0.739145159290207743
-0.725626044880012699 -0.621319353677408759 0.739087248083273307
-0.727054060478309450 -0.619691894291211853 0.739027441878397529
-0.727054060478309450 -0.619691894291211853 0.738965741036412216
-0.727054060478309450 -0.619691894291211853 0.738902145929579812
-0.728482583886966961 -0.618055856251832902 0.738836656941591730
-0.728482583886966961 -0.618055856251832902 0.738769274467566239
-0.729911586373517496 -0.616411183024107134 0.738699998914045142
-0.729911586373517496 -0.616411183024107134 0.738628830698991878
-0.731341038646218911 -0.614757817233821280 0.738555770251789201
-0.731341038646218911 -0.614757817233821280 0.738480818013236395
-0.732770910841117673 -0.613095700657301346 0.738403974435546395
-0.732770910841117673 -0.613095700657301346 0.738325239982343340
-0.734201172507561561 -0.611424774212803057 0.738244615128659576
-0.734201172507561561 -0.611424774212803057 0.738162100360932882
-0.735631792592614242 -0.609744977953288192 0.738077696177003806
-0.735631792592614242 -0.609744977953288192 0.737991403086112219
-0.737062739427015723 -0.608056251056866004 0.737903221608894433
-0.737062739427015723 -0.608056251056866004 0.737813152277379980
-0.738493980710827169 -0.606358531817401070 0.737721195634988725
-0.739925483496547187 -0.604651757638536957 0.737627352236526979
-0.739925483496547187 -0.604651757638536957 0.737531622648184837
-0.741357214174450996 -0.602935865024392115 0.737434007447532291
-0.742789138456446452 -0.601210789572064863 0.737334507223515900
-0.742789138456446452 -0.601210789572064863 0.737233122576455124
-0.744221221360111929 -0.599476465963795779 0.737129854118038996
-0.745653427192190632 -0.597732827959668866 0.737024702471322124
-0.745653427192190632 -0.597732827959668866 0.736917668270721027
-0.747085719532383008 -0.595979808389584198 0.736808752162010583
-0.748518061215888486 -0.594217339146954848 0.736697954802319477
-0.748518061215888486 -0.594217339146954848 0.736585276860126870
-0.749950414316814085 -0.592445351180971747 0.736470719015258179
-0.751382740130789761 -0.590663774489593618 0.736354281958880641
-0.752814999157406017 -0.588872538112784727 0.736235966393499863
-0.754247151082185208 -0.587071570126210029 0.736115773032954834
-0.754247151082185208 -0.587071570126210029 0.735993702602414035
-0.755679154759457017 -0.585260797633208707 0.735869755838370998
-0.757110968192840739 -0.583440146760265232 0.735743933488639756
-0.758542548518105986 -0.581609542648567457 0.735616236312350402
-0.759973851983719251 -0.579768909448857506 0.735486665079944646
-0.759973851983719251 -0.579768909448857506 0.735355220573170709
-0.761404833932548653 -0.577918170314230539 0.735221903585079439
-0.762835448782283487 -0.576057247394654470 0.735086714920018758
-0.764265650006235919 -0.574186061830550321 0.734949655393628665
-0.765695390114337737 -0.572304533745910726 0.734810725832837464
-0.767124620632724019 -0.570412582243146282 0.734669927075855544
-0.768553292084354633 -0.568510125396106236 0.734527259972170943
-0.769981353968425264 -0.566597080244629403 0.734382725382543899
-0.771408754740423031 -0.564673362787644240 0.734236324179002309
-0.772835441791245192 -0.562738887977505819 0.734088057244835501
-0.774261361426482164 -0.560793569713608830 0.733937925474589692
-0.775686458845408988 -0.558837320836037543 0.733785929774062096
-0.777110678119940168 -0.556870053118857067 0.733632071060296154
-0.778533962172552663 -0.554891677264745864 0.733476350261574761
-0.779956252755339752 -0.552902102896991599 0.733318768317415937
-0.781377490428002530 -0.550901238553023642 0.733159326178566717
-0.782797614534428976 -0.548888991679595928 0.732998024806996828
-0.784216563182269732 -0.546865268622495404 0.732834865175894024
-0.785634273218972279 -0.544829974621372393 0.732669848269657087
-0.787050680208970621 -0.542783013802241365 0.732502975083890617
-0.788465718410841565 -0.540724289169245531 0.732334246625398921
-0.789879320753940628 -0.538653702596525785 0.732163663912179352
-0.791291418814078162 -0.536571154821150587 0.731991227973417091
-0.792701942790312364 -0.534476545433018035 0.731816939849478376
-0.795517982255000700 -0.530250734394397849 0.731640800591904172
-0.796923351035053296 -0.528119326111568088 0.731462811263404067
-0.798326852264848119 -0.525975442930796788 0.731282972937849940
-0.799728408886733355 -0.523818978570156912 0.731101286700268749
-0.801127942315376096 -0.521649825542209400 0.730917753646837420
-0.802525372411508120 -0.519467875142159197 0.730732374884874636
-0.805313594118062692 -0.515065141249556269 0.730545151532835280
-0.806704217437226312 -0.512844134151328124 0.730356084720302889
-0.808092400785713205 -0.510609882442754737 0.730165175587983772
-0.809478055845467948 -0.508362271140400779 0.729972425287699123
-0.812241419191028657 -0.503826503315053853 0.729777834982378915
-0.813618942118475630 -0.501538110266200210 0.729581405846054243
-0.814993565979277967 -0.499235884538337005 0.729383139063850661
-0.817733725741035533 -0.494589447067067756 0.729183035831980852
-0.819099061546069818 -0.492244987841791160 0.728981097357737307
-0.820461098027293945 -0.489886200930834126 0.728777324859485542
-0.821819730272211779 -0.487512959002716628 0.728571719566655895
-0.824526352331982570 -0.482722593347984397 0.728364282719736744
-0.825874122143732792 -0.480305207459435723 0.728155015570267294
-0.828558013508719160 -0.475425362497183368 0.727943919380828919
-0.829893902247618720 -0.472962631809667244 0.727730995425038829
-0.831225594119506583 -0.470484511840421449 0.727516244987541416
-0.833875896902907865 -0.465481542487225675 0.727299669364000922
-0.835194256799492107 -0.462956407966490957 0.727081269861093782
-0.837816748094789343 -0.457858112916846527 0.726861047796500293
-0.839120613907254675 -0.455284656291200851 0.726639004498896957
-0.840419378558215024 -0.452694792999632778 0.726415141307948709
-0.843001044965038027 -0.447465232690343218 0.726189459574299923
-0.844283660332557195 -0.444825223651745594 0.725961960659567529
-0.846831718790164500 -0.439493951692988938 0.725732645936331688
-0.848096858739101012 -0.436802363649156755 0.725501516788128020
-0.850608580237455780 -0.431366453148185447 0.725268574609439609
-0.851854840782765743 -0.428621791292380649 0.725033820805687568
-0.854327335455428161 -0.423078186759722419 0.724797256793223710
-0.856771988959415198 -0.417461019723955329 0.724558883999321224
-0.857983435381306503 -0.414624394163415233 0.724318703862166235
-0.860383657058855666 -0.408894120736533861 0.724076717830849370
-0.861572057148665360 -0.406000088170494489 0.723832927365356760
-0.863924469351310398 -0.400153244719254175 0.723587333936561383
-0.865088083013816345 -0.397200028740048672 0.723339939026213963
-0.867389098364385158 -0.391232967872849335 0.723090744126934415
-0.869653744549936714 -0.385183635611422548 0.722839750742202303
-0.870771879786200298 -0.382127564815676557 0.722586960386348620
-0.872978634164739975 -0.375951469487354417 0.722332374584545467
-0.875144454685310769 -0.369688521422352145 0.722075994872797944
-0.876211402792548499 -0.366523865805786997 0.721817822797934383
-0.878312102069266132 -0.360126920774665238 0.721557859917596800
-0.880366772865548874 -0.353638035725041322 0.721296107800231900
-0.881376161897148735 -0.350358431932047965 0.721032568025081755
-0.883357617814509721 -0.343727476518187802 0.720767242182173473
-0.885287322231139928 -0.336998873816116040 0.720500131872310767
-0.887162782332413968 -0.330170135813886656 0.720231238707063071
-0.888079356315664481 -0.326717402456827621 0.719960564308756767
-0.889868486958002469 -0.319733501609714033 0.719688110310464868
-0.891596544507423761 -0.312642635050514317 0.719413878355997460
-0.893260526541451605 -0.305441791444024668 0.719137870099891496
-0.894857254136638192 -0.298127776840249548 0.718860087207401133
-0.895629351684219865 -0.294427278037888429 0.718580531354487628
-0.897118808433638781 -0.286937074583184626 0.718299204227808685
-0.898532173372929011 -0.279324794656469200 0.718016107524709124
-0.899865499306334637 -0.271586451319474287 0.717731242953210224
-0.901114565054551342 -0.263717777387971586 0.717444612231999179
-0.902274844749295313 -0.255714196306290165 0.717156217090419101
-0.902820183615456573 -0.251660292865261037 0.716866059268458589
-0.903838043745098796 -0.243445011992248439 0.716574140516741065
-0.904754225695892700 -0.235081804993152843 0.716280462596514012
-0.905562822657409061 -0.226564728000382132 0.715985027279638975
-0.906257416271574856 -0.217887345695336909 0.715687836348580131
-0.906831008853025589 -0.209042675771215658 0.715388891596394072
-0.907275944300809378 -0.200023126140552343 0.715088194826718926
-0.907583815490088819 -0.190820423791052685 0.714785747853762921
-0.907745355426947675 -0.181425534057851778 0.714481552502294504
-0.907750308824152752 -0.171828568844105356 0.714175610607630129
-0.907587279953940396 -0.162018682095575683 0.713867924015623934
-0.907243551621919164 -0.151983950570771909 0.713558494582656633
-0.906704868808093534 -0.141711237615198216 0.713247324175623976
-0.905955178846886366 -0.131186037316070869 0.712934414671925309
-0.904976317854756074 -0.120392296004000310 0.712619767959453143
-0.903747630281093506 -0.109312207652477289 0.712303385936580713
-0.902245504751599592 -0.097925979310305500 0.711985270512151103
-0.900442804443358780 -0.086211562276334808 0.711665423605465697
-0.898308163681182825 -0.074144344477469593 0.711343847146272412
-0.895805113610240289 -0.061696799444935446 0.711020543074754374
-0.891264411299473092 -0.042243891794672250 0.710695513341517593
-0.887636629973668434 -0.028702242015333057 0.710368759907580083
-0.883453989387583905 -0.014654764820796806 0.710040284744359096
-0.878638508691867104 -0.000055178221519347 0.709710089833660129
-0.873095959582650627 0.015148460781944040 0.709378177167664048
-0.866711524386657661 0.031014291882548561 0.709044548748915870
-0.859344048070215916 0.047607054155271111 0.708709206590312113
-0.846054631281015657 0.074017173245629619 0.708372152715089243
-0.835362203951553028 0.092752841569123723 0.708033389156810689
-0.822846722215235582 0.112488076283596472 0.707692917959355072
-0.808102819704459518 0.133302989977198250 0.707350741176904108
-0.780607255460129879 0.166685408297662818 0.707006860873929721
-0.757590966904839735 0.190400469766118907 0.706661279125181618
-0.729603913961241801 0.215173485694688360 0.706313998015675182
-0.695176866469413901 0.240683093200024595 0.705965019640678482
-0.626893698196752669 0.278524515316016796 0.705614346105699508
-0.566018612081488293 0.300747544298778258 0.705261979526474403
-0.488366120886376487 0.315904318019815333 0.704907922028953582
-0.389699266864186378 0.315773485325228531 0.704552175749289300
-0.200216176212851649 0.251379479897108404 0.704194742833822995
-0.065863462866131095 0.127853758491749903 0.703835625439072410
0.019590260284847852 -0.083717132984338527 0.703474825731717712
-0.096111647111046056 -0.464070240143837576 0.703112345888589618
-0.324280229666840225 -0.607302904482210582 0.702748188096655402
-0.663885497562235027 -0.581967460677125792 0.702382354553006127
-0.817791957551811333 -0.475557561985170740 0.702014847464843106
-0.915316512476544442 -0.342489634167785384 0.701645669049464793
-0.978655325381649677 -0.114247529223744371 0.701274821534253578
-0.961108426285558259 0.064731756228111004 0.700902307156661686
-0.739028758181878298 0.372259352007201894 0.700528128164198294
-0.338565780922141402 0.430271812755976035 0.700152286814415881
-0.006709727322236014 0.061583543170966829 0.699774785374896457
-0.249211468711096562 -0.425856213882595314 0.699395626123237801
-0.453758856402491806 -0.471580312152591608 0.699014811347040133
-0.633031279922105283 -0.426231769235736857 0.698632343343891682
-0.700407999111367308 -0.382471102632446880 0.698248224421355368
-0.761679011000595096 -0.320331996953992781 0.697862456896954697
-0.787062614945417849 -0.283423989197753023 0.697475043098159664
-0.811682587921126908 -0.234551925616552859 0.697085985362372984
-0.822179376528213490 -0.205662539382739873 0.696695286036915662
-0.832097491513246856 -0.166812153585527645 0.696302947479013001
-0.837158039684777755 -0.132315996798966773 0.695908972055780284
-0.838595003957081753 -0.111286972293972053 0.695513362144208891
-0.838576683326440087 -0.082179716204321795 0.695116120131151316
-0.837409124155531481 -0.064162747031271505 0.694717248413307176
-0.834283437447651766 -0.038898184075496944 0.694316749397208888
-0.829812169926871901 -0.015446066502034506 0.693914625499206461
-0.826209187505742904 -0.000683785618871224 0.693510879145453840
-0.820009945512491845 0.020311114249047080 0.693105512771893584
-0.815409421263078027 0.033618338987541074 0.692698528824242432
-0.807890611168564532 0.052652782944133392 0.692289929757976541
-0.799708058371121355 0.070680405710177752 0.691879718038316605
-0.793919176944969829 0.082187849616611353 0.691467896140213090
-0.784777048222526918 0.098741899348977591 0.691054466548331137
-0.775125455659430918 0.114505850926842789 0.690639431757035682
-0.768427294642336833 0.124603367353733063 0.690222794270376361
-0.758008785683051189 0.139165437048160423 0.689804556602072627
-0.747169917218599711 0.153059455534403865 0.689384721275498102
-0.735935512694872340 0.166315864184773010 0.688963290823665919
-0.728237104176715055 0.174811497775460067 0.688540267789212845
-0.716391207761918558 0.187056899829918077 0.688115654724384629
-0.704203970597827578 0.198719050107453721 0.687689454191019900
-0.691693003948033236 0.209810870540021233 0.687261668760535072
-0.683180831729462756 0.216893573087247021 0.686832301013909019
-0.670167396717295194 0.227055644499359943 0.686401353541667092
-0.656874031613647325 0.236668555872244613 0.685968828943865794
-0.643316681588106287 0.245736575936947060 0.685534729830076905
-0.629511302953023821 0.254262542075012865 0.685099058819371831
-0.615473985797110990 0.262248157260198345 0.684661818540305611
-0.605994966603008445 0.267272143801333073 0.684223011630901601
-0.591607495822254581 0.274358688508772985 0.683782640738634817
-0.577032300165082890 0.280905762101722134 0.683340708520416507
-0.562286613132695456 0.286912920687861506 0.682897217642577936
-0.547388078524834176 0.292379579886646646 0.682452170780854406
-0.532354766780444910 0.297305173351170016 0.682005570620368706
-0.517205180659899177 0.301689299008635670 0.681557419855615576
-0.501958251575091774 0.305531855186897738 0.681107721190444715
-0.486633327659118320 0.308833168536661651 0.680656477338045240
-0.471250154556994483 0.311594115499534197 0.680203691020928702
-0.460972265351809130 0.313135274345413328 0.679749364970912762
-0.445536885590401388 0.314999420188047941 0.679293501929105314
-0.430097643000850405 0.316329103992851079 0.678836104645886729
-0.414675482065814005 0.317128201063914150 0.678377175880894634
-0.399291584411977762 0.317401672850340710 0.677916718403006269
-0.383967325167718532 0.317155691050628519 0.677454734990322271
-0.368724228629447870 0.316397773662080828 0.676991228430149805
-0.353583924870022437 0.315136939652895853 0.676526201518985459
-0.338568109316581600 0.313383891614221144 0.676059657062499042
-0.323698507988800677 0.311151239750347197 0.675591597875515815
-0.304137376148434391 0.307454265715145170 0.675122026782000395
-0.289693440990869633 0.304164609642056105 0.674650946615038660
-0.275468153451369546 0.300455576976978167 0.674178360216821981
-0.261483317546502614 0.296352859381089795 0.673704270438628683
-0.247760912455681520 0.291887379177009576 0.673228680140807945
-0.234323280451044280 0.287097003913394211 0.672751592192761816
-0.221193438525765285 0.282029177298259437 0.672273009472928451
-0.208395585217200946 0.276745094349050036 0.671792934868764235
-0.195955923845640756 0.271326588386123668 0.671311371276726909
-0.183904013631948415 0.265888022171779537 0.670828321602257471
-0.168500010581446147 0.258909379974093856 0.670343788759763304
-0.157506806342445238 0.254257967355822956 0.669857775672599853
-0.147067032605576936 0.250695405542542049 0.669370285273053756
-0.137278107348460188 0.249310608319265076 0.668881320502324628
-0.128260675510979139 0.252627150882272111 0.668390884310507527
-0.119875187624435026 0.268186927696749899 0.667898979656575076
-0.084599272128764613 0.400072759053449079 0.667405609508359698
0.162012357507000132 -0.109037759236903689 0.666910776842535635
-0.040371178121841392 0.059079347491306305 0.666414484644600846
-0.052276971331891950 0.090716516425150315 0.665916735908859470
-0.049998851054004284 0.098217478680417566 0.665417533638403169
-0.045459636342206386 0.095814986105129188 0.664916880845093483
-0.040300101491223317 0.090454619487757737 0.664414780549543171
-0.035026116737737645 0.083422139741670329 0.663911235781098785
-0.028186965076131869 0.072495411198673101 0.663406249577821461
-0.023336310441989278 0.063562005747893405 0.662899824986468933
-0.018784354048856675 0.054211866111231667 0.662391965062477772
-0.014560017533966142 0.044570359623823781 0.661882672869943733
-0.009464122905290794 0.031412974303104718 0.661371951481604547
-0.006054343350048037 0.021401863923784879 0.660859803978820493
-0.003000403721070249 0.011323212595429429 0.660346233451555964
0.000520366958286418 -0.002152455530907648 0.659831242998361267
0.002752440093868776 -0.012245249297020182 0.659314835726353410
0.005194471660898379 -0.025631807958674407 0.658797014751197674
0.006634417479249871 -0.035588422889610165 0.658277783197088628
0.007747436515605437 -0.045450554223180242 0.657757144196731369
0.008737718704492553 -0.058421113698019930 0.657235100891322421
0.009121857053640579 -0.067993000845367579 0.656711656430531421
0.009209076028291859 -0.077413925984624932 0.656186813972481464
0.008880085304310989 -0.089715472557993864 0.655660576683730012
0.008311924635632358 -0.098729215497646045 0.655132947739250349
0.007144152467497680 -0.110439446580688938 0.654603930322411820
0.005972964259455781 -0.118974395469208793 0.654073527624961182
0.004035124596674759 -0.129999355881474904 0.653541742847002838
0.002311043287707412 -0.137984330238919983 0.653008579196979855
-0.000332749779888217 -0.148224897153407281 0.652474039891654756
-0.002564302763541804 -0.155579610269699686 0.651938128156089536
-0.005858019170492237 -0.164915484595001161 0.651400847223626678
-0.008559170218746692 -0.171534891240100906 0.650862200335869279
-0.012459117713390366 -0.179796271179935629 0.650322190742662065
-0.015603226074190443 -0.185520978204624487 0.649780821702071409
-0.020083827941982060 -0.192431428917165720 0.649238096480365567
-0.023660548009522595 -0.196984133745770063 0.648694018351995028
-0.028721813603094212 -0.202029059533780031 0.648148590599572971
-0.032742291941554133 -0.204857138959129936 0.647601816513855399
-0.038411263509892074 -0.206928327347969343 0.647053699393721038
-0.042894598077195159 -0.206735026325815169 0.646504242546151686
-0.049137050401965129 -0.202930843010744877 0.645953449286212344
-0.055401852148449018 -0.192255543732571033 0.645401322937030675
-0.059344514127711114 -0.175707762376856036 0.644847866829777683
-0.057938791689769120 -0.127129236795345518 0.644293084303647068
-0.025454564849292184 -0.037370269261311338 0.643736978705835461
0.493470313032763452 -0.004630738744816093 0.643179553391521885
0.147962624245240509 -0.516546716295751107 0.642620811723847774
0.029563045848517933 -0.459494878440539822 0.642060757073896426
-0.021902774334347230 -0.417957033199842898 0.641499392820673031
-0.040762018105287845 -0.402080484881003342 0.640936722351083898
-0.057241860049419058 -0.390369937464101147 0.640372749059916258
-0.069351688932994371 -0.384342818153737498 0.639807476349817827
-0.079371356004318355 -0.381400302455110751 0.639240907631276056
-0.086116402036942846 -0.380423439433664079 0.638673046322597582
-0.094491210289327165 -0.380167623031393120 0.638103895849887803
-0.102422328367263615 -0.380698942174987787 0.637533459647030010
-0.108188465270449424 -0.381438317863469156 0.636961741155665062
-0.115728470303949088 -0.382723891257575610 0.636388743825169967
-0.123174976285376325 -0.384230471454848788 0.635814471112637336
-0.128736441422190734 -0.385447640260961788 0.635238926482855071
-0.136160949825023248 -0.387130753395774074 0.634662113408284490
-0.143635719154439206 -0.388834540279875185 0.634084035369040122
-0.151200658208252681 -0.390518158036057994 0.633504695852868616
-0.158894826136141476 -0.392149039157044577 0.632924098355127196
-0.164774540038970213 -0.393320927439599677 0.632342246378763129
-0.172794519627681109 -0.394794955988506224 0.631759143434292514
-0.181065101790803984 -0.396145467118004801 0.631174793039778748
-0.189641793414149717 -0.397346838330388308 0.630589198720811650
-0.196314107399173793 -0.398132710359761055 0.630002364010486038
-0.205591746431460387 -0.398999542364254556 0.629414292449380408
-0.215389595264025097 -0.399620257349573849 0.628824987585535511
-0.225820051412150863 -0.399939135731989803 0.628234452974433477
-0.237023595438247137 -0.399880095459660245 0.627642692178975614
-0.249178048117364714 -0.399336230558236305 0.627049708769460978
-0.262511222703684988 -0.398153324299695910 0.626455506323565503
-0.273459002860274192 -0.396713308174073964 0.625860088426319683
-0.289618309227430815 -0.393793388383987364 0.625263458670087813
-0.308002903643293746 -0.389274420674298072 0.624665620654545006
-0.329229080553930131 -0.382375904188848537 0.624066577986656545
-0.354078776290572272 -0.371798858728824788 0.623466334280656009
-0.383455680690926615 -0.355301342833016176 0.622864893158023070
-0.418081855969733907 -0.328885244599461612 0.622262258247461841
-0.457280924307613357 -0.285321393484188834 0.621658433184878789
-0.494794861002043451 -0.212229677226690366 0.621053421613361412
-0.506978787106594608 -0.094477319089638273 0.620447227183155481
-0.466433967090276513 0.019448741775370482 0.619839853551643394
-0.306877448639551687 0.135729060580085104 0.619231304383322301
-0.106531746482314504 0.109892943263819778 0.618621583349781567
0.004417430072641598 -0.008856759368798263 0.618010694129680793
0.030403037143629498 -0.120608588345101464 0.617398640408728050
0.019573236876511121 -0.199170525945221805 0.616785425879656679
-0.002046897586516411 -0.251238973348967387 0.616171054242203975
-0.024932353677222574 -0.286117956021886610 0.615555529203088425
-0.046165613400543620 -0.310168632042704062 0.614938854475987173
-0.065108224004316595 -0.327270859550230386 0.614321033781514036
-0.081849125261850175 -0.339770890673528614 0.613702070847196968
-0.096673088755345860 -0.349118287690314943 0.613081969407454963
-0.109884250815532492 -0.356235654137401714 0.612460733203576524
-0.121752909464467762 -0.361728498320379122 0.611838365983696564
-0.132504721381480256 -0.366005925209998528 0.611214871502773316
-0.144650766780715451 -0.370067701125872950 0.610590253522566684
-0.153509548526766126 -0.372525854849175608 0.609964515811614816
-0.161731254898144883 -0.374430774477114758 0.609337662145211567
-0.169408927306208990 -0.375883300359230843 0.608709696305383963
-0.176618727916491580 -0.376959679191569585 0.608080622080868771
-0.183423430515745667 -0.377718434429381411 0.607450443267090412
-0.189875145434156289 -0.378205094052103341 0.606819163666137418
-0.196017444124288231 -0.378455504524166653 0.606186787086739787
-0.201887019988040844 -0.378498193238239244 0.605553317344246333
-0.207514992879804461 -0.378356078764138459 0.604918758260600598
-0.212927939948021450 -0.378047726433814291 0.604283113664319305
-0.219426261455901439 -0.377451320618279240 0.603646387390467831
-0.224434345335650653 -0.376820222427636298 0.603008583280637778
-0.229291273836827014 -0.376062974676691752 0.602369705182924098
-0.234011734447639341 -0.375187655435928358 0.601729756951901340
-0.238608748285019545 -0.374200950740955496 0.601088742448600111
-0.243093952532030616 -0.373108384737324272 0.600446665540484759
-0.248559115595217150 -0.371600646372110266 0.599803530101429061
-0.252829685852066055 -0.370285222561939686 0.599159340011693797
-0.257019358130848530 -0.368875773990201217 0.598514099157902213
-0.261136167243697315 -0.367374454133936990 0.597867811433017704
-0.265187705801465556 -0.365782833444300848 0.597220480736319392
-0.270171405622229466 -0.363667832061894791 0.596572110973379255
-0.274102395733378801 -0.361875978437310231 0.595922706056038476
-0.277991212685716971 -0.359995235073655162 0.595272269902383133
-0.281844913255032581 -0.358024910148361741 0.594620806436721661
-0.285670741304267839 -0.355963742964210961 0.593968319589560312
-0.290425394982073148 -0.353256608858510901 0.593314813297580179
-0.294216888727693082 -0.350983112230769279 0.592660291503612213
-0.298007050620302527 -0.348609985556231239 0.592004758156615130
-0.301805608604219844 -0.346132694829674348 0.591348217211650096
-0.306582266045028751 -0.342880826232619396 0.590690672629857860
-0.310441549493152835 -0.340146277865453095 0.590032128378433995
-0.314350176514497093 -0.337283569611419753 0.589372588430605804
-0.319331299376095001 -0.333507195449413485 0.588712056765608116
-0.323417112502504045 -0.330309707775571004 0.588050537368658643
-0.327618936114061565 -0.326935039893956891 0.587388034230934886
-0.331966271927699785 -0.323358994083799256 0.586724551349549261
-0.337660439700507076 -0.318557664396979801 0.586060092727525461
-0.342478997352743231 -0.314400744350528782 0.585394662373774133
-0.347593478505378639 -0.309902417166594057 0.584728264303068901
-0.354515881710966485 -0.303680355591020468 0.584060902536021609
-0.360594857606734709 -0.298089727225412604 0.583392581099058893
-0.367292378007072040 -0.291783316165516449 0.582723304024396649
-0.376796922265579315 -0.282527681090387117 0.582053075350017379
-0.385590407565055693 -0.273572108454195051 0.581381899119644441
-0.398594331360114185 -0.259420305677372787 0.580709779382718061
-0.411124619031946692 -0.244402098371734544 0.580036720194371247
-0.426072055647548686 -0.223945338003627314 0.579362725615404806
-0.448423711527646374 -0.184529208643780945 0.578687799712263029
-0.466791566146670223 -0.131499697872038968 0.578011946557009382
-0.471309007031830096 -0.040672104711709900 0.577335170227301964
-0.358046195667965694 0.136107331951712651 0.576657474806368309
-0.096487672785761119 0.132272335539463270 0.575978864382981293
0.002638935524559072 -0.119421788501739040 0.575299343051434375
-0.055786407114302924 -0.225975642722166137 0.574618914911516843
-0.123362998500037166 -0.273319302845326018 0.573937584068489048
-0.160827299243587796 -0.285685210026606573 0.573255354633057546
-0.187806051779023431 -0.289525730922576718 0.572572230721350661
-0.212009675092036554 -0.289164540081203625 0.571888216454893183
-0.226376700432846606 -0.286962803452802340 0.571203315960581826
-0.240199839522086733 -0.283089031863578811 0.570517533370660246
-0.248908328358644293 -0.279521029792694331 0.569830872822694068
-0.257681362159787430 -0.274757574469644439 0.569143338459545789
-0.263414328237316309 -0.270810559025339515 0.568454934429350356
-0.269347022836645855 -0.265782122923152730 0.567765664885489074
-0.273301310774524242 -0.261713399218345577 0.567075533986565739
-0.277444060571534479 -0.256591289261463740 0.566384545896380986
-0.280221995135229551 -0.252472649726312171 0.565692704783906763
-0.283129192961050657 -0.247303175106222572 0.565000014823262009
-0.285062299085065030 -0.243151942589124093 0.564306480193686899
-0.287049871477845886 -0.237943271074448903 0.563612105079517756
-0.288332850847564715 -0.233759853484532515 0.562916893670161955
-0.289590921011703029 -0.228508459557922483 0.562220850160072394
-0.290343344364321077 -0.224288371898860361 0.561523978748722397
-0.290990455037230755 -0.218987810249815562 0.560826283640580292
-0.291287686772013332 -0.214725767227003983 0.560127769045084101
-0.291398956921260832 -0.209369700531442077 0.559428439176616110
-0.291288743512580828 -0.205061033800465475 0.558728298254477340
-0.290911404973370757 -0.199644273539665434 0.558027350502862229
-0.290423268553508529 -0.195285411247113794 0.557325600150833100
-0.289585664046820679 -0.189804264361595865 0.556623051432294513
-0.288736454776227169 -0.185392891597606219 0.555919708585968286
-0.287453449748285184 -0.179845286084453604 0.555215575855366850
-0.285925597431391898 -0.174260487772748746 0.554510657488768932
-0.284527065798130974 -0.169765988471311663 0.553804957739192694
-0.282557611026879152 -0.164114940929961928 0.553098480864371078
-0.280803627607323469 -0.159568251171243652 0.552391231126725279
-0.278385432864231008 -0.153853497561730057 0.551683212793339983
-0.275712548344209107 -0.148105224591503937 0.550974430135936832
-0.273387474855247115 -0.143483695479310697 0.550264887430848670
-0.270242699450133350 -0.137680021164773903 0.549554588958994228
-0.267531931980707183 -0.133017328099020726 0.548843539005852032
-0.263893472297769438 -0.127166884666700952 0.548131741861434318
-0.259969451698354448 -0.121295307445603823 0.547419201820261936
-0.256618510896186147 -0.116585639718965559 0.546705923181337261
-0.252156848807982614 -0.110687086756675254 0.545991910248119217
-0.247381855017533292 -0.104780921310258762 0.545277167328497070
-0.243328531093147560 -0.100054681445172572 0.544561698734763899
-0.237959859395700052 -0.094151158445819741 0.543845508783591502
-0.232243327013258061 -0.088259805843670283 0.543128601796003752
-0.227410255394524308 -0.083561464839486732 0.542410982097350503
-0.221031653141544798 -0.077715362271383356 0.541692654017281949
-0.214263658612219077 -0.071909528831223965 0.540973621889721756
-0.208557783189277257 -0.067302242690453679 0.540253890052841745
-0.201046436927007049 -0.061601582905818505 0.539533462849035028
-0.193096848216120720 -0.055980413432071316 0.538812344624890471
-0.186408726641594996 -0.051552332029952297 0.538090539731165718
-0.177621095653420435 -0.046119494499924404 0.537368052522761430
-0.168338841016400342 -0.040820338910220265 0.536644887358695422
-0.160542190019496628 -0.036693257541053972 0.535921048602074901
-0.150313684570339029 -0.031696966153397302 0.535196540620071826
-0.139526817980447665 -0.026908826690856355 0.534471367783895701
-0.130478943296850031 -0.023250121005110196 0.533745534468767047
-0.118625086076054764 -0.018922010429805486 0.533019045053891527
-0.106142850652438697 -0.014904156667447918 0.532291903922433307
-0.093006181476765329 -0.011241557878182450 0.531564115461488407
-0.082007986302850930 -0.008600907722178613 0.530835684062058610
-0.067627104876845187 -0.005708681562257428 0.530106614119024488
-0.052518562868717450 -0.003328311250564570 0.529376910031119641
-0.036657256075875250 -0.001528801409610307 0.528646576200903162
-0.023410237685111957 -0.000558990323344657 0.527915617034733886
-0.006135706531616471 -0.000005665486218547 0.527184036942743628
0.011951757409968755 -0.000273037535510023 0.526451840338810095
0.030867111352227649 -0.001466477813420183 0.525719031640530909
0.046602014288793792 -0.003166536372739743 0.524985615269196515
0.067026324396774889 -0.006331972919488119 0.524251595649763980
0.088284662792898372 -0.010786912937962231 0.523516977210829459
0.110359653941395353 -0.016689104987226845 0.522781764384602554
0.128586404852045560 -0.022569327622502952 0.522045961606878439
0.152036793986077834 -0.031526889248086769 0.521309573317012220
0.176161504054066331 -0.042462682157462558 0.520572603957891289
0.200861842838142929 -0.055599190864841858 0.519835057975908787
0.226004230921341587 -0.071175103312249299 0.519096939820936853
0.246319798767230869 -0.085561563211808980 0.518358253946300196
0.271780538617879819 -0.106171712221363734 0.517619004808748007
0.297056166509863551 -0.129949124937399463 0.516879196868428425
0.321804520542706196 -0.157155940799765581 0.516138834588860784
0.345605833635509285 -0.188038292338901958 0.515397922436909073
0.363628018014959531 -0.215535654868715093 0.514656464882754738
0.384387224261316218 -0.253536429215769965 0.513914466399869707
0.402547299112888668 -0.295656040969048906 0.513171931464990072
0.417341830023913118 -0.341885054918325271 0.512428864558087671
0.427924595435268951 -0.392072696319138547 0.511685270162344774
0.433393436041886015 -0.445889902347018918 0.510941152764125550
0.433467719571031029 -0.491200474237415086 0.510196516852949977
0.427436286008672728 -0.550023400725171974 0.509451366921466198
0.413854511164789218 -0.610342633540296831 0.508705707465423762
0.392087858029619429 -0.670926238894149263 0.507959542983646317
0.361754667211996339 -0.730328007857597106 0.507212877978004517
0.322802689317177149 -0.786951829832408079 0.506465716953388712
0.285645853053133780 -0.829140012297917561 0.505718064417682078
0.232294668112291547 -0.876639442927048540 0.504969924881733090
0.172274208848010701 -0.916976662997824654 0.504221302859328868
0.106978341225878570 -0.948980426383715381 0.503472202867166985
0.038042786208622725 -0.971850164498179625 0.502722629424828926
-0.032777743607662280 -0.985207274535988442 0.501972587054753117
-0.103739688431321309 -0.989099508250263826 0.501222080282206495
-0.173228835770776635 -0.983961255826499626 0.500471113635258535
-0.226814205962676929 -0.973843027265025807 0.499719691644752828
-0.290325677576657115 -0.954486723055721353 0.498967818844280431
-0.349175745850741626 -0.928688588794015280 0.498215499770152170
-0.402779340695722743 -0.897583409963172985 0.497462738961371664
-0.450817570862226957 -0.862289090395446767 0.496709540959607176
-0.493196662235989458 -0.823852514626898680 0.495955910309165471
-0.530001025968300121 -0.783214754399665369 0.495201851556962724
-0.561446809576144346 -0.741193150488028474 0.494447369252498770
-0.587840046578580688 -0.698476583895288439 0.493692467947828284
-0.605558161042829668 -0.664186546423370827 0.492937152197534589
-0.623784886121379056 -0.621566101690908424 0.492181426558700674
-0.638023065542451917 -0.579555596736792022 0.491425295590883215
-0.648660744666294198 -0.538436770494605477 0.490668763856084045
-0.656069346803450304 -0.498417104138074107 0.489911835918723060
-0.660597187604958447 -0.459643090813496968 0.489154516345610635
-0.662566097076071947 -0.422212023671462489 0.488396809705919865
-0.662270294083694200 -0.386182113179537101 0.487638720571159257
-0.659976829992892977 -0.351580928572647999 0.486880253515145078
-0.655927080125131456 -0.318412262777678035 0.486121413113973777
-0.650338902754880155 -0.286661568639084430 0.485362203945993942
-0.643409202407756786 -0.256300124989236267 0.484602630591779604
-0.637020201070387260 -0.232984765170244884 0.483842697634101593
-0.628115886730001294 -0.205017372489095517 0.483082409657900780
-0.618334275262475863 -0.178305436075817697 0.482321771250259546
-0.607819351724074974 -0.152785670098053716 0.481560787000374912
-0.596708924348342773 -0.128386239631328392 0.480799461499530345
-0.585138422286814119 -0.105024859692142675 0.480037799341068050
-0.573245341646648754 -0.082605303600680274 0.479275805120361664
-0.561174752182553527 -0.061011616551015196 0.478513483434788112
-0.549086518228680598 -0.040098766145204245 0.477750838883700013
-0.537165286028221445 -0.019677411938698541 0.476987876068398153
-0.525634960826830921 0.000511584770273132 0.476224599592103282
-0.514780528880844024 0.020841574874549323 0.475461014059928577
-0.504981906927636670 0.041881631923695706 0.474697124078852117
-0.496766922616416584 0.064556091944613314 0.473932934257688454
-0.490890545548723689 0.090482657067016969 0.473168449207061581
-0.488423407071027049 0.122763385451091833 0.472403673539376345
-0.490637654451650862 0.168077506191643883 0.471638611868791302
-0.496980697162329288 0.243075067334013462 0.470873268811190182
-0.485663235558675466 0.395359866933456539 0.470107648984154913
-0.239890181190037161 0.682616193489987033 0.469341757006936922
0.269313217419037465 0.349322462011202151 0.468575597500429597
0.107608599918444028 0.041485465550398046 0.467809175087140594
-0.011879982052936661 -0.001688563448117192 0.467042494391163687
-0.065503714609768726 -0.001148009399623513 0.466275560038151071
-0.089409890388399554 0.005820847592224031 0.465508376655285161
-0.098802580282459349 0.012667026309717583 0.464740948871250947
-0.100466179829131030 0.017164109594007583 0.463973281316208130
-0.098128086667414030 0.021408238979310878 0.463205378621762642
-0.092667265943618432 0.024205176685363060 0.462437245420939558
-0.085231698410390411 0.025696708977928008 0.461668886348154228
-0.076533014729827792 0.026020641486887170 0.460900306039185248
-0.067037744780819447 0.025296838572837370 0.460131509131145422
-0.057066339250681219 0.023627175316915452 0.459362500262455065
-0.046847728297404287 0.021098662823085628 0.458593284072812746
-0.036550982017551845 0.017786755883817680 0.457823865203168145
-0.026304504713376937 0.013758107785618735 0.457054248295693633
-0.016208114701305929 0.009072694728364694 0.456284437993756620
-0.006340896735373421 0.003785404253049352 0.455514438941891142
0.003233546332991686 -0.002052793067956324 0.454744255785770268
0.012463490935658173 -0.008393985035394121 0.453973893172177512
0.021306563587863453 -0.015192691372403330 0.453203355748979131
0.029727926671609423 -0.022405408716949158 0.452432648165096596
0.037698950176162482 -0.029990282220471752 0.451661775070477334
0.045196219651273586 -0.037906870723425634 0.450890741116067750
0.052200780492571118 -0.046115981138282518 0.450119550953784642
0.058697550694101965 -0.054579553926667419 0.449348209236487384
0.064674855252363689 -0.063260586138066247 0.448576720617949509
0.070124049443555742 -0.072123081797522470 0.447805089752831120
0.075039207779763570 -0.081132021907755716 0.447033321296650354
0.079416862020714366 -0.090253348127341412 0.446261419905755630
0.083958946882103175 -0.101300744569258028 0.445489390237297223
0.087152595515047906 -0.110554131255591409 0.444717236949199513
0.089811706316457504 -0.119817320566260516 0.443944964700132727
0.091940967100800131 -0.129060258408740913 0.443172578149484575
0.093546598563493288 -0.138253846160276417 0.442400081957332769
0.094636223955981785 -0.147369938274652390 0.441627480784416215
0.095218747810030119 -0.156381336053830561 0.440854779292107424
0.095304242392698579 -0.165261776616831502 0.440081982142383921
0.094903840944256010 -0.173985916221891024 0.439309093997800659
0.094029637011729450 -0.182529307134824292 0.438536119521461376
0.092694589392464388 -0.190868367216755153 0.437763063376990780
0.090912432371907159 -0.198980341370829844 0.436989930228506185
0.088697591062586401 -0.206843253850591796 0.436216724740589701
0.086065101775746305 -0.214435850277827661 0.435443451578259699
0.083030537456295600 -0.221737527957936831 0.434670115406943058
0.079609938323145557 -0.228728252761304374 0.433896720892446575
0.075819747980340524 -0.235388460394287846 0.433123272700929207
0.071676755409617321 -0.241698939301049520 0.432349775498873712
0.067198043442339414 -0.247640691685670489 0.431576233953058608
0.062400944553613766 -0.253194768138715276 0.430802652730529700
0.057303005163350032 -0.258342070036477578 0.430029036498572770
0.051921960096104683 -0.263063112114936770 0.429255389924684039
0.046275719512522920 -0.267337735277050959 0.428481717676543417
0.040382371577202425 -0.271144756489723471 0.427708024421985300
0.034260205489207135 -0.274461538286081053 0.426934314828971262
0.027927761558738107 -0.277263454338445570 0.426160593565560908
0.021403917944677331 -0.279523219202223006 0.425386865299884787
0.014708028295937731 -0.281210038372911086 0.424613134700115247
0.007860131434952705 -0.282288517767949443 0.423839406434439070
0.000881265122511327 -0.282717246870931305 0.423065685171028827
-0.006206066790255454 -0.282446933083568275 0.422291975578014622
-0.013377196496611538 -0.281417909619980755 0.421518282323456672
-0.020604239846910816 -0.279556754836019716 0.420744610075315939
-0.027854486644230958 -0.276771629058086721 0.419970963501427319
-0.035087892831602630 -0.272945724811303414 0.419197347269470222
-0.042253085350192510 -0.267927883634209940 0.418423766046941481
-0.049280827699193328 -0.261518859942133197 0.417650224501126266
-0.056072998696340040 -0.253450730596732066 0.416876727299070882
-0.062483327168745731 -0.243355221292091584 0.416103279107553403
-0.068282282947119161 -0.230713605557719720 0.415329884593057030
-0.073089892107695939 -0.214775110631836241 0.414556548421740223
-0.076239547116243575 -0.194420265936324776 0.413783275259410332
-0.076482409252694422 -0.167927533555314284 0.413010069771493848
-0.071291688149529395 -0.132579682674863419 0.412236936623009365
-0.055064239371009772 -0.084090508163504357 0.411463880478538657
-0.014000465592526478 -0.016525279128023179 0.410690906002199319
0.088986986420233505 0.070709025438556450 0.409918017857616057
0.338788253666746031 0.111439092473592655 0.409145220707892665
0.646447575369825778 -0.192300597347408231 0.408372519215583762
0.408074873954692219 -0.635970111516184766 0.407599918042667209
0.165939077943863589 -0.657551767713952739 0.406827421850515403
0.039590950892576027 -0.608896990983218922 0.406055035299867251
-0.028868748846731795 -0.560943781969007071 0.405282763050800465
-0.070523807072402883 -0.522075929963213059 0.404510609762702811
-0.098647903688364097 -0.490963682631021414 0.403738580094244404
-0.119265256279494941 -0.465522760619694664 0.402966678703349568
-0.135363201715868992 -0.444141873334167547 0.402194910247168913
-0.148546323297999355 -0.425692895446682207 0.401423279382050524
-0.159736160312168168 -0.409395650248877141 0.400651790763512761
-0.169492198591508492 -0.394704941444816493 0.399880449046215336
-0.178170276748284784 -0.381233414589272568 0.399109258883932283
-0.186005843812829252 -0.368701066781855880 0.398338224929522700
-0.193160147168871532 -0.356902232353835946 0.397567351834903382
-0.199747073101606387 -0.345683715411285897 0.396796644251020736
-0.205849383578275646 -0.334930046121419855 0.396026106827822577
-0.211528888736919191 -0.324553348153666266 0.395255744214229765
-0.216833019465298871 -0.314486241125025101 0.394485561058108725
-0.221799191522409123 -0.304676776426049623 0.393715562006243303
-0.226457774598343459 -0.295084759454484868 0.392945751704306401
-0.230834156717369454 -0.285679033066400800 0.392176134796831943
-0.234950207910465309 -0.276435437968686581 0.391406715927187232
-0.238825336248831954 -0.267335256808509558 0.390637499737544969
-0.242477261676135425 -0.258364008492124098 0.389868490868854556
-0.245922590798682839 -0.249510499178139250 0.389099693960814785
-0.249177248778138349 -0.240766063407705816 0.388331113651845694
-0.252256806861321958 -0.232123947427015198 0.387562754579060531
-0.255176732409193363 -0.223578799691588032 0.386794621378237391
-0.257952580381637486 -0.215126242661371092 0.386026718683791847
-0.260600139816440757 -0.206762506497117554 0.385259051128749030
-0.263135545052492703 -0.198484109944766340 0.384491623344714872
-0.265575358760673341 -0.190287577085559462 0.383724439961849018
-0.267936631887563503 -0.182169181108657957 0.382957505608836291
-0.269780896305246931 -0.175727913213108211 0.382190824912859439
-0.272045468173041316 -0.167739075249776798 0.381424402499570547
-0.274282121062984052 -0.159814645546557971 0.380658242993063167
-0.276509993317947511 -0.151947893861707928 0.379892351015845064
-0.278748763824941459 -0.144130798483634526 0.379126731188809796
-0.281018621100243837 -0.136353841464340819 0.378361388131208842
-0.283340217629678204 -0.128605800903522471 0.377596326460623632
-0.285734608202195428 -0.120873537783903001 0.376831550792938397
-0.288223170367685522 -0.113141775079533310 0.376067065742311524
-0.290827504508140766 -0.105392867074715693 0.375302875921148027
-0.293569310273155692 -0.097606557057502458 0.374538985940071401
-0.296470235353983536 -0.089759721842392476 0.373775400407896752
-0.299551691619731164 -0.081826101951472635 0.373012123931601880
-0.302834632663889214 -0.073776016783113949 0.372249161116299909
-0.306339285606506972 -0.065576064785108273 0.371486516565211977
-0.310084828762413278 -0.057188809581324287 0.370724194879638425
-0.314089005375570274 -0.048572454247049118 0.369962200658932039
-0.318367662089328096 -0.039680507593486847 0.369200538500469633
-0.322934199308094028 -0.030461448494624260 0.368439212999625065
-0.327798918975745202 -0.020858397142105495 0.367678228749740488
-0.332968253914937562 -0.010808805724301013 0.366917590342099198
-0.338443861620989550 -0.000244185637838068 0.366157302365898329
-0.344221564806833469 0.010910105923734287 0.365397369408220485
-0.349053953822976215 0.020312269986571097 0.364637796054006091
-0.355341450832798944 0.032736112601209538 0.363878586886026256
-0.361877110244107070 0.045991905463910049 0.363119746484854844
-0.368621727298768520 0.060177531025702030 0.362361279428840721
-0.375522571126455929 0.075396001581023470 0.361603190294080168
-0.382511209239827732 0.091754428032446739 0.360845483654389343
-0.389501176171679453 0.109362516976170859 0.360088164081276974
-0.396385546967692903 0.128330489190983305 0.359331236143916044
-0.403034511142138951 0.148766305787359943 0.358574704409116762
-0.409293086821852614 0.170772089168730906 0.357818573441299359
-0.414979167878270050 0.194439639149299209 0.357062847802465555
-0.419882156590051181 0.219844975236438367 0.356307532052171694
-0.423080699808694727 0.241457529962037759 0.355552630747501208
-0.425951455901200426 0.270106823971419163 0.354798148443037253
-0.427299031277088903 0.300564539952267284 0.354044089690834618
-0.426812736459282582 0.332780955718951166 0.353290459040392801
-0.424166285679899502 0.366653478702052338 0.352537261038628369
-0.419027069050803391 0.402018927691356276 0.351784500229847863
-0.411068233320841137 0.438647376102599407 0.351032181155719714
-0.399983389897122010 0.476238554588328034 0.350280308355247205
-0.385503400249171402 0.514421849781355855 0.349528886364741498
-0.371328787766033341 0.545103519031353234 0.348777919717793483
-0.350246605952422518 0.583214635739639276 0.348027412945247028
-0.325364061660263382 0.620564348401654753 0.347277370575171052
-0.296707803005050508 0.656600233045915749 0.346527797132833160
-0.264410313296915556 0.690767284838296192 0.345778697140671221
-0.228710958834494299 0.722533147149066246 0.345030075118266999
-0.189949822704451765 0.751413416216415442 0.344281935582318011
-0.157021292566997539 0.772159272898234494 0.343534283046611377
-0.113873109956235008 0.794863155580076808 0.342787122021995572
-0.069016809530199841 0.813757487231012377 0.342040457016353661
-0.023010809890520623 0.828705176201907978 0.341294292534576271
0.023586973613265505 0.839674831700885971 0.340548633078533836
0.070242107271511478 0.846733635115953454 0.339803483147050112
0.116462741722739904 0.850035022519006978 0.339058847235874428
0.152831875158301822 0.850119326722986290 0.338314729837655315
0.197217987438370101 0.847257780502978730 0.337571135441912362
0.240119693537930889 0.841387425526291644 0.336828068535010128
0.281292743935904532 0.832837135579659105 0.336085533600130215
0.320559231967343206 0.821943428771678253 0.335343535117245406
0.350518985772306613 0.811764757347001931 0.334602077563091016
0.386093935704451829 0.797480690030737627 0.333861165411139194
0.419562270437844664 0.781743632938405875 0.333120803131571552
0.450934959305025085 0.764831718771247893 0.332380995191252027
0.480253522333010663 0.746996240861763416 0.331641746053699893
0.502272357132665714 0.732213977018102646 0.330903060179063069
0.528068467664081331 0.713260567417257851 0.330164942024091357
0.552031046756940258 0.693940438675961113 0.329427396042108855
0.574259377229635826 0.674403122412997491 0.328690426682987813
0.594856848317052656 0.654775183530581062 0.327954038393121539
0.610230874092479225 0.639079364470714451 0.327218235615397535
0.628155524429700352 0.619542669892997666 0.326483022789170574
0.644738039167654597 0.600166999842619231 0.325748404350236054
0.660075933965872941 0.581012379975087812 0.325014384730803463
0.671512712529384714 0.565880216015225534 0.324280968359469235
0.684840900437686750 0.547236344482323500 0.323548159661190049
0.697171331306346675 0.528921314630336203 0.322815963057256461
0.708581844982331233 0.510957083655110833 0.322084382965266092
0.717096704579149979 0.496848838653583980 0.321353423799096927
0.727030025209455255 0.479551284362109032 0.320623089968880448
0.736232552541122409 0.462634778994411244 0.319893385880975489
0.744762129845666365 0.446101936249971964 0.319164315937941478
0.751137143449010836 0.433151678829064246 0.318435884538511682
0.758586430707175574 0.417306600727068933 0.317708096077566726
0.765500796584836940 0.401838035252502557 0.316980954946108506
0.771921911303061759 0.386739848014237331 0.316254465531233042
0.776729400487739086 0.374923048188300689 0.315528632216104443
0.782356569504868427 0.360472320238539035 0.314803459379928152
0.787589253527917976 0.346369137920765957 0.314078951397925132
0.791511415755011494 0.335330531603630189 0.313355112641304667
0.796107150741130587 0.321829055159813970 0.312631947477238548
0.800385302006943133 0.308648106629113794 0.311909460268834315
0.804368999964934384 0.295777712723275299 0.311187655375109562
0.807358237331804229 0.285698295519086876 0.310466537150965005
0.810864051460086110 0.273361831328824800 0.309746109947158288
0.814130278469106017 0.261308258618295264 0.309026378110278277
0.816581926811140058 0.251862629654970471 0.308307345982718140
0.819457676270572866 0.240294239746423499 0.307589017902649531
0.822136796361606192 0.228982466138940577 0.306871398203996282
0.824147291805576665 0.220111820638741018 0.306154491216408586
0.826504524420450304 0.209239719328850271 0.305438301265236245
0.828272564316620330 0.200709773988538009 0.304722832671503130
0.830344124658560112 0.190250200348513976 0.304008089751880761
0.832270733650535166 0.180008724960311062 0.303294076818662772
0.833713622747835892 0.171967503280227973 0.302580798179738097
0.835401137049694320 0.162099825043734325 0.301868258138565604
0.836966753302841981 0.152429910288612080 0.301156460994148056
0.838136233653625551 0.144831855918453767 0.300445411041005861
0.839499826546378780 0.135501223217244393 0.299735112569151418
0.840515905038123012 0.128166402396033940 0.299025569864063145
0.841697287805072358 0.119154988797690431 0.298316787206659995
0.842785029895936066 0.110312829553024738 0.297608768873274754
0.843591114867534797 0.103357293089252344 0.296901519135629122
0.844522435340619326 0.094806217968918860 0.296195042260807340
0.845209134231426740 0.088076904411011958 0.295489342511231157
0.845997921480002191 0.079800655597888071 0.294784424144633184
0.846712869235454635 0.071670549807402562 0.294080291414031747
0.847234006618730606 0.065268724275692969 0.293376948567705464
0.847824635181498421 0.057390722665448202 0.292674399849167044
0.848250405520353246 0.051185221744441900 0.291972649497137970
0.848726603568206284 0.043546212893514902 0.291271701745522582
0.849064423343968588 0.037526978140831502 0.290571560823383868
0.849434889821248373 0.030114901526096971 0.289872230954915933
0.849691292809351850 0.024272675591579584 0.289173716359419908
0.849963703072916354 0.017076423193456092 0.288476021251277581
0.850144463522667260 0.011402672182951268 0.287779149839927695
0.850325612113715823 0.004411992905755779 0.287083106329838189
0.850458712157718955 -0.002468623461102104 0.286387894920482278
0.850531774045744982 -0.007895761489609077 0.285693519806313190
0.850582714381116434 -0.014585263955779637 0.284999985176738024
0.850592130715395411 -0.019862960456426326 0.284307295216093381
0.850565972474933485 -0.026369820954063317 0.283615454103619102
0.850515577001648260 -0.031504626673601877 0.282924466013434350
0.850439726338413360 -0.036577919766921763 0.282234335114511015
0.850310104248097165 -0.042834830768875065 0.281545065570649733
0.850179312869498771 -0.047773994741080128 0.280856661540454244
0.849982921560302529 -0.053866827827434793 0.280169127177306077
0.849800169632093150 -0.058677525454109869 0.279482466629339732
0.849540557279966468 -0.064613183574584176 0.278796684039418097
0.849308550258196737 -0.069300808805990488 0.278111783545106850
0.848988942682743719 -0.075085889159948294 0.277427769278649428
0.848710143311645959 -0.079655614227508886 0.276744645366942488
0.848333479809381785 -0.085296463611778617 0.276062415931510929
0.848010133645424879 -0.089753280417325332 0.275381085088483135
0.847667657495451810 -0.094161479085584143 0.274700656948565658
0.847213250487787173 -0.099604798872237665 0.274021135617018741
0.846829126806021848 -0.103907052000925926 0.273342525193631669
0.846323804028712323 -0.109220884020739539 0.272664829772698014
0.845899821273420338 -0.113421880010654563 0.271988053442990652
0.845458653282678774 -0.117579355444230704 0.271312200287737060
0.844883490966678252 -0.122716374633267011 0.270637274384595228
0.844404752526617841 -0.126779223215926717 0.269963279805628786
0.843783518579799718 -0.131800787865122393 0.269290220617281972
0.843268597923942709 -0.135773522645647904 0.268618100880355593
0.842738000766533935 -0.139707641740785260 0.267946924649982543
0.842053057580069764 -0.144572323165373606 0.267276695975603384
0.841488006626450291 -0.148422758000820609 0.266607418900941251
0.840907975142186737 -0.152237413718294412 0.265939097463978480
0.840162150120755902 -0.156956736230347449 0.265271735696931188
0.839549068397786757 -0.160694045698842380 0.264605337626225900
0.838921557629024761 -0.164398373874904968 0.263939907272474572
0.838117090959759170 -0.168983703866379564 0.263275448650450827
0.837457607208320631 -0.172616938915925333 0.262611965769065092
0.836784100060909308 -0.176219953317588052 0.261949462631341390
0.836096664637853593 -0.179793589083620697 0.261287943234391862
0.835217905756685086 -0.184220597229081462 0.260627411569394229
0.834499406158293100 -0.187731191755628857 0.259967871621566038
0.833767189312112023 -0.191215120391707405 0.259309327370142229
0.832832679248845631 -0.195533792652057781 0.258651782788349882
0.832069701699323594 -0.198960743730030420 0.257995241843384959
0.831293064580547414 -0.202363706643611252 0.257339708496387765
0.830502753954555306 -0.205743498750812881 0.256685186702419799
0.829495591353698103 -0.209936895547095492 0.256031680410439610
0.828674384970818023 -0.213267527368953491 0.255379193563278428
0.827839353167359571 -0.216577626110946664 0.254727730097616900
0.826990415424363690 -0.219867998368862505 0.254077293943961557
0.825909538719184488 -0.223954448997129851 0.253427889026620723
0.825028932505503465 -0.227203376141074498 0.252779519263680752
0.824134043265253968 -0.230435186208262588 0.252132188566982385
0.823224717995586497 -0.233650679454581622 0.251485900842097765
0.822300785506623222 -0.236850655443329339 0.250840659988306292
0.821125037374766276 -0.240830021815167883 0.250196469898570972
0.820167514953281884 -0.243998006083478491 0.249553334459515330
0.819194696855438109 -0.247153071022456317 0.248911257551399867
0.818206328384584958 -0.250296017136285742 0.248270243048098749
0.817202133514534745 -0.253427646122241557 0.247630294817075935
0.816181814154683716 -0.256548761264660141 0.246991416719362256
0.815145049383924292 -0.259660167823061561 0.246353612609532258
0.813825439805294093 -0.263537003980144457 0.245716886335680784
0.812750375593045415 -0.266629523465435780 0.245081241739399380
0.811657655115787913 -0.269714970059428460 0.244446682655753811
0.810546850775180960 -0.272794162022689801 0.243813212913260191
0.809417507366478217 -0.275867921800641680 0.243180836333862671
0.808269141027850080 -0.278937076469610246 0.242549556732909621
0.807101238153999478 -0.282002458194741401 0.241919377919131262
0.805913254249937872 -0.285064904707437172 0.241290303694616182
0.804704612752893400 -0.288125259788121257 0.240662337854788411
0.803474703791611899 -0.291184373778491656 0.240035484188385162
0.801906425025047165 -0.295007827932922018 0.239409746477433349
0.800626253103446928 -0.298067296107258461 0.238785128497226773
0.799322585744388192 -0.301128338599284451 0.238161634016303414
0.797994656556322401 -0.304191839770285244 0.237539266796423398
0.796641658483717929 -0.307258693575326314 0.236918030592545070
0.795262742217063057 -0.310329804232529094 0.236297929152803232
0.793857014524490312 -0.313406086928855687 0.235678966218485830
0.792423536518019889 -0.316488468556710589 0.235061145524012804
0.790961321820611962 -0.319577888499704810 0.234444470796911636
0.789469334651022425 -0.322675299455635889 0.233828945757796114
0.787946487811707952 -0.325781668299002014 0.233214574120343354
0.786391640555741511 -0.328897976997422403 0.232601359591271956
0.784803596344009646 -0.332025223570291517 0.231989305870319185
0.783181100470256908 -0.335164423095532737 0.231378416650218466
0.781522837535136738 -0.338316608767827987 0.230768695616677788
0.779827428769299447 -0.341482833008000419 0.230160146448356639
0.778093429180612306 -0.344664168616436117 0.229552772816844636
0.776766696033511783 -0.347060744658831188 0.228946578386638622
0.774961475311195858 -0.350271172250619212 0.228341566815121244
0.773113322945307102 -0.353499776574876634 0.227737741752538220
0.771220516692287861 -0.356747718056207586 0.227135106841976964
0.769281251572953906 -0.360016183697139835 0.226533665719343968
0.767293635625971304 -0.363306388523620793 0.225933422013343488
0.765255685340582970 -0.366619577070325053 0.225334379345455083
0.763165320719682461 -0.369957024921698185 0.224736541329912165
0.761020359956123160 -0.373320040280535115 0.224139911573680239
0.758818513676669082 -0.376709965580323047 0.223544493676434614
0.757128356651493695 -0.379270896949647773 0.222950291230539055
0.754821105826526395 -0.382711253735102286 0.222357307821024419
0.752450066293735009 -0.386182402194078844 0.221765547025566445
0.750012485374899285 -0.389685827993576539 0.221175012414464467
0.747505468170446163 -0.393223059054712498 0.220585707550619681
0.744925968383422732 -0.396795667272668240 0.219997635989513968
0.742941853595490587 -0.399499311012193437 0.219410801279188383
0.740227687618764230 -0.403137750032679709 0.218825206960221313
0.737431796384669491 -0.406816129630956258 0.218240856565707519
0.734550469441543896 -0.410536201709204795 0.217657753621236849
0.731579788956989163 -0.414299770015628566 0.217075901644872893
0.729290658560185157 -0.417152105746559809 0.216495304147131529
0.726153504085058188 -0.420996293896398921 0.215915964630959911
0.722915025424958779 -0.424889217596078506 0.215337886591715516
0.719570381938976378 -0.428832887192485468 0.214761073517145018
0.716989152715421851 -0.431825183208718599 0.214185528887362697
0.713446182176066590 -0.435862669187057350 0.213611256174830066
0.709782160049966748 -0.439956728305898770 0.213038258844334860
0.706951072483297471 -0.443065737234326074 0.212466540352969940
0.703060396230573259 -0.447264196942330716 0.211896104150112174
0.699031048603701355 -0.451525497680097421 0.211326953677402479
0.694855820245847022 -0.455852024997643324 0.210759092368723977
0.691624055225899870 -0.459141190837644986 0.210192523650182150
0.687174704485262855 -0.463587764569639904 0.209627250940083665
0.682557016462137178 -0.468106391725161775 0.209063277648916135
0.678977734617942197 -0.471544189966826510 0.208500607179326947
0.674042782978971800 -0.476195109085656765 0.207939242926103607
0.668912400877486935 -0.480925220979426638 0.207379188276152232
0.664929636578009409 -0.484526364320724490 0.206820446608478120
0.659429715481906875 -0.489401426009977381 0.206263021294164489
0.655155619550246815 -0.493114321001794920 0.205706915696352854
0.649247025432882596 -0.498142417403652615 0.205152133170222351
0.643085254934133599 -0.503261534108015995 0.204598677062969414
0.638288371331276361 -0.507162123810352528 0.204046550713787689
0.631644957040747967 -0.512446535671279624 0.203495757453848236
0.626466859579552282 -0.516473836352305926 0.202946300606278940
0.619286500618409508 -0.521930641855053001 0.202398183486144662
0.613682703086121939 -0.526089640340282161 0.201851409400427062
0.605901697294521924 -0.531724909469886153 0.201305981648004950
0.599820852363582624 -0.536019619490354149 0.200761903519634410
0.591365522216751205 -0.541837804668920842 0.200219178297928596
0.582487298475992898 -0.547761616510679672 0.199677809257337857
0.575532895335095995 -0.552273860830355567 0.199137799664130727
0.565839659566630182 -0.558382235271887351 0.198599152776373439
0.558234748985313334 -0.563031808242089427 0.198061871843910497
0.550324748291447063 -0.567738874037435393 0.197525960108345194
0.539273204557800034 -0.574101963800753512 0.196991420803020012
0.530581374649163551 -0.578937040263665548 0.196458257152997223
0.518415634188987839 -0.585462576905897536 0.195926472375038851
0.508829879482482816 -0.590411441431319073 0.195396069677588241
0.495387324731563328 -0.597074691176955552 0.194867052260749796
0.484774847698032973 -0.602113676025337718 0.194339423316269994
0.469862389381340451 -0.608874876063256187 0.193813186027518514
0.458065153251412061 -0.613966878072867650 0.193288343569468529
0.445704364234606076 -0.619065754208437125 0.192764899108677640
0.428281580958284502 -0.625853626392842144 0.192242855803268775
0.414455032363354681 -0.630917346612420826 0.191722216802911405
0.394921467488707323 -0.637598472037918529 0.191202985248802360
0.379383628352630620 -0.642528122546778269 0.190685164273646623
0.363025024073038605 -0.647359172210787093 0.190168757001638655
0.339834341620453451 -0.653592525281761816 0.189653766548444014
0.321322963595899791 -0.658062482795049863 0.189140196021179541
0.301774365593192984 -0.662306423258249843 0.188628048518395514
0.273961625558179378 -0.667518477417175071 0.188117327130056300
0.251681027143117797 -0.671007142514623789 0.187608034937522289
0.228079573710237488 -0.674047405168769265 0.187100175013531100
0.203056696527066205 -0.676543768839635296 0.186593750422178684
0.167293603167201710 -0.678826401034469784 0.186088764218901248
0.138520088317264256 -0.679572122739427020 0.185585219450456806
0.107935635138083130 -0.679299879679369334 0.185083119154906633
0.064113034269737246 -0.676986998235191928 0.184582466361596864
0.028790740341851473 -0.673452796599531056 0.184083264091140619
-0.008780398979140402 -0.668020973114837990 0.183585515355399187
-0.048716829309731424 -0.660298495150491549 0.183089223157464454
-0.091107876479857686 -0.649809902889473712 0.182594390491640279
-0.151506855213774383 -0.630517029534816587 0.182101020343424957
-0.199637189881495397 -0.611155795505430088 0.181609115689492451
-0.249961903706568650 -0.586680058987892883 0.181118679497675406
-0.302047118074692478 -0.556145760424155089 0.180629714726946222
-0.355166785302102828 -0.518547307257948065 0.180142224327400208
-0.425640741730212047 -0.455758712238784114 0.179656211240236729
-0.476157787461307713 -0.398205694613221362 0.179171678397742395
-0.522413056636794493 -0.331364102041561082 0.178688628723273041
-0.562122276087113071 -0.255648220826524941 0.178207065131235742
-0.593078913840806798 -0.172257706143034289 0.177726990527071554
-0.613516499973461915 -0.083121404517249586 0.177248407807238162
-0.622404901711268055 0.009363709154460831 0.176771319859192089
-0.619553543757669356 0.102719553314875145 0.176295729561371350
-0.605484925026821497 0.194746544174812769 0.175821639783178052
-0.581160093903731800 0.283723936812383337 0.175349053384961262
-0.534698386558200567 0.395541008614883671 0.174877973217999694
-0.490712733834372583 0.473219871284327853 0.174408402124484219
-0.439963449291353892 0.544911779270982888 0.173940342937500991
-0.383352201332312903 0.610093087705257942 0.173473798481014518
-0.321789627049419824 0.668294600765401148 0.173008771569850284
-0.256239965483807786 0.719122399638243315 0.172545265009677762
-0.187732591443818764 0.762300122229296218 0.172083281596993737
-0.117341779918776867 0.797709634319238692 0.171622824119105372
-0.046145159471578989 0.825415534983203414 0.171163895354113277
0.024826066082542397 0.845667919175104754 0.170706498070894802
0.094633707604847961 0.858884789573327811 0.170250635029087161
0.162468329270722744 0.865619643565958663 0.169796308979071303
0.206263228356748818 0.866826147874080188 0.169343522661954737
0.269422047689954480 0.864227464528490419 0.168892278809555235
0.329196686888246492 0.856977147837009845 0.168442580144384513
0.385330850421238269 0.845786092332967199 0.167994429379631272
0.437693828701554155 0.831333126088918295 0.167547829219145628
0.486259513590567738 0.814246774758966341 0.167102782357422014
0.531084834241649539 0.795094214349893691 0.166659291479583554
0.572289411305414997 0.774376177880986893 0.166217359261365216
0.610037506305604826 0.752526409265687923 0.165776988369098488
0.633377445810876738 0.737516097281742500 0.165338181459694394
0.665803887021559571 0.714571348077848945 0.164900941180628258
0.695323156881032745 0.691350330946772118 0.164465270169923072
0.722153969306396304 0.668076695745718707 0.164031171056134129
0.746511391089621834 0.644930827382101390 0.163598646458332858
0.768602710903206310 0.622055944255763715 0.163167698986090987
0.782168976079669287 0.607012870249954428 0.162738331239465017
0.800914792576096879 0.584824613131843529 0.162310545808980133
0.817891818015982874 0.563148724894726338 0.161884345275615377
0.833262887124693985 0.542036110059374021 0.161459732210787160
0.842692527430321303 0.528291870035458300 0.161036709176334170
0.855713367694104221 0.508189704441933010 0.160615278724501848
0.867499449529836375 0.488717360665352318 0.160195443397927406
0.878167916541516047 0.469881261514237591 0.159777205729623673
0.884712233414046922 0.457677295906299797 0.159360568242964351
0.893749171741486048 0.439897623458288922 0.158945533451668869
0.901929959979584139 0.422741232025146463 0.158532103859786916
0.906948656817671228 0.411643889225234538 0.158120281961683429
0.913879234381767991 0.395497395435892574 0.157710070242023437
0.920153217269670032 0.379935666197331989 0.157301471175757601
0.924001871810038566 0.369877300387874697 0.156894487228106394
0.929315838746442191 0.355250109371110123 0.156489120854546221
0.934124821478149903 0.341158235326694925 0.156085374500793544
0.937073627611170856 0.332051398852105717 0.155683250602791229
0.941142949132909967 0.318808205033612790 0.155282751586692802
0.943636976508927972 0.310248983527427524 0.154883879868848662
0.947076613257728184 0.297800137590807923 0.154486637855791142
0.950183940705570995 0.285802304163889298 0.154091027944219749
0.952085872457153704 0.278045062101035800 0.153697052520987060
0.954704844149701026 0.266757640080632297 0.153304713963084344
0.956305873142497154 0.259457295959557466 0.152914014637626994
0.958507339345916698 0.248830870798383841 0.152524956901840314
0.959850914312760706 0.241955397104689329 0.152137543103045308
0.961694882956164010 0.231943364718529277 0.151751775578644582
0.962817838260403458 0.225462673309779982 0.151367656656108324
0.964355230700899013 0.216021393861690503 0.150985188652959929
0.965288853786756107 0.209907389556835022 0.150604373876762149
0.966562965495221915 0.200996209902176814 0.150225214625103520
0.967333884788942111 0.195222773562912455 0.149847713185584097
0.968381600528763098 0.186803964123260446 0.149471871835801767
0.969012524256580132 0.181346890382298176 0.149097692843338375
0.969593049533624129 0.176009996099021959 0.148725178465746399
0.970375661028115344 0.168222435349435762 0.148354330950535129
0.970842547902809327 0.163171056423149274 0.147985152535156927
0.971466835665957706 0.155796479704818636 0.147617645446993906
0.971835702965530568 0.151010607984764844 0.147251811903344576
0.972169228289380905 0.146325689960899452 0.146887654111410415
0.972607626417027915 0.139481378936016254 0.146525174268282266
0.972861358466985182 0.135036550370175312 0.146164374560927651
0.973086302725032937 0.130683074848816805 0.145805257166176955
0.973373290418925952 0.124318598789472656 0.145447824250710761
0.973533209487039475 0.120182539905180130 0.145092077971046479
0.973669660357845079 0.116129271021628677 0.144738020473525603
0.973833220212289019 0.110199648422154128 0.144385653894300470
0.973916651120650623 0.106343572104142692 0.144034980359321579
0.973980945052632663 0.102562646083302733 0.143686001984324796
0.974027186209781237 0.098854842321182856 0.143338720874818359
0.974064922104824760 0.093425962701577603 0.142993139126070229
0.974070384961855606 0.089892509670281451 0.142649258823095815
0.974061134617481228 0.086425574290109664 0.142307082040644906
0.974038008957292312 0.083023401793614726 0.141966610843189456
0.974001799678642644 0.079684292498178655 0.141627847284910818
0.973924579400251789 0.074790284439845367 0.141290793409687837
0.973858845482943769 0.071601741552520526 0.140955451251084163
0.973782472529865273 0.068470719870805108 0.140621822832335985
0.973696075365375835 0.065395744940812295 0.140289910166339848
0.973600235498541910 0.062375387685945860 0.139959715255640799
0.973495503015337715 0.059408262840270509 0.139631240092419895
0.973322861402373118 0.055054459771105679 0.139304486658482385
0.973198113534977871 0.052214629343250218 0.138979456925245687
0.973066175599400562 0.049423506461354794 0.138656152853727538
0.972927476774296141 0.046679884991201570 0.138334576394534364
0.972782423353744763 0.043982594918023532 0.138014729487848986
0.972631400007330171 0.041330501094230698 0.137696614063419348
0.972474770972644009 0.038722502058597397 0.137380232040546862
0.972312881169208554 0.036157528866339106 0.137065585328074641
0.972146057257453844 0.033634544000153921 0.136752675824376058
0.971974608623467518 0.031152540276986107 0.136441505417343317
0.971798828319263674 0.028710539840544502 0.136132075984376016
0.971618993939088904 0.026307593155897979 0.135824389392369904
0.971435368446925573 0.023942778047823354 0.135518447497705474
0.971248200961749797 0.021615198793665302 0.135214252146237057
0.971057727490207023 0.019323985219235951 0.134911805173281107
0.970864171623115668 0.017068291851464246 0.134611108403605934
0.970667745191789777 0.014847297096026058 0.134312163651419847
0.970468648883160312 0.012660202433416035 0.134014972720361059
0.970267072826901944 0.010506231663998222 0.133719537403486022
0.970063197143049338 0.008384630160568340 0.133425859483258913
0.969857192464938844 0.006294664167932285 0.133133940731541361
0.969753442602142579 0.005261320722370233 0.132843782909580932
0.969544544815841847 0.003217476164134980 0.132555387768000910
0.969333906266006018 0.001203519584702661 0.132268757046789781
0.969121668073495535 -0.000781214965315524 0.131983892475290826
0.968907963879835910 -0.002737375455915569 0.131700795772191348
0.968692920228912069 -0.004665592452626599 0.131419468645512461
0.968476656927462876 -0.006566479677123094 0.131139912792598762
0.968368103589843376 -0.007506861938646636 0.130862129900108481
0.968150221550800549 -0.009367869693064190 0.130586121644002573
0.967931392103449362 -0.011203011742024427 0.130311889689535138
0.967711714049816596 -0.013012846938731781 0.130039435691243210
0.967601586205856123 -0.013908445103323175 0.129768761292936907
0.967380808901741607 -0.015681336071173779 0.129499868127689266
0.967159407238852520 -0.017430254468369877 0.129232757817826449
0.966937462488866473 -0.019155710022275785 0.128967431974918306
0.966826310628973729 -0.020009794934560843 0.128703892199768077
0.966603693945149112 -0.021700983455558154 0.128442140082403289
0.966380718340574374 -0.023369927077382224 0.128182177202065650
0.966269116911447123 -0.024196203023649887 0.127924005127202034
0.966045726677524863 -0.025832648662245272 0.127667625415454483
0.965822137162889005 -0.027447991519638726 0.127413039613651358
0.965710285824853187 -0.028247886351424167 0.127160249257797620
0.965486504477192864 -0.029832390697758115 0.126909255873065646
0.965262661917392628 -0.031396863979095468 0.126660060973786071
0.965150733354623869 -0.032171717522792742 0.126412666063438650
0.964926891415285426 -0.033706909926864426 0.126167072634643274
0.964814989417102531 -0.034467347512913027 0.125923282169150691
0.964591250556313340 -0.035974147677995949 0.125681296137833798
0.964367632928598395 -0.037462497149857277 0.125441116000678810
0.964255881895523359 -0.038199869173054180 0.125202743206776296
0.964032518738575761 -0.039661235372235704 0.124966179194312452
0.963920915530372291 -0.040385318894719580 0.124731425390560466
0.963697887128846631 -0.041820506032802796 0.124498483211871971
0.963586470054645039 -0.042531695727343610 0.124267354063668414
0.963363849521189253 -0.043941478601804917 0.124038039340432532
0.963252653447115748 -0.044640154715194169 0.123810540425700069
0.963030507284396431 -0.046025279814251585 0.123584858692051325
0.962919563904326425 -0.046711808706956626 0.123360995501102993
0.962808711287665875 -0.047394367611775179 0.123138952203499741
0.962587290618994618 -0.048747729906043924 0.122918730138906251
0.962476728459008557 -0.049418609331189745 0.122700330635999083
0.962255914511042088 -0.050748951319169289 0.122483755012458659
0.962145668061961556 -0.051408487130283620 0.122269004574961190
0.961925508912385152 -0.052716468125060034 0.122056080619171087
0.961815601044445190 -0.053364983865644144 0.121844984429732739
0.961705810736798616 -0.054009896078260455 0.121635717280263234
0.961486591617355613 -0.055289046252290364 0.121428280433344166
0.961377167030925905 -0.055923351320269765 0.121222675140514505
0.961267868460514707 -0.056554187080927465 0.121018902642262602
0.961049657070560115 -0.057805580310455962 0.120816964168019139
0.960940747942836904 -0.058426201577337855 0.120616860936149317
0.960831972219211128 -0.059043481140104936 0.120418594153945749
0.960723331595873309 -0.059657449897677906 0.120222165017621091
0.960506462155816809 -0.060875576629832451 0.120027574712300855
0.960398236458236521 -0.061479794452573511 0.119834824412016289
0.960290152102334815 -0.062080821175464040 0.119643915279697144
0.960182210522734003 -0.062678685769705533 0.119454848467164781
0.959966761197280860 -0.063865042593199473 0.119267625115125314
0.959859256092410185 -0.064453590912755376 0.119082246353162544
0.959751899050411472 -0.065039089286237917 0.118898713299731174
0.959644691288618290 -0.065621564851336023 0.118717027062150135
0.959537633987006755 -0.066201044385279462 0.118537188736595883
0.959323975299436915 -0.067351120715552049 0.118359199408095833
0.959217376095976793 -0.067921769312721203 0.118183060150521657
0.959110931719629134 -0.068489525490665171 0.118008772026582914
0.959004643182909566 -0.069054414288496513 0.117836336087820667
0.958898511468085024 -0.069616460412234182 0.117665753374601195
0.958792537531434785 -0.070175688225562749 0.117497024916109374
0.958686722301579364 -0.070732121766289680 0.117330151730342946
0.958581066683120042 -0.071285784738719549 0.117165134824105996
0.958475571557270145 -0.071836700521170138 0.117001975193003135
0.958370237783035539 -0.072384892167304371 0.116840673821433358
0.958265066198201065 -0.072930382412107753 0.116681231682584041
0.958160057621657568 -0.073473193668517012 0.116523649738425272
0.958055212853283322 -0.074013348037189008 0.116367928939703880
0.957950532676464794 -0.074550867302404233 0.116214070225937813
0.957846017858563714 -0.075085772939210149 0.116062074525410328
0.957741669151337627 -0.075618086117446581 0.115911942755164490
0.957637487293937939 -0.076147827697954362 0.115763675820997711
0.957533473012587177 -0.076675018240086157 0.115617274617456051
0.957429627021861629 -0.077199678004193917 0.115472740027829104
0.957325950025911476 -0.077721826953170092 0.115330072924144461
0.957222442719675382 -0.078241484753814650 0.115189274167162514
0.957119105789779656 -0.078758670780269380 0.115050344606371285
0.957015939914860003 -0.079273404119241775 0.114913285079981331
0.956912945767532275 -0.079785703567953725 0.114778096414920497
0.956810124014559005 -0.080295587639829413 0.114644779426829185
0.956810124014559005 -0.080295587639829413 0.114513334920055415
0.956707475318492984 -0.080803074563860100 0.114383763687649603
0.956605000337468092 -0.081308182291888964 0.114256066511360263
0.956502699726996419 -0.081810928496584723 0.114130244161628980
0.956400574140539472 -0.082311330575248642 0.114006297397585929
0.956298624229909966 -0.082809405654089729 0.113884226967045130
0.956298624229909966 -0.082809405654089729 0.113764033606500142
0.956196850646208185 -0.083305170589762945 0.113645718041119337
0.956095254041348985 -0.083798641968279519 0.113529280984741868
0.955993835067592279 -0.084289836113006611 0.113414723139873122
0.955993835067592279 -0.084289836113006611 0.113302045197680529
0.955892594378778715 -0.084778769084656092 0.113191247837989437
0.955791532631325214 -0.085265456682137031 0.113082331729278909
0.955791532631325214 -0.085265456682137031 0.112975297528677909
0.955690650484276372 -0.085749914447973197 0.112870145881961009
0.955589948600270800 -0.086232157668934439 0.112766877423544909
0.955589948600270800 -0.086232157668934439 0.112665492776484119
0.955489427646049716 -0.086712201379142262 0.112565992552467672
0.955389088292938116 -0.087190060362826560 0.112468377351815099
0.955389088292938116 -0.087190060362826560 0.112372647763472971
0.955288931217914028 -0.087665749154637040 0.112278804365011281
0.955188957103092262 -0.088139282046631851 0.112186847722619942
0.955188957103092262 -0.088139282046631851 0.112096778391105545
0.955089166637610232 -0.088610673084766112 0.112008596913887773
0.955089166637610232 -0.088610673084766112 0.111922303822996186
0.954989560516510738 -0.089079936078551525 0.111837899639067123
0.954989560516510738 -0.089079936078551525 0.111755384871340541
0.954890139442894914 -0.089547084595764770 0.111674760017656721
0.954890139442894914 -0.089547084595764770 0.111596025564453569
0.954790904126655904 -0.090012131972789011 0.111519181986763555
0.954790904126655904 -0.090012131972789011 0.111444229748210735
0.954691855286190827 -0.090475091311383815 0.111371169301008127
0.954691855286190827 -0.090475091311383815 0.111300001085954892
0.954592993648623711 -0.090935975481696962 0.111230725532433697
0.954592993648623711 -0.090935975481696962 0.111163343058408165
0.954494319949304226 -0.091394797128990957 0.111097854070420235
0.954494319949304226 -0.091394797128990957 0.111034258963587817
0.954494319949304226 -0.091394797128990957 0.110972558121602394
0.954395834932717957 -0.091851568673512629 0.110912751916726629
0.954395834932717957 -0.091851568673512629 0.110854840709792277
0.954297539353297752 -0.092306302310885491 0.110798824850197819
0.954297539353297752 -0.092306302310885491 0.110744704675906469
0.954297539353297752 -0.092306302310885491 0.110692480513444172
0.954199433974740607 -0.092759010019096533 0.110642152677897440
0.954199433974740607 -0.092759010019096533 0.110593721472911730
0.954199433974740607 -0.092759010019096533 0.110547187190689372
0.954101519571026735 -0.093209703557870893 0.110502550111987896
0.954101519571026735 -0.093209703557870893 0.110459810506118417
0.954101519571026735 -0.093209703557870893 0.110418968630943887
0.954101519571026735 -0.093209703557870893 0.110380024732877557
0.954003796925821712 -0.093658394474918416 0.110342979046881562
0.954003796925821712 -0.093658394474918416 0.110307831796465444
0.954003796925821712 -0.093658394474918416 0.110274583193684828
0.954003796925821712 -0.093658394474918416 0.110243233439140137
0.954003796925821712 -0.093658394474918416 0.110213782721975392
0.953906266834189998 -0.094105094102084785 0.110186231219877029
0.953906266834189998 -0.094105094102084785 0.110160579099072869
0.953906266834189998 -0.094105094102084785 0.110136826514331099
0.953906266834189998 -0.094105094102084785 0.110114973608959388
0.953906266834189998 -0.094105094102084785 0.110095020514803896
0.953906266834189998 -0.094105094102084785 0.110076967352248589
0.953906266834189998 -0.094105094102084785 0.110060814230214563
0.953906266834189998 -0.094105094102084785 0.110046561246159164
0.953808930100906949 -0.094549813566390195 0.110034208486075674
0.953808930100906949 -0.094549813566390195 0.110023756024492547
0.953808930100906949 -0.094549813566390195 0.110015203924473198
0.953808930100906949 -0.094549813566390195 0.110008552237615381
0.953808930100906949 -0.094549813566390195 0.110003801004051049
0.953808930100906949 -0.094549813566390195 0.110000950252446050
0.953808930100906949 -0.094549813566390195 0.110000000000000001
