0.125000882340063957 0.580477918450693409 0.739999999999999991
0.125000882340063957 0.580477918450693409 0.739999049747553928
0.125000882340063957 0.580477918450693409 0.739996198995948928
0.125000882340063957 0.580477918450693409 0.739991447762384680
0.125000882340063957 0.580477918450693409 0.739984796075526807
0.125000882340063957 0.580477918450693409 0.739976243975507431
0.125000882340063957 0.580477918450693409 0.739965791513924276
0.125000882340063957 0.580477918450693409 0.739953438753840897
0.125000882340063957 0.580477918450693409 0.739939185769785457
0.125000882340063957 0.580477918450693409 0.739923032647751389
0.125000882340063957 0.580477918450693409 0.739904979485196068
0.125000882340063957 0.580477918450693409 0.739885026391040590
0.125000882340063957 0.580477918450693409 0.739863173485668879
0.125000882340063957 0.580477918450693409 0.739839420900927136
0.125000882340063957 0.580477918450693409 0.739813768780122949
0.125000882340063957 0.580477918450693409 0.739786217278024627
0.125000882340063957 0.580477918450693409 0.739756766560859869
0.125000882340063957 0.580477918450693409 0.739725416806315206
0.125000882340063957 0.580477918450693409 0.739692168203534561
0.125000882340063957 0.580477918450693409 0.739657020953118471
0.125000882340063957 0.580477918450693409 0.739619975267122420
0.125000882340063957 0.580477918450693409 0.739581031369056063
0.125000882340063957 0.580477918450693409 0.739540189493881561
0.125000882340063957 0.580477918450693409 0.739497449888012137
0.125000882340063957 0.580477918450693409 0.739452812809310633
0.125000882340063957 0.580477918450693409 0.739406278527088290
0.125000882340063957 0.580477918450693409 0.739357847322102524
0.125000882340063957 0.580477918450693409 0.739307519486555820
0.125000882340063957 0.580477918450693409 0.739255295324093509
0.125000882340063957 0.580477918450693409 0.739201175149802103
0.125000882340063957 0.580477918450693409 0.739145159290207743
0.125000882340063957 0.580477918450693409 0.739087248083273307
0.125000882340063957 0.580477918450693409 0.739027441878397529
0.125000882340063957 0.580477918450693409 0.738965741036412216
0.125000882340063957 0.580477918450693409 0.738902145929579812
0.125000882340063957 0.580477918450693409 0.738836656941591730
0.125000882340063957 0.580477918450693409 0.738769274467566239
0.125000882340063957 0.580477918450693409 0.738699998914045142
0.125000882340063957 0.580477918450693409 0.738628830698991878
0.125000882340063957 0.580477918450693409 0.738555770251789201
0.125000882340063957 0.580477918450693409 0.738480818013236395
0.125000882340063957 0.580477918450693409 0.738403974435546395
0.125000882340063957 0.580477918450693409 0.738325239982343340
0.125000882340063957 0.580477918450693409 0.738244615128659576
0.125000882340063957 0.580477918450693409 0.738162100360932882
0.125000882340063957 0.580477918450693409 0.738077696177003806
0.125000882340063957 0.580477918450693409 0.737991403086112219
0.125000882340063957 0.580477918450693409 0.737903221608894433
0.125000882340063957 0.580477918450693409 0.737813152277379980
0.125000882340063957 0.580477918450693409 0.737721195634988725
0.125000882340063957 0.580477918450693409 0.737627352236526979
0.125000882340063957 0.580477918450693409 0.737531622648184837
0.125000882340063957 0.580477918450693409 0.737434007447532291
0.125000882340063957 0.580477918450693409 0.737334507223515900
0.125000882340063957 0.580477918450693409 0.737233122576455124
0.125000882340063957 0.580477918450693409 0.737129854118038996
0.125000882340063957 0.580477918450693409 0.737024702471322124
0.125000882340063957 0.580477918450693409 0.736917668270721027
0.125000882340063957 0.580477918450693409 0.736808752162010583
0.125000882340063957 0.580477918450693409 0.736697954802319477
0.125000882340063957 0.580477918450693409 0.736585276860126870
0.125000882340063957 0.580477918450693409 0.736470719015258179
0.125000882340063957 0.580477918450693409 0.736354281958880641
0.125000882340063957 0.580477918450693409 0.736235966393499863
0.125000882340063957 0.580477918450693409 0.736115773032954834
0.125000882340063957 0.580477918450693409 0.735993702602414035
0.125000882340063957 0.580477918450693409 0.735869755838370998
0.125000882340063957 0.580477918450693409 0.735743933488639756
0.125000882340063957 0.580477918450693409 0.735616236312350402
0.125000882340063957 0.580477918450693409 0.735486665079944646
0.125000882340063957 0.580477918450693409 0.735355220573170709
0.125000882340063957 0.580477918450693409 0.735221903585079439
0.125000882340063957 0.580477918450693409 0.735086714920018758
0.125000882340063957 0.580477918450693409 0.734949655393628665
0.125000882340063957 0.580477918450693409 0.734810725832837464
0.125000882340063957 0.580477918450693409 0.734669927075855544
0.125000882340063957 0.580477918450693409 0.734527259972170943
0.125000882340063957 0.580477918450693409 0.734382725382543899
0.125000882340063957 0.580477918450693409 0.734236324179002309
0.125000882340063957 0.580477918450693409 0.734088057244835501
0.125000882340063957 0.580477918450693409 0.733937925474589692
0.125000882340063957 0.580477918450693409 0.733785929774062096
0.125000882340063957 0.580477918450693409 0.733632071060296154
0.125000882340063957 0.580477918450693409 0.733476350261574761
0.125000882340063957 0.580477918450693409 0.733318768317415937
0.125000882340063957 0.580477918450693409 0.733159326178566717
0.125000882340063957 0.580477918450693409 0.732998024806996828
0.125000882340063957 0.580477918450693409 0.732834865175894024
0.125000882340063957 0.580477918450693409 0.732669848269657087
0.125000882340063957 0.580477918450693409 0.732502975083890617
0.125000882340063957 0.580477918450693409 0.732334246625398921
0.125000882340063957 0.580477918450693409 0.732163663912179352
0.125000882340063957 0.580477918450693409 0.731991227973417091
0.125000882340063957 0.580477918450693409 0.731816939849478376
0.125000882340063957 0.580477918450693409 0.731640800591904172
0.125000882340063957 0.580477918450693409 0.731462811263404067
0.125000882340063957 0.580477918450693409 0.731282972937849940
0.125000882340063957 0.580477918450693409 0.731101286700268749
0.125000882340063957 0.580477918450693409 0.730917753646837420
0.125000882340063957 0.580477918450693409 0.730732374884874636
0.125000882340063957 0.580477918450693409 0.730545151532835280
0.125000882340063957 0.580477918450693409 0.730356084720302889
0.125000882340063957 0.580477918450693409 0.730165175587983772
0.125000882340063957 0.580477918450693409 0.729972425287699123
0.125000882340063957 0.580477918450693409 0.729777834982378915
0.125000882340063957 0.580477918450693409 0.729581405846054243
0.125000882340063957 0.580477918450693409 0.729383139063850661
0.125000882340063957 0.580477918450693409 0.729183035831980852
0.125000882340063957 0.580477918450693409 0.728981097357737307
0.125000882340063957 0.580477918450693409 0.728777324859485542
0.125000882340063957 0.580477918450693409 0.728571719566655895
0.125000882340063957 0.580477918450693409 0.728364282719736744
0.125000882340063957 0.580477918450693409 0.728155015570267294
0.125000882340063957 0.580477918450693409 0.727943919380828919
0.125000882340063957 0.580477918450693409 0.727730995425038829
0.125000882340063957 0.580477918450693409 0.727516244987541416
0.125000882340063957 0.580477918450693409 0.727299669364000922
0.125000882340063957 0.580477918450693409 0.727081269861093782
0.125000882340063957 0.580477918450693409 0.726861047796500293
0.125000882340063957 0.580477918450693409 0.726639004498896957
0.125000882340063957 0.580477918450693409 0.726415141307948709
0.125000882340063957 0.580477918450693409 0.726189459574299923
0.125000882340063957 0.580477918450693409 0.725961960659567529
0.125000882340063957 0.580477918450693409 0.725732645936331688
0.125000882340063957 0.580477918450693409 0.725501516788128020
0.125000882340063957 0.580477918450693409 0.725268574609439609
0.125000882340063957 0.580477918450693409 0.725033820805687568
0.125000882340063957 0.580477918450693409 0.724797256793223710
0.125000882340063957 0.580477918450693409 0.724558883999321224
0.125000882340063957 0.580477918450693409 0.724318703862166235
0.125000882340063957 0.580477918450693409 0.724076717830849370
0.125000882340063957 0.580477918450693409 0.723832927365356760
0.125000882340063957 0.580477918450693409 0.723587333936561383
0.125000882340063957 0.580477918450693409 0.723339939026213963
0.125000882340063957 0.580477918450693409 0.723090744126934415
0.125000882340063957 0.580477918450693409 0.722839750742202303
0.125000882340063957 0.580477918450693409 0.722586960386348620
0.125000882340063957 0.580477918450693409 0.722332374584545467
0.125000882340063957 0.580477918450693409 0.722075994872797944
0.125000882340063957 0.580477918450693409 0.721817822797934383
0.125000882340063957 0.580477918450693409 0.721557859917596800
0.125000882340063957 0.580477918450693409 0.721296107800231900
0.125000882340063957 0.580477918450693409 0.721032568025081755
0.125000882340063957 0.580477918450693409 0.720767242182173473
0.125000882340063957 0.580477918450693409 0.720500131872310767
0.125000882340063957 0.580477918450693409 0.720231238707063071
0.125000882340063957 0.580477918450693409 0.719960564308756767
0.125000882340063957 0.580477918450693409 0.719688110310464868
0.125000882340063957 0.580477918450693409 0.719413878355997460
0.125000882340063957 0.580477918450693409 0.719137870099891496
0.125000882340063957 0.580477918450693409 0.718860087207401133
0.125000882340063957 0.580477918450693409 0.718580531354487628
0.125000882340063957 0.580477918450693409 0.718299204227808685
0.125000882340063957 0.580477918450693409 0.718016107524709124
0.125000882340063957 0.580477918450693409 0.717731242953210224
0.125000882340063957 0.580477918450693409 0.717444612231999179
0.125000882340063957 0.580477918450693409 0.717156217090419101
0.125000882340063957 0.580477918450693409 0.716866059268458589
0.125000882340063957 0.580477918450693409 0.716574140516741065
0.125000882340063957 0.580477918450693409 0.716280462596514012
0.125000882340063957 0.580477918450693409 0.715985027279638975
0.125000882340063957 0.580477918450693409 0.715687836348580131
0.125000882340063957 0.580477918450693409 0.715388891596394072
0.125000882340063957 0.580477918450693409 0.715088194826718926
0.125000882340063957 0.580477918450693409 0.714785747853762921
0.125000882340063957 0.580477918450693409 0.714481552502294504
0.125000882340063957 0.580477918450693409 0.714175610607630129
0.125000882340063957 0.580477918450693409 0.713867924015623934
0.125000882340063957 0.580477918450693409 0.713558494582656633
0.125000882340063957 0.580477918450693409 0.713247324175623976
0.125000882340063957 0.580477918450693409 0.712934414671925309
0.125000882340063957 0.580477918450693409 0.712619767959453143
0.125000882340063957 0.580477918450693409 0.712303385936580713
0.125000882340063957 0.580477918450693409 0.711985270512151103
0.125000882340063957 0.580477918450693409 0.711665423605465697
0.125000882340063957 0.580477918450693409 0.711343847146272412
0.125000882340063957 0.580477918450693409 0.711020543074754374
0.125000882340063957 0.580477918450693409 0.710695513341517593
0.125000882340063957 0.580477918450693409 0.710368759907580083
0.125000882340063957 0.580477918450693409 0.710040284744359096
0.125000882340063957 0.580477918450693409 0.709710089833660129
0.125000882340063957 0.580477918450693409 0.709378177167664048
0.125000882340063957 0.580477918450693409 0.709044548748915870
0.125000882340063957 0.580477918450693409 0.708709206590312113
0.125000882340063957 0.580477918450693409 0.708372152715089243
0.125000882340063957 0.580477918450693409 0.708033389156810689
0.125000882340063957 0.580477918450693409 0.707692917959355072
0.125000882340063957 0.580477918450693409 0.707350741176904108
0.125000882340063957 0.580477918450693409 0.707006860873929721
0.125000882340063957 0.580477918450693409 0.706661279125181618
0.125000882340063957 0.580477918450693409 0.706313998015675182
0.125000882340063957 0.580477918450693409 0.705965019640678482
0.125000882340063957 0.580477918450693409 0.705614346105699508
0.125000882340063957 0.580477918450693409 0.705261979526474403
0.125000882340063957 0.580477918450693409 0.704907922028953582
0.125000882340063957 0.580477918450693409 0.704552175749289300
0.125000882340063957 0.580477918450693409 0.704194742833822995
0.125000882340063957 0.580477918450693409 0.703835625439072410
0.125000882340063957 0.580477918450693409 0.703474825731717712
0.125000882340063957 0.580477918450693409 0.703112345888589618
0.125000882340063957 0.580477918450693409 0.702748188096655402
0.125000882340063957 0.580477918450693409 0.702382354553006127
0.125000882340063957 0.580477918450693409 0.702014847464843106
0.125000882340063957 0.580477918450693409 0.701645669049464793
0.125000882340063957 0.580477918450693409 0.701274821534253578
0.125000882340063957 0.580477918450693409 0.700902307156661686
0.125000882340063957 0.580477918450693409 0.700528128164198294
0.125000882340063957 0.580477918450693409 0.700152286814415881
0.125000882340063957 0.580477918450693409 0.699774785374896457
0.125000882340063957 0.580477918450693409 0.699395626123237801
0.125000882340063957 0.580477918450693409 0.699014811347040133
0.125000882340063957 0.580477918450693409 0.698632343343891682
0.125000882340063957 0.580477918450693409 0.698248224421355368
0.125000882340063957 0.580477918450693409 0.697862456896954697
0.125000882340063957 0.580477918450693409 0.697475043098159664
0.125000882340063957 0.580477918450693409 0.697085985362372984
0.125000882340063957 0.580477918450693409 0.696695286036915662
0.125000882340063957 0.580477918450693409 0.696302947479013001
0.125000882340063957 0.580477918450693409 0.695908972055780284
0.125000882340063957 0.580477918450693409 0.695513362144208891
0.125000882340063957 0.580477918450693409 0.695116120131151316
0.125000882340063957 0.580477918450693409 0.694717248413307176
0.125000882340063957 0.580477918450693409 0.694316749397208888
0.125000882340063957 0.580477918450693409 0.693914625499206461
0.125000882340063957 0.580477918450693409 0.693510879145453840
0.125000882340063957 0.580477918450693409 0.693105512771893584
0.125000882340063957 0.580477918450693409 0.692698528824242432
0.125000882340063957 0.580477918450693409 0.692289929757976541
0.125000882340063957 0.580477918450693409 0.691879718038316605
0.125000882340063957 0.580477918450693409 0.691467896140213090
0.125000882340063957 0.580477918450693409 0.691054466548331137
0.125000882340063957 0.580477918450693409 0.690639431757035682
0.125000882340063957 0.580477918450693409 0.690222794270376361
0.126190389761328847 0.579008433332444006 0.689804556602072627
0.127950521380986976 0.576889373909159398 0.689384721275498102
0.129691038209690690 0.574868297151991170 0.688963290823665919
0.131422981481349482 0.572942158083689757 0.688540267789212845
0.133158557644189102 0.571109931892531342 0.688115654724384629
0.134911958368746837 0.569372994620683026 0.687689454191019900
0.136700570577211911 0.567735840242048262 0.687261668760535072
0.138546841880721416 0.566207337784524700 0.686832301013909019
0.141153610332201335 0.564367047322685278 0.686401353541667092
0.143296250547187587 0.563186472701821095 0.685968828943865794
0.145587242137759670 0.562152509729770489 0.685534729830076905
0.148284193740447656 0.561462357901426845 0.685099058819371831
0.151539094623061615 0.561216646406319741 0.684661818540305611
0.155799616547171615 0.561738837998452700 0.684223011630901601
0.165076438648845719 0.565070061779073041 0.683782640738634817
0.180390939856209076 0.573320232351341330 0.683340708520416507
0.242698588249588176 0.607610706990308724 0.682897217642577936
0.021816765065186094 0.381449721871518599 0.682452170780854406
0.108180945617334739 0.501812744416084699 0.682005570620368706
0.129316574852557320 0.518021019104138003 0.681557419855615576
0.136316810262224558 0.520656779670579883 0.681107721190444715
0.141095379809214910 0.520779691371033859 0.680656477338045240
0.144887959841390440 0.519450560432702435 0.680203691020928702
0.149313509088193352 0.515833805998575645 0.679749364970912762
0.152557387437381536 0.511524868354873985 0.679293501929105314
0.156040463518155315 0.505170092758508216 0.678836104645886729
0.161738349743759613 0.490607254858051678 0.678377175880894634
0.167775067338777450 0.468586956965011570 0.677916718403006269
0.176283068081801525 0.412331009923730729 0.677454734990322271
-0.780313404612415162 0.516204016624575823 0.676991228430149805
0.080432522772720338 0.674562719766799823 0.676526201518985459
0.128347780395925787 0.600675170521697055 0.676059657062499042
0.138559808623201192 0.581846620934264536 0.675591597875515815
0.144358231729498243 0.571240817279103252 0.675122026782000395
0.149434649887478010 0.562574410350462073 0.674650946615038660
0.152287490001982134 0.558179408318904335 0.674178360216821981
0.155425611449128254 0.553873601774848900 0.673704270438628683
0.157473823165779042 0.551392706853712222 0.673228680140807945
0.159353194310123375 0.549348998154514878 0.672751592192761816
0.161681014162164877 0.547116021120963580 0.672273009472928451
0.163334721532388399 0.545718441655505648 0.671792934868764235
0.165457267671020564 0.544135663772530420 0.671311371276726909
0.167006647410200104 0.543117725208772217 0.670828321602257471
0.169036499375456895 0.541943060481103744 0.670343788759763304
0.170542642480907641 0.541177797746888678 0.669857775672599853
0.172541657966040540 0.540288648389813386 0.669370285273053756
0.174541750342084134 0.539529834652671902 0.668881320502324628
0.176048992479180572 0.539036346128688004 0.668390884310507527
0.178075761043912623 0.538469022823179655 0.667898979656575076
0.179613389235833393 0.538105983230286800 0.667405609508359698
0.181693561938711251 0.537698446196281821 0.666910776842535635
0.183280682517475951 0.537446050908285788 0.666414484644600846
0.185439894150849272 0.537173953611338573 0.665916735908859470
0.187658582346580588 0.536962805018626588 0.665417533638403169
0.189374166162604551 0.536819836822161722 0.664916880845093483
0.191863930225242146 0.536267109657621810 0.664414780549543171
0.193923318445901827 0.537313965523213755 0.663911235781098785
0.195837984911938184 0.537208068524340554 0.663406249577821461
0.198417945977261700 0.537306223658821192 0.662899824986468933
0.201093703296768206 0.537521610193812616 0.662391965062477772
0.203177889325118377 0.537745466102003467 0.661882672869943733
0.206076005420175984 0.538124662507513118 0.661371951481604547
0.209130375049718514 0.538599010953515256 0.660859803978820493
0.211538977860510069 0.539021041549696323 0.660346233451555964
0.214932296319436889 0.539679572718975709 0.659831242998361267
0.218568600293492898 0.540459093349218600 0.659314835726353410
0.222496570693056200 0.541376079017771517 0.658797014751197674
0.225671743304560773 0.542166995784016614 0.658277783197088628
0.230277386343073959 0.543381895347756161 0.657757144196731369
0.235411089083817970 0.544814762971396749 0.657235100891322421
0.241229138309135838 0.546516973803029660 0.656711656430531421
0.246176153673081571 0.548012900058184593 0.656186813972481464
0.253816549042524708 0.550379623732569101 0.655660576683730012
0.263125798061753624 0.553303420938943802 0.655132947739250349
0.274964796805571288 0.556997400979085899 0.654603930322411820
0.290929486562406747 0.561789986999068347 0.654073527624961182
0.314339141579498271 0.568167897660895149 0.653541742847002838
0.353355962930671175 0.576585784210763119 0.653008579196979855
0.406744832019432012 0.583128075730773965 0.652474039891654756
0.586135961733228350 0.560515128796603701 0.651938128156089536
0.628349268238232228 -0.297378729487210780 0.651400847223626678
0.005272272684122642 0.261865111854190036 0.650862200335869279
0.089051919001462837 0.413825315166115204 0.650322190742662065
0.134147230129653211 0.459896347441908548 0.649780821702071409
0.161036002926190330 0.481383656806152194 0.649238096480365567
0.179382837161451675 0.493822416826587007 0.648694018351995028
0.193181105433996608 0.502018692836036173 0.648148590599572971
0.204325239181667284 0.507912105867006747 0.647601816513855399
0.213824031307228324 0.512427951717069563 0.647053699393721038
0.222265632213850206 0.516061556675410205 0.646504242546151686
0.230019285113836180 0.519101433362999964 0.645953449286212344
0.237332161265815855 0.521726839794932729 0.645401322937030675
0.244379830593201175 0.524054961719145895 0.644847866829777683
0.251294466194167065 0.526165583409516802 0.644293084303647068
0.258181636812715998 0.528114805277653421 0.643736978705835461
0.265130970695864776 0.529943050716358943 0.643179553391521885
0.272223466718864104 0.531679922338992417 0.642620811723847774
0.279537071344116872 0.533347249034689774 0.642060757073896426
0.287151692560476457 0.534961105908981271 0.641499392820673031
0.295154995300546563 0.536533416259940443 0.640936722351083898
0.303651826364874755 0.538074066242197224 0.640372749059916258
0.312787069053557965 0.539596477118116757 0.639807476349817827
0.322833767115646153 0.541142216877067872 0.639240907631276056
0.334909654339507368 0.542993224550311737 0.638673046322597582
0.340078377578986457 0.541666597390539017 0.638103895849887803
0.356729855972126697 0.543957679169305930 0.637533459647030010
0.371447308634148321 0.544952391745824549 0.636961741155665062
0.387388446653522345 0.545458104413969691 0.636388743825169967
0.405190419875923635 0.545395592632765713 0.635814471112637336
0.425370167594231519 0.544533943933223297 0.635238926482855071
0.448514780784246669 0.542494436614014530 0.634662113408284490
0.482729590066961922 0.537351762281020551 0.634084035369040122
0.515451818620704216 0.529939981534519711 0.633504695852868616
0.554150732099250032 0.517795517387492743 0.632924098355127196
0.600076011054329839 0.498117590666456334 0.632342246378763129
0.654227900809384755 0.466257498187727437 0.631759143434292514
0.732564130113386058 0.397236918417706142 0.631174793039778748
0.796457660202545714 0.303485927495486085 0.630589198720811650
0.839854040970070659 0.159548349398684564 0.630002364010486038
0.818425960292669230 -0.034390884511632580 0.629414292449380408
0.629552277993880693 -0.262966539217240447 0.628824987585535511
0.386976738085797634 -0.320427057614384281 0.628234452974433477
0.176632941542144289 -0.249458704916065893 0.627642692178975614
0.031575970368064712 -0.084908535347400962 0.627049708769460978
-0.009429544269732183 0.048497022439136214 0.626455506323565503
-0.007844715837567351 0.174959024391506318 0.625860088426319683
0.070038389878244039 0.364775566112410798 0.625263458670087813
0.619107664201731578 0.523117332774238331 0.624665620654545006
0.105723401459534017 -0.205722436756725663 0.624066577986656545
-0.009994954163018592 0.079862561256661621 0.623466334280656009
-0.004703181547439178 0.163142961413503262 0.622864893158023070
0.006456239543416106 0.212455624912229968 0.622262258247461841
0.020857293165070567 0.253264896505526749 0.621658433184878789
0.031647730203805041 0.276824906550276251 0.621053421613361412
0.041625896335994866 0.295353842316100401 0.620447227183155481
0.052999712822401790 0.313658310104313109 0.619839853551643394
0.061303623942999291 0.325486042971230960 0.619231304383322301
0.070814388341501416 0.337662071683530962 0.618621583349781567
0.077816120058460059 0.345766327419955555 0.618010694129680793
0.085918815105638369 0.354270508888392954 0.617398640408728050
0.091956098606093939 0.359991249189556939 0.616785425879656679
0.097662114461334382 0.364886936514356552 0.616171054242203975
0.104431007713006785 0.369973216477765876 0.615555529203088425
0.109753311525888075 0.373298944775696417 0.614938854475987173
0.115393497666747114 0.376191855564258271 0.614321033781514036
0.120481274400901756 0.377740898544256742 0.613702070847196968
0.126879575839798864 0.377922318759804698 0.613081969407454963
0.132531946441748594 0.375638015716060425 0.612460733203576524
0.141861739391887287 0.364492844481041078 0.611838365983696564
0.155871137059549220 0.321723327612719157 0.611214871502773316
0.057575827130788376 0.510401027108775218 0.610590253522566684
0.119325398377991720 0.443382827472540431 0.609964515811614816
0.133358141696136662 0.428174437794805240 0.609337662145211567
0.140691715684643892 0.423541651260167518 0.608709696305383963
0.145239777070550469 0.422113580995273741 0.608080622080868771
0.150272848947428012 0.421573036690527425 0.607450443267090412
0.154085519128889875 0.421706361086411685 0.606819163666137418
0.158849684445344058 0.422351174596911738 0.606186787086739787
0.162851521549543521 0.423209628105631619 0.605553317344246333
0.168460443097453588 0.424796504118786666 0.604918758260600598
0.175548713440137866 0.427295741678548446 0.604283113664319305
0.183690843972011325 0.430603627178581583 0.603646387390467831
0.203468458228927396 0.439164643385503650 0.603008583280637778
0.260950379875894312 0.459657301057299683 0.602369705182924098
0.047363523666390045 0.299410690850689554 0.601729756951901340
0.130954950688003113 0.390226832413146152 0.601088742448600111
0.146653939928964638 0.400891543804019812 0.600446665540484759
0.156681445905554412 0.406413146567211669 0.599803530101429061
0.163038345929767098 0.409188791396619456 0.599159340011693797
0.166934807930186280 0.410553073469882013 0.598514099157902213
0.170998336309660715 0.411682433333446451 0.597867811433017704
0.174516024443687107 0.412417164000436542 0.597220480736319392
0.177075776653860373 0.412814598596014104 0.596572110973379255
0.180058557092406091 0.413139424424474044 0.595922706056038476
0.182871678554906048 0.413317850048617652 0.595272269902383133
0.185567336532643845 0.413380925502554453 0.594620806436721661
0.187664699880324859 0.413362477898854608 0.593968319589560312
0.190237060041252209 0.413265883134343426 0.593314813297580179
0.192777293768744890 0.413098093841965108 0.592660291503612213
0.195307109944031054 0.412868107518069460 0.592004758156615130
0.197337457686275197 0.412644543353923532 0.591348217211650096
0.199901619356534832 0.412321820348723667 0.590690672629857860
0.202517327681551590 0.411958396821518136 0.590032128378433995
0.205213197488155308 0.411563774356287715 0.589372588430605804
0.207451894917313640 0.411234050574723953 0.588712056765608116
0.210393387043807223 0.410819466096047303 0.588050537368658643
0.213557823937560898 0.410427819827646867 0.587388034230934886
0.217048216526031901 0.410103574489264489 0.586724551349549261
0.221033810907652728 0.409924804165963608 0.586060092727525461
0.224774873422625254 0.409981492900807099 0.585394662373774133
0.230610987969763342 0.410536643753567798 0.584728264303068901
0.238894352976596169 0.412214456789743888 0.584060902536021609
0.253130811461529492 0.416727326165880929 0.583392581099058893
0.289833308892903263 0.431056091333673397 0.582723304024396649
0.843643566435491210 0.323549245547965825 0.582053075350017379
0.145467999473181397 0.321760943226008400 0.581381899119644441
0.182995570134967089 0.350264210511370022 0.580709779382718061
0.201455527277678403 0.356677478794814151 0.580036720194371247
0.211938478521371432 0.353760255704527626 0.579362725615404806
0.219693156432724412 0.343707196438765572 0.578687799712263029
0.225941519335979890 0.321213202910418161 0.578011946557009382
0.224987126366517132 0.258353378306235226 0.577335170227301964
-0.188044538829009872 -0.003501457168608155 0.576657474806368309
0.144396405248590126 0.552774139387122498 0.575978864382981293
0.205437925538876465 0.475242508644044825 0.575299343051434375
0.223517786273760954 0.448490785394093816 0.574618914911516843
0.233251138677810915 0.437635941953629648 0.573937584068489048
0.245238417143590126 0.430249479225282561 0.573255354633057546
0.261627384170862731 0.428006502462088489 0.572572230721350661
0.295687108324982462 0.433243316302799497 0.571888216454893183
0.486087467145726149 0.445685399219082290 0.571203315960581826
0.090961425543909999 0.275573003358748791 0.570517533370660246
0.172746864300686670 0.350491668209796381 0.569830872822694068
0.196398322187074009 0.361730341285324719 0.569143338459545789
0.208306031480800291 0.363998319211602639 0.568454934429350356
0.215903059052253127 0.363294742055519315 0.567765664885489074
0.221425748037576975 0.361170624101473381 0.567075533986565739
0.225782466121993319 0.358174372300762323 0.566384545896380986
0.229420642769906119 0.354521440737972260 0.565692704783906763
0.232611858309556746 0.350278461057839330 0.565000014823262009
0.235634256264530495 0.345394487538553840 0.564306480193686899
0.239640687505950328 0.339350851486723892 0.563612105079517756
0.233253157719641918 0.337058128950471214 0.562916893670161955
0.238937556213214441 0.328782200737644970 0.562220850160072394
0.240848945178848473 0.321087405470422693 0.561523978748722397
0.242012253490668794 0.312523685233913329 0.560826283640580292
0.242602494917384004 0.300612772551154095 0.560127769045084101
0.242281205399752564 0.288892743059843471 0.559428439176616110
0.240927104290199895 0.275008586667543242 0.558728298254477340
0.238046713867047760 0.258238076913562431 0.558027350502862229
0.232773467457094929 0.237515232471618681 0.557325600150833100
0.223511598545805573 0.211218509227606238 0.556623051432294513
0.207106826919142006 0.176829258071589029 0.555919708585968286
0.176719871190896050 0.130505369821279527 0.555215575855366850
0.115754611987646139 0.067559801804662575 0.554510657488768932
-0.020370269573039106 -0.007271957363047033 0.553804957739192694
-0.330388221432264539 0.007617322293703710 0.553098480864371078
-0.548333090768702625 0.624075534175385749 0.552391231126725279
-0.126160058334040537 0.871734491224097185 0.551683212793339983
0.118683677959287859 0.795591740318707386 0.550974430135936832
0.223707307038622238 0.708210633350702556 0.550264887430848670
0.277461045393887162 0.644865550932258613 0.549554588958994228
0.311938441478032125 0.599810434774007861 0.548843539005852032
0.339384972263716556 0.566730236359015871 0.548131741861434318
0.371203591413085288 0.537114079245811782 0.547419201820261936
0.401535283953129651 0.517664612945646474 0.546705923181337261
0.440141867443473500 0.500434094482203884 0.545991910248119217
0.494150413262813337 0.481746799609670151 0.545277167328497070
0.576788721568566309 0.452144634396835277 0.544561698734763899
0.712439812789799509 0.378235662216460988 0.543845508783591502
0.923929567642316263 0.027498746775961314 0.543128601796003752
0.555224162294509549 -0.502931974582692121 0.542410982097350503
0.057167869334629570 -0.294133346656240635 0.541692654017281949
-0.005918443158061809 -0.050953130969851469 0.540973621889721756
0.023435621442341750 0.075671742158543095 0.540253890052841745
0.049741422748946253 0.119395165806563466 0.539533462849035028
0.068901736338884259 0.137176001590277985 0.538812344624890471
0.080959183300891718 0.139899970813357699 0.538090539731165718
0.086377605611328720 0.132204122074961683 0.537368052522761430
0.083741964956925929 0.111685133977638421 0.536644887358695422
0.072239167369148621 0.085480835812702438 0.535921048602074901
0.048724462473774141 0.050362320359120936 0.535196540620071826
0.006440336485338622 0.005636971814696847 0.534471367783895701
-0.088212971996096651 -0.058139257853289120 0.533745534468767047
-0.233711663069752384 -0.102862513797822047 0.533019045053891527
-0.472916428150473245 -0.075982305810465806 0.532291903922433307
-0.743526462257238618 0.166303795546887512 0.531564115461488407
-0.709358792394354731 0.683989051487825850 0.530835684062058610
-0.414764538733958910 0.890835747397161981 0.530106614119024488
-0.173799184898101866 0.895940483105641228 0.529376910031119641
-0.006358307869120061 0.828444471704364638 0.528646576200903162
0.072169887310883529 0.769529849750778427 0.527915617034733886
0.121411321040922171 0.719227312157859178 0.527184036942743628
0.159285485660432491 0.670396178960833478 0.526451840338810095
0.180656677478939959 0.637468230339215403 0.525719031640530909
0.196409341940220722 0.609939012496901967 0.524985615269196515
0.208463548325362513 0.586578572185886715 0.524251595649763980
0.219658045887007936 0.562752566161274337 0.523516977210829459
0.227094995596609978 0.545602539917237617 0.522781764384602554
0.233299773813285621 0.530369760723448880 0.522045961606878439
0.239539463392598989 0.514089230174829215 0.521309573317012220
0.243974608192711134 0.501848581699360530 0.520572603957891289
0.247868083152872176 0.490574548085900897 0.519835057975908787
0.251968119955288117 0.478075659200371428 0.519096939820936853
0.254994881743811352 0.468354290927697980 0.518358253946300196
0.258239716723085322 0.457354017090308762 0.517619004808748007
0.260667396860491118 0.448634352602991615 0.516879196868428425
0.262875320205418261 0.440239968530457604 0.516138834588860784
0.265265193929114129 0.430506067732898789 0.515397922436909073
0.267058988462025193 0.422612959630408569 0.514656464882754738
0.268685000948037378 0.414867639885251493 0.513914466399869707
0.270425097302681550 0.405709521419060692 0.513171931464990072
0.271704217443404450 0.398147434537993394 0.512428864558087671
0.273036113829968841 0.389105929459048039 0.511685270162344774
0.273975482614845445 0.381562341214816692 0.510941152764125550
0.274756167967444509 0.373979460252777174 0.510196516852949977
0.275475454312574641 0.364789118380853261 0.509451366921466198
0.275884227722596853 0.357023314636317646 0.508705707465423762
0.276130410198799248 0.347536394595812537 0.507959542983646317
0.276116621393038941 0.339459941756958594 0.507212877978004517
0.275886903716967780 0.331200113770482030 0.506465716953388712
0.275299289440831096 0.321008134394504485 0.505718064417682078
0.274522975635213995 0.312248424191214013 0.504969924881733090
0.273206808966614423 0.301373049568136764 0.504221302859328868
0.271751484815497268 0.291970439656922875 0.503472202867166985
0.269929226494577623 0.282223194861478954 0.502722629424828926
0.267193134939605059 0.270020292381716098 0.501972587054753117
0.264390264135203445 0.259382461413865562 0.501222080282206495
0.260298302005455728 0.245987579642419435 0.500471113635258535
0.256183181704546015 0.234240562388145085 0.499719691644752828
0.250241388752070582 0.219352554960475538 0.498967818844280431
0.244294317953395512 0.206199994008889442 0.498215499770152170
0.235691607815859988 0.189379859878928442 0.497462738961371664
0.227001982062345592 0.174344349680743693 0.496709540959607176
0.216527880893638197 0.158172249382703300 0.495955910309165471
0.200711175041037443 0.136783739835286744 0.495201851556962724
0.183401211618382076 0.116519242441883483 0.494447369252498770
0.153027150746055773 0.086731615037637017 0.493692467947828284
0.105682484932720616 0.050650154986588106 0.492937152197534589
-0.240896638067551072 -0.010181050206917716 0.492181426558700674
0.266357424672899135 0.230317949605863964 0.491425295590883215
0.169162461191434965 0.098600244278186852 0.490668763856084045
0.123465660337536143 0.061200837280055029 0.489911835918723060
0.073576865146595449 0.030507256342191771 0.489154516345610635
0.029938323489058616 0.010533412906618781 0.488396809705919865
-0.028053904064569785 -0.007747904794009849 0.487638720571159257
-0.082358999140533518 -0.017345983376261143 0.486880253515145078
-0.155430772857013122 -0.019730456331140414 0.486121413113973777
-0.222669760039833020 -0.011507276231206717 0.485362203945993942
-0.309186854898022556 0.014567892484498662 0.484602630591779604
-0.383179872083807993 0.052953293760518938 0.483842697634101593
-0.468135606426483997 0.122014262213582164 0.483082409657900780
-0.529334463329806160 0.199196670191531838 0.482321771250259546
-0.582369410141320931 0.312178676394273436 0.481560787000374912
-0.603756869974445665 0.417493446217410025 0.480799461499530345
-0.598520425396406597 0.546858997748403741 0.480037799341068050
-0.569575813140557941 0.648611060952754004 0.479275805120361664
-0.511144088706477207 0.754840759545476137 0.478513483434788112
-0.449020169254837120 0.826379157681229826 0.477750838883700013
-0.366372779492631140 0.890851112086096464 0.476987876068398153
-0.295857945403156186 0.928145899622968451 0.476224599592103282
-0.213721741144127897 0.956347085603403424 0.475461014059928577
-0.136929627621808048 0.970341092883382439 0.474697124078852117
-0.077635394718829520 0.973843859363139108 0.473932934257688454
-0.010613588083538905 0.970786045219636629 0.473168449207061581
0.052619370677581823 0.962416925056820194 0.472403673539376345
0.042258977236100115 0.956322723778428641 0.471638611868791302
0.100921159538376826 0.944596164588092035 0.470873268811190182
0.146198714191710377 0.929821260352466483 0.470107648984154913
0.178105982712583377 0.917017183807877334 0.469341757006936922
0.212045240413478053 0.901370911360032112 0.468575597500429597
0.237527950286712808 0.888297554670850031 0.467809175087140594
0.265403854675949069 0.872745612716377517 0.467042494391163687
0.290854905939659736 0.857464900118412032 0.466275560038151071
0.310531809705260842 0.844993117842482211 0.465508376655285161
0.332620140241357776 0.830372110886384518 0.464740948871250947
0.349965294640183222 0.818480439524468917 0.463973281316208130
0.369732208798507656 0.804550182584384377 0.463205378621762642
0.385485571799821680 0.793205877541939053 0.462437245420939558
0.403697762020037820 0.779876263406888870 0.461668886348154228
0.418416339999403863 0.768972513735407759 0.460900306039185248
0.435663297594331422 0.756086398547887173 0.460131509131145422
0.452589124597926995 0.743359863046871183 0.459362500262455065
0.466540918177976327 0.732828818487394562 0.458593284072812746
0.483201763196808298 0.720218524738618360 0.457823865203168145
0.497093634877585788 0.709679087656157170 0.457054248295693633
0.513865369542788830 0.696920118481744288 0.456284437993756620
0.530845064769190578 0.683948856393585491 0.455514438941891142
0.545226673195681411 0.672900027162844472 0.454744255785770268
0.562849980037432585 0.659248714664647184 0.453973893172177512
0.577909261605587643 0.647450878147680320 0.453203355748979131
0.596516985807043709 0.632648031285396595 0.452432648165096596
0.612541387098927359 0.619646650332078996 0.451661775070477334
0.632484014564821506 0.603053330234782581 0.450890741116067750
0.653305936126084230 0.585124279445706330 0.450119550953784642
0.671405799624779309 0.568928204648056046 0.449348209236487384
0.694111280279291254 0.547638220759190220 0.448576720617949509
0.713915111629046972 0.528012079727782968 0.447805089752831120
0.738797333460655903 0.501655739271033019 0.447033321296650354
0.764920782163709845 0.471473802927731556 0.446261419905755630
0.787600258792402586 0.442640384707764567 0.445489390237297223
0.815737794531288918 0.402398577927359780 0.444717236949199513
0.839653042911058467 0.362858330617478408 0.443944964700132727
0.868124961314479027 0.305864853372459500 0.443172578149484575
0.894565215556261562 0.234648146041252892 0.442400081957332769
0.912204307781736778 0.159934160876220199 0.441627480784416215
0.919997984158206883 0.042770475112951678 0.440854779292107424
0.898604278435903847 -0.089713054382032920 0.440081982142383921
0.769430587166445745 -0.306872120529961157 0.439309093997800659
0.284599437082514561 -0.412640228622117855 0.438536119521461376
0.052619242317440168 0.201625278454461987 0.437763063376990780
0.586728145001594426 0.381693169650380359 0.436989930228506185
0.773090507159299056 0.200738666655053410 0.436216724740589701
0.812546929105012916 -0.009768418856343886 0.435443451578259699
0.759120700188885333 -0.178101893340355699 0.434670115406943058
0.673852528641160076 -0.282541088779076688 0.433896720892446575
0.544689869300193918 -0.361239663423482682 0.433123272700929207
0.430171586199517508 -0.388121593940245146 0.432349775498873712
0.301264103458453669 -0.380177549953158833 0.431576233953058608
0.193620132863120409 -0.340306441178221175 0.430802652730529700
0.124045688685617148 -0.292760088300084043 0.430029036498572770
0.064193271726297463 -0.228896376850820538 0.429255389924684039
0.031405282112035748 -0.175914475715392038 0.428481717676543417
0.008241823990675655 -0.117428228236293855 0.427708024421985300
-0.001911431988711979 -0.067434592623357104 0.426934314828971262
-0.003561337581839286 -0.033487706901999842 0.426160593565560908
-0.000583516319548511 -0.002933434857167285 0.425386865299884787
0.003698216040880956 0.013265822635177180 0.424613134700115247
0.007668592657650524 0.019946052977514270 0.423839406434439070
0.004795980215997980 0.009328749923113258 0.423065685171028827
-0.011410539268037596 -0.017218276830130792 0.422291975578014622
-0.074768745435755138 -0.076879191228254720 0.421518282323456672
-0.224903585933179190 -0.135610794494609249 0.420744610075315939
-0.617297407360070438 0.032175032303104811 0.419970963501427319
-0.526026203695711292 0.634154234026054531 0.419197347269470222
-0.192640550053383541 0.729026295576635563 0.418423766046941481
0.008979443409070698 0.668147146771972178 0.417650224501126266
0.092712754782985130 0.617873013146029715 0.416876727299070882
0.154581339165231230 0.574075837476180739 0.416103279107553403
0.198320542238139691 0.543205502919480221 0.415329884593057030
0.228309225306228492 0.523662250912259597 0.414556548421740223
0.260478780883110772 0.504725883674891129 0.413783275259410332
0.285733946760521162 0.491211600872410448 0.413010069771493848
0.315440087716460038 0.476373053565338433 0.412236936623009365
0.345442868970612937 0.461905555800778300 0.411463880478538657
0.371259942544941546 0.449343844298488615 0.410690906002199319
0.403857295973574670 0.432630265666605118 0.409918017857616057
0.432853034218006694 0.416295110927359990 0.409145220707892665
0.470404920872089738 0.391836822433332954 0.408372519215583762
0.511242695188786733 0.358394514930536756 0.407599918042667209
0.546989784524581579 0.318291627313910253 0.406827421850515403
0.585138916262631925 0.240124802083021560 0.406055035299867251
0.578953971309638327 0.113238337309335274 0.405282763050800465
-0.137565797330802708 0.174925279819608981 0.404510609762702811
0.849589956393951629 0.444571563239911760 0.403738580094244404
0.939093688209214461 0.138503702592146893 0.402966678703349568
0.911583664655574610 -0.197320049757919502 0.402194910247168913
0.733020345267690443 -0.449344173046613227 0.401423279382050524
0.382454109305486900 -0.555231100001617239 0.400651790763512761
0.108579895183416708 -0.434685429155280467 0.399880449046215336
0.004068164770200583 -0.285597098757085721 0.399109258883932283
-0.026879734358860118 -0.136449149267428932 0.398338224929522700
-0.016288788557842670 -0.047746524089002276 0.397567351834903382
0.012165173638649808 0.024623300172554791 0.396796644251020736
0.045160734584070508 0.070920577776660276 0.396026106827822577
0.072274512343670674 0.095808073688345124 0.395255744214229765
0.102742965466370351 0.114109043376518504 0.394485561058108725
0.126039847476075162 0.122198581614000032 0.393715562006243303
0.151437297085986050 0.125365282173496212 0.392945751704306401
0.170538037397425513 0.123600611506574587 0.392176134796831943
0.191070165712205586 0.117069001195741623 0.391406715927187232
0.209021969573888688 0.106324089778789488 0.390637499737544969
0.221950233838851263 0.094447643741594589 0.389868490868854556
0.234828127920753249 0.076923627771843042 0.389099693960814785
0.243098083135024956 0.059743249658709432 0.388331113651845694
0.249577690235531446 0.036258838360271162 0.387562754579060531
0.251604842900223724 0.014569732132327193 0.386794621378237391
0.249236257281082563 -0.013424093406634349 0.386026718683791847
0.240787896648541166 -0.042542363385846022 0.385259051128749030
0.228595746945292888 -0.066527430171058180 0.384491623344714872
0.207622069115034280 -0.093168902576481680 0.383724439961849018
0.185296974164936207 -0.111989537841900036 0.382957505608836291
0.154148749921720396 -0.128652088894504052 0.382190824912859439
0.126334826887405799 -0.136666650212719315 0.381424402499570547
0.093357809153749707 -0.139127895910409749 0.380658242993063167
0.068075268952071721 -0.136025516927287371 0.379892351015845064
0.041961306062457772 -0.127960666308373994 0.379126731188809796
0.021053248623486939 -0.117461996692349149 0.378361388131208842
0.007346257311174983 -0.108416433932374059 0.377596326460623632
-0.005518305742734562 -0.098553378437807510 0.376831550792938397
-0.014107894749002620 -0.091783412189822666 0.376067065742311524
-0.022935413822882972 -0.085727210705476467 0.375302875921148027
-0.029799571369092871 -0.082395718486171665 0.374538985940071401
-0.038215546295280511 -0.080229158388717720 0.373775400407896752
-0.045845476756360776 -0.079669889550314205 0.373012123931601880
-0.056185561500150583 -0.080067034285267472 0.372249161116299909
-0.066038258810466932 -0.080923590558946545 0.371486516565211977
-0.079558659301814993 -0.082095787907724607 0.370724194879638425
-0.092339065959341271 -0.082798066874679110 0.369962200658932039
-0.109539692260604282 -0.082788308860543183 0.369200538500469633
-0.125404637658233925 -0.081638569627210417 0.368439212999625065
-0.146168453807429627 -0.078301561384307369 0.367678228749740488
-0.164745150050691402 -0.073388879883138927 0.366917590342099198
-0.188226798181535648 -0.064229056493888714 0.366157302365898329
-0.208381135359659742 -0.053253476357085008 0.365397369408220485
-0.232489633248987748 -0.035174178922023971 0.364637796054006091
-0.251587514565962844 -0.015226446716172279 0.363878586886026256
-0.271479861408954304 0.015649625282129737 0.363119746484854844
-0.283277558954262765 0.047935700798393738 0.362361279428840721
-0.287141411649053879 0.094897094724501238 0.361603190294080168
-0.276320807670847102 0.139564584632510397 0.360845483654389343
-0.237180469490426787 0.192762255095153878 0.360088164081276974
-0.176839908105696136 0.222812303070813539 0.359331236143916044
-0.079762280117902706 0.211883702146481473 0.358574704409116762
-0.010517240439042924 0.147418106878106386 0.357818573441299359
0.008552667369376540 0.030363055954429369 0.357062847802465555
-0.032602267267850607 -0.055255625198696548 0.356307532052171694
-0.115302547371024355 -0.113750975688044015 0.355552630747501208
-0.187284122992425583 -0.128811045683882630 0.354798148443037253
-0.263496456511658539 -0.120424939968268058 0.354044089690834618
-0.316156108457469887 -0.100375900354325934 0.353290459040392801
-0.367246906376415105 -0.067817436323172997 0.352537261038628369
-0.401209182208754345 -0.036847319085963171 0.351784500229847863
-0.433418431059777398 0.002544541482141754 0.351032181155719714
-0.454295624999644376 0.036137090906014024 0.350280308355247205
-0.470591739677114984 0.069810124355385694 0.349528886364741498
-0.484974971427667156 0.109810059655017056 0.348777919717793483
-0.493239444970959617 0.142517431132302252 0.348027412945247028
-0.499301902688137456 0.180770592193309931 0.347277370575171052
-0.501538896218318264 0.211689913550316133 0.346527797132833160
-0.501272852950921610 0.247536121027457368 0.345778697140671221
-0.498878919797756226 0.276310437836105482 0.345030075118266999
-0.494735963040712545 0.304064966244162793 0.344281935582318011
-0.487712953782841963 0.336022260743637391 0.343534283046611377
-0.480336788815724003 0.361546915489517395 0.342787122021995572
-0.469859314953159579 0.390893174987392789 0.342040457016353661
-0.459905963401134266 0.414330714228367925 0.341294292534576271
-0.446632587465851993 0.441322465841655409 0.340548633078533836
-0.434545078901467208 0.462958845677950370 0.339803483147050112
-0.421573769643783958 0.483915058276987609 0.339058847235874428
-0.404866653431428580 0.508327995542437794 0.338314729837655315
-0.389973868504522703 0.528231175019823529 0.337571135441912362
-0.374133575311380695 0.547933400148090555 0.336828068535010128
-0.353690392442732482 0.571664897661650850 0.336085533600130215
-0.335183163123978889 0.591920182360505143 0.335343535117245406
-0.310578724712706034 0.617553226291393864 0.334602077563091016
-0.287179771161646724 0.640917153951127028 0.333861165411139194
-0.259624245725181169 0.667379868059320591 0.333120803131571552
-0.216818466536243787 0.706055350819593475 0.332380995191252027
-0.164817624728720635 0.747949239627490270 0.331641746053699893
-0.077642235749993072 0.803264810024478360 0.330903060179063069
0.169276717958807943 0.864979050983288866 0.330164942024091357
0.610105666502946176 0.547911444033815309 0.329427396042108855
0.165980956417922348 -0.042704748587750516 0.328690426682987813
-0.184263821384347742 0.176527589209141855 0.327954038393121539
-0.223374470457353869 0.303425438685020588 0.327218235615397535
-0.221382737799142248 0.375277696007284445 0.326483022789170574
-0.205825800843656981 0.426414511437937294 0.325748404350236054
-0.189745422964338856 0.453499000698156962 0.325014384730803463
-0.172844214263417423 0.472188832924047175 0.324280968359469235
-0.152291806399700219 0.487251757813550679 0.323548159661190049
-0.135173195925112538 0.495378939527687190 0.322815963057256461
-0.118133308724856029 0.500388931527528502 0.322084382965266092
-0.097815670472622074 0.502987077754916800 0.321353423799096927
-0.080999790641092584 0.502658517363521962 0.320623089968880448
-0.064295982124690620 0.500244871305136396 0.319893385880975489
-0.047718646746614746 0.495827249997100483 0.319164315937941478
-0.028031116605690271 0.487902016198682120 0.318435884538511682
-0.011848339827756127 0.479066147936258124 0.317708096077566726
0.004059133851680885 0.468112168424542952 0.316980954946108506
0.022644916102773749 0.451992265224478329 0.316254465531233042
0.037550430697204235 0.435884615412245602 0.315528632216104443
0.051721985931945352 0.417128644049627129 0.314803459379928152
0.064899391124754735 0.395486340143292314 0.314078951397925132
0.078905583293589071 0.365329719338915782 0.313355112641304667
0.088520609073172413 0.336376364838801400 0.312631947477238548
0.095601352662317909 0.303645288889190068 0.311909460268834315
0.099330608881511684 0.266889416716547201 0.311187655375109562
0.098662923425277868 0.225951396365795754 0.310466537150965005
0.090188653680992631 0.171347390811559364 0.309746109947158288
0.074816548438569622 0.121697596520956366 0.309026378110278277
0.049848467823879986 0.069217451049433151 0.308307345982718140
0.013210782686841581 0.015559992622155112 0.307589017902649531
-0.048881752901768362 -0.046582731279365470 0.306871398203996282
-0.117228738909869040 -0.091901465955677428 0.306154491216408586
-0.200540900358418483 -0.125974962465865398 0.305438301265236245
-0.296504154127001984 -0.143250450653544276 0.304722832671503130
-0.400256934911865536 -0.138808434427792893 0.304008089751880761
-0.504679976004139164 -0.109782233903308990 0.303294076818662772
-0.619411879589073178 -0.043243826725295309 0.302580798179738097
-0.697793587138046068 0.033804615776924674 0.301868258138565604
-0.755727502596802436 0.123448245724173067 0.301156460994148056
-0.792073974482176313 0.218417663189566458 0.300445411041005861
-0.808405931225442576 0.312385358561943216 0.299735112569151418
-0.807958820486756490 0.400789162532031007 0.299025569864063145
-0.790666858051269017 0.495871228283512488 0.298316787206659995
-0.766545081480347279 0.564760879964928852 0.297608768873274754
-0.736810791772007700 0.624325002391930450 0.296901519135629122
-0.703767098176764638 0.675250486055724242 0.296195042260807340
-0.669094753358721706 0.718486127374519223 0.295489342511231157
-0.633964854834132341 0.755048679336017048 0.294784424144633184
-0.599158399545370979 0.785913514877046415 0.294080291414031747
-0.565171020765047216 0.811961642260098038 0.293376948567705464
-0.532296357660225095 0.833960752155774809 0.292674399849167044
-0.500688759523571614 0.852565024991391196 0.291972649497137970
-0.464512752673972851 0.871176330374328511 0.291271701745522582
-0.435820470862369747 0.884118624292159927 0.290571560823383868
-0.408402441250208859 0.895120825680267518 0.289872230954915933
-0.382190090577921748 0.904484775797342433 0.289173716359419908
-0.357102126535565001 0.912459548455183400 0.288476021251277581
-0.333050525996031299 0.919250583210102334 0.287779149839927695
-0.309944224121644685 0.925027275182102704 0.287083106329838189
-0.287691182877477192 0.929929186351551307 0.286387894920482278
-0.266199290582741999 0.934071061058547869 0.285693519806313190
-0.245376375724494833 0.937546814435195164 0.284999985176738024
-0.225129487861085109 0.940432632008930014 0.284307295216093381
-0.205363487736895167 0.942789278253027163 0.283615454103619102
-0.185978879947755138 0.944663661648192488 0.282924466013434350
-0.166868693707454385 0.946089638227966545 0.282234335114511015
-0.147914041092714610 0.947087941080789975 0.281545065570649733
-0.128977708743665265 0.947664972313905674 0.280856661540454244
-0.109894679693406605 0.947809930385778432 0.280169127177306077
-0.090457664083599065 0.947489250317512299 0.279482466629339732
-0.070394184703900131 0.946636340265045506 0.278796684039418097
-0.049328739529858778 0.945132468490348598 0.278111783545106850
-0.026717251895768901 0.942769753169213409 0.277427769278649428
-0.001726971792466558 0.939174938648972946 0.276744645366942488
0.026998669397781450 0.933638647159707569 0.276062415931510929
0.061838404590951523 0.924687807784646432 0.275381085088483135
0.107350780246691480 0.908841803031767537 0.274700656948565658
0.173199814614890646 0.876151360453072070 0.274021135617018741
0.254274617035106176 0.815153551903072926 0.273342525193631669
0.396416160952929586 0.555143164862980432 0.272664829772698014
-0.266476592049522398 0.037170865260099412 0.271988053442990652
-0.460300030061394971 0.741160629564717177 0.271312200287737060
-0.282529902817366674 0.895600304563944793 0.270637274384595228
-0.186329055174117908 0.932019341400175394 0.269963279805628786
-0.127604222701634351 0.943816810963416852 0.269290220617281972
-0.086632686616988530 0.947995026315060052 0.268618100880355593
-0.055218283684731306 0.949135161702789887 0.267946924649982543
-0.034289741965649934 0.948963852640346550 0.267276695975603384
-0.011567996475366882 0.947976840109043151 0.266607418900941251
0.008522702333517596 0.946433849247426240 0.265939097463978480
0.026787255869112403 0.944497183872400226 0.265271735696931188
0.043748645800457397 0.942245745557482528 0.264605337626225900
0.059764702014333648 0.939715439680531173 0.263939907272474572
0.072071633679221536 0.937498695010074101 0.263275448650450827
0.086988270799304268 0.934484814463548918 0.262611965769065092
0.101530735344350753 0.931188231363889285 0.261949462631341390
0.115826113595797975 0.927586289523476326 0.261287943234391862
0.129981779374755468 0.923647475995452716 0.260627411569394229
0.141269717461479094 0.920226836130246362 0.259967871621566038
0.155407766310242501 0.915572030074583987 0.259309327370142229
0.169655841671536189 0.910438629931375143 0.258651782788349882
0.184097902985284723 0.904750911157235493 0.257995241843384959
0.195849093409398101 0.899738944700165577 0.257339708496387765
0.210861261740902139 0.892799585614170166 0.256685186702419799
0.226323811358199511 0.884975820802022861 0.256031680410439610
0.242343846254035655 0.876084640725810493 0.255379193563278428
0.255640781958412611 0.868046195858816816 0.254727730097616900
0.272973117863489101 0.856587454344869048 0.254077293943961557
0.291229705756312018 0.843190967942625269 0.253427889026620723
0.306603157183394925 0.830728740909425722 0.252779519263680752
0.326909065656939557 0.812377773002172621 0.252132188566982385
0.348547013884016654 0.790038276309934617 0.251485900842097765
0.366858208762351756 0.768394420399070688 0.250840659988306292
0.390899525467515219 0.735016601226491484 0.250196469898570972
0.415716550841978005 0.692016237621437602 0.249553334459515330
0.435174439806119029 0.648002135674218604 0.248911257551399867
0.456095590855659594 0.576093721106695211 0.248270243048098749
0.465714136009239721 0.478016653019151194 0.247630294817075935
0.453693245320965111 0.374917757333795121 0.246991416719362256
0.384399368107249562 0.214615521995880187 0.246353612609532258
0.203966597214806006 0.053787035871541086 0.245716886335680784
-0.036095267784212390 -0.000099646269535496 0.245081241739399380
-0.349378498697658357 0.127673977357700613 0.244446682655753811
-0.486858131903826263 0.342896718184023175 0.243813212913260191
-0.497988489406120782 0.599570593920522366 0.243180836333862671
-0.423377393309468109 0.771970621709486715 0.242549556732909621
-0.350521812556688572 0.856946423783486400 0.241919377919131262
-0.265831492797821811 0.920901499394271461 0.241290303694616182
-0.207336752932257340 0.951317357556429766 0.240662337854788411
-0.145558408617879664 0.974141383018741536 0.240035484188385162
-0.103866344243879527 0.984889672486876089 0.239409746477433349
-0.059507196148950392 0.992610945318944005 0.238785128497226773
-0.029013346960743258 0.995840347844083595 0.238161634016303414
0.004161880093440706 0.997532035678727724 0.237539266796423398
0.027499732389553000 0.997630343302261524 0.236918030592545070
0.053453145524958057 0.996720723136234721 0.236297929152803232
0.072092973960620754 0.995426536790803729 0.235678966218485830
0.093215885646519947 0.993333225527519126 0.235061145524012804
0.108652129219267479 0.991394322980894693 0.234444470796911636
0.126419848437679616 0.988747241883870087 0.233828945757796114
0.139591234084170790 0.986505327320608583 0.233214574120343354
0.154948226602665884 0.983598434065010574 0.232601359591271956
0.166467561864537095 0.981215400355563538 0.231989305870319185
0.180042191827290754 0.978188927706654554 0.231378416650218466
0.190324930462845265 0.975741823728101032 0.230768695616677788
0.200157292785794527 0.973279043976648772 0.230160146448356639
0.211889038373088312 0.970185087672627122 0.229552772816844636
0.220879059700206104 0.967700663507986114 0.228946578386638622
0.231682366153216690 0.964585489020058806 0.228341566815121244
0.240016452928638380 0.962085770456406530 0.227737741752538220
0.248106805340056857 0.959578582353575404 0.227135106841976964
0.257915085930434329 0.956432031257894333 0.226533665719343968
0.265545445445634520 0.953902430484600772 0.225933422013343488
0.273005774518633282 0.951359272323575977 0.225334379345455083
0.282120646206238446 0.948156922391856671 0.224736541329912165
0.289265364651136225 0.945572314492625576 0.224139911573680239
0.296297035419683608 0.942963450752075882 0.223544493676434614
0.304951430926681033 0.939661770727687973 0.222950291230539055
0.311785204996858689 0.936982086651946378 0.222357307821024419
0.318555283983361415 0.934262437334080209 0.221765547025566445
0.325276473747941497 0.931496664483161041 0.221175012414464467
0.333632104365065185 0.927963889433638167 0.220585707550619681
0.340298829211671372 0.925067404764319923 0.219997635989513968
0.346967395904336839 0.922098383510775221 0.219410801279188383
0.353655203187499878 0.919045999175374551 0.218825206960221313
0.362070847456305689 0.915093909602239908 0.218240856565707519
0.368873575976437718 0.911804573133405682 0.217657753621236849
0.375764198118794912 0.908382212016149104 0.217075901644872893
0.382769570416608362 0.904805025016622189 0.216495304147131529
0.391735169215463974 0.900075154442570025 0.215915964630959911
0.399119570325110751 0.896044253371547472 0.215337886591715516
0.406740009536744940 0.891748861075057131 0.214761073517145018
0.414649904330679386 0.887136227699140134 0.214185528887362697
0.422914341572037167 0.882139145121606516 0.213611256174830066
0.431613752057102507 0.876670605189434848 0.213038258844334860
0.443255834656502645 0.868993706818082412 0.212466540352969940
0.453345565016780250 0.861983241011155754 0.211896104150112174
0.464314657603060121 0.853954935011608018 0.211326953677402479
0.476397739903029194 0.844580261916740072 0.210759092368723977
0.489910020189711748 0.833376285360899249 0.210192523650182150
0.505281609507841400 0.819605570923082061 0.209627250940083665
0.523105644029911110 0.802089581627687620 0.209063277648916135
0.544196169794395335 0.778837727166783012 0.208500607179326947
0.569611066345088513 0.746251771716833989 0.207939242926103607
0.600388224312113361 0.697262953440201505 0.207379188276152232
0.635628355204312823 0.616562125323776855 0.206820446608478120
0.660747704978933426 0.468153726048235075 0.206263021294164489
0.495576121778525502 0.093954635478095849 0.205706915696352854
-0.149520088799199952 0.087199940450050847 0.205152133170222351
-0.278961008230285690 0.664934279981017173 0.204598677062969414
-0.074470690282232466 0.889586743741164199 0.204046550713787689
0.068931269526989414 0.944071946780912885 0.203495757453848236
0.157739915581566748 0.954522619183739485 0.202946300606278940
0.203627008842480528 0.953661354204323741 0.202398183486144662
0.248484214324125485 0.948740632890411550 0.201851409400427062
0.281619739119465973 0.942482600129712855 0.201305981648004950
0.307317242159133586 0.936065216467891315 0.200761903519634410
0.328037330709581854 0.929878985093372301 0.200219178297928596
0.345278067720730997 0.924034515876498652 0.199677809257337857
0.359997848537855047 0.918539684222768438 0.199137799664130727
0.372835950887827283 0.913366001104415237 0.198599152776373439
0.384234102155788626 0.908474466730298635 0.198061871843910497
0.394506837636094954 0.903825646319090570 0.197525960108345194
0.403883987917297238 0.899383348555828466 0.196991420803020012
0.412537301569313231 0.895115669275349912 0.196458257152997223
0.418632199118859349 0.892012727501729996 0.195926472375038851
0.426315770347645118 0.887986461591491638 0.195396069677588241
0.433569573055336888 0.884067756414159911 0.194867052260749796
0.440461085811596709 0.880238298741250924 0.194339423316269994
0.447044735203744881 0.876482228402879704 0.193813186027518514
0.451807471800711236 0.873704954188752048 0.193288343569468529
0.457954529139192545 0.870045073758880183 0.192764899108677640
0.463898249447084354 0.866424438243560524 0.192242855803268775
0.469665489937826752 0.862833172471037746 0.191722216802911405
0.475279025826819801 0.859262383810731945 0.191202985248802360
0.479400137782506897 0.856592837527786033 0.190685164273646623
0.484789960821391086 0.853038810832941308 0.190168757001638655
0.490073553687164210 0.849484495808061846 0.189653766548444014
0.495264186774520276 0.845923288686476371 0.189140196021179541
0.499103258487113677 0.843244080672227003 0.188628048518395514
0.504158637088292005 0.839655888521330107 0.188117327130056300
0.509150335484277350 0.836044131551782588 0.187608034937522289
0.512857577497807582 0.833316386415661636 0.187100175013531100
0.517758274221910231 0.829649589633182583 0.186593750422178684
0.522617395599262125 0.825943523106126731 0.186088764218901248
0.526238588649915240 0.823134764534716012 0.185585219450456806
0.531041130806605866 0.819346161253825089 0.185083119154906633
0.535819814529214677 0.815502315009217771 0.184582466361596864
0.539391614457266133 0.812579525511029077 0.184083264091140619
0.544142096845305012 0.808624232914565866 0.183585515355399187
0.547698874625358822 0.805610525795753318 0.183089223157464454
0.552437164745631093 0.801523832290437888 0.182594390491640279
0.557175237233268783 0.797352433762057222 0.182101020343424957
0.560731480485585299 0.794163811366013106 0.181609115689492451
0.565480392492826667 0.789825896337692734 0.181118679497675406
0.569049959278397188 0.786503095390375551 0.180629714726946222
0.573823394953658084 0.781973139617785029 0.180142224327400208
0.577416320220368262 0.778495891699915399 0.179656211240236729
0.582227378504917903 0.773745204091471073 0.179171678397742395
0.585853283957293858 0.770090618849900599 0.178688628723273041
0.590714524362018989 0.765086655500242796 0.178207065131235742
0.594382619659855060 0.761228663525198024 0.177726990527071554
0.599306016973760514 0.755934219420944742 0.177248407807238162
0.603025027813541170 0.751842910469884496 0.176771319859192089
0.608021820013638359 0.746215152550914418 0.176295729561371350
0.611799826921383794 0.741855978958967155 0.175821639783178052
0.615605376161278750 0.737370080405063466 0.175349053384961262
0.620724388860118159 0.731178083779409294 0.174877973217999694
0.624598776236636843 0.726364956623676061 0.174408402124484219
0.629813235884952305 0.719704418571988747 0.173940342937500991
0.633761493451005409 0.714513774149616698 0.173473798481014518
0.637742394227000631 0.709143780483038277 0.173008771569850284
0.643101440057176399 0.701684496341588027 0.172545265009677762
0.647158991274818018 0.695849077108184666 0.172083281596993737
0.651248815764147615 0.689791809621944418 0.171622824119105372
0.656750434372792791 0.681344344959081916 0.171163895354113277
0.660911048864211037 0.674709224058637869 0.170706498070894802
0.665098701611159027 0.667797620494773758 0.170250635029087161
0.670718987195450977 0.658118408709149505 0.169796308979071303
0.674956516569077958 0.650483693290771825 0.169343522661954737
0.679207383795560449 0.642501586972125116 0.168892278809555235
0.684884332321974099 0.631274480990184683 0.168442580144384513
0.689137970050656912 0.622379972694057537 0.167994429379631272
0.693376501914146903 0.613045370562183112 0.167547829219145628
0.697587046603324268 0.603237597346443888 0.167102782357422014
0.701754040439473314 0.592920773165136361 0.166659291479583554
0.707209363918219425 0.578305443376725625 0.166217359261365216
0.711195245747588967 0.566643886898417493 0.165776988369098488
0.715059224347246669 0.554330578907572646 0.165338181459694394
0.718767040550975622 0.541314955177692569 0.164900941180628258
0.722277769148592097 0.527542557114373034 0.164465270169923072
0.725542569513859537 0.512954935303598814 0.164031171056134129
0.729410854722680857 0.492128164308070382 0.163598646458332858
0.731855774983786067 0.475388917243417142 0.163167698986090987
0.733813646359730676 0.457611975277554206 0.162738331239465017
0.735180388565747189 0.438723931393003697 0.162310545808980133
0.735832407853853177 0.418650022147110112 0.161884345275615377
0.735623182790263952 0.397315960285589465 0.161459732210787160
0.734379397733080141 0.374650606530599228 0.161036709176334170
0.731896655919576422 0.350589761938101208 0.160615278724501848
0.727934871599144051 0.325081435454616763 0.160195443397927406
0.722213548470460709 0.298093021242991307 0.159777205729623673
0.714407316494850897 0.269620897484206590 0.159360568242964351
0.704142341072908295 0.239703013132668619 0.158945533451668869
0.690994558419728899 0.208435026539042417 0.158532103859786916
0.674491143717167674 0.175990441822911819 0.158120281961683429
0.654117179490249612 0.142644867126797581 0.157710070242023437
0.629330111848954044 0.108803871765693227 0.157301471175757601
0.599585131110927039 0.075032802073442095 0.156894487228106394
0.564374830336523914 0.042085200325011618 0.156489120854546221
0.523285948763676956 0.010924136181894695 0.156085374500793544
0.476074103231325096 -0.017271951023053123 0.155683250602791229
0.422753530667158484 -0.041129670822284664 0.155282751586692802
0.363692722912710154 -0.059138805320292531 0.154883879868848662
0.299699081382811761 -0.069756665216658062 0.154486637855791142
0.232068586191078452 -0.071558942835022413 0.154091027944219749
0.185819121323480385 -0.067290539208841371 0.153697052520987060
0.116262105414553757 -0.052141130664231268 0.153304713963084344
0.048561652532105162 -0.026345695331184513 0.152914014637626994
-0.014915724356167363 0.009626785968071393 0.152524956901840314
-0.072009881360072414 0.054623559108025049 0.152137543103045308
-0.105653566309625802 0.088803362827658300 0.151751775578644582
-0.148580808103850770 0.144830363348833369 0.151367656656108324
-0.181907471855081743 0.204608826254405796 0.150985188652959929
-0.205592885471460457 0.265982936822149352 0.150604373876762149
-0.220136058109132060 0.327025082839985326 0.150225214625103520
-0.225180696035394368 0.366740698054283554 0.149847713185584097
-0.226583922553778683 0.423925410551603654 0.149471871835801767
-0.221657436153450543 0.477464763077916632 0.149097692843338375
-0.215452855241736907 0.510849238657562266 0.148725178465746399
-0.202614945160019377 0.557247956307038939 0.148354330950535129
-0.186463125330319196 0.599172063425913448 0.147985152535156927
-0.174308563281306700 0.624676718590478686 0.147617645446993906
-0.154576505389482616 0.659416049292112949 0.147251811903344576
-0.133621451197687091 0.690180244589610470 0.146887654111410415
-0.119237460980895604 0.708637441003679647 0.146525174268282266
-0.097357784982018136 0.733493553441971202 0.146164374560927651
-0.075411265096873903 0.755253644180242323 0.145805257166176955
-0.060872944433487119 0.768202195355430995 0.145447824250710761
-0.039350521939170380 0.785517465249872648 0.145092077971046479
-0.025256283823537784 0.795781284535037825 0.144738020473525603
-0.004576308977589150 0.809456078731890516 0.144385653894300470
0.008869888914574353 0.817531449943617705 0.144034980359321579
0.028491207413938513 0.828248291801223169 0.143686001984324796
0.041193904964394734 0.834549396093715812 0.143338720874818359
0.059670502884241472 0.842870805119958710 0.142993139126070229
0.071602776991957329 0.847735585512928047 0.142649258823095815
0.088929258600169869 0.854117052892482853 0.142307082040644906
0.100105785964406890 0.857817475357407266 0.141966610843189456
0.116324596565858196 0.862623853289690712 0.141627847284910818
0.126784038342435290 0.865376934632871242 0.141290793409687837
0.141964273358284154 0.868898493620618328 0.140955451251084163
0.151758050332313876 0.870876452203867335 0.140621822832335985
0.165982124506767803 0.873343048118725873 0.140289910166339848
0.175167455536377192 0.874681978861583609 0.139959715255640799
0.184125888707971697 0.875796700850323795 0.139631240092419895
0.197158698484102057 0.877081863266956807 0.139304486658482385
0.205590956456576601 0.877700658550279122 0.138979456925245687
0.213828938171758187 0.878143333763726330 0.138656152853727538
0.225841434822395604 0.878500639043187759 0.138334576394534364
0.233633065700960763 0.878548291153214089 0.138014729487848986
0.241261491338471079 0.878453346375827948 0.137696614063419348
0.252416727724606216 0.878059553392261383 0.137380232040546862
0.259674101869494356 0.877638742213533662 0.137065585328074641
0.266797443311913351 0.877097731420344751 0.136752675824376058
0.273794764055003914 0.876441213872030445 0.136441505417343317
0.284071680429959061 0.875248451352296342 0.136132075984376016
0.290788221802730673 0.874319279711684993 0.135824389392369904
0.297405902386034704 0.873285820226974652 0.135518447497705474
0.303932296315996331 0.872149885025189864 0.135214252146237057
0.310374929257507703 0.870912691689759155 0.134911805173281107
0.319898227172501604 0.868868252868923774 0.134611108403605934
0.326164258124118478 0.867379360657582810 0.134312163651419847
0.332372803451355558 0.865788795441954417 0.134014972720361059
0.338531453118061820 0.864095062627495802 0.133719537403486022
0.344647883871895211 0.862296018071128101 0.133425859483258913
0.350729889645036763 0.860388834926089086 0.133133940731541361
0.356785414120630140 0.858369961609056986 0.132843782909580932
0.365836888976872221 0.855122536599150718 0.132555387768000910
0.371862269257786315 0.852803643152232116 0.132268757046789781
0.377890679691629927 0.850354063756369349 0.131983892475290826
0.383931210879861151 0.847766161952214548 0.131700795772191348
0.389993331819785571 0.845031122356979636 0.131419468645512461
0.396086942554815469 0.842138809354598727 0.131139912792598762
0.402222430785049156 0.839077599184083534 0.130862129900108481
0.408410732536151844 0.835834180271146754 0.130586121644002573
0.414663396771242199 0.832393315438951120 0.130311889689535138
0.420992653630070268 0.828737558087986659 0.130039435691243210
0.427411485519782586 0.824846912499858642 0.129768761292936907
0.433933699729746325 0.820698425931397746 0.129499868127689266
0.440574000294864154 0.816265696995941648 0.129232757817826449
0.447348055462151784 0.811518280747714593 0.128967431974918306
0.450790415472419825 0.809015770340502316 0.128703892199768077
0.457796726748858629 0.803728575496398423 0.128442140082403289
0.464980509577911927 0.798027741701191839 0.128182177202065650
0.472361102779630504 0.791861824534484504 0.127924005127202034
0.479958817224787782 0.785170525368258820 0.127667625415454483
0.487794753152496319 0.777882840867295755 0.127413039613651358
0.495890460496043350 0.769914748616951639 0.127160249257797620
0.500042449762725161 0.765645031236486306 0.126909255873065646
0.508567689062140338 0.756462957725102525 0.126660060973786071
0.517403782866390660 0.746312409684741884 0.126412666063438650
0.526566368596986134 0.735035242181571014 0.126167072634643274
0.536064477391643757 0.722439451086755779 0.125923282169150691
0.540939280720535542 0.715575723013504583 0.125681296137833798
0.550931199960297713 0.700545956697860350 0.125441116000678810
0.561215397027616913 0.683506184894463020 0.125202743206776296
0.571720864173969390 0.664059607433033827 0.124966179194312452
0.577018996018829666 0.653283910984697624 0.124731425390560466
0.587584468469101395 0.629264330905187519 0.124498483211871971
0.597853045057820554 0.601365840883160696 0.124267354063668414
0.602736604752314720 0.585702487012312423 0.124038039340432532
0.611576245692826759 0.550324885618116877 0.123810540425700069
0.618313370972005338 0.508566723363759632 0.123584858692051325
0.620430919655498792 0.484882501586230474 0.123360995501102993
0.620776662359128983 0.431012058924027941 0.123138952203499741
0.618227223979121110 0.400478994453029036 0.122918730138906251
0.604977615455651541 0.331558738924409846 0.122700330635999083
0.575728075556307672 0.252190846421238568 0.122483755012458659
0.552619969898765273 0.209206746803092730 0.122269004574961190
0.483403173429085065 0.120483979846760458 0.122056080619171087
0.434883811629021511 0.077698038576817535 0.121844984429732739
0.306318593246822313 0.007206278290761259 0.121635717280263234
0.227025849371241817 -0.014096637335075157 0.121428280433344166
0.049631434969341623 -0.012542138276551137 0.121222675140514505
-0.040056485007108907 0.014393953992688890 0.121018902642262602
-0.196294835369914433 0.117875103521788704 0.120816964168019139
-0.254747587484952576 0.187931366097409958 0.120616860936149317
-0.297385051054444016 0.264158124863232036 0.120418594153945749
-0.337315329957581234 0.417730723067376020 0.120222165017621091
-0.338453321053720779 0.488663368075197724 0.120027574712300855
-0.315486956583587164 0.610733695017140144 0.119834824412016289
-0.295917914116931413 0.661144138881807786 0.119643915279697144
-0.273360202898296101 0.704824812459900474 0.119454848467164781
-0.224166935598139161 0.774449466978515688 0.119267625115125314
-0.199182434017173560 0.801767881186362885 0.119082246353162544
-0.150841372317571110 0.844663148169592537 0.118898713299731174
-0.127982231112716727 0.861354625397024232 0.118717027062150135
-0.106165766290407360 0.875501688755534024 0.118537188736595883
-0.085438308570283450 0.887491449210354943 0.118359199408095833
-0.047248388953376075 0.906263478921370602 0.118183060150521657
-0.029727944109954219 0.913558076864954494 0.118008772026582914
-0.013196972519435857 0.919733856260282812 0.117836336087820667
0.002397732275281894 0.924956962598065147 0.117665753374601195
0.031000391541531003 0.933083118120267230 0.117497024916109374
0.044118249302784684 0.936203956153333738 0.117330151730342946
0.056517351931974047 0.938814290323514156 0.117165134824105996
0.068247126990390372 0.940985713233892351 0.117001975193003135
0.079354038751302258 0.942779078904878998 0.116840673821433358
0.099869853954993482 0.945431440726202998 0.116681231682584041
0.109356537396714970 0.946372597413884353 0.116523649738425272
0.118376144547951145 0.947102205922525808 0.116367928939703880
0.126960624566170410 0.947648213533710315 0.116214070225937813
0.135139448004804874 0.948034702338582336 0.116062074525410328
0.142939783543201915 0.948282468446765892 0.115911942755164490
0.150386672048408665 0.948409507730097912 0.115763675820997711
0.157503194146725978 0.948431424123984179 0.115617274617456051
0.164310628967353378 0.948361773655035822 0.115472740027829104
0.170828602960568010 0.948212354950702219 0.115330072924144461
0.177075228254039818 0.947993455130152318 0.115189274167162514
0.183067230346401599 0.947714058494145029 0.115050344606371285
0.188820065786207358 0.947382023901110815 0.114913285079981331
0.194348029256961985 0.947004236281845602 0.114778096414920497
0.199664353232823832 0.946586735370313015 0.114644779426829185
0.204781296558913528 0.946134826901082304 0.114513334920055415
0.209710227102245905 0.945653177233009679 0.114383763687649603
0.214461696040637806 0.945145895146708215 0.114256066511360263
0.219045505794613515 0.944616602190240906 0.114130244161628980
0.223470771788882805 0.944068493449863322 0.114006297397585929
0.227745978637729218 0.943504390138626192 0.113884226967045130
0.231879031267264335 0.942926785192293448 0.113764033606500142
0.235877301465250433 0.942337882864978438 0.113645718041119337
0.235877301465250433 0.942337882864978438 0.113529280984741868
0.239747670305097416 0.941739633170365242 0.113414723139873122
0.243496566729335895 0.941133761936310154 0.113302045197680529
0.247130002804588078 0.940521797013853522 0.113191247837989437
0.250653605824489645 0.939905091227628553 0.113082331729278909
0.250653605824489645 0.939905091227628553 0.112975297528677909
0.254072647653898642 0.939284842466363901 0.112870145881961009
0.257392071512899057 0.938662111323404380 0.112766877423544909
0.260616516520172370 0.938037836572922168 0.112665492776484119
0.260616516520172370 0.938037836572922168 0.112565992552467672
0.263750340062128941 0.937412848833877987 0.112468377351815099
0.266797638361594147 0.936787882573008712 0.112372647763472971
0.266797638361594147 0.936787882573008712 0.112278804365011281
0.269762265313779726 0.936163586705374140 0.112186847722619942
0.272647849727141622 0.935540533982455180 0.112096778391105545
0.272647849727141622 0.935540533982455180 0.112008596913887773
0.275457811197370173 0.934919229277051067 0.111922303822996186
0.278195374687943087 0.934300116926601865 0.111837899639067123
0.278195374687943087 0.934300116926601865 0.111755384871340541
0.280863583917339676 0.933683587258318903 0.111674760017656721
0.280863583917339676 0.933683587258318903 0.111596025564453569
0.283465313708776145 0.933069982370937301 0.111519181986763555
0.286003281365586726 0.932459601275656746 0.111444229748210735
0.286003281365586726 0.932459601275656746 0.111371169301008127
0.288480057139394896 0.931852704482261096 0.111300001085954892
0.288480057139394896 0.931852704482261096 0.111230725532433697
0.290898073934804047 0.931249518063107073 0.111163343058408165
0.290898073934804047 0.931249518063107073 0.111097854070420235
0.290898073934804047 0.931249518063107073 0.111034258963587817
0.293259636211891106 0.930650237306919648 0.110972558121602394
0.293259636211891106 0.930650237306919648 0.110912751916726629
0.295566928290434128 0.930055029944353073 0.110854840709792277
0.295566928290434128 0.930055029944353073 0.110798824850197819
0.297822021960772343 0.929464039064296976 0.110744704675906469
0.297822021960772343 0.929464039064296976 0.110692480513444172
0.297822021960772343 0.929464039064296976 0.110642152677897440
0.300026883596606175 0.928877385690133783 0.110593721472911730
0.300026883596606175 0.928877385690133783 0.110547187190689372
0.300026883596606175 0.928877385690133783 0.110502550111987896
0.302183380691365022 0.928295171111088280 0.110459810506118417
0.302183380691365022 0.928295171111088280 0.110418968630943887
0.302183380691365022 0.928295171111088280 0.110380024732877557
0.302183380691365022 0.928295171111088280 0.110342979046881562
0.304293287963519510 0.927717478950722763 0.110307831796465444
0.304293287963519510 0.927717478950722763 0.110274583193684828
0.304293287963519510 0.927717478950722763 0.110243233439140137
0.304293287963519510 0.927717478950722763 0.110213782721975392
0.306358292996604553 0.927144377031609235 0.110186231219877029
0.306358292996604553 0.927144377031609235 0.110160579099072869
0.306358292996604553 0.927144377031609235 0.110136826514331099
0.306358292996604553 0.927144377031609235 0.110114973608959388
0.306358292996604553 0.927144377031609235 0.110095020514803896
0.306358292996604553 0.927144377031609235 0.110076967352248589
0.308380001493599953 0.926575919042188278 0.110060814230214563
0.308380001493599953 0.926575919042188278 0.110046561246159164
0.308380001493599953 0.926575919042188278 0.110034208486075674
0.308380001493599953 0.926575919042188278 0.110023756024492547
0.308380001493599953 0.926575919042188278 0.110015203924473198
0.308380001493599953 0.926575919042188278 0.110008552237615381
0.308380001493599953 0.926575919042188278 0.110003801004051049
0.308380001493599953 0.926575919042188278 0.110000950252446050
0.308380001493599953 0.926575919042188278 0.110000000000000001
