-0.559461840991273718 0.361443887538144493 0.739999999999999991
-0.559461840991273718 0.361443887538144493 0.739999049747553928
-0.559461840991273718 0.361443887538144493 0.739996198995948928
-0.559461840991273718 0.361443887538144493 0.739991447762384680
-0.559461840991273718 0.361443887538144493 0.739984796075526807
-0.559461840991273718 0.361443887538144493 0.739976243975507431
-0.559461840991273718 0.361443887538144493 0.739965791513924276
-0.559461840991273718 0.361443887538144493 0.739953438753840897
-0.559461840991273718 0.361443887538144493 0.739939185769785457
-0.559461840991273718 0.361443887538144493 0.739923032647751389
-0.559461840991273718 0.361443887538144493 0.739904979485196068
-0.559461840991273718 0.361443887538144493 0.739885026391040590
-0.559461840991273718 0.361443887538144493 0.739863173485668879
-0.559461840991273718 0.361443887538144493 0.739839420900927136
-0.559461840991273718 0.361443887538144493 0.739813768780122949
-0.559461840991273718 0.361443887538144493 0.739786217278024627
-0.559461840991273718 0.361443887538144493 0.739756766560859869
-0.559461840991273718 0.361443887538144493 0.739725416806315206
-0.559461840991273718 0.361443887538144493 0.739692168203534561
-0.559461840991273718 0.361443887538144493 0.739657020953118471
-0.559461840991273718 0.361443887538144493 0.739619975267122420
-0.559461840991273718 0.361443887538144493 0.739581031369056063
-0.559461840991273718 0.361443887538144493 0.739540189493881561
-0.559461840991273718 0.361443887538144493 0.739497449888012137
-0.559461840991273718 0.361443887538144493 0.739452812809310633
-0.559461840991273718 0.361443887538144493 0.739406278527088290
-0.559461840991273718 0.361443887538144493 0.739357847322102524
-0.559461840991273718 0.361443887538144493 0.739307519486555820
-0.559461840991273718 0.361443887538144493 0.739255295324093509
-0.559461840991273718 0.361443887538144493 0.739201175149802103
-0.559461840991273718 0.361443887538144493 0.739145159290207743
-0.559461840991273718 0.361443887538144493 0.739087248083273307
-0.559461840991273718 0.361443887538144493 0.739027441878397529
-0.559461840991273718 0.361443887538144493 0.738965741036412216
-0.559461840991273718 0.361443887538144493 0.738902145929579812
-0.559461840991273718 0.361443887538144493 0.738836656941591730
-0.559461840991273718 0.361443887538144493 0.738769274467566239
-0.559461840991273718 0.361443887538144493 0.738699998914045142
-0.559461840991273718 0.361443887538144493 0.738628830698991878
-0.559461840991273718 0.361443887538144493 0.738555770251789201
-0.559461840991273718 0.361443887538144493 0.738480818013236395
-0.559461840991273718 0.361443887538144493 0.738403974435546395
-0.559461840991273718 0.361443887538144493 0.738325239982343340
-0.559461840991273718 0.361443887538144493 0.738244615128659576
-0.559461840991273718 0.361443887538144493 0.738162100360932882
-0.559461840991273718 0.361443887538144493 0.738077696177003806
-0.559461840991273718 0.361443887538144493 0.737991403086112219
-0.559461840991273718 0.361443887538144493 0.737903221608894433
-0.559461840991273718 0.361443887538144493 0.737813152277379980
-0.559461840991273718 0.361443887538144493 0.737721195634988725
-0.559461840991273718 0.361443887538144493 0.737627352236526979
-0.559461840991273718 0.361443887538144493 0.737531622648184837
-0.559461840991273718 0.361443887538144493 0.737434007447532291
-0.559461840991273718 0.361443887538144493 0.737334507223515900
-0.559461840991273718 0.361443887538144493 0.737233122576455124
-0.559461840991273718 0.361443887538144493 0.737129854118038996
-0.559461840991273718 0.361443887538144493 0.737024702471322124
-0.559461840991273718 0.361443887538144493 0.736917668270721027
-0.559461840991273718 0.361443887538144493 0.736808752162010583
-0.559461840991273718 0.361443887538144493 0.736697954802319477
-0.559461840991273718 0.361443887538144493 0.736585276860126870
-0.559461840991273718 0.361443887538144493 0.736470719015258179
-0.559461840991273718 0.361443887538144493 0.736354281958880641
-0.559461840991273718 0.361443887538144493 0.736235966393499863
-0.559461840991273718 0.361443887538144493 0.736115773032954834
-0.559461840991273718 0.361443887538144493 0.735993702602414035
-0.559461840991273718 0.361443887538144493 0.735869755838370998
-0.559461840991273718 0.361443887538144493 0.735743933488639756
-0.559461840991273718 0.361443887538144493 0.735616236312350402
-0.559461840991273718 0.361443887538144493 0.735486665079944646
-0.559461840991273718 0.361443887538144493 0.735355220573170709
-0.559461840991273718 0.361443887538144493 0.735221903585079439
-0.559461840991273718 0.361443887538144493 0.735086714920018758
-0.559461840991273718 0.361443887538144493 0.734949655393628665
-0.559461840991273718 0.361443887538144493 0.734810725832837464
-0.559461840991273718 0.361443887538144493 0.734669927075855544
-0.559461840991273718 0.361443887538144493 0.734527259972170943
-0.559461840991273718 0.361443887538144493 0.734382725382543899
-0.559461840991273718 0.361443887538144493 0.734236324179002309
-0.559461840991273718 0.361443887538144493 0.734088057244835501
-0.559461840991273718 0.361443887538144493 0.733937925474589692
-0.559461840991273718 0.361443887538144493 0.733785929774062096
-0.559461840991273718 0.361443887538144493 0.733632071060296154
-0.559461840991273718 0.361443887538144493 0.733476350261574761
-0.559461840991273718 0.361443887538144493 0.733318768317415937
-0.559461840991273718 0.361443887538144493 0.733159326178566717
-0.559461840991273718 0.361443887538144493 0.732998024806996828
-0.559461840991273718 0.361443887538144493 0.732834865175894024
-0.559461840991273718 0.361443887538144493 0.732669848269657087
-0.559461840991273718 0.361443887538144493 0.732502975083890617
-0.559461840991273718 0.361443887538144493 0.732334246625398921
-0.559461840991273718 0.361443887538144493 0.732163663912179352
-0.559461840991273718 0.361443887538144493 0.731991227973417091
-0.559461840991273718 0.361443887538144493 0.731816939849478376
-0.559461840991273718 0.361443887538144493 0.731640800591904172
-0.559461840991273718 0.361443887538144493 0.731462811263404067
-0.559461840991273718 0.361443887538144493 0.731282972937849940
-0.559461840991273718 0.361443887538144493 0.731101286700268749
-0.559461840991273718 0.361443887538144493 0.730917753646837420
-0.559461840991273718 0.361443887538144493 0.730732374884874636
-0.559461840991273718 0.361443887538144493 0.730545151532835280
-0.559461840991273718 0.361443887538144493 0.730356084720302889
-0.559461840991273718 0.361443887538144493 0.730165175587983772
-0.559461840991273718 0.361443887538144493 0.729972425287699123
-0.559461840991273718 0.361443887538144493 0.729777834982378915
-0.559461840991273718 0.361443887538144493 0.729581405846054243
-0.559461840991273718 0.361443887538144493 0.729383139063850661
-0.559461840991273718 0.361443887538144493 0.729183035831980852
-0.559461840991273718 0.361443887538144493 0.728981097357737307
-0.559461840991273718 0.361443887538144493 0.728777324859485542
-0.559461840991273718 0.361443887538144493 0.728571719566655895
-0.559461840991273718 0.361443887538144493 0.728364282719736744
-0.559461840991273718 0.361443887538144493 0.728155015570267294
-0.559461840991273718 0.361443887538144493 0.727943919380828919
-0.559461840991273718 0.361443887538144493 0.727730995425038829
-0.559461840991273718 0.361443887538144493 0.727516244987541416
-0.559461840991273718 0.361443887538144493 0.727299669364000922
-0.559461840991273718 0.361443887538144493 0.727081269861093782
-0.559461840991273718 0.361443887538144493 0.726861047796500293
-0.559461840991273718 0.361443887538144493 0.726639004498896957
-0.559461840991273718 0.361443887538144493 0.726415141307948709
-0.559461840991273718 0.361443887538144493 0.726189459574299923
-0.559461840991273718 0.361443887538144493 0.725961960659567529
-0.559461840991273718 0.361443887538144493 0.725732645936331688
-0.559461840991273718 0.361443887538144493 0.725501516788128020
-0.559461840991273718 0.361443887538144493 0.725268574609439609
-0.559461840991273718 0.361443887538144493 0.725033820805687568
-0.559461840991273718 0.361443887538144493 0.724797256793223710
-0.559461840991273718 0.361443887538144493 0.724558883999321224
-0.559461840991273718 0.361443887538144493 0.724318703862166235
-0.559461840991273718 0.361443887538144493 0.724076717830849370
-0.559461840991273718 0.361443887538144493 0.723832927365356760
-0.559461840991273718 0.361443887538144493 0.723587333936561383
-0.559461840991273718 0.361443887538144493 0.723339939026213963
-0.559461840991273718 0.361443887538144493 0.723090744126934415
-0.559461840991273718 0.361443887538144493 0.722839750742202303
-0.559461840991273718 0.361443887538144493 0.722586960386348620
-0.559461840991273718 0.361443887538144493 0.722332374584545467
-0.559461840991273718 0.361443887538144493 0.722075994872797944
-0.559461840991273718 0.361443887538144493 0.721817822797934383
-0.559461840991273718 0.361443887538144493 0.721557859917596800
-0.559461840991273718 0.361443887538144493 0.721296107800231900
-0.559461840991273718 0.361443887538144493 0.721032568025081755
-0.559461840991273718 0.361443887538144493 0.720767242182173473
-0.559461840991273718 0.361443887538144493 0.720500131872310767
-0.559461840991273718 0.361443887538144493 0.720231238707063071
-0.559461840991273718 0.361443887538144493 0.719960564308756767
-0.559461840991273718 0.361443887538144493 0.719688110310464868
-0.559461840991273718 0.361443887538144493 0.719413878355997460
-0.559461840991273718 0.361443887538144493 0.719137870099891496
-0.559461840991273718 0.361443887538144493 0.718860087207401133
-0.559461840991273718 0.361443887538144493 0.718580531354487628
-0.559461840991273718 0.361443887538144493 0.718299204227808685
-0.559461840991273718 0.361443887538144493 0.718016107524709124
-0.559461840991273718 0.361443887538144493 0.717731242953210224
-0.559461840991273718 0.361443887538144493 0.717444612231999179
-0.559461840991273718 0.361443887538144493 0.717156217090419101
-0.559461840991273718 0.361443887538144493 0.716866059268458589
-0.559461840991273718 0.361443887538144493 0.716574140516741065
-0.559461840991273718 0.361443887538144493 0.716280462596514012
-0.559461840991273718 0.361443887538144493 0.715985027279638975
-0.559461840991273718 0.361443887538144493 0.715687836348580131
-0.559461840991273718 0.361443887538144493 0.715388891596394072
-0.559461840991273718 0.361443887538144493 0.715088194826718926
-0.559461840991273718 0.361443887538144493 0.714785747853762921
-0.559461840991273718 0.361443887538144493 0.714481552502294504
-0.559461840991273718 0.361443887538144493 0.714175610607630129
-0.559461840991273718 0.361443887538144493 0.713867924015623934
-0.559461840991273718 0.361443887538144493 0.713558494582656633
-0.559461840991273718 0.361443887538144493 0.713247324175623976
-0.559461840991273718 0.361443887538144493 0.712934414671925309
-0.559461840991273718 0.361443887538144493 0.712619767959453143
-0.559461840991273718 0.361443887538144493 0.712303385936580713
-0.559461840991273718 0.361443887538144493 0.711985270512151103
-0.559461840991273718 0.361443887538144493 0.711665423605465697
-0.559461840991273718 0.361443887538144493 0.711343847146272412
-0.559461840991273718 0.361443887538144493 0.711020543074754374
-0.559461840991273718 0.361443887538144493 0.710695513341517593
-0.559461840991273718 0.361443887538144493 0.710368759907580083
-0.559461840991273718 0.361443887538144493 0.710040284744359096
-0.559461840991273718 0.361443887538144493 0.709710089833660129
-0.559461840991273718 0.361443887538144493 0.709378177167664048
-0.559461840991273718 0.361443887538144493 0.709044548748915870
-0.559461840991273718 0.361443887538144493 0.708709206590312113
-0.559461840991273718 0.361443887538144493 0.708372152715089243
-0.559461840991273718 0.361443887538144493 0.708033389156810689
-0.559461840991273718 0.361443887538144493 0.707692917959355072
-0.559461840991273718 0.361443887538144493 0.707350741176904108
-0.559461840991273718 0.361443887538144493 0.707006860873929721
-0.559461840991273718 0.361443887538144493 0.706661279125181618
-0.559461840991273718 0.361443887538144493 0.706313998015675182
-0.559461840991273718 0.361443887538144493 0.705965019640678482
-0.559461840991273718 0.361443887538144493 0.705614346105699508
-0.559461840991273718 0.361443887538144493 0.705261979526474403
-0.559461840991273718 0.361443887538144493 0.704907922028953582
-0.559461840991273718 0.361443887538144493 0.704552175749289300
-0.559461840991273718 0.361443887538144493 0.704194742833822995
-0.559461840991273718 0.361443887538144493 0.703835625439072410
-0.559461840991273718 0.361443887538144493 0.703474825731717712
-0.559461840991273718 0.361443887538144493 0.703112345888589618
-0.559461840991273718 0.361443887538144493 0.702748188096655402
-0.559461840991273718 0.361443887538144493 0.702382354553006127
-0.559461840991273718 0.361443887538144493 0.702014847464843106
-0.559461840991273718 0.361443887538144493 0.701645669049464793
-0.559461840991273718 0.361443887538144493 0.701274821534253578
-0.559461840991273718 0.361443887538144493 0.700902307156661686
-0.559461840991273718 0.361443887538144493 0.700528128164198294
-0.559461840991273718 0.361443887538144493 0.700152286814415881
-0.559461840991273718 0.361443887538144493 0.699774785374896457
-0.559461840991273718 0.361443887538144493 0.699395626123237801
-0.559461840991273718 0.361443887538144493 0.699014811347040133
-0.559461840991273718 0.361443887538144493 0.698632343343891682
-0.559461840991273718 0.361443887538144493 0.698248224421355368
-0.559461840991273718 0.361443887538144493 0.697862456896954697
-0.559461840991273718 0.361443887538144493 0.697475043098159664
-0.559461840991273718 0.361443887538144493 0.697085985362372984
-0.559461840991273718 0.361443887538144493 0.696695286036915662
-0.559461840991273718 0.361443887538144493 0.696302947479013001
-0.559461840991273718 0.361443887538144493 0.695908972055780284
-0.559461840991273718 0.361443887538144493 0.695513362144208891
-0.559461840991273718 0.361443887538144493 0.695116120131151316
-0.559461840991273718 0.361443887538144493 0.694717248413307176
-0.559461840991273718 0.361443887538144493 0.694316749397208888
-0.559461840991273718 0.361443887538144493 0.693914625499206461
-0.559461840991273718 0.361443887538144493 0.693510879145453840
-0.559461840991273718 0.361443887538144493 0.693105512771893584
-0.559461840991273718 0.361443887538144493 0.692698528824242432
-0.559461840991273718 0.361443887538144493 0.692289929757976541
-0.559461840991273718 0.361443887538144493 0.691879718038316605
-0.559461840991273718 0.361443887538144493 0.691467896140213090
-0.559461840991273718 0.361443887538144493 0.691054466548331137
-0.559461840991273718 0.361443887538144493 0.690639431757035682
-0.559461840991273718 0.361443887538144493 0.690222794270376361
-0.559399347368956579 0.362369577721120661 0.689804556602072627
-0.559297258302791533 0.363747737574947494 0.689384721275498102
-0.559186055487497669 0.365116951576703597 0.688963290823665919
-0.559066620946503390 0.366480815474991894 0.688540267789212845
-0.558939709810742702 0.367842604785216520 0.688115654724384629
-0.558805968876472714 0.369205326788113408 0.687689454191019900
-0.558665951723263499 0.370571763605085758 0.687261668760535072
-0.558520131087336114 0.371944508116662020 0.686832301013909019
-0.558317361736932360 0.373788832964398354 0.686401353541667092
-0.558159456547403621 0.375185532374616382 0.685968828943865794
-0.557996857579731609 0.376596169410850445 0.685534729830076905
-0.557829784097739756 0.378022811358567745 0.685099058819371831
-0.557658411825148304 0.379467452921462667 0.684661818540305611
-0.557482876611394618 0.380932029528061822 0.684223011630901601
-0.557242520079078707 0.382919065875928055 0.683782640738634817
-0.557057597178509889 0.384437436599644133 0.683340708520416507
-0.556868711026696550 0.385981907278458825 0.682897217642577936
-0.556675853184452007 0.387554277671963265 0.682452170780854406
-0.556478986151895283 0.389156339471002033 0.682005570620368706
-0.556210142917675010 0.391341705867900680 0.681557419855615576
-0.556003618801978128 0.393020029065490384 0.681107721190444715
-0.555792761471392338 0.394734059698085893 0.680656477338045240
-0.555577416287664327 0.396485648269366497 0.680203691020928702
-0.555282992906435235 0.398882795117869726 0.679749364970912762
-0.555056431084332225 0.400729454671282015 0.679293501929105314
-0.554824682847326445 0.402620192031157675 0.678836104645886729
-0.554507160816556488 0.405213424196306182 0.678377175880894634
-0.554262252011814782 0.407215467071342263 0.677916718403006269
-0.554011197364668528 0.409269172049016750 0.677454734990322271
-0.553666325272900495 0.412092442872944054 0.676991228430149805
-0.553399624695896319 0.414277528434148723 0.676526201518985459
-0.553032628114662028 0.417287751749610358 0.676059657062499042
-0.552748388958174131 0.419623378030377303 0.675591597875515815
-0.552456091568473306 0.422031453629511555 0.675122026782000395
-0.552053393056235464 0.425366255343727906 0.674650946615038660
-0.551741467238424543 0.427971691398434939 0.674178360216821981
-0.551312544051039133 0.431608600750896021 0.673704270438628683
-0.550981757015739371 0.434483394847159810 0.673228680140807945
-0.550644572309807234 0.437518101320637842 0.672751592192761816
-0.550190005379113889 0.441908232063660256 0.672273009472928451
-0.549853328362460925 0.445596805369265325 0.671792934868764235
-0.549439306300202102 0.451538442878180568 0.671311371276726909
-0.549212264579894471 0.457817785724469739 0.670828321602257471
-0.549340021884405116 0.478609908066495282 0.670343788759763304
-0.507970424371380735 0.297576122929696263 0.669857775672599853
-0.545019567840750563 0.442323320118107433 0.669370285273053756
-0.545100014377713049 0.454178145960900503 0.668881320502324628
-0.544733142424113082 0.459690885694853280 0.668390884310507527
-0.544064367177167330 0.465825893089905962 0.667898979656575076
-0.543483998177622163 0.470056362796773486 0.667405609508359698
-0.542632557605959298 0.475501292561477551 0.666910776842535635
-0.541942723161751405 0.479529921173967810 0.666414484644600846
-0.540958313585588990 0.484898541381656500 0.665916735908859470
-0.539900655640743077 0.490308146309310189 0.665417533638403169
-0.539058626545289687 0.494409940612275611 0.664916880845093483
-0.537869026700174890 0.499952898779928490 0.664414780549543171
-0.536600279516058709 0.505590679767748075 0.663911235781098785
-0.535594788290271406 0.509885623775795049 0.663406249577821461
-0.534179375343103446 0.515704500143831401 0.662899824986468933
-0.532675137449539760 0.521630901485405030 0.662391965062477772
-0.531486404112799460 0.526146731288177238 0.661882672869943733
-0.529817652890250512 0.532262165959035860 0.661371951481604547
-0.528049718000775714 0.538484050152991944 0.660859803978820493
-0.526656454166397170 0.543218953797490078 0.660346233451555964
-0.524706132047568108 0.549621063876229554 0.659831242998361267
-0.522646757831436104 0.556121424639953288 0.659314835726353410
-0.520475018763297603 0.562715797682776797 0.658797014751197674
-0.518770592214370607 0.567720409129652381 0.658277783197088628
-0.516394849475121598 0.574467470307074013 0.657757144196731369
-0.513898723793491552 0.581294199113581378 0.657235100891322421
-0.511279767747363834 0.588194558791575561 0.656711656430531421
-0.509233628129389104 0.593414312652392084 0.656186813972481464
-0.506394676869627469 0.600427942589088492 0.655660576683730012
-0.503427638571498637 0.607496885357316829 0.655132947739250349
-0.500331159217458410 0.614613996085995318 0.654603930322411820
-0.497104178708868472 0.621771947627776655 0.654073527624961182
-0.493745916658951345 0.628963279067693004 0.653541742847002838
-0.490255847104694609 0.636180444647006960 0.653008579196979855
-0.487551602585117594 0.641605711769978382 0.652474039891654756
-0.483830218486732411 0.648849850976544129 0.651938128156089536
-0.479976498470559898 0.656099039201158196 0.651400847223626678
-0.475990335944628695 0.663345854183776340 0.650862200335869279
-0.471871445222232511 0.670583027658157915 0.650322190742662065
-0.467619117128529993 0.677803500612746412 0.649780821702071409
-0.463231841597611660 0.685000484989422898 0.649238096480365567
-0.458706700781743693 0.692167538110294522 0.648694018351995028
-0.454038344074933820 0.699298662307967223 0.648148590599572971
-0.449217152327891500 0.706388455674982318 0.647601816513855399
-0.444225707625762412 0.713432371467286885 0.647053699393721038
-0.439031376802540452 0.720427225800655324 0.646504242546151686
-0.433568836707573901 0.727372334542082166 0.645953449286212344
-0.427691873203040362 0.734272496202729608 0.645401322937030675
-0.421005076118303734 0.741147688423660855 0.644847866829777683
-0.411977709498865197 0.748077042356272925 0.644293084303647068
-0.383993990941200458 0.755448828209108747 0.643736978705835461
-0.432458638887731894 0.758402972433476874 0.643179553391521885
-0.413320011921785357 0.766346654866175481 0.642620811723847774
-0.404681814474621537 0.772989706097312768 0.642060757073896426
-0.397724212019021084 0.779375506018153308 0.641499392820673031
-0.391309057543618777 0.785613902964368283 0.640936722351083898
-0.385114399422355980 0.791732990041979834 0.640372749059916258
-0.379015497341114616 0.797742630367086925 0.639807476349817827
-0.372954870320581666 0.803646882810469476 0.639240907631276056
-0.366903063636736526 0.809447593349517547 0.638673046322597582
-0.359326848117096143 0.816554254491804410 0.638103895849887803
-0.353246172949499726 0.822124856679851912 0.637533459647030010
-0.347142750684896861 0.827593939741374185 0.636961741155665062
-0.341013920854623342 0.832961934707694418 0.636388743825169967
-0.334858217345001596 0.838229330146097684 0.635814471112637336
-0.328674901649167350 0.843396692594710395 0.635238926482855071
-0.322463674381513410 0.848464672429969480 0.634662113408284490
-0.314660336500279914 0.854661012717635060 0.634084035369040122
-0.308386344671142121 0.859508170690441942 0.633504695852868616
-0.302084673360350608 0.864258583344672315 0.632924098355127196
-0.295755465824017738 0.868913188861945462 0.632342246378763129
-0.289398824949653632 0.873472965723876560 0.631759143434292514
-0.281414501463187916 0.879040870586214051 0.631174793039778748
-0.274996170642179016 0.883390992485863613 0.630589198720811650
-0.268550252888516250 0.887649608915462962 0.630002364010486038
-0.262076520438381144 0.891817747275992501 0.629414292449380408
-0.253944748892978411 0.896902226359378552 0.628824987585535511
-0.247407139386746799 0.900870456211946502 0.628234452974433477
-0.240840364816059638 0.904751402951416095 0.627642692178975614
-0.232589969749737308 0.909481225572008167 0.627049708769460978
-0.225955281092062393 0.913169038615357143 0.626455506323565503
-0.219289216467308312 0.916772344345650025 0.625860088426319683
-0.210911240755664003 0.921158754358210485 0.625263458670087813
-0.204171445749063929 0.924574514083316035 0.624665620654545006
-0.197397351436881308 0.927907919843642848 0.624066577986656545
-0.188879946462283344 0.931959641409527251 0.623466334280656009
-0.182024890125759675 0.935109510195223814 0.622864893158023070
-0.175132066523526919 0.938178408089916371 0.622262258247461841
-0.166461170800582758 0.941901042805259547 0.621658433184878789
-0.159479116971525670 0.944788551312443547 0.621053421613361412
-0.152455450215666921 0.947595595179320349 0.620447227183155481
-0.143615467226606508 0.950991187181363884 0.619839853551643394
-0.136493636643224836 0.953616923163932761 0.619231304383322301
-0.127526972963961760 0.956785271694315043 0.618621583349781567
-0.120300597916471963 0.959228465015008913 0.618010694129680793
-0.111199248725956490 0.962167343103031869 0.617398640408728050
-0.103861933508964666 0.964425657043267104 0.616785425879656679
-0.096473284841651963 0.966600756985098952 0.616171054242203975
-0.087163427212731404 0.969201405085411638 0.615555529203088425
-0.079654850413026945 0.971186244579060332 0.614938854475987173
-0.070191371171520633 0.973546028871710156 0.614321033781514036
-0.062557029338229875 0.975335465641524957 0.613702070847196968
-0.052932924374455126 0.977447227961895537 0.613081969407454963
-0.045167491737977739 0.979034951211039228 0.612460733203576524
-0.035376513289300582 0.980890075308455844 0.611838365983696564
-0.027475368320620308 0.982268613951902125 0.611214871502773316
-0.017512280078817444 0.983857047320014111 0.610590253522566684
-0.009471720716902055 0.985017797958221086 0.609964515811614816
0.000667419274592962 0.986328101805959756 0.609337662145211567
0.010905492211119083 0.987478463136300499 0.608709696305383963
0.019167468711913382 0.988280817204267636 0.608080622080868771
0.029584417033528709 0.989132716099681342 0.607450443267090412
0.037989404556066753 0.989690607760241647 0.606819163666137418
0.048584409172797105 0.990229558827233292 0.606186787086739787
0.057130799479572558 0.990531029519053252 0.605553317344246333
0.067900568735049904 0.990741685213562207 0.604918758260600598
0.078764984624508594 0.990763094381584608 0.604283113664319305
0.087523065127429023 0.990640618686047802 0.603646387390467831
0.098551412317388898 0.990308819908242821 0.603008583280637778
0.107436552211804037 0.989897304686185420 0.602369705182924098
0.118617728434592284 0.989196164649904341 0.601729756951901340
0.129877719590147656 0.988283000865125105 0.601088742448600111
0.138939023774612647 0.987396636487972823 0.600446665540484759
0.150327488071454018 0.986090067165440676 0.599803530101429061
0.161778746279446273 0.984558778420573932 0.599159340011693797
0.170980319365665712 0.983169215570888877 0.598514099157902213
0.182526679074627440 0.981223448552705824 0.597867811433017704
0.194114795534691353 0.979042513613171739 0.597220480736319392
0.203409538678530288 0.977126440674961794 0.596572110973379255
0.215050551039957849 0.974515078265687396 0.595922706056038476
0.226707587710297920 0.971661541292936692 0.595272269902383133
0.238370457941889324 0.968564377148345423 0.594620806436721661
0.247697817373453588 0.965910656322750305 0.593968319589560312
0.259344108329770173 0.962373323468638242 0.593314813297580179
0.270965496832423602 0.958591741679370335 0.592660291503612213
0.282550416116575054 0.954567018792043420 0.592004758156615130
0.291784195563381976 0.951173392815482632 0.591348217211650096
0.303273756702537145 0.946716163736369909 0.590690672629857860
0.314693691735754344 0.942022839413359736 0.590032128378433995
0.326032134387641337 0.937097353802603172 0.589372588430605804
0.335036315980926536 0.932992919475842619 0.588712056765608116
0.346198614655704451 0.927661773324476635 0.588050537368658643
0.357247115686394612 0.922113286519868458 0.587388034230934886
0.368170859889064783 0.916354018076371846 0.586724551349549261
0.378959315689064991 0.910391125502940324 0.586060092727525461
0.387485911118922610 0.905479361828479101 0.585394662373774133
0.398005934918354065 0.899169687707659038 0.584728264303068901
0.408364021360112961 0.892679144171069083 0.584060902536021609
0.418551836525723808 0.886016636678160774 0.583392581099058893
0.428561739508030448 0.879191372147743455 0.582723304024396649
0.438386813403448206 0.872212788429952868 0.582053075350017379
0.448020887230772102 0.865090483514075359 0.581381899119644441
0.455586963641970211 0.859295669521572991 0.580709779382718061
0.464864111616325515 0.851939097966566528 0.580036720194371247
0.473937025958603597 0.844465944622044162 0.579362725615404806
0.482802415559350162 0.836885798865377395 0.578687799712263029
0.491457721895039223 0.829208100423177163 0.578011946557009382
0.499901095097802450 0.821442086709789243 0.577335170227301964
0.508131364419052489 0.813596745608762939 0.576657474806368309
0.516148003962413338 0.805680774003542322 0.575978864382981293
0.523951094554648167 0.797702542233140965 0.575299343051434375
0.531541282635812129 0.789670064506179936 0.574618914911516843
0.537460912309189354 0.783210168782741745 0.573937584068489048
0.544671143804761004 0.775099020062596122 0.573255354633057546
0.551672918961349290 0.766953990435827127 0.572572230721350661
0.558468630334405081 0.758781572043802144 0.571888216454893183
0.565061022146746583 0.750587836506887207 0.571203315960581826
0.571453146661905720 0.742378435542921045 0.570517533370660246
0.577648322051936169 0.734158605479911075 0.569830872822694068
0.583650092152913080 0.725933175161881605 0.569143338459545789
0.589462188374838658 0.717706576810328456 0.568454934429350356
0.595088493996869805 0.709482859358509854 0.567765664885489074
0.600533010993456462 0.701265703823508058 0.567075533986565739
0.605799829485137109 0.693058440301000389 0.566384545896380986
0.610893099847152787 0.684864066194071031 0.565692704783906763
0.615817007470341737 0.676685265333660690 0.565000014823262009
0.620575750127997816 0.668524427663023335 0.564306480193686899
0.625173517868770512 0.660383669219915648 0.563612105079517756
0.629614475327704648 0.652264852179766708 0.562916893670161955
0.633902746344700674 0.644169604745613023 0.562220850160072394
0.638042400734257997 0.636099340736019592 0.561523978748722397
0.642037443086851844 0.628055278711936671 0.560826283640580292
0.646646133784510857 0.618438446514818052 0.560127769045084101
0.650336747191070375 0.610455474052096769 0.559428439176616110
0.653895026953331349 0.602501503161826713 0.558728298254477340
0.657324620836913565 0.594577127542439854 0.558027350502862229
0.660629079918399142 0.586682834810317688 0.557325600150833100
0.663811856640940445 0.578819021383240262 0.556623051432294513
0.666876303896580147 0.570986006608896979 0.555919708585968286
0.669825675017413524 0.563184046151895545 0.555215575855366850
0.672663124583866678 0.555413344659910213 0.554510657488768932
0.675391709954469732 0.547674067713473711 0.553804957739192694
0.678014393443197250 0.539966353078414896 0.553098480864371078
0.681025857804604673 0.530758926846967127 0.552391231126725279
0.683425534436159721 0.523121063875728431 0.551683212793339983
0.685728184936102214 0.515515136013713127 0.550974430135936832
0.687936407829990548 0.507941271857671017 0.550264887430848670
0.690052725663164668 0.500399619845417698 0.549554588958994228
0.692079589739476142 0.492890355333883090 0.548843539005852032
0.694019385089987839 0.485413686970386449 0.548131741861434318
0.696235476869515368 0.476485063492356642 0.547419201820261936
0.697991822967881870 0.469081040194482379 0.546705923181337261
0.699668347932446699 0.461710565412280727 0.545991910248119217
0.701267216041597585 0.454374040441622440 0.545277167328497070
0.702790553069219115 0.447071920777723952 0.544561698734763899
0.704240451646318211 0.439804717584997396 0.543845508783591502
0.705886296675057756 0.431130966362780477 0.543128601796003752
0.707181866778320845 0.423942655369469013 0.542410982097350503
0.708410532167291884 0.416791271614740499 0.541692654017281949
0.709574301383831818 0.409677555802483995 0.540973621889721756
0.710887977608298138 0.401191933184601113 0.540253890052841745
0.711916010490709184 0.394163927912918877 0.539533462849035028
0.712885537660928215 0.387176266272968139 0.538812344624890471
0.713798556873128653 0.380229861234864186 0.538090539731165718
0.714657070798988880 0.373325651275455195 0.537368052522761430
0.715618170342236293 0.365097644302770585 0.536644887358695422
0.716363857116397273 0.358289643454507201 0.535921048602074901
0.717061497880852050 0.351526920621215322 0.535196540620071826
0.717713129341005729 0.344810432437153813 0.534471367783895701
0.718437234592757545 0.336812993998800048 0.533745534468767047
0.718994853640778975 0.330201479276308607 0.533019045053891527
0.719513029829010220 0.323639081852675647 0.532291903922433307
0.719993824331864984 0.317126611228012445 0.531564115461488407
0.720524336072321692 0.309378600129518677 0.530835684062058610
0.720930142318726208 0.302978507802006525 0.530106614119024488
0.721305147907616573 0.296630483595292482 0.529376910031119641
0.721717368371659784 0.289082277852912128 0.528646576200903162
0.722031770523272165 0.282850418712025209 0.527915617034733886
0.722321840840849494 0.276671873288296954 0.527184036942743628
0.722640590347471079 0.269328223167874137 0.526451840338810095
0.722884053883241506 0.263267402701127196 0.525719031640530909
0.723109411909604649 0.257260030459030620 0.524985615269196515
0.723318539819053141 0.251305898005645734 0.524251595649763980
0.723550651013205703 0.244230739443804634 0.523516977210829459
0.723730472902548438 0.238392390731705178 0.522781764384602554
0.723899782574974893 0.232605781120463401 0.522045961606878439
0.724091450783814095 0.225729109118679855 0.521309573317012220
0.724243502056008515 0.220053585133581725 0.520572603957891289
0.724390258939098586 0.214427038709071288 0.519835057975908787
0.724561512202556490 0.207738260732892088 0.519096939820936853
0.724701887102151332 0.202215395129426379 0.518358253946300196
0.724869621472208459 0.195647271239155235 0.517619004808748007
0.725010369286122391 0.190221543100726781 0.516879196868428425
0.725153359173500989 0.184837512569773516 0.516138834588860784
0.725329618475834659 0.178429364224355069 0.515397922436909073
0.725481754783887656 0.173131079693988610 0.514656464882754738
0.725639845720000176 0.167868859005381038 0.513914466399869707
0.725838892809640424 0.161599076855787643 0.513171931464990072
0.726013718935118346 0.156409304171774816 0.512428864558087671
0.726235672574315205 0.150220517018283928 0.511685270162344774
0.726431824541280968 0.145093120510962376 0.510941152764125550
0.726639062528886437 0.139990569355358224 0.510196516852949977
0.726903525669805206 0.133897102980734484 0.509451366921466198
0.727137967529106977 0.128841145383075173 0.508705707465423762
0.727437265800809141 0.122796749591202348 0.507959542983646317
0.727702476465197701 0.117775857909765636 0.507212877978004517
0.727982760567807974 0.112766959156558572 0.506465716953388712
0.728339898040679889 0.106768547129825808 0.505718064417682078
0.728655561220804215 0.101777068136338023 0.504969924881733090
0.729056892093818076 0.095792002268736298 0.504221302859328868
0.729410773043745797 0.090805233327119206 0.503472202867166985
0.729782902056097860 0.085816275527634711 0.502722629424828926
0.730254276199227892 0.079822732680418451 0.501972587054753117
0.730668358861395695 0.074819139752612118 0.501222080282206495
0.731191505472724046 0.068799753499616700 0.500471113635258535
0.731649879877933507 0.063767590839115706 0.499719691644752828
0.732227502849139511 0.057705302734217478 0.498967818844280431
0.732732340338515753 0.052630059183481015 0.498215499770152170
0.733366949137029822 0.046507079187942779 0.497462738961371664
0.733920261133835572 0.041373596831326742 0.496709540959607176
0.734496227887128983 0.036208436650001674 0.495955910309165471
0.735217805487964671 0.029963696603425738 0.495201851556962724
0.735844874100368251 0.024716912824858550 0.494447369252498770
0.736628747387320204 0.018364073480164333 0.493692467947828284
0.737308488456248079 0.013018516531096036 0.492937152197534589
0.738156406643087459 0.006536404507527460 0.492181426558700674
0.738890152357580376 0.001073899802156386 0.491425295590883215
0.739803543944385189 -0.005559979371580759 0.490668763856084045
0.740592324605733987 -0.011158789756543053 0.489911835918723060
0.741572206310930127 -0.017968458685111099 0.489154516345610635
0.742416660810353068 -0.023724304206447444 0.488396809705919865
0.743463511543722588 -0.030735560168341614 0.487638720571159257
0.744363764947513995 -0.036670766124448584 0.486880253515145078
0.745477355630083438 -0.043911475209751416 0.486121413113973777
0.746432855719713961 -0.050050230634890613 0.485362203945993942
0.747612023811855764 -0.057550679123397619 0.484602630591779604
0.748621325823939920 -0.063919356648243664 0.483842697634101593
0.749863680002576638 -0.071712670195146322 0.483082409657900780
0.750924165957272183 -0.078340207167072629 0.482321771250259546
0.752225702412440134 -0.086462849365693928 0.481560787000374912
0.753333217451041426 -0.093381200139531217 0.480799461499530345
0.754687823729878859 -0.101873562617800506 0.480037799341068050
0.755836206519731379 -0.109118232255766057 0.479275805120361664
0.757235021386776230 -0.118025328613076297 0.478513483434788112
0.758415498416493694 -0.125635998110979585 0.477750838883700013
0.759846085953927108 -0.135008273358023623 0.476987876068398153
0.761046489548464211 -0.143029525478023389 0.476224599592103282
0.762491771764954640 -0.152923790708031304 0.475461014059928577
0.763935783539298807 -0.163129333563762413 0.474697124078852117
0.765132401242013871 -0.171886440964188425 0.473932934257688454
0.766552238809558917 -0.182716812246121907 0.473168449207061581
0.767714750115458533 -0.192026086878081037 0.472403673539376345
0.769074265108601662 -0.203559403598423394 0.471638611868791302
0.770167981253443434 -0.213490242969802291 0.470873268811190182
0.771419268265432390 -0.225815297915979929 0.470107648984154913
0.772398315611047437 -0.236446572802111787 0.469341757006936922
0.773478129662786618 -0.249664214472272661 0.468575597500429597
0.774282024984335404 -0.261085398135109836 0.467809175087140594
0.775107062219529297 -0.275309819954763835 0.467042494391163687
0.775748925660488586 -0.290136625650980418 0.466275560038151071
0.776116872824665682 -0.302981687705692559 0.465508376655285161
0.776320687590511871 -0.319020087421626353 0.464740948871250947
0.776258815411931646 -0.332936187732489564 0.463973281316208130
0.775857372658692590 -0.350337009376579245 0.463205378621762642
0.775206019587350026 -0.365455275794287715 0.462437245420939558
0.773979712487828486 -0.384381527622382535 0.461668886348154228
0.772529302080311453 -0.400841475214049281 0.460900306039185248
0.770190111902163022 -0.421463072695985153 0.460131509131145422
0.767091753032185464 -0.443080358816348108 0.459362500262455065
0.763837389387745147 -0.461889479409842152 0.458593284072812746
0.758998069090777161 -0.485451112179796640 0.457823865203168145
0.754073485443913061 -0.505935818522958769 0.457054248295693633
0.746929883432059905 -0.531560019069085454 0.456284437993756620
0.738236978231909924 -0.558332288403485366 0.455514438941891142
0.729635211652139182 -0.581513911523808380 0.454744255785770268
0.717449484382660652 -0.610347746482581166 0.453973893172177512
0.705538287732871749 -0.635176566986212610 0.453203355748979131
0.688853189462561355 -0.665836419154878123 0.452432648165096596
0.672715337136968294 -0.691996328450531939 0.451661775070477334
0.650344251731571177 -0.723921760020275418 0.450890741116067750
0.624326317953943777 -0.756134056019245548 0.450119550953784642
0.599577608059216338 -0.782903360437429696 0.449348209236487384
0.565877658239901660 -0.814487411657853988 0.448576720617949509
0.534237668596452053 -0.839923821948439620 0.447805089752831120
0.491784580876534705 -0.868723496056235223 0.447033321296650354
0.444316743147304849 -0.894794493952797754 0.446261419905755630
0.400953064573298712 -0.913707141451638449 0.445489390237297223
0.344565717899291468 -0.932076794539996478 0.444717236949199513
0.294293057787674006 -0.943011535971887471 0.443944964700132727
0.230709835785263939 -0.949933723523707529 0.443172578149484575
0.164613148630589179 -0.949171699743721176 0.442400081957332769
0.108606519487045305 -0.942117188831879337 0.441627480784416215
0.041682611294408478 -0.925566046884194860 0.440854779292107424
-0.012664869943100621 -0.904994667360632388 0.440081982142383921
-0.074648538936128772 -0.872489674167218898 0.439309093997800659
-0.131552373318956695 -0.832214120281228764 0.438536119521461376
-0.174077738750582023 -0.793563548202667723 0.437763063376990780
-0.218322348996651761 -0.742348934176636277 0.436989930228506185
-0.249090467582397446 -0.696748879068555538 0.436216724740589701
-0.278470862847920775 -0.639966423428961928 0.435443451578259699
-0.299756979772214049 -0.582431584262509627 0.434670115406943058
-0.311639844306812130 -0.534934308497492905 0.433896720892446575
-0.319477093256532341 -0.479499889879263952 0.433123272700929207
-0.321232077554527262 -0.435239170460866298 0.432349775498873712
-0.318403825070220914 -0.385037888636602488 0.431576233953058608
-0.311071495763554917 -0.338429748137253461 0.430802652730529700
-0.302164354703312377 -0.302510198315512790 0.430029036498572770
-0.288829066598007111 -0.262976918375091795 0.429255389924684039
-0.276007729134552349 -0.232974994452960826 0.428481717676543417
-0.259123440487202872 -0.200384009706607358 0.427708024421985300
-0.241113007055758499 -0.171323369876633602 0.426934314828971262
-0.225568721749454193 -0.149629607153405564 0.426160593565560908
-0.206589777624145571 -0.126399243601537703 0.425386865299884787
-0.190703093542053309 -0.109194240495164935 0.424613134700115247
-0.171757226865155432 -0.090904091831338560 0.423839406434439070
-0.153111397046848785 -0.074944400483070814 0.423065685171028827
-0.137902435021281827 -0.063251947028409194 0.422291975578014622
-0.120135205529187314 -0.050956998195904941 0.421518282323456672
-0.105782284404269261 -0.042018477057710862 0.420744610075315939
-0.089146826877031862 -0.032698393326046758 0.419970963501427319
-0.073183445949419820 -0.024751725217622839 0.419197347269470222
-0.060407173874239488 -0.019067656697662874 0.418423766046941481
-0.045713354839151780 -0.013253042422212258 0.417650224501126266
-0.033998818663830539 -0.009161790878322522 0.416876727299070882
-0.020570860853603528 -0.005060908967139767 0.416103279107553403
-0.007817486787504791 -0.001748239500188215 0.415329884593057030
0.002306699013027134 0.000474490728722117 0.414556548421740223
0.013867478714261383 0.002565114509490902 0.413783275259410332
0.023024904577685457 0.003875046626417809 0.413010069771493848
0.033460084666752772 0.004983439143265461 0.412236936623009365
0.043311342007872483 0.005639881515464497 0.411463880478538657
0.051090054451267117 0.005878505010085452 0.410690906002199319
0.059925903728949292 0.005834274462862318 0.409918017857616057
0.066887539081526073 0.005549816412910757 0.409145220707892665
0.074776815038879785 0.004943387314298973 0.408372519215583762
0.082177178581357202 0.004079187413162363 0.407599918042667209
0.087983842066295864 0.003183811411823813 0.406827421850515403
0.094534488349555412 0.001922602959154883 0.406055035299867251
0.099656743820727950 0.000732703610332376 0.405282763050800465
0.105412985589268191 -0.000842407048661606 0.404510609762702811
0.110757090847690545 -0.002558844785545938 0.403738580094244404
0.114905618599985174 -0.004083669919736306 0.402966678703349568
0.119529132897122831 -0.006011983722409582 0.402194910247168913
0.123094652785635583 -0.007690288595647250 0.401423279382050524
0.127038145159524718 -0.009777243652133207 0.400651790763512761
0.130625937392156166 -0.011931022676469373 0.399880449046215336
0.133351086931613572 -0.013767753382019479 0.399109258883932283
0.136311473834056451 -0.016011876926098824 0.398338224929522700
0.138525989574814656 -0.017907770456121262 0.397567351834903382
0.140887151092909918 -0.020204626772794589 0.396796644251020736
0.142931859312503212 -0.022515736878173709 0.396026106827822577
0.144398789865355731 -0.024445583981643176 0.395255744214229765
0.145879927220888994 -0.026758056563280411 0.394485561058108725
0.146885308704922890 -0.028676202917919891 0.393715562006243303
0.147821462245392249 -0.030959653143027725 0.392945751704306401
0.148379469115515916 -0.032841380646326461 0.392176134796831943
0.148786169066753821 -0.035066672822947377 0.391406715927187232
0.148909648167446701 -0.037248178473986517 0.390637499737544969
0.148798681802086469 -0.039026523446512404 0.389868490868854556
0.148411565760644293 -0.041105652748499047 0.389099693960814785
0.147879237533832475 -0.042786665452321918 0.388331113651845694
0.146990949328820120 -0.044734384945987332 0.387562754579060531
0.146044341782832737 -0.046293508966506754 0.386794621378237391
0.144662551703701403 -0.048079774117157512 0.386026718683791847
0.143014304046503560 -0.049764775678827061 0.385259051128749030
0.141438445683269631 -0.051084594319838417 0.384491623344714872
0.139305988263004471 -0.052558462851858292 0.383724439961849018
0.137328749693699570 -0.053688020140695084 0.382957505608836291
0.134717056963524873 -0.054915716761329732 0.382190824912859439
0.132342417628408010 -0.055824664376028579 0.381424402499570547
0.129256193754492876 -0.056768256696545304 0.380658242993063167
0.126488121866439596 -0.057423615889451878 0.379892351015845064
0.122932333608716610 -0.058041751288278570 0.379126731188809796
0.119122799771950283 -0.058463544481862362 0.378361388131208842
0.115755758869886927 -0.058654850562133723 0.377596326460623632
0.111486325146070486 -0.058679324657242050 0.376831550792938397
0.107739386291266559 -0.058518224272244346 0.376067065742311524
0.103018743337584831 -0.058092954163042054 0.375302875921148027
0.098900293950321350 -0.057533628413199575 0.374538985940071401
0.093740148679736540 -0.056600954818874130 0.373775400407896752
0.089261542342875422 -0.055593037047675792 0.373012123931601880
0.083677756003049109 -0.054089639685026329 0.372249161116299909
0.078854347964567445 -0.052577895617556686 0.371486516565211977
0.072868291657642928 -0.050434464530426056 0.370724194879638425
0.067720668925866367 -0.048358575478361095 0.369962200658932039
0.061360827969797319 -0.045499635784057774 0.369200538500469633
0.055916258584410003 -0.042794138102647303 0.368439212999625065
0.049220112238936256 -0.039138101371378860 0.367678228749740488
0.043514232234053957 -0.035732551609606311 0.366917590342099198
0.036530424953225546 -0.031192087986133425 0.366157302365898329
0.030609169912793440 -0.027011541645802193 0.365397369408220485
0.023399972184351164 -0.021494390071162182 0.364637796054006091
0.017321741043062826 -0.016460301791736871 0.363878586886026256
0.009965769061260224 -0.009870659696772886 0.363119746484854844
0.003803778514099930 -0.003902332310056576 0.362361279428840721
-0.003601100528916156 0.003857011843291227 0.361603190294080168
-0.009756354746646451 0.010840285858169886 0.360845483654389343
-0.017090064111180896 0.019864898652059485 0.360088164081276974
-0.023128379839140321 0.027940852207713855 0.359331236143916044
-0.030245831770754586 0.038320500628255108 0.358574704409116762
-0.036035120463875393 0.047559920668050558 0.357818573441299359
-0.042763878468413043 0.059373161156928901 0.357062847802465555
-0.048148533097883577 0.069834822084786224 0.356307532052171694
-0.054287354732077506 0.083142239319349470 0.355552630747501208
-0.059087560268583979 0.094866704060008675 0.354798148443037253
-0.064406349273896546 0.109702819661382234 0.354044089690834618
-0.068418818628357483 0.122705192575555774 0.353290459040392801
-0.072660607723816703 0.139069243896173228 0.352537261038628369
-0.075661285299569309 0.153331139644878101 0.351784500229847863
-0.078546910775057377 0.171177180742583895 0.351032181155719714
-0.080296183930971377 0.186638411490614747 0.350280308355247205
-0.081395043537332276 0.202611734489647255 0.349528886364741498
-0.081783112767933111 0.222416265738127755 0.348777919717793483
-0.081271773272281578 0.239411028662596226 0.348027412945247028
-0.079583015350446373 0.260334489500653410 0.347277370575171052
-0.077224688873223576 0.278158279885035775 0.346527797132833160
-0.073187809797812226 0.299933987057651286 0.345778697140671221
-0.068771112402516835 0.318334854516846955 0.345030075118266999
-0.063359743621037648 0.336899202875091397 0.344281935582318011
-0.055511330819297044 0.359295203718686396 0.343534283046611377
-0.047814483500669830 0.377971385990040876 0.342787122021995572
-0.037166284303648267 0.400282421175550573 0.342040457016353661
-0.027106532053538468 0.418696808441702872 0.341294292534576271
-0.013611881620501864 0.440456709961074833 0.340548633078533836
-0.001191493379343794 0.458210745246440621 0.339803483147050112
0.012277634826828171 0.475531092096549257 0.339058847235874428
0.029786458855980635 0.495627672521716245 0.338314729837655315
0.045456495582371248 0.511708511809541244 0.337571135441912362
0.062060510120651446 0.527102915651731285 0.336828068535010128
0.083144310301034946 0.544570687217906801 0.336085533600130215
0.101610081445162759 0.558213232573443463 0.335343535117245406
0.124745258789573599 0.573401204419372590 0.334602077563091016
0.144754112671566404 0.585013383775247364 0.333861165411139194
0.165345367155690426 0.595631384016570786 0.333120803131571552
0.190712497302173628 0.607014125431527773 0.332380995191252027
0.212304994559487870 0.615338681678289423 0.331641746053699893
0.234222545398872134 0.622590852608329470 0.330903060179063069
0.260838449067431588 0.629868107265498467 0.330164942024091357
0.283187234063748017 0.634746063287750184 0.329427396042108855
0.305607047683043642 0.638554886788175735 0.328690426682987813
0.332500431408184638 0.641737132457354420 0.327954038393121539
0.354820739852699574 0.643258670289985290 0.327218235615397535
0.376988541482092820 0.643782907405880844 0.326483022789170574
0.403303592333484340 0.643142764947313150 0.325748404350236054
0.424929549788654493 0.641595791008310767 0.325014384730803463
0.446226856270880767 0.639171156343397717 0.324280968359469235
0.471288040602800717 0.635164598525373547 0.323548159661190049
0.491714359517506860 0.630965067232632348 0.322815963057256461
0.511689139785840519 0.626032897265325960 0.322084382965266092
0.535024084058016824 0.619213855011340852 0.321353423799096927
0.553914381098468689 0.612836518275911679 0.320623089968880448
0.572280569642513171 0.605877583394428099 0.319893385880975489
0.590109067121524777 0.598383117780618257 0.319164315937941478
0.610780001228729663 0.588746040203753207 0.318435884538511682
0.627396067388075185 0.580229638357317556 0.317708096077566726
0.643454992645513091 0.571316368861570556 0.316980954946108506
0.661990811373253107 0.560152578435467285 0.316254465531233042
0.676828374905256158 0.550503872152977469 0.315528632216104443
0.691117881961494263 0.540579149424409544 0.314803459379928152
0.704866460385793370 0.530412049955053755 0.314078951397925132
0.720663075677083542 0.517935994604533656 0.313355112641304667
0.733254095608349310 0.507344220597015227 0.312631947477238548
0.745336401276028959 0.496604343643926249 0.311909460268834315
0.756922195458140989 0.485741768538150542 0.311187655375109562
0.768024367848270662 0.474780065703605814 0.310466537150965005
0.780727511351251735 0.461525758789178508 0.309746109947158288
0.790813467717269569 0.450420368870072696 0.309026378110278277
0.800459901097102744 0.439279815901600978 0.308307345982718140
0.809681027508474482 0.428120803181074594 0.307589017902649531
0.820205031331173506 0.414727047060177156 0.306871398203996282
0.828540557903370112 0.403579352147743819 0.306154491216408586
0.836496098677739330 0.392457527796273187 0.305438301265236245
0.844085516149219117 0.381372876425951746 0.304722832671503130
0.851322439907515216 0.370335621852908470 0.304008089751880761
0.858220228447249767 0.359354982946142987 0.303294076818662772
0.866068277127356012 0.346264551040842750 0.302580798179738097
0.872265466589726923 0.335436408285502585 0.301868258138565604
0.878164127470153932 0.324688421546947048 0.301156460994148056
0.883776213342987726 0.314026311559746529 0.300445411041005861
0.889113307979198852 0.303455118293414094 0.299735112569151418
0.894186620026283352 0.292979252012763758 0.299025569864063145
0.899941625167807513 0.280539395956515336 0.298316787206659995
0.904472210073511307 0.270285970593058145 0.297608768873274754
0.908772347141978187 0.260138288666434681 0.296901519135629122
0.912851670265047987 0.250098600267326776 0.296195042260807340
0.916719448715560437 0.240168740890717963 0.295489342511231157
0.920384593830432363 0.230350164483308278 0.294784424144633184
0.923855666557017452 0.220643974228602519 0.294080291414031747
0.927140885670660442 0.211050951268521858 0.293376948567705464
0.930248136503144085 0.201571581494639551 0.292674399849167044
0.933184980044485468 0.192206080570633653 0.291972649497137970
0.936494435441269535 0.181117726357413300 0.291271701745522582
0.939081459499616855 0.172002311823028664 0.290571560823383868
0.941520201850047478 0.162999903162145132 0.289872230954915933
0.943816964931626923 0.154109819499519130 0.289173716359419908
0.945977776513454049 0.145331216025606058 0.288476021251277581
0.948008399215994002 0.136663100624951628 0.287779149839927695
0.949914339926663853 0.128104349438596832 0.287083106329838189
0.951700859077650563 0.119653721474263619 0.286387894920482278
0.953372979771326845 0.111309872276937560 0.285693519806313190
0.954935496733754663 0.103071366753030413 0.284999985176738024
0.956392985086733760 0.094936691160275921 0.284307295216093381
0.957749808927633839 0.086904264342519189 0.283615454103619102
0.959010129711908688 0.078972448221857172 0.282924466013434350
0.960177914432573276 0.071139557603564219 0.282234335114511015
0.961256943594738456 0.063403869305115490 0.281545065570649733
0.962250818981022160 0.055763630691816002 0.280856661540454244
0.963162971209917007 0.048217067597401964 0.280169127177306077
0.963996667085414316 0.040762391691648581 0.279482466629339732
0.964755016739584748 0.033397807317066874 0.278796684039418097
0.965440980568798457 0.026121517826933893 0.278111783545106850
0.966057375966949294 0.018931731446268585 0.277427769278649428
0.966606883856919286 0.011826666690868126 0.276744645366942488
0.967092055024630026 0.004804557364699813 0.276062415931510929
0.967515316257620217 -0.002136342846677852 0.275381085088483135
0.967878976293034876 -0.008997756138281465 0.274700656948565658
0.968185231578394534 -0.015781376714361972 0.274021135617018741
0.968390312135685494 -0.021153380870012339 0.273342525193631669
0.968598436745617963 -0.027801141178592892 0.272664829772698014
0.968754756073924472 -0.034375674559211866 0.271988053442990652
0.968861089233430284 -0.040878539002159098 0.271312200287737060
0.968919168228740357 -0.047311250135904759 0.270637274384595228
0.968930642717332091 -0.053675278992166842 0.269963279805628786
0.968897084611958559 -0.059972050023674339 0.269290220617281972
0.968819992530455254 -0.066202939340386791 0.268618100880355593
0.968700796093333816 -0.072369273187691929 0.267946924649982543
0.968576043013582577 -0.077256718894789467 0.267276695975603384
0.968384456961429829 -0.083310030843229077 0.266607418900941251
0.968154437225462239 -0.089302224933348107 0.265939097463978480
0.967887187892316980 -0.095234427525718646 0.265271735696931188
0.967583862690048258 -0.101107710600762624 0.264605337626225900
0.967245568465499472 -0.106923091434179940 0.263939907272474572
0.966950471314232174 -0.111534355069916657 0.263275448650450827
0.966551885179273151 -0.117247900344006006 0.262611965769065092
0.966121207706973406 -0.122906100307669686 0.261949462631341390
0.965659396894469557 -0.128509764911538538 0.261287943234391862
0.965167378629614214 -0.134059650693803489 0.260627411569394229
0.964752617982589822 -0.138461313445808420 0.259967871621566038
0.964208467147581683 -0.143916137093461960 0.259309327370142229
0.963636552607205266 -0.149319024932973776 0.258651782788349882
0.963037701233441901 -0.154670540999433948 0.257995241843384959
0.962539767998229823 -0.158915115250261640 0.257339708496387765
0.961894449143677277 -0.164175435275483284 0.256685186702419799
0.961224404494948392 -0.169385720301206022 0.256031680410439610
0.960530391858049670 -0.174546367953713644 0.255379193563278428
0.959958424858853299 -0.178639390103520979 0.254727730097616900
0.959223134577371517 -0.183711573324852329 0.254077293943961557
0.958465925856368584 -0.188735040049439251 0.253427889026620723
0.957844854769850818 -0.192718919409246348 0.252779519263680752
0.957049973869963821 -0.197655357251376285 0.252132188566982385
0.956235135393417757 -0.202543768677188873 0.251485900842097765
0.955569353632037211 -0.206420056730187707 0.250840659988306292
0.954720303524576375 -0.211222524393199829 0.250196469898570972
0.953853182073814532 -0.215977498482147479 0.249553334459515330
0.953146915143428863 -0.219747394710302690 0.248911257551399867
0.952248914135085167 -0.224417296007627998 0.248270243048098749
0.951334657878807777 -0.229040155928369404 0.247630294817075935
0.950591973544079538 -0.232704679009712700 0.246991416719362256
0.949650041798928757 -0.237243259702934972 0.246353612609532258
0.948693597233461805 -0.241735244551214978 0.245716886335680784
0.947918397792885337 -0.245295397579693708 0.245081241739399380
0.946937341730002213 -0.249703946037776014 0.244446682655753811
0.946143214876354555 -0.253197589417707591 0.243813212913260191
0.945139433802187345 -0.257523320269078038 0.243180836333862671
0.944123816422048012 -0.261803340364324955 0.242549556732909621
0.943303168171057416 -0.265194602397617551 0.241919377919131262
0.942267613627211453 -0.269392949530541548 0.241290303694616182
0.941431699805291511 -0.272719211859442479 0.240662337854788411
0.940377896258661528 -0.276836763853506529 0.240035484188385162
0.939528032567513716 -0.280098777519153352 0.239409746477433349
0.938457579721404533 -0.284136535908078525 0.238785128497226773
0.937595008959690945 -0.287335153429657375 0.238161634016303414
0.936509412897318372 -0.291294248744815631 0.237539266796423398
0.935635301250020368 -0.294430426436403603 0.236918030592545070
0.934535970408900685 -0.298312118642795221 0.236297929152803232
0.933651404580685740 -0.301386915627621488 0.235678966218485830
0.932539646658216426 -0.305192591307733962 0.235061145524012804
0.931645631910145933 -0.308207165754982582 0.234444470796911636
0.930522651978574089 -0.311938331915950218 0.233828945757796114
0.929620110990244441 -0.314893935273501402 0.233214574120343354
0.928487010595681950 -0.318552211066471469 0.232601359591271956
0.927576783173062580 -0.321450180617351311 0.231989305870319185
0.926434560423506803 -0.325037287347542947 0.231378416650218466
0.925517403910359082 -0.327879037781018290 0.230768695616677788
0.924597389558149851 -0.330696274238727883 0.230160146448356639
0.923443544746773703 -0.334183802207232927 0.229552772816844636
0.922517551951225534 -0.336946981086931330 0.228946578386638622
0.921356596666623284 -0.340367907617914245 0.228341566815121244
0.920425186845564403 -0.343078593711361235 0.227737741752538220
0.919491529582939116 -0.345766463980279215 0.227135106841976964
0.918321432881924027 -0.349094706837544899 0.226533665719343968
0.917383035430807459 -0.351732420623354913 0.225933422013343488
0.916442657393428783 -0.354348372711664916 0.225334379345455083
0.915264504167709769 -0.357588211976196335 0.224736541329912165
0.914319913045161581 -0.360156405824780645 0.224139911573680239
0.913373544225977829 -0.362703912408203932 0.223544493676434614
0.912188159736852189 -0.365859710459860488 0.222950291230539055
0.911237967734118248 -0.368361885719062865 0.222357307821024419
0.910286143283690174 -0.370844452997077134 0.221765547025566445
0.909332720678178275 -0.373307742754563243 0.221175012414464467
0.908138740101170905 -0.376360246600341841 0.220585707550619681
0.907181824523633606 -0.378781360549459656 0.219997635989513968
0.906223393140041633 -0.381184256427506085 0.219410801279188383
0.905263463492882670 -0.383569253605554050 0.218825206960221313
0.904061466278615944 -0.386525809794308006 0.218240856565707519
0.903098214354762785 -0.388871680052725599 0.217657753621236849
0.902133501892635192 -0.391200657609880709 0.217075901644872893
0.901167336014294440 -0.393513039808607967 0.216495304147131529
0.899957593442962223 -0.396380622145832806 0.215915964630959911
0.898988176948676276 -0.398656715321811850 0.215337886591715516
0.898017322902822102 -0.400917128698226988 0.214761073517145018
0.897045035624628007 -0.403162125942512495 0.214185528887362697
0.896071319986393000 -0.405391961115547816 0.213611256174830066
0.895096181892297338 -0.407606878053146715 0.213038258844334860
0.893875270422482604 -0.410354899375920790 0.212466540352969940
0.892896961989774640 -0.412537084869036674 0.211896104150112174
0.891917263210513900 -0.414705066986705839 0.211326953677402479
0.890936189714911952 -0.416859039817493560 0.210759092368723977
0.889953760655265880 -0.418999184441372574 0.210192523650182150
0.888969999152044332 -0.421125668526285135 0.209627250940083665
0.887984932730055965 -0.423238645961872717 0.209063277648916135
0.886998593724531936 -0.425338256567691031 0.208500607179326947
0.886011019670275735 -0.427424625849169793 0.207939242926103607
0.885022253663044656 -0.429497864817601882 0.207379188276152232
0.884032344687208704 -0.431558069884418360 0.206820446608478120
0.883041347912435715 -0.433605322820032502 0.206263021294164489
0.881801166720634688 -0.436146275995638988 0.205706915696352854
0.880807957831404531 -0.438164610149206157 0.205152133170222351
0.879813885994018330 -0.440170157768097092 0.204598677062969414
0.878819035031266016 -0.442162939730833815 0.204046550713787689
0.877823495818154331 -0.444142963331489227 0.203495757453848236
0.876827366298839284 -0.446110222726892103 0.202946300606278940
0.876079944658680665 -0.447577280120004306 0.202398183486144662
0.875083038882925379 -0.449522150506509122 0.201851409400427062
0.874085848101118223 -0.451454177462047135 0.201305981648004950
0.873088495993348257 -0.453373311199579299 0.200761903519634410
0.872091112652795708 -0.455279491958024973 0.200219178297928596
0.871093834280915580 -0.457172650884789256 0.199677809257337857
0.870096802850940820 -0.459052710940101139 0.199137799664130727
0.869100165697813010 -0.460919587893166172 0.198599152776373439
0.868104075076064685 -0.462773191335567990 0.198061871843910497
0.867108687663132871 -0.464613425748838182 0.197525960108345194
0.866114164020927668 -0.466440191601320053 0.196991420803020012
0.865120668016055472 -0.468253386473776123 0.196458257152997223
0.864376320515022556 -0.469604314035288795 0.195926472375038851
0.863385024928428280 -0.471393508601851030 0.195396069677588241
0.862395219564227267 -0.473168844915127729 0.194867052260749796
0.861407075005013567 -0.474930219864284464 0.194339423316269994
0.860420762004400208 -0.476677532836258577 0.193813186027518514
0.859682331646607345 -0.477978730867745505 0.193288343569468529
0.858699632713451289 -0.479701204700928252 0.192764899108677640
0.857719229965956842 -0.481409361585309614 0.192242855803268775
0.856741288447696370 -0.483103119734174746 0.191722216802911405
0.855765970007748233 -0.484782404693983537 0.191202985248802360
0.855036297768375420 -0.486032330198342466 0.190685164273646623
0.854065947136944281 -0.487686133051299597 0.190168757001638655
0.853098642731323076 -0.489325302627498515 0.189653766548444014
0.852134528574853611 -0.490949799137463616 0.189140196021179541
0.851413619730516658 -0.492158524469395675 0.188628048518395514
0.850455416197261949 -0.493757280190493253 0.188117327130056300
0.849500765581850725 -0.495341310676386315 0.187608034937522289
0.848787180672236685 -0.496519671537759111 0.187100175013531100
0.847839027540284063 -0.498077947812673838 0.186593750422178684
0.846894733356607476 -0.499621537187022791 0.186088764218901248
0.846189103059766357 -0.500769612930853314 0.185585219450456806
0.845251787099732255 -0.502287597682450349 0.185083119154906633
0.844318572140137391 -0.503791028571305088 0.184582466361596864
0.843621395387270434 -0.504909093552509902 0.184083264091140619
0.842695523026759874 -0.506387235624665921 0.183585515355399187
0.842003921389700150 -0.507486434796780905 0.183089223157464454
0.841085560453623149 -0.508939573736485462 0.182594390491640279
0.840171548539189406 -0.510378577783446641 0.182101020343424957
0.839488911945345695 -0.511448629650244291 0.181609115689492451
0.838582577207024893 -0.512863205195725702 0.181118679497675406
0.837905719429056672 -0.513915095222708618 0.180629714726946222
0.837007105311862842 -0.515305681950709249 0.180142224327400208
0.836336041384707962 -0.516339759854109404 0.179656211240236729
0.835445145083796636 -0.517706849291248550 0.179171678397742395
0.834779856191113279 -0.518723501664342557 0.178688628723273041
0.833896631037633007 -0.520067631689849930 0.178207065131235742
0.833237066513155433 -0.521067277698697318 0.177726990527071554
0.832361424889698887 -0.522389026612635643 0.177248407807238162
0.831707504574947576 -0.523372113425576324 0.176771319859192089
0.830839321269676967 -0.524672093720402244 0.176295729561371350
0.830190938166650794 -0.525639091766250122 0.175821639783178052
0.829544889355125603 -0.526599343377698315 0.175349053384961262
0.828687077222785895 -0.527869341892359123 0.174877973217999694
0.828046371962144812 -0.528814207571028594 0.174408402124484219
0.827195580843544720 -0.530064027967073859 0.173940342937500991
0.826560059274963899 -0.530994014590545405 0.173473798481014518
0.825926706185995507 -0.531917781507535326 0.173008771569850284
0.825085550523637856 -0.533139959337054492 0.172545265009677762
0.824457125194342666 -0.534049582096766673 0.172083281596993737
0.823830752963639168 -0.534953301074306165 0.171622824119105372
0.822998720697075248 -0.536149239445804615 0.171163895354113277
0.822376996419295958 -0.537039550046504277 0.170706498070894802
0.821757201669374160 -0.537924270460429454 0.170250635029087161
0.820933744334612081 -0.539095362197599459 0.169796308979071303
0.820318303364084844 -0.539967398511145613 0.169343522661954737
0.819704664214529144 -0.540834150784122558 0.168892278809555235
0.818889214940300647 -0.541981755688548672 0.168442580144384513
0.818279630393747182 -0.542836525161515704 0.167994429379631272
0.817671719783528594 -0.543686304589015790 0.167547829219145628
0.817065445285417025 -0.544531179150599565 0.167102782357422014
0.816460769504421702 -0.545371232438106923 0.166659291479583554
0.815656958394865184 -0.546483945024366369 0.166217359261365216
0.815055870683815797 -0.547313064058315146 0.165776988369098488
0.814456261402805914 -0.548137627683634499 0.165338181459694394
0.813858096139725151 -0.548957711462089826 0.164900941180628258
0.813261341419998063 -0.549773388858199930 0.164465270169923072
0.812665964793264139 -0.550584731159340146 0.164031171056134129
0.811874218998983599 -0.551659896387463822 0.163598646458332858
0.811281938138075587 -0.552461387868516840 0.163167698986090987
0.810690935709242444 -0.553258765158961330 0.162738331239465017
0.810101184682718523 -0.554052089243169843 0.162310545808980133
0.809512659486855690 -0.554841418558286836 0.161884345275615377
0.808925336084202806 -0.555626808934806538 0.161459732210787160
0.808339192043415977 -0.556408313543105493 0.161036709176334170
0.807754206601560720 -0.557185982852923534 0.160615278724501848
0.807170360731546799 -0.557959864587004306 0.160195443397927406
0.806587637201216734 -0.558730003685846799 0.159777205729623673
0.806006020629804976 -0.559496442276192441 0.159360568242964351
0.805425497540184887 -0.560259219645380613 0.158945533451668869
0.804846056408225374 -0.561018372219344363 0.158532103859786916
0.804267687705574441 -0.561773933549398974 0.158120281961683429
0.803690383941607411 -0.562525934299953900 0.157710070242023437
0.803114139699318219 -0.563274402244074768 0.157301471175757601
0.802538951661950550 -0.564019362270206215 0.156894487228106394
0.801964818643932764 -0.564760836383743858 0.156489120854546221
0.801391741607090591 -0.565498843726301659 0.156085374500793544
0.800819723677717921 -0.566233400593970870 0.155683250602791229
0.800248770158585421 -0.566964520460888188 0.155282751586692802
0.799678888526798914 -0.567692214020090513 0.154883879868848662
0.799110088440106336 -0.568416489213189990 0.154486637855791142
0.798542381720462657 -0.569137351287134496 0.154091027944219749
0.798164524815881848 -0.569616031214672414 0.153697052520987060
0.797598672494334360 -0.570331209246887960 0.153304713963084344
0.797033955548230200 -0.571042975366458982 0.152914014637626994
0.796470393584843173 -0.571751325422140799 0.152524956901840314
0.795908008261083211 -0.572456252866036852 0.152137543103045308
0.795533750004894014 -0.572924298760860928 0.151751775578644582
0.794973379299768412 -0.573623501058154739 0.151367656656108324
0.794414252651820862 -0.574319252223080001 0.150985188652959929
0.793856398806284558 -0.575011537687412311 0.150604373876762149
0.793299848294799270 -0.575700340934432342 0.150225214625103520
0.792929554551348503 -0.576157599540874310 0.149847713185584097
0.792375248733482085 -0.576840557445285729 0.149471871835801767
0.791822335825403290 -0.577519980424105128 0.149097692843338375
0.791454518977063426 -0.577970954096860279 0.148725178465746399
0.790904009170015354 -0.578644434488650217 0.148354330950535129
0.790354992378423882 -0.579314316532082985 0.147985152535156927
0.789989830279683281 -0.579758892668159165 0.147617645446993906
0.789443390996855343 -0.580422719122856590 0.147251811903344576
0.788898553442445971 -0.581082875661231402 0.146887654111410415
0.788536239231207636 -0.581520927192217485 0.146525174268282266
0.787994166162738208 -0.582174903836983448 0.146164374560927651
0.787453809959488327 -0.582825133612944746 0.145805257166176955
0.787094548185997445 -0.583256523900127499 0.145447824250710761
0.786557152200923482 -0.583900442880979198 0.145092077971046479
0.786199905445006286 -0.584327598308125751 0.144738020473525603
0.785665594641460241 -0.584965123480427174 0.144385653894300470
0.785310446563386666 -0.585387988769130008 0.144034980359321579
0.784779346680296364 -0.586019037624638583 0.143686001984324796
0.784426381107916071 -0.586437558224337074 0.143338720874818359
0.783898617608855375 -0.587062049927949414 0.142993139126070229
0.783547917836140084 -0.587476172785558859 0.142649258823095815
0.783023614853500805 -0.588094029319389922 0.142307082040644906
0.782675262934679261 -0.588503703634805975 0.141966610843189456
0.782154542229640981 -0.589114850896367837 0.141627847284910818
0.781808618298390878 -0.589520028831398202 0.141290793409687837
0.781291598246468655 -0.590124397676421664 0.140955451251084163
0.780948179852631763 -0.590525035027106071 0.140621822832335985
0.780434974471479359 -0.591122562240541050 0.140289910166339848
0.780094135947680511 -0.591518619060305895 0.139959715255640799
0.779754349350462173 -0.591912833545146455 0.139631240092419895
0.779246665850436337 -0.592500689405377146 0.139304486658482385
0.778909556668014202 -0.592890275643867870 0.138979456925245687
0.778573536726786308 -0.593278002542456440 0.138656152853727538
0.778071570879867558 -0.593856097888935008 0.138334576394534364
0.777738316986746669 -0.594239159579634468 0.138014729487848986
0.777406185819755624 -0.594620349456527197 0.137696614063419348
0.776910113335983477 -0.595188618865928332 0.137380232040546862
0.776580826701446680 -0.595565118369254742 0.137065585328074641
0.776252692007765255 -0.595939738467136215 0.136752675824376058
0.775925716768438911 -0.596312477921868034 0.136441505417343317
0.775437443368784285 -0.596868059238994109 0.136132075984376016
0.775113397094587597 -0.597236094460837696 0.135824389392369904
0.774790533504315926 -0.597602248061970376 0.135518447497705474
0.774468858344713018 -0.597966520723037576 0.135214252146237057
0.774148376956974138 -0.598328913555953412 0.134911805173281107
0.773669903880817023 -0.598868981615427343 0.134611108403605934
0.773352427621357030 -0.599226682552485568 0.134312163651419847
0.773036160620601098 -0.599582510918208911 0.134014972720361059
0.772721106385659828 -0.599936469735840361 0.133719537403486022
0.772407268013500126 -0.600288562447649277 0.133425859483258913
0.772094648197278577 -0.600638792905015761 0.133133940731541361
0.771783249222513623 -0.600987165369652909 0.132843782909580932
0.771318443853993285 -0.601506250633930928 0.132555387768000910
0.771010104361690041 -0.601849999370139943 0.132268757046789781
0.770702990572332824 -0.602191908142625354 0.131983892475290826
0.770397102996095207 -0.602531982961868828 0.131700795772191348
0.770092441755988455 -0.602870230211740799 0.131419468645512461
0.769789006599588488 -0.603206656634735827 0.131139912792598762
0.769486796901262982 -0.603541269327062979 0.130862129900108481
0.769185811672389530 -0.603874075725568282 0.130586121644002573
0.768886049564003526 -0.604205083602654680 0.130311889689535138
0.768587508876577674 -0.604534301053830769 0.130039435691243210
0.768290187565738414 -0.604861736489561652 0.129768761292936907
0.767994083253233706 -0.605187398621783390 0.129499868127689266
0.767699193230873433 -0.605511296457809323 0.129232757817826449
0.767405514471857897 -0.605833439286610043 0.128967431974918306
0.767259128283592440 -0.605993855552204641 0.128703892199768077
0.766967260060785194 -0.606313383884870438 0.128442140082403289
0.766676594187420291 -0.606631181604632364 0.128182177202065650
0.766387126581454803 -0.606947258910413678 0.127924005127202034
0.766098852882844517 -0.607261626233249641 0.127667625415454483
0.765811768458069309 -0.607574294230068923 0.127413039613651358
0.765525868407796684 -0.607885273774507517 0.127160249257797620
0.765383360924457135 -0.608040133828750773 0.126909255873065646
0.765099227702604301 -0.608348601517964660 0.126660060973786071
0.764816265521507832 -0.608655408798549957 0.126412666063438650
0.764534468631564934 -0.608960567210299564 0.126167072634643274
0.764253831061347810 -0.609264088459260167 0.125923282169150691
0.764113945095940661 -0.609415238849442265 0.125681296137833798
0.763835034839526195 -0.609716326647929852 0.125441116000678810
0.763557268052240223 -0.610015807220061546 0.125202743206776296
0.763280638045874982 -0.610313692785440343 0.124966179194312452
0.763142747195373117 -0.610462041292887170 0.124731425390560466
0.762867809418840359 -0.610757557529156170 0.124498483211871971
0.762593990912639352 -0.611051509832536310 0.124267354063668414
0.762457499108342929 -0.611197903451086377 0.124038039340432532
0.762185345761991706 -0.611489533551078046 0.123810540425700069
0.761914293132780696 -0.611779631446603966 0.123584858692051325
0.761779177191106660 -0.611924109828453355 0.123360995501102993
0.761509761181857647 -0.612211933526613628 0.123138952203499741
0.761375459139750688 -0.612355282083215657 0.122918730138906251
0.761107661986063611 -0.612640860739956161 0.122700330635999083
0.760840933985096224 -0.612924959007414283 0.122483755012458659
0.760707968353840247 -0.613066457092181327 0.122269004574961190
0.760442828643983715 -0.613348359381738151 0.122056080619171087
0.760310652469529114 -0.613488766882902770 0.121844984429732739
0.760047082189159617 -0.613768502861091303 0.121635717280263234
0.759915685946779385 -0.613907834650394002 0.121428280433344166
0.759653665870839268 -0.614185434124923657 0.121222675140514505
0.759523039863617910 -0.614323705134900977 0.121018902642262602
0.759262550435476302 -0.614599198022159676 0.120816964168019139
0.759132684806708591 -0.614736423233562368 0.120616860936149317
0.759003070419419945 -0.614873303182823627 0.120418594153945749
0.758744590900209293 -0.615146033970928485 0.120222165017621091
0.758615723517404472 -0.615281888153824674 0.120027574712300855
0.758358727845161007 -0.615552582459337638 0.119834824412016289
0.758230597276917107 -0.615687425929086651 0.119643915279697144
0.758102710028785820 -0.615821935840619172 0.119454848467164781
0.757847660881638019 -0.616089961691479671 0.119267625115125314
0.757720496670020061 -0.616223480978682070 0.119082246353162544
0.757466883154563453 -0.616489540650015377 0.118898713299731174
0.757340431513122025 -0.616622084382371982 0.118717027062150135
0.757214215050852513 -0.616754306277679909 0.118537188736595883
0.757088232589157140 -0.616886208009583381 0.118359199408095833
0.756836964938392143 -0.617149057671821821 0.118183060150521657
0.756711677374348968 -0.617280008946697878 0.118008772026582914
0.756586619063554067 -0.617410646744612546 0.117836336087820667
0.756461788808729829 -0.617540972737422145 0.117665753374601195
0.756212807676501786 -0.617800695976200354 0.117497024916109374
0.756088654390549397 -0.617930096559540898 0.117330151730342946
0.755964724350326356 -0.618059192005687486 0.117165134824105996
0.755841016345888295 -0.618187983978828681 0.117001975193003135
0.755717529163539847 -0.618316474143097539 0.116840673821433358
0.755471212401573222 -0.618572555688967851 0.116681231682584041
0.755348380382580453 -0.618700150390398163 0.116523649738425272
0.755225764309976788 -0.618827449919379546 0.116367928939703880
0.755103362957272983 -0.618954455932577807 0.116214070225937813
0.754981175097969803 -0.619081170082710130 0.116062074525410328
0.754859199499895439 -0.619207594024154928 0.115911942755164490
0.754737434936513019 -0.619333729401767563 0.115763675820997711
0.754615880170658726 -0.619459577866952715 0.115617274617456051
0.754494533968385839 -0.619585141064037170 0.115472740027829104
0.754373395092231891 -0.619710420636884196 0.115330072924144461
0.754252462303051763 -0.619835418227109747 0.115189274167162514
0.754131734361305650 -0.619960135472784946 0.115050344606371285
0.754011210026209522 -0.620084574009435618 0.114913285079981331
0.753890888053476815 -0.620208735471988071 0.114778096414920497
0.753770767198469027 -0.620332621491952674 0.114644779426829185
0.753650846216382009 -0.620456233697127990 0.114513334920055415
0.753531123859824126 -0.620579573713993415 0.114383763687649603
0.753411598882901545 -0.620702643163714263 0.114256066511360263
0.753292270035744838 -0.620825443667545218 0.114130244161628980
0.753173136070650839 -0.620947976840784399 0.114006297397585929
0.753054195736951426 -0.621070244297844409 0.113884226967045130
0.752935447784219392 -0.621192247649093643 0.113764033606500142
0.752816890963123320 -0.621313988500029390 0.113645718041119337
0.752816890963123320 -0.621313988500029390 0.113529280984741868
0.752698524021362059 -0.621435468455313944 0.113414723139873122
0.752580345709495502 -0.621556689113026639 0.113302045197680529
0.752462354777164499 -0.621677652068386544 0.113191247837989437
0.752344549972519760 -0.621798358914351423 0.113082331729278909
0.752344549972519760 -0.621798358914351423 0.112975297528677909
0.752226930045456488 -0.621918811238425295 0.112870145881961009
0.752109493747441071 -0.622039010622886801 0.112766877423544909
0.751992239827710574 -0.622158958648428628 0.112665492776484119
0.751992239827710574 -0.622158958648428628 0.112565992552467672
0.751875167037573844 -0.622278656890159931 0.112468377351815099
0.751758274131592685 -0.622398106916165372 0.112372647763472971
0.751758274131592685 -0.622398106916165372 0.112278804365011281
0.751641559862667896 -0.622517310292596493 0.112186847722619942
0.751525022984822932 -0.622636268580831320 0.112096778391105545
0.751525022984822932 -0.622636268580831320 0.112008596913887773
0.751408662256045412 -0.622754983334746104 0.111922303822996186
0.751292476433840228 -0.622873456105059620 0.111837899639067123
0.751292476433840228 -0.622873456105059620 0.111755384871340541
0.751176464277730327 -0.622991688436916546 0.111674760017656721
0.751176464277730327 -0.622991688436916546 0.111596025564453569
0.751060624549996447 -0.623109681869186915 0.111519181986763555
0.750944956014759413 -0.623227437935357953 0.111444229748210735
0.750944956014759413 -0.623227437935357953 0.111371169301008127
0.750829457438465409 -0.623344958163094209 0.111300001085954892
0.750829457438465409 -0.623344958163094209 0.111230725532433697
0.750714127589951152 -0.623462244074181493 0.111163343058408165
0.750714127589951152 -0.623462244074181493 0.111097854070420235
0.750714127589951152 -0.623462244074181493 0.111034258963587817
0.750598965242723293 -0.623579297182349723 0.110972558121602394
0.750598965242723293 -0.623579297182349723 0.110912751916726629
0.750483969170502196 -0.623696118997578486 0.110854840709792277
0.750483969170502196 -0.623696118997578486 0.110798824850197819
0.750369138151480652 -0.623812711022015076 0.110744704675906469
0.750369138151480652 -0.623812711022015076 0.110692480513444172
0.750369138151480652 -0.623812711022015076 0.110642152677897440
0.750254470969221932 -0.623929074749113743 0.110593721472911730
0.750254470969221932 -0.623929074749113743 0.110547187190689372
0.750254470969221932 -0.623929074749113743 0.110502550111987896
0.750139966407472158 -0.624045211668636690 0.110459810506118417
0.750139966407472158 -0.624045211668636690 0.110418968630943887
0.750139966407472158 -0.624045211668636690 0.110380024732877557
0.750139966407472158 -0.624045211668636690 0.110342979046881562
0.750025623256765028 -0.624161123260394635 0.110307831796465444
0.750025623256765028 -0.624161123260394635 0.110274583193684828
0.750025623256765028 -0.624161123260394635 0.110243233439140137
0.750025623256765028 -0.624161123260394635 0.110213782721975392
0.749911440310924382 -0.624276810997506315 0.110186231219877029
0.749911440310924382 -0.624276810997506315 0.110160579099072869
0.749911440310924382 -0.624276810997506315 0.110136826514331099
0.749911440310924382 -0.624276810997506315 0.110114973608959388
0.749911440310924382 -0.624276810997506315 0.110095020514803896
0.749911440310924382 -0.624276810997506315 0.110076967352248589
0.749797416368820246 -0.624392276344811203 0.110060814230214563
0.749797416368820246 -0.624392276344811203 0.110046561246159164
0.749797416368820246 -0.624392276344811203 0.110034208486075674
0.749797416368820246 -0.624392276344811203 0.110023756024492547
0.749797416368820246 -0.624392276344811203 0.110015203924473198
0.749797416368820246 -0.624392276344811203 0.110008552237615381
0.749797416368820246 -0.624392276344811203 0.110003801004051049
0.749797416368820246 -0.624392276344811203 0.110000950252446050
0.749797416368820246 -0.624392276344811203 0.110000000000000001
