-0.155913448647325814 0.060931252309884394 0.739999999999999991
-0.155913448647325814 0.060931252309884394 0.739999049747553928
-0.155913448647325814 0.060931252309884394 0.739996198995948928
-0.155913448647325814 0.060931252309884394 0.739991447762384680
-0.155913448647325814 0.060931252309884394 0.739984796075526807
-0.155913448647325814 0.060931252309884394 0.739976243975507431
-0.180368690904989804 0.077408210006625844 0.739965791513924276
-0.180368690904989804 0.077408210006625844 0.739953438753840897
-0.180368690904989804 0.077408210006625844 0.739939185769785457
-0.180368690904989804 0.077408210006625844 0.739923032647751389
-0.180368690904989804 0.077408210006625844 0.739904979485196068
-0.180368690904989804 0.077408210006625844 0.739885026391040590
-0.180368690904989804 0.077408210006625844 0.739863173485668879
-0.180368690904989804 0.077408210006625844 0.739839420900927136
-0.180368690904989804 0.077408210006625844 0.739813768780122949
-0.244294651588422534 0.132414767575350090 0.739786217278024627
-0.244294651588422534 0.132414767575350090 0.739756766560859869
-0.244294651588422534 0.132414767575350090 0.739725416806315206
-0.244294651588422534 0.132414767575350090 0.739692168203534561
-0.008206962735062853 0.001734024222350424 0.739657020953118471
-0.008206962735062853 0.001734024222350424 0.739619975267122420
-0.008206962735062853 0.001734024222350424 0.739581031369056063
-0.008206962735062853 0.001734024222350424 0.739540189493881561
-0.130386740921021510 0.047507717334997569 0.739497449888012137
-0.130386740921021510 0.047507717334997569 0.739452812809310633
-0.130386740921021510 0.047507717334997569 0.739406278527088290
-0.130386740921021510 0.047507717334997569 0.739357847322102524
-0.157082997190840346 0.063659715994119889 0.739307519486555820
-0.157082997190840346 0.063659715994119889 0.739255295324093509
-0.157082997190840346 0.063659715994119889 0.739201175149802103
-0.172780888764094837 0.074743331885673558 0.739145159290207743
-0.172780888764094837 0.074743331885673558 0.739087248083273307
-0.185069490308789275 0.084482902384614394 0.739027441878397529
-0.185069490308789275 0.084482902384614394 0.738965741036412216
-0.185069490308789275 0.084482902384614394 0.738902145929579812
-0.196070352548462223 0.094167977760925226 0.738836656941591730
-0.196070352548462223 0.094167977760925226 0.738769274467566239
-0.206798100205623281 0.104662049103744575 0.738699998914045142
-0.206798100205623281 0.104662049103744575 0.738628830698991878
-0.218027788733408334 0.116969161919985312 0.738555770251789201
-0.218027788733408334 0.116969161919985312 0.738480818013236395
-0.230634604270374466 0.132739580028096132 0.738403974435546395
-0.230634604270374466 0.132739580028096132 0.738325239982343340
-0.245863537211521710 0.155347280919708869 0.738244615128659576
-0.245863537211521710 0.155347280919708869 0.738162100360932882
-0.265453279995884084 0.193259875069199505 0.738077696177003806
-0.265453279995884084 0.193259875069199505 0.737991403086112219
-0.288130636070705382 0.274285468167017932 0.737903221608894433
-0.288130636070705382 0.274285468167017932 0.737813152277379980
-0.222856930031645639 0.515017881700554958 0.737721195634988725
0.335010019521770896 0.235839905907414327 0.737627352236526979
0.335010019521770896 0.235839905907414327 0.737531622648184837
0.044044847568205509 -0.000652970451554734 0.737434007447532291
-0.064673497377325917 0.012227649553892200 0.737334507223515900
-0.064673497377325917 0.012227649553892200 0.737233122576455124
-0.110636516068892410 0.029878737251501128 0.737129854118038996
-0.135749548236339473 0.043202810983878008 0.737024702471322124
-0.135749548236339473 0.043202810983878008 0.736917668270721027
-0.151735394826526260 0.053269197568410406 0.736808752162010583
-0.162943249118303241 0.061169357599884719 0.736697954802319477
-0.162943249118303241 0.061169357599884719 0.736585276860126870
-0.171329084632642792 0.067597703028986017 0.736470719015258179
-0.177897415998219566 0.072986137302109622 0.736354281958880641
-0.183216344926499630 0.077611364962374252 0.736235966393499863
-0.187631558523705444 0.081657360553391428 0.736115773032954834
-0.187631558523705444 0.081657360553391428 0.735993702602414035
-0.191365853115085194 0.085250849516291721 0.735869755838370998
-0.194569637029206766 0.088481934828099407 0.735743933488639756
-0.197348402248309490 0.091416494695700123 0.735616236312350402
-0.199778540211898670 0.094103890751543379 0.735486665079944646
-0.199778540211898670 0.094103890751543379 0.735355220573170709
-0.201916887525567468 0.096581914557381132 0.735221903585079439
-0.203806722232236837 0.098880054428165179 0.735086714920018758
-0.205481661825711148 0.101021709502497017 0.734949655393628665
-0.206968273766195893 0.103025725620632710 0.734810725832837464
-0.208287869939408787 0.104907483280798824 0.734669927075855544
-0.209457768906771091 0.106679682990919622 0.734527259972170943
-0.210492202177911591 0.108352921949654180 0.734382725382543899
-0.211402976935611941 0.109936124113030761 0.734236324179002309
-0.212199968704289699 0.111436865468998031 0.734088057244835501
-0.212891493068388227 0.112861623229072519 0.733937925474589692
-0.213484589897118715 0.114215968967209730 0.733785929774062096
-0.213985243292833166 0.115504719907107936 0.733632071060296154
-0.214398553631985456 0.116732058561879459 0.733476350261574761
-0.214728873416123567 0.117901628156931781 0.733318768317415937
-0.214979915432444213 0.119016609309386789 0.733159326178566717
-0.215154839468974818 0.120079782043769095 0.732998024806996828
-0.215256322218291218 0.121093576208465670 0.732834865175894024
-0.215286613847904984 0.122060112621558747 0.732669848269657087
-0.215247583862533454 0.122981236722183723 0.732502975083890617
-0.215140758256993303 0.123858546095528793 0.732334246625398921
-0.214967349482546366 0.124693412923522470 0.732163663912179352
-0.214728280388317705 0.125487002175276918 0.731991227973417091
-0.214424203015818715 0.126240286161113213 0.731816939849478376
-0.213622359313053706 0.127628929807246966 0.731640800591904172
-0.213124651826553851 0.128265359470749046 0.731462811263404067
-0.212562063200925522 0.128863633449569082 0.731282972937849940
-0.211934028722363055 0.129423878359852473 0.731101286700268749
-0.211239741722488550 0.129946057675754567 0.730917753646837420
-0.210478144919194643 0.130429967934655333 0.730732374884874636
-0.208747452917303122 0.131281289484480534 0.730545151532835280
-0.207774837963584424 0.131647381925871582 0.730356084720302889
-0.206727810747519863 0.131972534493933369 0.730165175587983772
-0.205603714316273167 0.132255529807347644 0.729972425287699123
-0.203111277363555665 0.132688744872090092 0.729777834982378915
-0.201734894822547473 0.132834933967683977 0.729581405846054243
-0.200265034331475550 0.132930743545107005 0.729383139063850661
-0.197017602465758973 0.132957098530813556 0.729183035831980852
-0.195221636685951105 0.132878148781118532 0.728981097357737307
-0.193293465939900821 0.132728923044918956 0.728777324859485542
-0.191213434485778822 0.132499587294009957 0.728571719566655895
-0.186460636002065139 0.131733731213775324 0.728364282719736744
-0.183651660774036163 0.131132332372916799 0.728155015570267294
-0.176049412632702906 0.128967617717810012 0.727943919380828919
-0.168976430407195954 0.126321885673473022 0.727730995425038829
-0.140533897826426196 0.112651877863613845 0.727516244987541416
-0.181437281500089809 0.133409867232917007 0.727299669364000922
-0.174396732564926382 0.130831869784179239 0.727081269861093782
-0.164826638122696684 0.127394651626512645 0.726861047796500293
-0.160447029070968805 0.125757106339855429 0.726639004498896957
-0.156025715349666749 0.124029482867271945 0.726415141307948709
-0.146722224059117473 0.120112822067861877 0.726189459574299923
-0.141735440395366091 0.117849317384002089 0.725961960659567529
-0.130893147307358904 0.112529680655422390 0.725732645936331688
-0.124963964797653870 0.109390827314184813 0.725501516788128020
-0.111895823726096508 0.101900629472785040 0.725268574609439609
-0.104671035513945437 0.097419991108985360 0.725033820805687568
-0.088596037329726957 0.086564062363718872 0.724797256793223710
-0.069975510815898229 0.072388823539104113 0.724558883999321224
-0.059552389845335112 0.063651431482344534 0.724318703862166235
-0.036144361512939996 0.041689781252151947 0.724076717830849370
-0.023037078321281219 0.027795001094175226 0.723832927365356760
0.006132904785051716 -0.008256249728550479 0.723587333936561383
0.022090393835043232 -0.031833173744653477 0.723339939026213963
0.055397245968211301 -0.095363555111323134 0.723090744126934415
0.084405331391721017 -0.191595544341655322 0.722839750742202303
0.091719681480551263 -0.257385382904047055 0.722586960386348620
0.064150044642825643 -0.433653276811527655 0.722332374584545467
-0.091363669877335518 -0.645021724396346419 0.722075994872797944
-0.241281975906658175 -0.721241168329843085 0.721817822797934383
-0.605098169409053477 -0.680327295272673438 0.721557859917596800
-0.817697431726269963 -0.426957021608237952 0.721296107800231900
-0.843812218942239789 -0.296022808380502100 0.721032568025081755
-0.812418836828074142 -0.098782402994481877 0.720767242182173473
-0.745858459999388712 0.019366312584652379 0.720500131872310767
-0.680864460087606371 0.088519510479540264 0.720231238707063071
-0.651934047359820079 0.111895384746181048 0.719960564308756767
-0.601666299689942674 0.144836165098937542 0.719688110310464868
-0.560234757669038963 0.166012217300705894 0.719413878355997460
-0.525778006157628486 0.180157838285339378 0.719137870099891496
-0.496671865171631033 0.189920718598822508 0.718860087207401133
-0.483715424827458773 0.193667071589887274 0.718580531354487628
-0.460350694986648268 0.199536750370547661 0.718299204227808685
-0.439707623418066906 0.203808406493137140 0.718016107524709124
-0.421143301867051845 0.206938655545717276 0.717731242953210224
-0.404159025477317968 0.209219387960066283 0.717444612231999179
-0.388359912329606871 0.210838076927646251 0.717156217090419101
-0.380802385009978872 0.211438207227086922 0.716866059268458589
-0.366197522741200654 0.212270230110828684 0.716574140516741065
-0.352071225034388646 0.212650195839599876 0.716280462596514012
-0.338207297346761582 0.212597921822125446 0.715985027279638975
-0.324409709156109671 0.212106722021709992 0.715687836348580131
-0.310494054921041263 0.211145273139943579 0.715388891596394072
-0.296280386337831214 0.209656894423280060 0.715088194826718926
-0.281586902224498392 0.207556363358776197 0.714785747853762921
-0.266224153899217553 0.204723998230946502 0.714481552502294504
-0.249989593150195200 0.200996326681004867 0.714175610607630129
-0.232662514503418461 0.196152139922864871 0.713867924015623934
-0.213999820503307681 0.189892000987548965 0.713558494582656633
-0.193733750305152330 0.181808189770958945 0.713247324175623976
-0.171574122383895716 0.171340429369612385 0.712934414671925309
-0.147220498078996398 0.157710297844663866 0.712619767959453143
-0.120395528039153349 0.139823792919408885 0.712303385936580713
-0.090922839604759817 0.116127412556097973 0.711985270512151103
-0.058897812454251283 0.084400860718923013 0.711665423605465697
-0.025050320875448489 0.041479223024710486 0.711343847146272412
0.008504544369267956 -0.017046593951940792 0.711020543074754374
0.045961114483709278 -0.146765643932763368 0.710695513341517593
0.043844811123993688 -0.268916152466732061 0.710368759907580083
-0.007447847920341172 -0.416486908876570361 0.710040284744359096
-0.137441788671547327 -0.562044039608129431 0.709710089833660129
-0.352058770617631467 -0.645738378110842559 0.709378177167664048
-0.598771656987420853 -0.609215116867687478 0.709044548748915870
-0.793202658202886379 -0.455940655467767297 0.708709206590312113
-0.899837961220736560 -0.122819692070496311 0.708372152715089243
-0.834578640719522369 0.126113569365163214 0.708033389156810689
-0.541789315164612040 0.366383603791682610 0.707692917959355072
0.000154394243679960 -0.002225445086970464 0.707350741176904108
-0.569832763069092918 -0.372691064409919171 0.707006860873929721
-0.700133683859265554 -0.239036028885512120 0.706661279125181618
-0.735669467880593730 -0.139189151801051347 0.706313998015675182
-0.741416393136059670 -0.068312800992431533 0.705965019640678482
-0.732329360293686449 0.005545730500005785 0.705614346105699508
-0.722676863044639184 0.041663178925449129 0.705261979526474403
-0.712594914398068324 0.071205034396439715 0.704907922028953582
-0.702950314276584720 0.096251154508199543 0.704552175749289300
-0.690261038670444305 0.128591865705104225 0.704194742833822995
-0.683413574720550199 0.148413990756805836 0.703835625439072410
-0.678218017901694559 0.168283733030979765 0.703474825731717712
-0.674668368759162140 0.202186004289621468 0.703112345888589618
-0.676608513939203404 0.232907076076089153 0.702748188096655402
-0.690876825792023919 0.323097964843364449 0.702382354553006127
-0.688442138218485988 0.523471335541130234 0.702014847464843106
0.282597201858660274 0.491913709067330562 0.701645669049464793
-0.425244871153331205 0.021058683216756191 0.701274821534253578
-0.491156778472997102 0.072447016329068054 0.700902307156661686
-0.522124294746430961 0.112307201730696832 0.700528128164198294
-0.529865450246040037 0.128464852895041753 0.700152286814415881
-0.533602632273307620 0.140548939099479159 0.699774785374896457
-0.535487027499697232 0.154207295771271680 0.699395626123237801
-0.535408090159031014 0.161418541948389505 0.699014811347040133
-0.534229280740064372 0.170391643456973080 0.698632343343891682
-0.533022442558490406 0.175482368699679953 0.698248224421355368
-0.530859993213966375 0.182148043350754990 0.697862456896954697
-0.529279863432178144 0.186086856903248749 0.697475043098159664
-0.526804255869190663 0.191408225043078778 0.697085985362372984
-0.525121086109853530 0.194636606856390226 0.696695286036915662
-0.522588464199084113 0.199093187079663864 0.696302947479013001
-0.520076754013816922 0.203170407096981115 0.695908972055780284
-0.518424527344434560 0.205714695185448271 0.695513362144208891
-0.515988693331141168 0.209314265240445635 0.695116120131151316
-0.514396050626420465 0.211590640577616895 0.694717248413307176
-0.512056099848835822 0.214851084899559314 0.694316749397208888
-0.509774902911365402 0.217958298827061997 0.693914625499206461
-0.508285760173466272 0.219960314820073000 0.693510879145453840
-0.506096882219356115 0.222880430471571606 0.693105512771893584
-0.504665491968343871 0.224783594318511998 0.692698528824242432
-0.502556010092148897 0.227592496829537916 0.692289929757976541
-0.500485728237459737 0.230370099981834414 0.691879718038316605
-0.499123540792628551 0.232218299470888567 0.691467896140213090
-0.497100633253771296 0.235008268119553748 0.691054466548331137
-0.495092687353422933 0.237851463851886130 0.690639431757035682
-0.493756026946391535 0.239797729136720095 0.690222794270376361
-0.491741911824740474 0.242833742710156925 0.689804556602072627
-0.489697551051896607 0.246074275624365124 0.689384721275498102
-0.487592390634176365 0.249621040018010443 0.688963290823665919
-0.486132877582350298 0.252228839549835993 0.688540267789212845
-0.483806402520928769 0.256674888570202708 0.688115654724384629
-0.481204792444217877 0.262098875950336763 0.687689454191019900
-0.478086389661440070 0.269187737989455611 0.687261668760535072
-0.475463975714436549 0.275504350744949278 0.686832301013909019
-0.469696817315937043 0.289670714623456060 0.686401353541667092
-0.457081513430552422 0.317799103143830863 0.685968828943865794
-0.391510266992055878 0.406114816365329256 0.685534729830076905
-0.335206270084897728 -0.046880674211917883 0.685099058819371831
-0.474970620641430585 0.152982055225289348 0.684661818540305611
-0.477519260771344767 0.186204254516178752 0.684223011630901601
-0.476068656751278019 0.209813034949673100 0.683782640738634817
-0.473583525135328864 0.222830852175475602 0.683340708520416507
-0.470752234995838958 0.231858096543214404 0.682897217642577936
-0.467395611188248905 0.239399425695833001 0.682452170780854406
-0.462696304111927414 0.247319919419990958 0.682005570620368706
-0.452853099343184962 0.260080613538423877 0.681557419855615576
-0.318660023169491269 0.340920520401665816 0.681107721190444715
-0.485886605072444300 0.216370884943823033 0.680656477338045240
-0.473771943442304111 0.235633615169520499 0.680203691020928702
-0.470070082886428708 0.240918628792941930 0.679749364970912762
-0.466200750521120644 0.246135422201713389 0.679293501929105314
-0.463145331557309858 0.249997138174431394 0.678836104645886729
-0.460426753787064491 0.253226940068443818 0.678377175880894634
-0.457847895416249484 0.256114994662524298 0.677916718403006269
-0.455305767545869045 0.258806577986589348 0.677454734990322271
-0.452734861671536204 0.261387035894471931 0.676991228430149805
-0.450085292188354191 0.263913547683872096 0.676526201518985459
-0.447312527735135523 0.266429192153279870 0.676059657062499042
-0.444371413814686256 0.268970125575183072 0.675591597875515815
-0.440099880382970321 0.272455176168050150 0.675122026782000395
-0.436553263342271625 0.275185904511977442 0.674650946615038660
-0.432624354864170058 0.278058314575709620 0.674178360216821981
-0.428207185114377276 0.281115698401480318 0.673704270438628683
-0.423158618592968216 0.284409642175507849 0.673228680140807945
-0.417279163661436026 0.288003013711859379 0.672751592192761816
-0.410281277783573040 0.291973129106391893 0.672273009472928451
-0.401734460667511395 0.296413931028052080 0.671792934868764235
-0.390964874031835385 0.301432886192952498 0.671311371276726909
-0.376859937470818918 0.307127802615111356 0.670828321602257471
-0.349251125525578632 0.315706505293904927 0.670343788759763304
-0.316373418204704770 0.321947566861062406 0.669857775672599853
-0.262242701760418195 0.323604589353439165 0.669370285273053756
-0.164128889216942131 0.299008263707633448 0.668881320502324628
-0.012820722547647288 0.133059670161230936 0.668390884310507527
-0.212312942156374918 -0.236007024898539058 0.667898979656575076
-0.554138025806438783 -0.043861117769957519 0.667405609508359698
-0.565002309354331045 0.073858675979009164 0.666910776842535635
-0.551516775505036305 0.133465380361720842 0.666414484644600846
-0.537427704234830106 0.167523698483846711 0.665916735908859470
-0.522205642405986770 0.194832368688332758 0.665417533638403169
-0.513201435680666340 0.208340527020047017 0.664916880845093483
-0.505742624453161427 0.218466759952809148 0.664414780549543171
-0.499447515876175030 0.226398475619211947 0.663911235781098785
-0.492388822413341920 0.234724104752422169 0.663406249577821461
-0.487842739420461191 0.239807032974803630 0.662899824986468933
-0.483782390049740496 0.244180467682496710 0.662391965062477772
-0.480106037881830261 0.248014434563544828 0.661882672869943733
-0.475670321716858302 0.252490497344535103 0.661371951481604547
-0.472618246567591049 0.255479103044258249 0.660859803978820493
-0.469751928304842137 0.258219694653519349 0.660346233451555964
-0.466159034578923714 0.261565048182226034 0.659831242998361267
-0.463599591366954833 0.263886585840045373 0.659314835726353410
-0.460323863924975152 0.266781314665281155 0.658797014751197674
-0.457945087759088043 0.268827899254863611 0.658277783197088628
-0.455614981130356256 0.270785652999021353 0.657757144196731369
-0.452559096599217614 0.273279950838168528 0.657235100891322421
-0.450288524285571645 0.275077254885843336 0.656711656430531421
-0.448022815067156466 0.276821272006492980 0.656186813972481464
-0.444989536549225462 0.279076068184407222 0.655660576683730012
-0.442690659374399886 0.280722006200069041 0.655132947739250349
-0.439571844512047449 0.282865846079094985 0.654603930322411820
-0.437177068046138650 0.284441038320562445 0.654073527624961182
-0.433885587594947220 0.286504240722250392 0.653541742847002838
-0.431325027378345216 0.288027490103883010 0.653008579196979855
-0.427758493867540612 0.290030514974519538 0.652474039891654756
-0.424945922306127932 0.291513938151669982 0.651938128156089536
-0.420972227839111368 0.293468664116272204 0.651400847223626678
-0.417791779253087969 0.294917737356058418 0.650862200335869279
-0.413226531892091020 0.296826092352443172 0.650322190742662065
-0.409510644102762944 0.298237242844946293 0.649780821702071409
-0.404077680320058696 0.300085326829416632 0.649238096480365567
-0.399566633267661730 0.301438553502676454 0.648694018351995028
-0.392822165618286923 0.303180350843181512 0.648148590599572971
-0.387082768411953659 0.304419189522925182 0.647601816513855399
-0.378255239468058835 0.305931429395342569 0.647053699393721038
-0.370500056781328579 0.306905052813974955 0.646504242546151686
-0.358112068496752423 0.307848158054054633 0.645953449286212344
-0.342444369495890633 0.308084368473564463 0.645401322937030675
-0.327582753891743461 0.307425098312204159 0.644847866829777683
-0.301456657966657937 0.304373137274345451 0.644293084303647068
-0.274586392123785661 0.298863809767312805 0.643736978705835461
-0.222185504564465591 0.281256887684049939 0.643179553391521885
-0.135856904656683125 0.229441288863846904 0.642620811723847774
-0.040341185414886307 0.114965609517761067 0.642060757073896426
-0.101594587589914534 -0.334333624988215394 0.641499392820673031
-0.630890595961727807 -0.359002703745401774 0.640936722351083898
-0.753571373463353567 0.031842107456407420 0.640372749059916258
-0.680390842118111405 0.179101827780336675 0.639807476349817827
-0.624446539858382055 0.236966797815170493 0.639240907631276056
-0.594961727070151158 0.259960184119740811 0.638673046322597582
-0.566266590208910348 0.278924909044874991 0.638103895849887803
-0.545305653325873330 0.291136226863283443 0.637533459647030010
-0.532910982749395412 0.297858133443221318 0.636961741155665062
-0.519425751760211329 0.304864399983899803 0.636388743825169967
-0.508418777789031773 0.310429807752552467 0.635814471112637336
-0.501351152486290808 0.313970660673862589 0.635238926482855071
-0.493116474218426859 0.318101283834578918 0.634662113408284490
-0.485925161487684887 0.321743244446606069 0.634084035369040122
-0.479529327297763874 0.325032708122913183 0.633504695852868616
-0.473749844205906379 0.328061521410561441 0.632924098355127196
-0.469738555178341843 0.330201359881190870 0.632342246378763129
-0.464738037279296967 0.332917061527376046 0.631759143434292514
-0.460060537605597564 0.335508476502057895 0.631174793039778748
-0.455641242559128079 0.338002954651622611 0.630589198720811650
-0.452464762441058932 0.339822984021534547 0.630002364010486038
-0.448379110873202258 0.342195415215104937 0.629414292449380408
-0.444431935092887920 0.344518247522174081 0.628824987585535511
-0.440593383140760353 0.346802589117422677 0.628234452974433477
-0.436838355368327491 0.349057563114351266 0.627642692178975614
-0.433145471971642437 0.351290794031696108 0.627049708769460978
-0.429496289020203426 0.353508765735486230 0.626455506323565503
-0.426778314415069804 0.355165632886015992 0.625860088426319683
-0.423167974205284070 0.357369994344066133 0.625263458670087813
-0.419561282895668741 0.359573014991563078 0.624665620654545006
-0.415946402793368697 0.361778827680717840 0.624066577986656545
-0.412312506332548290 0.363991257382610234 0.623466334280656009
-0.408649569764832854 0.366213908371777697 0.622864893158023070
-0.404948202424751991 0.368450237700966077 0.622262258247461841
-0.401199503404290780 0.370703618985924466 0.621658433184878789
-0.397394939346219556 0.372977399641422513 0.621053421613361412
-0.393526238430669806 0.375274954118023807 0.620447227183155481
-0.390577743967788271 0.377015794267905713 0.619839853551643394
-0.386577356178178788 0.379363337518659971 0.619231304383322301
-0.382490698034940624 0.381744494329749662 0.618621583349781567
-0.378309707940144679 0.384163204922550183 0.618010694129680793
-0.374026200277157439 0.386623695651307941 0.617398640408728050
-0.369631793005726794 0.389130546755064533 0.616785425879656679
-0.365117833548899373 0.391688769279763649 0.616171054242203975
-0.360475320815460076 0.394303893739112121 0.615555529203088425
-0.355694820971769077 0.396982073557400172 0.614938854475987173
-0.350766374199034670 0.399730206968082757 0.614321033781514036
-0.345679389110835678 0.402556081866698501 0.613702070847196968
-0.340422520709962595 0.405468549163519987 0.613081969407454963
-0.334983526661219722 0.408477731559827251 0.612460733203576524
-0.329349095128633973 0.411595276421141743 0.611838365983696564
-0.323504635317033495 0.414834663707341511 0.611214871502773316
-0.315878966090569646 0.419079387476680609 0.610590253522566684
-0.309500101065944166 0.422654409799656017 0.609964515811614816
-0.302851351769482580 0.426412924605493793 0.609337662145211567
-0.295908862519719873 0.430381619345503397 0.608709696305383963
-0.288645095742198876 0.434592283749031638 0.608080622080868771
-0.281027868075585108 0.439082990774007365 0.607450443267090412
-0.273019063512366378 0.443899587123907646 0.606819163666137418
-0.264572893848941115 0.449097583237172693 0.606186787086739787
-0.255633516917942560 0.454744560178659163 0.605553317344246333
-0.246131731951154981 0.460923246144353982 0.604918758260600598
-0.235980330504878655 0.467735459250469776 0.604283113664319305
-0.222204070925791586 0.477336329477746069 0.603646387390467831
-0.210128610211982897 0.486081939821570164 0.603008583280637778
-0.196892518908576314 0.495995129037683058 0.602369705182924098
-0.182209636139067710 0.507334542475543993 0.601729756951901340
-0.165681136551030034 0.520423600144471310 0.601088742448600111
-0.146739087415750397 0.535664141160004270 0.600446665540484759
-0.118372230094464487 0.558496728990905078 0.599803530101429061
-0.090340029420824641 0.580500708499955387 0.599159340011693797
-0.055353812186563600 0.606488210122995697 0.598514099157902213
-0.010166674610560922 0.636878385102393363 0.597867811433017704
0.050311146683144126 0.671326091494557797 0.597220480736319392
0.159673201348428218 0.715700424764697862 0.596572110973379255
0.288017049099308142 0.740506412147336257 0.595922706056038476
0.463727596011018928 0.729064776590619745 0.595272269902383133
0.675566534085242809 0.634871696706333921 0.594620806436721661
0.857179065792201600 0.417431810908203915 0.593968319589560312
0.896506250654529491 0.046634583068846935 0.593314813297580179
0.779218305568282310 -0.188049829505850197 0.592660291503612213
0.622993933134475930 -0.320007221636248396 0.592004758156615130
0.484834958132147720 -0.380293220053242897 0.591348217211650096
0.355499215332924834 -0.408826625794746490 0.590690672629857860
0.280144951376927798 -0.418755934306377975 0.590032128378433995
0.221279368075977506 -0.426989757634159750 0.589372588430605804
0.161301268419785593 -0.439774822266691401 0.588712056765608116
0.118627739093521811 -0.452887229312689987 0.588050537368658643
0.077118641653318415 -0.468035521365157026 0.587388034230934886
0.034407855833645751 -0.484026768836919696 0.586724551349549261
-0.023248270928403231 -0.502565394912021235 0.586060092727525461
-0.074151453170216902 -0.513441115011528781 0.585394662373774133
-0.129883038716380045 -0.517503327977903771 0.584728264303068901
-0.205884121887588117 -0.506329241757080939 0.584060902536021609
-0.269483118065290128 -0.476012793636907738 0.583392581099058893
-0.328730411704294012 -0.413488801115392490 0.582723304024396649
-0.356946503915761493 -0.254042005221481904 0.582053075350017379
-0.208518126985833385 -0.047867044609133422 0.581381899119644441
0.351100277078408241 -0.284625516876513995 0.580709779382718061
0.178128405655952005 -0.783899367308591888 0.580036720194371247
-0.124733470156314363 -0.884194103592919722 0.579362725615404806
-0.354272654766912831 -0.848143917490122412 0.578687799712263029
-0.470622656467431177 -0.797863539065231997 0.578011946557009382
-0.556029027206668802 -0.745783005264824550 0.577335170227301964
-0.636563714196238140 -0.682262543777820030 0.576657474806368309
-0.686814956477885152 -0.633396804900584698 0.575978864382981293
-0.736857025379708541 -0.574975774454997701 0.575299343051434375
-0.768919367760763306 -0.530441130346150036 0.574618914911516843
-0.801107057173131132 -0.477588720639272712 0.573937584068489048
-0.821683088180129473 -0.437579109113451048 0.573255354633057546
-0.838458111661522398 -0.399579982304232084 0.572572230721350661
-0.854982528137713027 -0.354855806914817273 0.571888216454893183
-0.865242046434356205 -0.321228466189895756 0.571203315960581826
-0.875027672221468045 -0.281764318717050988 0.570517533370660246
-0.880831956864664534 -0.252144726111632356 0.569830872822694068
-0.886011865710545576 -0.217406822190693461 0.569143338459545789
-0.888775974802892721 -0.191327147765431638 0.568454934429350356
-0.890820036831520223 -0.160704360155234316 0.567765664885489074
-0.891519674253287597 -0.137668608119399072 0.567075533986565739
-0.891440277067019560 -0.110545244268146881 0.566384545896380986
-0.890745907470810172 -0.090070255806756760 0.565692704783906763
-0.889236090513389144 -0.065857421569514851 0.565000014823262009
-0.887603888649828754 -0.047483168054064773 0.564306480193686899
-0.885130222810559308 -0.025613238045147479 0.563612105079517756
-0.882861383267058986 -0.008881657632852091 0.562916893670161955
-0.879719935154365529 0.011247298065179656 0.562220850160072394
-0.876989291829981310 0.026874322911470516 0.561523978748722397
-0.873313002391622351 0.046092784118953789 0.560826283640580292
-0.870134745358109418 0.061543013133138091 0.560127769045084101
-0.865727594004179202 0.081794420824446934 0.559428439176616110
-0.861530889788660215 0.100230106577490985 0.558728298254477340
-0.853546799649167243 0.133008123056186811 0.558027350502862229
-0.831056284697116454 0.202125236568607092 0.557325600150833100
-0.852715260606977665 -0.034531426860204606 0.556623051432294513
-0.857654806489032362 0.072603769205579594 0.555919708585968286
-0.852625694017807856 0.108194205309461278 0.555215575855366850
-0.848113689751548328 0.129019510215437228 0.554510657488768932
-0.844752524630449031 0.142293449893928614 0.553804957739192694
-0.840726584119424247 0.156875349875343295 0.553098480864371078
-0.837595229676545205 0.167576361661724793 0.552391231126725279
-0.833754529472127581 0.180172435132053388 0.551683212793339983
-0.829969691283532707 0.192160692030060698 0.550974430135936832
-0.826968975264319450 0.201431921383167456 0.550264887430848670
-0.823239279694704340 0.212722268566210571 0.549554588958994228
-0.820264183213737397 0.221571583154565377 0.548843539005852032
-0.816545522308330773 0.232464839674747570 0.548131741861434318
-0.812815227373105964 0.243226994813023623 0.547419201820261936
-0.809813680226021626 0.251777874238233335 0.546705923181337261
-0.806028077312049396 0.262433366280828972 0.545991910248119217
-0.802190386876410200 0.273094395322066696 0.545277167328497070
-0.799071041637048674 0.281656741672306199 0.544561698734763899
-0.795093952701318329 0.292438130180222744 0.543845508783591502
-0.791009628208255600 0.303347724430640842 0.543128601796003752
-0.787648087874379232 0.312198016131329914 0.542410982097350503
-0.783304327555331970 0.323453635714229915 0.541692654017281949
-0.778771810976000678 0.334969750788548237 0.540973621889721756
-0.774983970417015056 0.344405675641429598 0.540253890052841745
-0.770008901591909378 0.356527145250003508 0.539533462849035028
-0.764717037043669112 0.369069128834627891 0.538812344624890471
-0.760213195835983901 0.379450679486201148 0.538090539731165718
-0.754182248413040268 0.392924688624350815 0.537368052522761430
-0.747620879313817932 0.407027217160891464 0.536644887358695422
-0.741916555185850757 0.418822200357762187 0.535921048602074901
-0.734104950395066069 0.434290790985322639 0.535196540620071826
-0.725382629343351959 0.450667542948181454 0.534471367783895701
-0.717612862148406250 0.464503750342559640 0.533745534468767047
-0.706697298600128754 0.482827513341362979 0.533019045053891527
-0.694144513885696757 0.502424254958842131 0.532291903922433307
-0.679543743879513773 0.523437091644804786 0.531564115461488407
-0.666033888884698166 0.541359109484370604 0.530835684062058610
-0.646285609282270745 0.565245562040568528 0.530106614119024488
-0.622525989831046345 0.590829335214919538 0.529376910031119641
-0.593587049329809768 0.618037998793133925 0.528646576200903162
-0.565683032115442908 0.640770215292904455 0.527915617034733886
-0.523208978271539782 0.669777964112398205 0.527184036942743628
-0.469988720847746344 0.698050712749086255 0.526451840338810095
-0.403106746660146453 0.722779967281208524 0.525719031640530909
-0.337763024232328568 0.736707246823123607 0.524985615269196515
-0.239700131084950752 0.740032344115664431 0.524251595649763980
-0.125118781637057808 0.716688925669091925 0.523516977210829459
-0.003842279661261050 0.652742947295125164 0.522781764384602554
0.083476833914516269 0.565797931833115109 0.522045961606878439
0.154938422851517682 0.417450057475049818 0.521309573317012220
0.162696265346786967 0.251728684968939465 0.520572603957891289
0.108257287430906471 0.107732856985413628 0.519835057975908787
0.017770500380168280 0.011720933610473321 0.519096939820936853
-0.059341328022032007 -0.027573172675920424 0.518358253946300196
-0.141754974978787834 -0.037730507593757595 0.517619004808748007
-0.193507668395160981 -0.016320872716644466 0.516879196868428425
-0.195420386165249149 0.023708811199156632 0.516138834588860784
-0.103737903617887928 0.046823317390199209 0.515397922436909073
0.063524596019682564 -0.073807563613007846 0.514656464882754738
-0.090271986254098158 -0.519931962770865397 0.513914466399869707
-0.480423116456368482 -0.465794718942021402 0.513171931464990072
-0.603613605812879817 -0.311062658971001993 0.512428864558087671
-0.643724126930816931 -0.208230841537054484 0.511685270162344774
-0.660443441772407436 -0.137117316031896613 0.510941152764125550
-0.666803177272039083 -0.092769721465492228 0.510196516852949977
-0.669304129915872070 -0.046164288126524178 0.509451366921466198
-0.666145641730231830 -0.004739400258955362 0.508705707465423762
-0.655168414139509214 0.035559387609255422 0.507959542983646317
-0.628615513133229609 0.079951976810192560 0.507212877978004517
-0.554701028467578294 0.138431947518906417 0.506465716953388712
-0.323763219791591506 0.180427105494825046 0.505718064417682078
-0.771909445041059961 -0.594521130624805494 0.504969924881733090
-0.856953277875056041 -0.114648273619913976 0.504221302859328868
-0.820046265134008578 -0.012591247501486047 0.503472202867166985
-0.800630656071745883 0.035398903104781498 0.502722629424828926
-0.789175173433883215 0.066762691213725522 0.501972587054753117
-0.781613267036242343 0.090745383142762481 0.501222080282206495
-0.776156395227340146 0.110725171130358180 0.500471113635258535
-0.772693805057423466 0.124897199205929177 0.499719691644752828
-0.769063546678784515 0.141079902717208827 0.498967818844280431
-0.765917462048030018 0.156057736970457051 0.498215499770152170
-0.763051853158589255 0.170187034544858895 0.497462738961371664
-0.760328043457263236 0.183719240424151942 0.496709540959607176
-0.757644298578813657 0.196845547903419904 0.495955910309165471
-0.754919665615787716 0.209721818614781397 0.495201851556962724
-0.752083856509197068 0.222483785980400639 0.494447369252498770
-0.749070221299502403 0.235257287436807627 0.493692467947828284
-0.746485382236328099 0.245567404603544370 0.492937152197534589
-0.742974206137276383 0.258676159842705700 0.492181426558700674
-0.739071450106535632 0.272158606770439349 0.491425295590883215
-0.734673534362563774 0.286168372760095602 0.490668763856084045
-0.729649909085802961 0.300884911467692140 0.489911835918723060
-0.723830451398767227 0.316525001676800977 0.489154516345610635
-0.716986442958320258 0.333358610067006622 0.488396809705919865
-0.708800493049637437 0.351731655366621876 0.487638720571159257
-0.698816740337936171 0.372099711650958787 0.486880253515145078
-0.686354160779050648 0.395079139963734616 0.486121413113973777
-0.670346698966200583 0.421525739386870490 0.485362203945993942
-0.649027689779263062 0.452654160680499573 0.484602630591779604
-0.626114467927405438 0.482073138863779782 0.483842697634101593
-0.585421772825156506 0.526434966981508157 0.483082409657900780
-0.520516355477870118 0.581526159919271146 0.482321771250259546
-0.404744283494584967 0.645239822249168538 0.481560787000374912
-0.175509349865301090 0.674540957492210214 0.480799461499530345
0.153033798692369577 0.419017215332924520 0.480037799341068050
-0.025839081022111601 -0.010859083263409352 0.479275805120361664
-0.242903491616043576 0.044802456951244116 0.478513483434788112
-0.160761891412622454 0.118312507307189771 0.477750838883700013
0.035797798045723278 -0.090207556406172798 0.476987876068398153
-0.173312068802817770 -0.516470760598049639 0.476224599592103282
-0.586719514182418411 -0.511736533397103788 0.475461014059928577
-0.771141874810578609 -0.343856123481036169 0.474697124078852117
-0.835944165447443543 -0.208998852212057384 0.473932934257688454
-0.858926682977253164 -0.113683590537283219 0.473168449207061581
-0.866621886088356663 -0.044455405922858016 0.472403673539376345
-0.868265281208469908 0.008212654557533228 0.471638611868791302
-0.867399794729886153 0.050059226510412280 0.470873268811190182
-0.865505189008035747 0.084571662966431593 0.470107648984154913
-0.863237056761434918 0.113953750248855623 0.469341757006936922
-0.860894153172681142 0.139659933188656049 0.468575597500429597
-0.858610548523659478 0.162691273016222271 0.467809175087140594
-0.856440302894859284 0.183764903280496827 0.467042494391163687
-0.854396762236716789 0.203414993196772476 0.466275560038151071
-0.852471367169174155 0.222055414777160232 0.465508376655285161
-0.850642624847962603 0.240020294636423048 0.464740948871250947
-0.849228987070257846 0.254096418916634093 0.463973281316208130
-0.847492031084910558 0.271532939088590775 0.463205378621762642
-0.845745843827139021 0.289010398120832124 0.462437245420939558
-0.843934692153656796 0.306754122386165284 0.461668886348154228
-0.841988814308536115 0.324992028716681758 0.460900306039185248
-0.839818941156783350 0.343964951239416228 0.460131509131145422
-0.837308190489600257 0.363937327927958409 0.459362500262455065
-0.834300099552792052 0.385209023038926401 0.458593284072812746
-0.830580773451027543 0.408128991649757134 0.457823865203168145
-0.825851847424705632 0.433111346649112716 0.457054248295693633
-0.819688822079772228 0.460653942397256544 0.456284437993756620
-0.811475702556463174 0.491358318792368132 0.455514438941891142
-0.800300698752118067 0.525946494357719341 0.454744255785770268
-0.784787403448515053 0.565261589440852363 0.453973893172177512
-0.762819537801205705 0.610218107742668714 0.453203355748979131
-0.731096025936014526 0.661615781142681048 0.452432648165096596
-0.684444771541317776 0.719606345384645296 0.451661775070477334
-0.614918478786153910 0.782323024239075626 0.450890741116067750
-0.511239847936561298 0.842673544110586259 0.450119550953784642
-0.361141759095204962 0.882035960169896049 0.449348209236487384
-0.163547470163298736 0.863009107942953491 0.448576720617949509
0.043875689009230223 0.738795326345665027 0.447805089752831120
0.175122177152270131 0.506515341188621404 0.447033321296650354
0.169376720824189475 0.248582901069719892 0.446261419905755630
0.033520802110386903 0.028560171195406742 0.445489390237297223
-0.105630597173420382 -0.062503918390117180 0.444717236949199513
-0.228385665040398866 -0.097234322318410338 0.443944964700132727
-0.326468220802592857 -0.101234508391407602 0.443172578149484575
-0.402363216812527680 -0.090310316300777793 0.442400081957332769
-0.460867653174283465 -0.072889711453267420 0.441627480784416215
-0.506331495966978906 -0.053200407255907023 0.440854779292107424
-0.542109045636948172 -0.033285443651912633 0.440081982142383921
-0.570655189739909363 -0.014085491105550518 0.439309093997800659
-0.593741572607890733 0.004008914586625834 0.438536119521461376
-0.612649286930972981 0.020878865949955194 0.437763063376990780
-0.628313124829987246 0.036536359640808369 0.436989930228506185
-0.641423471373030685 0.051052920403033830 0.436216724740589701
-0.652496940135589121 0.064523448039628173 0.435443451578259699
-0.661925242198618924 0.077048148023812046 0.434670115406943058
-0.670009195759926790 0.088723822458353252 0.433896720892446575
-0.676982624973831992 0.099640017160038452 0.433123272700929207
-0.683029346861187325 0.109877669306888359 0.432349775498873712
-0.688295391991055383 0.119509012425740357 0.431576233953058608
-0.692897903480527599 0.128598080096062550 0.430802652730529700
-0.696931694362706411 0.137201460873465964 0.430029036498572770
-0.700474134800506132 0.145369124103738812 0.429255389924684039
-0.703588834175411737 0.153145226443984150 0.428481717676543417
-0.706328443717871068 0.160568857464112758 0.427708024421985300
-0.708736810300879871 0.167674708581401599 0.426934314828971262
-0.710850646480911008 0.174493662977207808 0.426160593565560908
-0.712700836219935963 0.181053310783878096 0.425386865299884787
-0.714313463547285976 0.187378396737216957 0.424613134700115247
-0.715710628524863779 0.193491208436149364 0.423839406434439070
-0.716911098405520697 0.199411913307917799 0.423065685171028827
-0.717930829903856260 0.205158851854259860 0.422291975578014622
-0.718783389703655184 0.210748794048007060 0.421518282323456672
-0.719480293799564352 0.216197165037440853 0.420744610075315939
-0.720031281369810761 0.221518245672733982 0.419970963501427319
-0.720444535138718645 0.226725352804750868 0.419197347269470222
-0.720726857300847179 0.231831003948609449 0.418423766046941481
-0.720883807776852903 0.236847070607748900 0.417650224501126266
-0.720919809696336733 0.241784924520609290 0.416876727299070882
-0.720838225384060394 0.246655581205351249 0.416103279107553403
-0.720641404646679806 0.251469845572219408 0.415329884593057030
-0.720330705691153206 0.256238465061269627 0.414556548421740223
-0.719906487405569284 0.260972296899543710 0.413783275259410332
-0.719368069843736135 0.265682497798011508 0.413010069771493848
-0.718713657319881127 0.270380746972170516 0.412236936623009365
-0.717940215208213495 0.275079517216028635 0.411463880478538657
-0.717043286798257240 0.279792414507129550 0.410690906002199319
-0.716016729518448525 0.284534615303611016 0.409918017857616057
-0.714852339051651020 0.289323444082008274 0.409145220707892665
-0.713539312840815176 0.294179154619479688 0.408372519215583762
-0.711747224685338686 0.300128824969160490 0.407599918042667209
-0.710050854978584223 0.305225045491311853 0.406827421850515403
-0.708142194918018220 0.310488538844215123 0.406055035299867251
-0.705985376891033578 0.315970791227746850 0.405282763050800465
-0.703530512096261385 0.321740918994357195 0.404510609762702811
-0.700706144634095085 0.327894767418247524 0.403738580094244404
-0.697406117572138773 0.334570195982333285 0.402966678703349568
-0.693465371064349467 0.341974073162310543 0.402194910247168913
-0.688612088372431375 0.350432922562394666 0.401423279382050524
-0.682364229527144817 0.360495309766921623 0.400651790763512761
-0.673777989396362909 0.373159320810644013 0.399880449046215336
-0.660729102204936636 0.390443566320773816 0.399109258883932283
-0.637305702402452878 0.417064830193667302 0.398338224929522700
-0.579752361127684801 0.466145280501913117 0.397567351834903382
-0.286398893480304784 0.529268916457240723 0.396796644251020736
-0.653959959205223096 -0.100684327892660991 0.396026106827822577
-0.743598223744649345 0.174759139871957681 0.395255744214229765
-0.731015218190360305 0.248205558921336944 0.394485561058108725
-0.719848859252172124 0.281906140245825831 0.393715562006243303
-0.711108236176463349 0.302243590197128764 0.392945751704306401
-0.703836676391269345 0.316572058145812796 0.392176134796831943
-0.697409901690456469 0.327709090024457361 0.391406715927187232
-0.691456479932265888 0.336960036335093416 0.390637499737544969
-0.685745472740904249 0.345011162448153275 0.389868490868854556
-0.680123769706502568 0.352257328008272530 0.389099693960814785
-0.674482715811872913 0.358941544172056759 0.388331113651845694
-0.668739728004927425 0.365221255181467863 0.387562754579060531
-0.662827653591639310 0.371202537730208115 0.386794621378237391
-0.656688267223771605 0.376958916340810801 0.386026718683791847
-0.650268058066523102 0.382542236990165097 0.385259051128749030
-0.643515317152003163 0.387989175061713487 0.384491623344714872
-0.636377969338249860 0.393325201905617428 0.383724439961849018
-0.628801822050164438 0.398566983857384760 0.382957505608836291
-0.622386254170698705 0.402698984800032411 0.382190824912859439
-0.613871095980154546 0.407789796253444359 0.381424402499570547
-0.604741259017567145 0.412795078504050617 0.380658242993063167
-0.594920739239514051 0.417704728889927712 0.379892351015845064
-0.584323940778660789 0.422500603618784276 0.379126731188809796
-0.572853733965859369 0.427155006907707968 0.378361388131208842
-0.560399235186741507 0.431628464102918330 0.377596326460623632
-0.546833257095634906 0.435866580416445659 0.376831550792938397
-0.532009391978084278 0.439795690074835155 0.376067065742311524
-0.515758722166537287 0.443316869187623808 0.375302875921148027
-0.497886215483309580 0.446297702709590349 0.374538985940071401
-0.478166989353657534 0.448560939257011404 0.373775400407896752
-0.456342865884142357 0.449868808826265121 0.373012123931601880
-0.432120083718799175 0.449901285225392689 0.372249161116299909
-0.405169844785005229 0.448225921512673431 0.371486516565211977
-0.375134844251144350 0.444256086188355881 0.370724194879638425
-0.341647559420875990 0.437193618577898624 0.369962200658932039
-0.304370684271744685 0.425951578980911350 0.369200538500469633
-0.263077941751677702 0.409054193790861387 0.368439212999625065
-0.217806100357835875 0.384517467995972750 0.367678228749740488
-0.169126918290943506 0.349732326241706359 0.366917590342099198
-0.118605994335724899 0.301416417041805773 0.366157302365898329
-0.069510937624350483 0.235792168508188960 0.365397369408220485
-0.035110669548907056 0.168394446807144549 0.364637796054006091
-0.005723506130916923 0.063840617027365043 0.363878586886026256
-0.002693302933439643 -0.061222426438958415 0.363119746484854844
-0.038689723249175356 -0.197305795094939174 0.362361279428840721
-0.121177916340452219 -0.326073212701484816 0.361603190294080168
-0.245447076599452085 -0.424948068506601384 0.360845483654389343
-0.393350550075011907 -0.477310312407292547 0.360088164081276974
-0.541180069985113144 -0.480468571538375189 0.359331236143916044
-0.670344911879351968 -0.444409208321828286 0.358574704409116762
-0.772313734270122620 -0.384139522929546284 0.357818573441299359
-0.846889269040624004 -0.312980359334551816 0.357062847802465555
-0.898144447814426927 -0.239956354999059263 0.356307532052171694
-0.925850764000136772 -0.183667653016644061 0.355552630747501208
-0.947894079817842017 -0.118020865267315256 0.354798148443037253
-0.959571000832271204 -0.058356035930150651 0.354044089690834618
-0.963812447123833405 -0.004587190404155228 0.353290459040392801
-0.962706510167269380 0.043814081090328305 0.352537261038628369
-0.957696272289134676 0.087536451851420671 0.351784500229847863
-0.949751241464167117 0.127287791991075538 0.351032181155719714
-0.939497276419889893 0.163731618064650364 0.350280308355247205
-0.927308239259617251 0.197463533064183017 0.349528886364741498
-0.916292055809126982 0.222850505405983224 0.348777919717793483
-0.900977189347117347 0.252973342376095700 0.348027412945247028
-0.883867049917649639 0.281679991546313790 0.347277370575171052
-0.864754579663398970 0.309313648864449675 0.346527797132833160
-0.843297050069732324 0.336156736730969408 0.345778697140671221
-0.818995230324548684 0.362422265464539095 0.345030075118266999
-0.791156492806993850 0.388231230134165661 0.344281935582318011
-0.765716014878452755 0.408544357200092911 0.343534283046611377
-0.728918702597749046 0.433337911920131824 0.342787122021995572
-0.685049363408972267 0.456941109868884809 0.342040457016353661
-0.631979521055863080 0.478183478738382239 0.341294292534576271
-0.566980260663030311 0.494768298095981218 0.340548633078533836
-0.486834715836568399 0.502382518510627207 0.339803483147050112
-0.388590889502993919 0.493224113192566704 0.339058847235874428
-0.296607285355684147 0.465142489694030714 0.338314729837655315
-0.170953359125297716 0.388128526489770698 0.337571135441912362
-0.056206087611552644 0.245484275530511165 0.336828068535010128
0.000056267542339661 0.034317126643594216 0.336085533600130215
-0.051826071142886704 -0.201327222639236414 0.335343535117245406
-0.171682968134055425 -0.353663750119484255 0.334602077563091016
-0.367904367478194549 -0.455063055178944631 0.333861165411139194
-0.553333587290941731 -0.466101542685457504 0.333120803131571552
-0.696914840682742009 -0.424403211732782670 0.332380995191252027
-0.797851887095920809 -0.361884368664365463 0.331641746053699893
-0.854405327672675630 -0.308982797121128139 0.330903060179063069
-0.903433297237306698 -0.246020301395095120 0.330164942024091357
-0.935776297364697363 -0.189224943100588350 0.329427396042108855
-0.956980688231573451 -0.139076022414903910 0.328690426682987813
-0.970712235376876231 -0.095057582876561020 0.327954038393121539
-0.977960018445751977 -0.063713187507577429 0.327218235615397535
-0.983724929162069994 -0.028671151014421803 0.326483022789170574
-0.986865853036679397 0.002479688875491104 0.325748404350236054
-0.988145023231466579 0.030395112518828593 0.325014384730803463
-0.988181104856239889 0.050771355664279816 0.324280968359469235
-0.987299247279515679 0.074189344054593154 0.323548159661190049
-0.985625724030678385 0.095695051230026917 0.322815963057256461
-0.983338078682870376 0.115623765743426532 0.322084382965266092
-0.981146796967690027 0.130625065774338911 0.321353423799096927
-0.978021689711401354 0.148411608651572269 0.320623089968880448
-0.974509174063969974 0.165336778224598802 0.319893385880975489
-0.970625593096796635 0.181608759264575481 0.319164315937941478
-0.967245232822101952 0.194289162768283064 0.318435884538511682
-0.962648200653076325 0.209882905664015573 0.317708096077566726
-0.957578161753091073 0.225380736403944459 0.316980954946108506
-0.951934850951410505 0.241002805501845163 0.316254465531233042
-0.946908397403409374 0.253757928083641782 0.315528632216104443
-0.939805698531540834 0.270273642107072332 0.314803459379928152
-0.931499178133369909 0.287770398837323804 0.314078951397925132
-0.923678254684353162 0.302791884554660995 0.313355112641304667
-0.911837234105991712 0.323381419493657396 0.312631947477238548
-0.896635981639963608 0.346806221405692505 0.311909460268834315
-0.876125171648589607 0.374320585034220832 0.311187655375109562
-0.853532050164871547 0.400481964562552528 0.310466537150965005
-0.811748702993417393 0.440419604944716880 0.309746109947158288
-0.740736778869155899 0.490493487960850794 0.309026378110278277
-0.639259979697103020 0.534911186408352446 0.308307345982718140
-0.385085600429635244 0.545114619968928182 0.307589017902649531
-0.007372991998951167 0.163906470090666084 0.306871398203996282
-0.269943914655804029 -0.384459929023507563 0.306154491216408586
-0.771508772240256935 -0.353816095582290935 0.305438301265236245
-0.913515034047770236 -0.209759583333185562 0.304722832671503130
-0.972297407847785067 -0.083637426308132645 0.304008089751880761
-0.990013381277739191 -0.003276972076667994 0.303294076818662772
-0.994205851350017378 0.041707533524473483 0.302580798179738097
-0.994628969858336820 0.083438896599242418 0.301868258138565604
-0.992808090842657864 0.114901377639205771 0.301156460994148056
-0.990686668763245515 0.135150863466570070 0.300445411041005861
-0.987717157920951161 0.156168885106621469 0.299735112569151418
-0.985266304291708472 0.170439342701825369 0.299025569864063145
-0.982224501352244816 0.185907237937106840 0.298316787206659995
-0.979264290660652237 0.199356938313651644 0.297608768873274754
-0.976972105333659968 0.208981930706160612 0.296901519135629122
-0.974207274913295063 0.219882918175891950 0.296195042260807340
-0.972074087444073531 0.227860813460754263 0.295489342511231157
-0.969500021769246545 0.237071746624361812 0.294784424144633184
-0.967020105770754368 0.245580188226833251 0.294080291414031747
-0.965097359930451204 0.251963408314319848 0.293376948567705464
-0.962762154281523563 0.259495061201867494 0.292674399849167044
-0.960942640313697582 0.265212367074453559 0.291972649497137970
-0.958721467894921187 0.272029687724563596 0.291271701745522582
-0.956981777930272171 0.277254804183404369 0.290571560823383868
-0.954846958645937050 0.283539950253817064 0.289872230954915933
-0.953166183422603508 0.288396356703603030 0.289173716359419908
-0.951092977543551266 0.294281786657490829 0.288476021251277581
-0.949452291108664359 0.298861338410765842 0.287779149839927695
-0.947418140707019907 0.304447830566213329 0.287083106329838189
-0.945396435633647281 0.309903931739400673 0.286387894920482278
-0.943783674251899685 0.314189935195513192 0.285693519806313190
-0.941768018125300310 0.319466075264454530 0.284999985176738024
-0.940151614265397950 0.323633879679867231 0.284307295216093381
-0.938120560748906041 0.328792581105265713 0.283615454103619102
-0.936482865545835041 0.332889684297050570 0.282924466013434350
-0.934829616282177867 0.336969824824999764 0.282234335114511015
-0.932734971343278652 0.342059554923310527 0.281545065570649733
-0.931031432701983297 0.346133828485342687 0.280856661540454244
-0.928859328730619049 0.351244797410610932 0.280169127177306077
-0.927080992773104184 0.355359731488604447 0.279482466629339732
-0.924797425232768200 0.360552773075502708 0.278796684039418097
-0.922913769046344701 0.364760070982866724 0.278111783545106850
-0.920475398627524699 0.370104992587519777 0.277427769278649428
-0.918446640310178530 0.374465848990100381 0.276744645366942488
-0.915795711113128519 0.380047781520256645 0.276062415931510929
-0.913567662284437976 0.384638985585958049 0.275381085088483135
-0.911228075611119959 0.389363274194765796 0.274700656948565658
-0.908119198340169298 0.395491023553319110 0.274021135617018741
-0.905457843224027115 0.400604261361433400 0.273342525193631669
-0.901868568499468504 0.407313187945558153 0.272664829772698014
-0.898745198489112385 0.412982630308657395 0.271988053442990652
-0.895350904022135463 0.418973180422412050 0.271312200287737060
-0.890641122503416649 0.427005003700918317 0.270637274384595228
-0.886410063445841168 0.433957575596173262 0.269963279805628786
-0.880378639187720302 0.443467187541069230 0.269290220617281972
-0.874791280886168976 0.451885596202884599 0.268618100880355593
-0.868317953145243737 0.461206155656591898 0.267946924649982543
-0.858549620329782215 0.474472855067566590 0.267276695975603384
-0.848879874518345012 0.486758160382872562 0.266607418900941251
-0.836854142074645591 0.500997386537568756 0.265939097463978480
-0.816838643477513338 0.522490963873038838 0.265271735696931188
-0.794517259437388601 0.543711970579718540 0.264605337626225900
-0.762742539180849777 0.569796834155168908 0.263939907272474572
-0.698108154420414406 0.611061685204485228 0.263275448650450827
-0.605081099856218940 0.649188003397283553 0.262611965769065092
-0.429100811352890188 0.668226954256786687 0.261949462631341390
-0.109388598404267207 0.519597478640245525 0.261287943234391862
-0.182538148395350514 -0.234525332011404575 0.260627411569394229
-0.700585827200884470 -0.263111713602213526 0.259967871621566038
-0.890250449163082935 -0.082056295176923533 0.259309327370142229
-0.949997150687344138 0.068505117417067218 0.258651782788349882
-0.960314182685863660 0.141742221752991782 0.257995241843384959
-0.961096636119659342 0.191919331792108461 0.257339708496387765
-0.958514119245655438 0.228337866898861819 0.256685186702419799
-0.953747447277617955 0.262025762844014354 0.256031680410439610
-0.949637599835153168 0.282865758914626009 0.255379193563278428
-0.945573584202984874 0.300038886840996499 0.254727730097616900
-0.941654292254587411 0.314558165828698721 0.254077293943961557
-0.936998221721225155 0.329988897161203054 0.253427889026620723
-0.933462503329237414 0.340710864009417413 0.252779519263680752
-0.930077297430341954 0.350335149878646501 0.252132188566982385
-0.926822508890323693 0.359091321366529159 0.251485900842097765
-0.923677726613926553 0.367152568144212765 0.250840659988306292
-0.919871954567830663 0.376452019850891551 0.250196469898570972
-0.916905773010687764 0.383393635298954039 0.249553334459515330
-0.913991715700254281 0.389979117058067981 0.248911257551399867
-0.911114996528377574 0.396272253062004032 0.248270243048098749
-0.908262012238721050 0.402325499856676705 0.247630294817075935
-0.905420146205099474 0.408182571618413537 0.246991416719362256
-0.902577576606866216 0.413880366096768870 0.246353612609532258
-0.899006347522246951 0.420826248697839245 0.245716886335680784
-0.896121890607527227 0.426274575854906967 0.245081241739399380
-0.893201721541926119 0.431651861299509609 0.244446682655753811
-0.890235555962001324 0.436978689397044429 0.243813212913260191
-0.887213102904307882 0.442273577732930967 0.243180836333862671
-0.884123940553077636 0.447553382289204271 0.242549556732909621
-0.880957394925976800 0.452833625960168740 0.241919377919131262
-0.877702418876950441 0.458128767428546857 0.241290303694616182
-0.874347468837874175 0.463452423169741834 0.240662337854788411
-0.870880376692773406 0.468817552178191599 0.240035484188385162
-0.866369032107160653 0.475601224272936829 0.239409746477433349
-0.862600955489165266 0.481104653621046652 0.238785128497226773
-0.858675161847754831 0.486688840081485941 0.238161634016303414
-0.854575168726405154 0.492365399884266863 0.237539266796423398
-0.850283002083881745 0.498145867685473198 0.236918030592545070
-0.845778967652938363 0.504041751738897648 0.236297929152803232
-0.841041391072041566 0.510064572929764926 0.235678966218485830
-0.836046320748208727 0.516225886167138381 0.235061145524012804
-0.830767186380593214 0.522537281358547601 0.234444470796911636
-0.825174404804316253 0.529010359797695617 0.233828945757796114
-0.819234923276149107 0.535656679921601819 0.233214574120343354
-0.812911688537389598 0.542487664074270404 0.232601359591271956
-0.806163027819896794 0.549514454857093826 0.231989305870319185
-0.798941925454704993 0.556747705612408383 0.231378416650218466
-0.791195175835455067 0.564197284225236406 0.230768695616677788
-0.782862390210644410 0.571871862251394303 0.230160146448356639
-0.773874831194388157 0.579778351715559026 0.229552772816844636
-0.766657681129752855 0.585863171605786492 0.228946578386638622
-0.756328748212570900 0.594183965602967712 0.228341566815121244
-0.745100941730448052 0.602739333050557491 0.227737741752538220
-0.732859987968077053 0.611520201293775711 0.227135106841976964
-0.719474383157597708 0.620508805918700168 0.226533665719343968
-0.704792607379024272 0.629675504447369416 0.225933422013343488
-0.688639984640013303 0.638974481110753278 0.225334379345455083
-0.670815234860147713 0.648337956349039457 0.224736541329912165
-0.651086846813356268 0.657668383409119928 0.224139911573680239
-0.629189547316812536 0.666827945863458393 0.223544493676434614
-0.611163017094220939 0.673472420439635844 0.222950291230539055
-0.584720668765813079 0.681827380077852041 0.222357307821024419
-0.555188479984770833 0.689292174866951157 0.221765547025566445
-0.522167715612558037 0.695408971362637129 0.221175012414464467
-0.485243250032513174 0.699559309295142873 0.220585707550619681
-0.444013308693207986 0.700915865549693096 0.219997635989513968
-0.410059248901577966 0.699454392699552896 0.219410801279188383
-0.360579282119580902 0.693100905328883354 0.218825206960221313
-0.306335577684773819 0.680143125184400898 0.218240856565707519
-0.247809566541087267 0.658513225153045556 0.217657753621236849
-0.186197018823204080 0.625825745682427548 0.217075901644872893
-0.139254092942944357 0.592546562190244597 0.216495304147131529
-0.078389419971074570 0.534682016626645717 0.215915964630959911
-0.023828758248977872 0.460124509204838772 0.215337886591715516
0.018560193105736922 0.369160274304394076 0.214761073517145018
0.038562696167127652 0.291805154942533951 0.214185528887362697
0.045112286572883645 0.180942807919772353 0.213611256174830066
0.025825822184061407 0.068534246538583241 0.213038258844334860
-0.005481958537232348 -0.011416366322404739 0.212466540352969940
-0.066562655401655887 -0.105695538940419193 0.211896104150112174
-0.143678753777118334 -0.180768755423380167 0.211326953677402479
-0.229202371815960565 -0.234339990113773267 0.210759092368723977
-0.294607390557598936 -0.260840431892860880 0.210192523650182150
-0.379108495032235870 -0.280160684600075260 0.209627250940083665
-0.457248788958159458 -0.284591019160618186 0.209063277648916135
-0.510495344126654427 -0.280449225232790589 0.208500607179326947
-0.573810140081327358 -0.267746196148272553 0.207939242926103607
-0.628511694840640844 -0.249445179346712231 0.207379188276152232
-0.664270125891092134 -0.233396287133222358 0.206820446608478120
-0.705629505799694190 -0.210236235961758333 0.206263021294164489
-0.732428417296398404 -0.192211128091513112 0.205706915696352854
-0.763275402887581222 -0.167999784297029997 0.205152133170222351
-0.789320768540729523 -0.144119566666116861 0.204598677062969414
-0.806162506898197462 -0.126660061586599038 0.204046550713787689
-0.825559441944808903 -0.104171794968021647 0.203495757453848236
-0.838125989112756820 -0.087974165006468819 0.202946300606278940
-0.852633288503423126 -0.067323559468372818 0.202398183486144662
-0.862056372853146957 -0.052556163772341180 0.201851409400427062
-0.872962564973910116 -0.033816998335012283 0.201305981648004950
-0.880063852909294120 -0.020456979666840569 0.200761903519634410
-0.888300044313332759 -0.003531263635274895 0.200219178297928596
-0.895325349980546470 0.012431283032083851 0.199677809257337857
-0.899909827641057980 0.023807090559037458 0.199137799664130727
-0.905233455765152462 0.038229043173107491 0.198599152776373439
-0.908706364292062863 0.048519269508779772 0.198061871843910497
-0.911787048184418580 0.058386082759667723 0.197525960108345194
-0.915355603846551347 0.070924478704918970 0.196991420803020012
-0.917674070149313348 0.079894817417540620 0.196458257152997223
-0.920346589002796089 0.091318286145510186 0.195926472375038851
-0.922071298324698807 0.099509408406417921 0.195396069677588241
-0.924041634274392121 0.109965012556252184 0.194867052260749796
-0.925298190317874081 0.117480285614633639 0.194339423316269994
-0.926711473210295233 0.127096870449333543 0.193813186027518514
-0.927594280140317640 0.134026468105496455 0.193288343569468529
-0.928339889220075265 0.140729678080255660 0.192764899108677640
-0.929140482203154261 0.149338390194432902 0.192242855803268775
-0.929608894618494386 0.155564587338773208 0.191722216802911405
-0.930074227215946348 0.163581415811749897 0.191202985248802360
-0.930313834906860704 0.169394681346431708 0.190685164273646623
-0.930467255678723681 0.175048512873331674 0.190168757001638655
-0.930548043491396304 0.182355596238785278 0.189653766548444014
-0.930522609105178589 0.187674142211844475 0.189140196021179541
-0.930428570340812611 0.192863524325950997 0.188628048518395514
-0.930203405637790692 0.199595656187538939 0.188117327130056300
-0.929964252032494887 0.204514313473303289 0.187608034937522289
-0.929668260475917996 0.209329153970726212 0.187100175013531100
-0.929318083650082172 0.214047001844782703 0.186593750422178684
-0.928770837758497336 0.220197806228658532 0.186088764218901248
-0.928302664881572426 0.224714183652365895 0.185585219450456806
-0.927786814575853436 0.229154218461251169 0.185083119154906633
-0.927027133948169269 0.234965257186140253 0.184582466361596864
-0.926404830960987136 0.239248800228050673 0.184083264091140619
-0.925738385376183803 0.243474076586513155 0.183585515355399187
-0.925028364522565427 0.247646119350095562 0.183089223157464454
-0.924275126910808265 0.251769813855314384 0.182594390491640279
-0.923203827275776101 0.257201065331883472 0.182101020343424957
-0.922350023676202557 0.261230240027433780 0.181609115689492451
-0.921452771999684561 0.265226494259448942 0.181118679497675406
-0.920511588918384582 0.269194258961129695 0.180629714726946222
-0.919525801886010186 0.273137900198023087 0.180142224327400208
-0.918140515347178887 0.278366016363096880 0.179656211240236729
-0.917046959605318124 0.282270090544195273 0.179171678397742395
-0.915905160122559181 0.286164307846188015 0.178688628723273041
-0.914713586147622104 0.290052915854101923 0.178207065131235742
-0.913470490570817528 0.293940171958608387 0.177726990527071554
-0.912173899189173465 0.297830357457544048 0.177248407807238162
-0.910821597914696857 0.301727791861786332 0.176771319859192089
-0.909411117745836384 0.305636847527188282 0.176295729561371350
-0.907939717297182147 0.309561964645951315 0.175821639783178052
-0.906404362633378313 0.313507666717324607 0.175349053384961262
-0.904251900514071671 0.318808630268430482 0.174877973217999694
-0.902553697227089335 0.322820544384857078 0.174408402124484219
-0.900778990596057372 0.326868933799523365 0.173940342937500991
-0.898923165300948290 0.330958876575326522 0.173473798481014518
-0.896981145569285876 0.335095627655223660 0.173008771569850284
-0.894947348473396742 0.339284639051846693 0.172545265009677762
-0.892815630710380059 0.343531581032469779 0.172083281596993737
-0.890579227907019044 0.347842364311152008 0.171622824119105372
-0.888230685316706015 0.352223163262519179 0.171163895354113277
-0.885761778577347947 0.356680440117232378 0.170706498070894802
-0.883163422952578436 0.361220970061463476 0.170250635029087161
-0.880425569192277879 0.365851867075236870 0.169796308979071303
-0.878517385010620044 0.368993013241133927 0.169343522661954737
-0.875521695982773629 0.373791334568357780 0.168892278809555235
-0.872354025753255380 0.378700850274984735 0.168442580144384513
-0.868999615257190827 0.383730140793015595 0.167994429379631272
-0.865442000272429679 0.388888244019516327 0.167547829219145628
-0.861662774608359161 0.394184675167655596 0.167102782357422014
-0.857641314036635682 0.399629441216135084 0.166659291479583554
-0.853354453560641324 0.405233047282240078 0.166217359261365216
-0.848776109082150398 0.411006491185020917 0.165776988369098488
-0.845547555317089694 0.414955453284802489 0.165338181459694394
-0.840416068433168739 0.421037657449566893 0.164900941180628258
-0.834905627356814950 0.427321186518712426 0.164465270169923072
-0.828974981757744867 0.433818441174824487 0.164031171056134129
-0.822577072522368336 0.440541923036666672 0.163598646458332858
-0.815658049782000627 0.447503989118104850 0.163167698986090987
-0.810725703924283891 0.452283803336085755 0.162738331239465017
-0.802796238428186593 0.459669389112583593 0.162310545808980133
-0.794159199573496011 0.467322600506985320 0.161884345275615377
-0.784723909588354918 0.475250884604494162 0.161459732210787160
-0.777938927026063043 0.480691318856121375 0.161036709176334170
-0.766930800825274206 0.489084034243954080 0.160615278724501848
-0.754803540473416357 0.497748977791357350 0.160195443397927406
-0.741398111777484381 0.506669798214373301 0.159777205729623673
-0.731660280138939578 0.512744823479770240 0.159360568242964351
-0.715694532366917380 0.522014543931278663 0.158945533451668869
-0.697878697370989176 0.531409855746025839 0.158532103859786916
-0.684834437720284739 0.537693491549727565 0.158120281961683429
-0.663276182182618079 0.547042009943023988 0.157710070242023437
-0.638994343482554350 0.556116058547800440 0.157301471175757601
-0.621084215002308815 0.561875474545176057 0.156894487228106394
-0.591281118835792485 0.569793379791084131 0.156489120854546221
-0.557480840033674041 0.576371439861280921 0.156085374500793544
-0.532446386297675822 0.579661584944121899 0.155683250602791229
-0.490712397654886778 0.582238852771781112 0.155282751586692802
-0.459864013167169572 0.581839048338602893 0.154883879868848662
-0.408728637051368193 0.576848771244784286 0.154486637855791142
-0.351609004797147462 0.564692138229119234 0.154091027944219749
-0.310343916072343240 0.551301431041066325 0.153697052520987060
-0.244486139099401756 0.520922059035457741 0.153304713963084344
-0.198908681338199445 0.492272170014892485 0.152914014637626994
-0.130860046394036506 0.434085320018325782 0.152524956901840314
-0.088179621881801368 0.383918413575076001 0.152137543103045308
-0.033869681551736336 0.290787537055782808 0.151751775578644582
-0.008051051121079553 0.217579257495684852 0.151367656656108324
0.008473528973391604 0.095423950217022643 0.150985188652959929
0.001787113648950667 0.010071197595772196 0.150604373876762149
-0.036420395607878846 -0.114406914589422398 0.150225214625103520
-0.079192951154879912 -0.189438114140865588 0.149847713185584097
-0.163102659981289144 -0.282571501732881314 0.149471871835801767
-0.227388503445607182 -0.329372726695499884 0.149097692843338375
-0.294438529234735957 -0.363619793836415961 0.148725178465746399
-0.394054339970587364 -0.393385959589465151 0.148354330950535129
-0.456832501102698851 -0.401008289520538685 0.147985152535156927
-0.542528785357443755 -0.398430277077766792 0.147617645446993906
-0.593257614287206803 -0.389776862672550961 0.147251811903344576
-0.638773031869527608 -0.377242685674157696 0.146887654111410415
-0.697757193158832889 -0.353640318584073243 0.146525174268282266
-0.731418489804998351 -0.335979918042370151 0.146164374560927651
-0.761047173038435054 -0.317539389141631601 0.145805257166176955
-0.798876562001579971 -0.289408385554458747 0.145447824250710761
-0.820283954834926998 -0.270804547835331477 0.145092077971046479
-0.839075551481530679 -0.252571735322691282 0.144738020473525603
-0.863068724406689247 -0.226208082787857423 0.144385653894300470
-0.876680105271360088 -0.209406208390493342 0.144034980359321579
-0.888668070852618008 -0.193273201599779565 0.143686001984324796
-0.899240599041986277 -0.177825375753630832 0.143338720874818359
-0.912833357565379422 -0.155935642511068062 0.142993139126070229
-0.920604447512695323 -0.142178114577186321 0.142649258823095815
-0.927492378191766553 -0.129064908268471668 0.142307082040644906
-0.933605888557119457 -0.116570606882614558 0.141966610843189456
-0.939039129530516270 -0.104667501890734371 0.141627847284910818
-0.946089012789800288 -0.087858240775440410 0.141290793409687837
-0.950155460830776510 -0.077306733239351166 0.140955451251084163
-0.953783378788094272 -0.067245776518589706 0.140621822832335985
-0.957022830444644090 -0.057647910963223081 0.140289910166339848
-0.959917528066514758 -0.048486795518746295 0.139959715255640799
-0.962505710303050432 -0.039737334619016351 0.139631240092419895
-0.965885448450443551 -0.027333328243839772 0.139304486658482385
-0.967845187813741847 -0.019511848106163077 0.138979456925245687
-0.969599022834987334 -0.012024559770743126 0.138656152853727538
-0.971168401291798822 -0.004852237130086978 0.138334576394534364
-0.972572283740882670 0.002023134793017134 0.138014729487848986
-0.973827462960865753 0.008618418928029059 0.137696614063419348
-0.974948838775112847 0.014949388889602455 0.137380232040546862
-0.975949654893240925 0.021030792985089253 0.137065585328074641
-0.976841703385853632 0.026876417857171153 0.136752675824376058
-0.977635501530964124 0.032499150580987513 0.136441505417343317
-0.978340445056214536 0.037911038558861188 0.136132075984376016
-0.978964941160163638 0.043123346569238830 0.135824389392369904
-0.979516524206630157 0.048146610895385133 0.135518447497705474
-0.980001956518059991 0.052990690107025229 0.135214252146237057
-0.980427316364165802 0.057664812954160816 0.134911805173281107
-0.980798074914885909 0.062177622808965605 0.134611108403605934
-0.981119163623535906 0.066537219040629647 0.134312163651419847
-0.981395033387234439 0.070751195826779356 0.134014972720361059
-0.981629706541729763 0.074826677786467288 0.133719537403486022
-0.981826822645992858 0.078770353233200863 0.133425859483258913
-0.981989678871003413 0.082588504830020615 0.133133940731541361
-0.982059205139268365 0.084452368653657461 0.132843782909580932
-0.982176191546893840 0.088093196606754520 0.132555387768000910
-0.982265887219907041 0.091622614092150001 0.132268757046789781
-0.982330646249380823 0.095045694280445958 0.131983892475290826
-0.982372611776568316 0.098367216820803738 0.131700795772191348
-0.982393736823819919 0.101591687779017226 0.131419468645512461
-0.982395802854278521 0.104723358142262690 0.131139912792598762
-0.982390202646536315 0.106255656018838796 0.130862129900108481
-0.982366685418904373 0.109255579833188177 0.130586121644002573
-0.982327916631688058 0.112172323556877174 0.130311889689535138
-0.982275196607364176 0.115009371821778839 0.130039435691243210
-0.982243980965403218 0.116399047473115913 0.129768761292936907
-0.982172535103125410 0.119122679199012316 0.129499868127689266
-0.982089930829412650 0.121774532509458300 0.129232757817826449
-0.981997126557955569 0.124357486417898122 0.128967431974918306
-0.981947177237505464 0.125623984785812048 0.128703892199768077
-0.981840699962774677 0.128108664366168856 0.128442140082403289
-0.981726089866906015 0.130531010356908728 0.128182177202065650
-0.981665959893737283 0.131719561987231337 0.127924005127202034
-0.981540468115955078 0.134052863952749068 0.127667625415454483
-0.981408518879886671 0.136329602888400181 0.127413039613651358
-0.981340305399243107 0.137447425274883905 0.127160249257797620
-0.981199740674957743 0.139643247442717999 0.126909255873065646
-0.981054080910940596 0.141787596832918250 0.126660060973786071
-0.980979489245579872 0.142841056386483090 0.126412666063438650
-0.980827059621937836 0.144911670887310606 0.126167072634643274
-0.980749326030806667 0.145929260212022849 0.125923282169150691
-0.980591066928880428 0.147930051049081024 0.125681296137833798
-0.980429390565975334 0.149886332588689941 0.125441116000678810
-0.980347378720985763 0.150848268026205878 0.125202743206776296
-0.980181208743699406 0.152740661084281026 0.124966179194312452
-0.980097126350081838 0.153671479243650044 0.124731425390560466
-0.979927145150427115 0.155503230077874310 0.124498483211871971
-0.979841313566879091 0.156404499682516407 0.124267354063668414
-0.979668126798193484 0.158178641930506181 0.124038039340432532
-0.979580831295626231 0.159051829796698463 0.123810540425700069
-0.979404976671860883 0.160771201607671776 0.123584858692051325
-0.979316470548198925 0.161617680793144480 0.123360995501102993
-0.979227612174369932 0.162455547084215890 0.123138952203499741
-0.979048933732654225 0.164105997573686824 0.122918730138906251
-0.978959158898534021 0.164918852781416048 0.122700330635999083
-0.978778844572349316 0.166520479571677094 0.122483755012458659
-0.978688345238435731 0.167309505616510701 0.122269004574961190
-0.978506756823165458 0.168864599695424500 0.122056080619171087
-0.978415703379769242 0.169630906902297096 0.121844984429732739
-0.978324499713587592 0.170389876314737065 0.121635717280263234
-0.978141705562305730 0.171886254082105117 0.121428280433344166
-0.978050145440704233 0.172623882986937649 0.121222675140514505
-0.977958495868988864 0.173354615312089289 0.121018902642262602
-0.977774982717861452 0.174795807834492223 0.120816964168019139
-0.977683144966379203 0.175506471765283945 0.120616860936149317
-0.977591269459449297 0.176210646684323624 0.120418594153945749
-0.977499367854247625 0.176908429609314910 0.120222165017621091
-0.977315530643586783 0.178285198323289040 0.120027574712300855
-0.977223616069382683 0.178964369052481087 0.119834824412016289
-0.977131717491103169 0.179637517759146437 0.119643915279697144
-0.977039844379545164 0.180304732623200237 0.119454848467164781
-0.976856210496990340 0.181621705379639953 0.119267625115125314
-0.976764466766608885 0.182271631579662974 0.119082246353162544
-0.976672782610840340 0.182915960626632401 0.118898713299731174
-0.976581165679321517 0.183554772867948857 0.118717027062150135
-0.976489623295434317 0.184188147194658536 0.118537188736595883
-0.976306789902274152 0.185438890570676196 0.118359199408095833
-0.976215512011123110 0.186056410403656447 0.118183060150521657
-0.976124334924355352 0.186668793955350576 0.118008772026582914
-0.976033264499903908 0.187276113308545156 0.117836336087820667
-0.975942306333034471 0.187878439273629683 0.117665753374601195
-0.975851465764977388 0.188475841423071777 0.117497024916109374
-0.975760747892608915 0.189068388113622754 0.117330151730342946
-0.975670157576861374 0.189656146512814927 0.117165134824105996
-0.975579699450878857 0.190239182628424819 0.117001975193003135
-0.975489377928125179 0.190817561331175112 0.116840673821433358
-0.975399197209982249 0.191391346381581673 0.116681231682584041
-0.975309161293667959 0.191960600449966989 0.116523649738425272
-0.975219273978665591 0.192525385145583872 0.116367928939703880
-0.975129538874545343 0.193085761032915415 0.116214070225937813
-0.975039959407072887 0.193641787658262177 0.116062074525410328
-0.974950538824736812 0.194193523570087845 0.115911942755164490
-0.974861280205032266 0.194741026340691570 0.115763675820997711
-0.974772186461178802 0.195284352581558351 0.115617274617456051
-0.974683260346911773 0.195823557969826978 0.115472740027829104
-0.974594504462829914 0.196358697263552484 0.115330072924144461
-0.974505921261596963 0.196889824321571372 0.115189274167162514
-0.974417513053367657 0.197416992120657164 0.115050344606371285
-0.974329282010808040 0.197940252774762016 0.114913285079981331
-0.974241230174013872 0.198459657550517587 0.114778096414920497
-0.974153359455692591 0.198975256883650309 0.114644779426829185
-0.974153359455692591 0.198975256883650309 0.114513334920055415
-0.974065671644891329 0.199487100398819506 0.114383763687649603
-0.973978168412608980 0.199995236920186392 0.114256066511360263
-0.973890851315244888 0.200499714491697678 0.114130244161628980
-0.973803721799433197 0.201000580387462546 0.114006297397585929
-0.973716781205704374 0.201497881129983514 0.113884226967045130
-0.973716781205704374 0.201497881129983514 0.113764033606500142
-0.973630030772548838 0.201991662502921054 0.113645718041119337
-0.973543471640675673 0.202481969563073128 0.113529280984741868
-0.973457104855529387 0.202968846659336566 0.113414723139873122
-0.973457104855529387 0.202968846659336566 0.113302045197680529
-0.973370931372641413 0.203452337437513731 0.113191247837989437
-0.973284952059792818 0.203932484859564167 0.113082331729278909
-0.973284952059792818 0.203932484859564167 0.112975297528677909
-0.973199167700696810 0.204409331214371437 0.112870145881961009
-0.973113578998454520 0.204882918128352076 0.112766877423544909
-0.973113578998454520 0.204882918128352076 0.112665492776484119
-0.973028186578971277 0.205353286577856564 0.112565992552467672
-0.972942990993393764 0.205820476901298510 0.112468377351815099
-0.972942990993393764 0.205820476901298510 0.112372647763472971
-0.972857992721941844 0.206284528808409529 0.112278804365011281
-0.972773192176110468 0.206745481393375508 0.112186847722619942
-0.972773192176110468 0.206745481393375508 0.112096778391105545
-0.972688589702111917 0.207203373142654801 0.112008596913887773
-0.972688589702111917 0.207203373142654801 0.111922303822996186
-0.972604185582887304 0.207658241949092104 0.111837899639067123
-0.972604185582887304 0.207658241949092104 0.111755384871340541
-0.972519980041474441 0.208110125118087907 0.111674760017656721
-0.972519980041474441 0.208110125118087907 0.111596025564453569
-0.972435973243821472 0.208559059376782985 0.111519181986763555
-0.972435973243821472 0.208559059376782985 0.111444229748210735
-0.972352165300202298 0.209005080888298445 0.111371169301008127
-0.972352165300202298 0.209005080888298445 0.111300001085954892
-0.972268556268977457 0.209448225255155274 0.111230725532433697
-0.972268556268977457 0.209448225255155274 0.111163343058408165
-0.972185146158050184 0.209888527533243552 0.111097854070420235
-0.972185146158050184 0.209888527533243552 0.111034258963587817
-0.972185146158050184 0.209888527533243552 0.110972558121602394
-0.972101934927744549 0.210326022236318189 0.110912751916726629
-0.972101934927744549 0.210326022236318189 0.110854840709792277
-0.972018922492516979 0.210760743348699320 0.110798824850197819
-0.972018922492516979 0.210760743348699320 0.110744704675906469
-0.972018922492516979 0.210760743348699320 0.110692480513444172
-0.971936108724337666 0.211192724327162851 0.110642152677897440
-0.971936108724337666 0.211192724327162851 0.110593721472911730
-0.971936108724337666 0.211192724327162851 0.110547187190689372
-0.971853493452994099 0.211621998118016685 0.110502550111987896
-0.971853493452994099 0.211621998118016685 0.110459810506118417
-0.971853493452994099 0.211621998118016685 0.110418968630943887
-0.971853493452994099 0.211621998118016685 0.110380024732877557
-0.971771076470545059 0.212048597153801366 0.110342979046881562
-0.971771076470545059 0.212048597153801366 0.110307831796465444
-0.971771076470545059 0.212048597153801366 0.110274583193684828
-0.971771076470545059 0.212048597153801366 0.110243233439140137
-0.971771076470545059 0.212048597153801366 0.110213782721975392
-0.971688857530806471 0.212472553372952844 0.110186231219877029
-0.971688857530806471 0.212472553372952844 0.110160579099072869
-0.971688857530806471 0.212472553372952844 0.110136826514331099
-0.971688857530806471 0.212472553372952844 0.110114973608959388
-0.971688857530806471 0.212472553372952844 0.110095020514803896
-0.971688857530806471 0.212472553372952844 0.110076967352248589
-0.971688857530806471 0.212472553372952844 0.110060814230214563
-0.971688857530806471 0.212472553372952844 0.110046561246159164
-0.971606836353214764 0.212893898217848154 0.110034208486075674
-0.971606836353214764 0.212893898217848154 0.110023756024492547
-0.971606836353214764 0.212893898217848154 0.110015203924473198
-0.971606836353214764 0.212893898217848154 0.110008552237615381
-0.971606836353214764 0.212893898217848154 0.110003801004051049
-0.971606836353214764 0.212893898217848154 0.110000950252446050
-0.971606836353214764 0.212893898217848154 0.110000000000000001
