0.065752825891963740 0.824928523439957040 0.739999999999999991
0.065752825891963740 0.824928523439957040 0.739999049747553928
0.065752825891963740 0.824928523439957040 0.739996198995948928
0.065752825891963740 0.824928523439957040 0.739991447762384680
0.065752825891963740 0.824928523439957040 0.739984796075526807
0.065752825891963740 0.824928523439957040 0.739976243975507431
0.082232996307112338 0.812695187720007484 0.739965791513924276
0.082232996307112338 0.812695187720007484 0.739953438753840897
0.082232996307112338 0.812695187720007484 0.739939185769785457
0.082232996307112338 0.812695187720007484 0.739923032647751389
0.082232996307112338 0.812695187720007484 0.739904979485196068
0.082232996307112338 0.812695187720007484 0.739885026391040590
0.082232996307112338 0.812695187720007484 0.739863173485668879
0.082232996307112338 0.812695187720007484 0.739839420900927136
0.082232996307112338 0.812695187720007484 0.739813768780122949
0.100589134099777877 0.797572743824090380 0.739786217278024627
0.100589134099777877 0.797572743824090380 0.739756766560859869
0.100589134099777877 0.797572743824090380 0.739725416806315206
0.100589134099777877 0.797572743824090380 0.739692168203534561
0.121070612407219225 0.778614436690713063 0.739657020953118471
0.121070612407219225 0.778614436690713063 0.739619975267122420
0.121070612407219225 0.778614436690713063 0.739581031369056063
0.121070612407219225 0.778614436690713063 0.739540189493881561
0.143888636839692885 0.754467322657135564 0.739497449888012137
0.143888636839692885 0.754467322657135564 0.739452812809310633
0.143888636839692885 0.754467322657135564 0.739406278527088290
0.143888636839692885 0.754467322657135564 0.739357847322102524
0.169106611085630187 0.723164001656221300 0.739307519486555820
0.169106611085630187 0.723164001656221300 0.739255295324093509
0.169106611085630187 0.723164001656221300 0.739201175149802103
0.196385060027797209 0.681804650884741736 0.739145159290207743
0.196385060027797209 0.681804650884741736 0.739087248083273307
0.224397151554256935 0.626102677144983799 0.739027441878397529
0.224397151554256935 0.626102677144983799 0.738965741036412216
0.224397151554256935 0.626102677144983799 0.738902145929579812
0.249506564755737598 0.549872457508323254 0.738836656941591730
0.249506564755737598 0.549872457508323254 0.738769274467566239
0.262890913307649798 0.445030188293834006 0.738699998914045142
0.262890913307649798 0.445030188293834006 0.738628830698991878
0.245063451039723462 0.304447414451253395 0.738555770251789201
0.245063451039723462 0.304447414451253395 0.738480818013236395
0.159750070324550797 0.134365871697887856 0.738403974435546395
0.159750070324550797 0.134365871697887856 0.738325239982343340
-0.034737176608891480 -0.016692479181305647 0.738244615128659576
-0.034737176608891480 -0.016692479181305647 0.738162100360932882
-0.321512673256557080 -0.049469521594327714 0.738077696177003806
-0.321512673256557080 -0.049469521594327714 0.737991403086112219
-0.578918796226131294 0.083531308643466196 0.737903221608894433
-0.578918796226131294 0.083531308643466196 0.737813152277379980
-0.708155120005937055 0.296185691778482141 0.737721195634988725
-0.727346208163521246 0.488443204610208459 0.737627352236526979
-0.727346208163521246 0.488443204610208459 0.737531622648184837
-0.693145229862828449 0.628726260987761965 0.737434007447532291
-0.642273653084666218 0.723985039457664903 0.737334507223515900
-0.642273653084666218 0.723985039457664903 0.737233122576455124
-0.590676716363489507 0.787985367016007743 0.737129854118038996
-0.543792797167971909 0.831577620977687726 0.737024702471322124
-0.543792797167971909 0.831577620977687726 0.736917668270721027
-0.502815380777159926 0.861932959590892334 0.736808752162010583
-0.467436585632161561 0.883582291513907103 0.736697954802319477
-0.467436585632161561 0.883582291513907103 0.736585276860126870
-0.436918768239494937 0.899383841982732690 0.736470719015258179
-0.410483736565879498 0.911167407532343043 0.736354281958880641
-0.387438311320094653 0.920128754928492665 0.736235966393499863
-0.367201881390045504 0.927066722346320704 0.736115773032954834
-0.367201881390045504 0.927066722346320704 0.735993702602414035
-0.349300017811824737 0.932526622005893646 0.735869755838370998
-0.333348462021287206 0.936888351614011960 0.735743933488639756
-0.319036326670341153 0.940421599125098151 0.735616236312350402
-0.306111361691812078 0.943321146731390225 0.735486665079944646
-0.306111361691812078 0.943321146731390225 0.735355220573170709
-0.294367883575971157 0.945729909225366927 0.735221903585079439
-0.283637178128385903 0.947754261818527732 0.735086714920018758
-0.273779967767893817 0.949474425466179994 0.734949655393628665
-0.264680524483958901 0.950951624151350261 0.734810725832837464
-0.256242067009964603 0.952233096131547274 0.734669927075855544
-0.248383151038746530 0.953355654501151561 0.734527259972170943
-0.241034825257581187 0.954348251695426919 0.734382725382543899
-0.234138378582119611 0.955233850060754452 0.734236324179002309
-0.227643545256452973 0.956030802355490872 0.734088057244835501
-0.221507066119621843 0.956753881742232970 0.733937925474589692
-0.215691528379581554 0.957415058105008043 0.733785929774062096
-0.210164424395813454 0.958024088726946887 0.733632071060296154
-0.204897383670517186 0.958588971707706516 0.733476350261574761
-0.199865542617177483 0.959116296903648413 0.733318768317415937
-0.195047024579580619 0.959611519658008172 0.733159326178566717
-0.190422508550701974 0.960079175864099410 0.732998024806996828
-0.185974869657020980 0.960523052087895790 0.732834865175894024
-0.181688878021665445 0.960946321006021176 0.732669848269657087
-0.177550945359702617 0.961351649883309456 0.732502975083890617
-0.173548910784660781 0.961741287950801937 0.732334246625398921
-0.169671859010860626 0.962117137167416203 0.732163663912179352
-0.165909965403572446 0.962480809815406180 0.731991227973417091
-0.162254363416016678 0.962833675606378447 0.731816939849478376
-0.155230691245564989 0.963511478039498881 0.731640800591904172
-0.151848730046582503 0.963838256999352216 0.731462811263404067
-0.148545119990680652 0.964157962194167717 0.731282972937849940
-0.145314357557774165 0.964471213440582620 0.731101286700268749
-0.142151406949481807 0.964778540822005870 0.730917753646837420
-0.139051651135962795 0.965080397617524066 0.730732374884874636
-0.133025096921428942 0.965669192258000075 0.730545151532835280
-0.130090796565969391 0.965956742600973972 0.730356084720302889
-0.127204624181539050 0.966240061813155915 0.730165175587983772
-0.124363504988948159 0.966519352913715490 0.729972425287699123
-0.118805234226880663 0.967066508375112210 0.729777834982378915
-0.116082980269889169 0.967334636139726700 0.729581405846054243
-0.113395539653625921 0.967599269216700253 0.729383139063850661
-0.108116706655161932 0.968118356844649641 0.729183035831980852
-0.105521460346028384 0.968372925997882716 0.728981097357737307
-0.102953296713804876 0.968624233337393115 0.728777324859485542
-0.100410581371009944 0.968872305830771108 0.728571719566655895
-0.095395450873588084 0.969358807138279932 0.728364282719736744
-0.092920236533480416 0.969597246075010855 0.728155015570267294
-0.088028109456030845 0.970064474214250128 0.727943919380828919
-0.085608850421672655 0.970293235356196382 0.727730995425038829
-0.083206003200235246 0.970518734195033872 0.727516244987541416
-0.078445514368801483 0.970959838188153124 0.727299669364000922
-0.076085986597327460 0.971175380694071722 0.727081269861093782
-0.071403997025232979 0.971596265869589804 0.726861047796500293
-0.069079913888575206 0.971801527681780630 0.726639004498896957
-0.066766087281130038 0.972003277548078914 0.726415141307948709
-0.062166355052551248 0.972396053632652801 0.726189459574299923
-0.059879102485039026 0.972586980840811188 0.725961960659567529
-0.055326667470498248 0.972957652000457474 0.725732645936331688
-0.053060298556994456 0.973137286089371001 0.725501516788128020
-0.048544462525108967 0.973484864417913265 0.725268574609439609
-0.046293939271053020 0.973652689242126224 0.725033820805687568
-0.041805180838369316 0.973976100416323542 0.724797256793223710
-0.037329664880749625 0.974282763401751239 0.724558883999321224
-0.035095750443940976 0.974429647509507224 0.724318703862166235
-0.030633480265774116 0.974710174455606593 0.724076717830849370
-0.028404308820050017 0.974843674206805844 0.723832927365356760
-0.023947933489361140 0.975096777030631023 0.723587333936561383
-0.021719974458140556 0.975216227665649860 0.723339939026213963
-0.017262689615024029 0.975440533953619071 0.723090744126934415
-0.012801238183705876 0.975644835633403762 0.722839750742202303
-0.010568095770825292 0.975739273741574209 0.722586960386348620
-0.006095319835933366 0.975912285863455242 0.722332374584545467
-0.001611736418538789 0.976063537464845421 0.722075994872797944
0.000634899480865370 0.976130766916991965 0.721817822797934383
0.005139411160374308 0.976247941033708155 0.721557859917596800
0.009660944389711268 0.976341384474752161 0.721296107800231900
0.011928848579634221 0.976378940974347298 0.721032568025081755
0.016480425678965460 0.976435167290585548 0.720767242182173473
0.021055005368761204 0.976465435731379450 0.720500131872310767
0.025654951952072125 0.976468771869310803 0.720231238707063071
0.027965175955033061 0.976460021306528647 0.719960564308756767
0.032607604641837262 0.976421013781403335 0.719688110310464868
0.037281322978316600 0.976352394416062030 0.719413878355997460
0.041988727806103909 0.976252982013054438 0.719137870099891496
0.046732244409590173 0.976121525184473815 0.718860087207401133
0.049118312321146107 0.976043368455128402 0.718580531354487628
0.053920626327931098 0.975861330824452478 0.718299204227808685
0.058765293271769048 0.975643774220026794 0.718016107524709124
0.063654902051984430 0.975389152822978223 0.717731242953210224
0.068592106616449322 0.975095820354757725 0.717444612231999179
0.073579634236121905 0.974762021554971159 0.717156217090419101
0.076093143591793477 0.974579366684728998 0.716866059268458589
0.081161450701744242 0.974181315700727746 0.716574140516741065
0.086287275908790706 0.973737869979927284 0.716280462596514012
0.091473671277252866 0.973246813200822736 0.715985027279638975
0.096723802279936877 0.972705770291196425 0.715687836348580131
0.102040957602934357 0.972112193157073534 0.715388891596394072
0.107428559377830579 0.971463344937825157 0.715088194826718926
0.112890173883978484 0.970756282610379606 0.714785747853762921
0.118429522763487449 0.969987837742090964 0.714481552502294504
0.124050494800244382 0.969154595161565657 0.714175610607630129
0.129757158281249896 0.968252869291066243 0.713867924015623934
0.135553774001808069 0.967278677840597512 0.713558494582656633
0.141444808930980492 0.966227712525143501 0.713247324175623976
0.147434950562258971 0.965095306420536092 0.712934414671925309
0.153529121973975669 0.963876397509727090 0.712619767959453143
0.159732497600028667 0.962565487913324080 0.712303385936580713
0.166050519692536480 0.961156598217175806 0.711985270512151103
0.172488915454611869 0.959643216222991646 0.711665423605465697
0.179053714767456518 0.958018239345858946 0.711343847146272412
0.185751268425580096 0.956273909757467178 0.711020543074754374
0.196061245749832413 0.953414846154554851 0.710695513341517593
0.203120743953808247 0.951333208222009730 0.710368759907580083
0.210338020149768989 0.949098759599614539 0.710040284744359096
0.217721098190160001 0.946699738392206225 0.709710089833660129
0.225278421385163019 0.944123185358988093 0.709378177167664048
0.233018866283233927 0.941354797631509088 0.709044548748915870
0.240951753061762031 0.938378761825853891 0.708709206590312113
0.253233404916147431 0.933486536443405845 0.708372152715089243
0.261691114741677333 0.929910487356674809 0.708033389156810689
0.270377393037945446 0.926056533042014740 0.707692917959355072
0.279303503197801395 0.921899261848898144 0.707350741176904108
0.293167829244586509 0.915031634166723729 0.707006860873929721
0.302744883812378074 0.909984367701834107 0.706661279125181618
0.312603349747342385 0.904518595037640427 0.706313998015675182
0.322755214190645956 0.898591868712539932 0.705965019640678482
0.338558454174897272 0.888731207189133010 0.705614346105699508
0.349493221336759807 0.881429126735962853 0.705261979526474403
0.360758237111312940 0.873469719086724217 0.704907922028953582
0.372360523595712811 0.864779324360552382 0.704552175749289300
0.390404049202666248 0.850187105895779283 0.704194742833822995
0.402857558875375388 0.839277892709993756 0.703835625439072410
0.415640507712964458 0.827291261844780079 0.703474825731717712
0.435388457593662959 0.806998912426424519 0.703112345888589618
0.448885240790605156 0.791703805799760962 0.702748188096655402
0.469482736996442440 0.765658141701632600 0.702382354553006127
0.483317659115096165 0.745918008398672061 0.702014847464843106
0.497082897343221863 0.723996426624273992 0.701645669049464793
0.517179347835845404 0.686424850634529626 0.701274821534253578
0.529818182386491920 0.657810871411969478 0.700902307156661686
0.546682744960293898 0.608731175057952600 0.700528128164198294
0.555752810160231925 0.571430718218570166 0.700152286814415881
0.562259349058261471 0.530123252514606236 0.699774785374896457
0.565144052155625798 0.460229872332796441 0.699395626123237801
0.560746630037577853 0.408338234225219976 0.699014811347040133
0.541013886083155926 0.323450637723243728 0.698632343343891682
0.516682890000067729 0.263505019256133788 0.698248224421355368
0.459360327272043900 0.172866830353616358 0.697862456896954697
0.405517802110485381 0.115853861308448020 0.697475043098159664
0.300917635287119067 0.044233279732867586 0.697085985362372984
0.217397313357107602 0.011386388091974425 0.696695286036915662
0.079660840574769506 -0.007438428704504368 0.696302947479013001
-0.058723748862625810 0.014359273798740618 0.695908972055780284
-0.143106917676767920 0.049913701367094825 0.695513362144208891
-0.248590079780181633 0.127103184918652579 0.695116120131151316
-0.302154978972322241 0.188632182812638716 0.694717248413307176
-0.357223615568847075 0.286456937372466858 0.694316749397208888
-0.385740630759068059 0.382215625921987823 0.693914625499206461
-0.392980878095086750 0.441787393438698495 0.693510879145453840
-0.390754475824958758 0.522488429010308009 0.693105512771893584
-0.382874971189100632 0.570108452593555359 0.692698528824242432
-0.364661595911457692 0.632503403682400545 0.692289929757976541
-0.341601961604057813 0.684982285281519832 0.691879718038316605
-0.324677921010323833 0.715102132883093433 0.691467896140213090
-0.298129064006896760 0.753975213660723953 0.691054466548331137
-0.271106554913878084 0.786384982271523314 0.690639431757035682
-0.253169182771527612 0.804947889856172716 0.690222794270376361
-0.226692349335767429 0.828928928560101363 0.689804556602072627
-0.200946238690275114 0.848981456604009033 0.689384721275498102
-0.176054463947740714 0.865766993686131636 0.688963290823665919
-0.159956078748541397 0.875411746304056715 0.688540267789212845
-0.136546919101098285 0.887892700766906406 0.688115654724384629
-0.113988189929177586 0.898317644484855737 0.687689454191019900
-0.092219889346493611 0.906988900868172188 0.687261668760535072
-0.078111152145685148 0.911917582251983383 0.686832301013909019
-0.057494666536438754 0.918181924987073073 0.686401353541667092
-0.037460635819823174 0.923237819094815726 0.685968828943865794
-0.017924616710371710 0.927217838980875841 0.685534729830076905
0.001198833626336215 0.930225141263908428 0.685099058819371831
0.019995975096382179 0.932337564950253439 0.684661818540305611
0.032389269416496613 0.933276902242516027 0.684223011630901601
0.050838147129558919 0.934010630426832189 0.683782640738634817
0.069199840286723824 0.933951410188747833 0.683340708520416507
0.087571309693662225 0.933100170651538607 0.682897217642577936
0.106056673235352616 0.931436199000457044 0.682452170780854406
0.124770068395707423 0.928914289624595435 0.682005570620368706
0.143839278904178247 0.925459909684896553 0.681557419855615576
0.163410341762712685 0.920961589017266213 0.681107721190444715
0.183653410820161400 0.915259233059082300 0.680656477338045240
0.204770190021882126 0.908126205201681191 0.680203691020928702
0.219451195124853393 0.902422596442440050 0.679749364970912762
0.242588183016532566 0.892126144756374972 0.679293501929105314
0.267366509799517815 0.879202485574936188 0.678836104645886729
0.294190857829338737 0.862781712685349200 0.678377175880894634
0.323532968534712251 0.841542258996851977 0.677916718403006269
0.355887554626783731 0.813410577271932445 0.677454734990322271
0.391597525605752839 0.775014624189936496 0.676991228430149805
0.430278253185314485 0.720672125836192112 0.676526201518985459
0.468990271061286657 0.640579325389260212 0.676059657062499042
0.496460297359818448 0.518302766954258809 0.675591597875515815
0.444034626321750392 0.256372890409914234 0.675122026782000395
0.206019742429108255 0.037354260257947663 0.674650946615038660
-0.211080007023951799 0.058496068644086574 0.674178360216821981
-0.449662296319933319 0.373626648821839602 0.673704270438628683
-0.428706126318251335 0.658213317339055082 0.673228680140807945
-0.327744672849615393 0.816852486752223106 0.672751592192761816
-0.229099247890733382 0.896701088288849091 0.672273009472928451
-0.148011499046661721 0.936880632166948724 0.671792934868764235
-0.082948639431371318 0.957114018645871312 0.671311371276726909
-0.030079373494201922 0.966822978186234305 0.670828321602257471
0.026916850608920739 0.971080775675726482 0.670343788759763304
0.062450071219898817 0.970612566083109973 0.669857775672599853
0.093513435556026647 0.968275219024365974 0.669370285273053756
0.121171513239859474 0.964684779928244973 0.668881320502324628
0.146195480263295985 0.960203762700043595 0.668390884310507527
0.169154447016125697 0.955049074780241702 0.667898979656575076
0.197279183206350295 0.947344468607556944 0.667405609508359698
0.216916453427373479 0.941032241199191599 0.666910776842535635
0.235574941149272521 0.934300303007751687 0.666414484644600846
0.253445099469294499 0.927158834727629610 0.665916735908859470
0.276311509834302749 0.916987814536718515 0.665417533638403169
0.292906123832132270 0.908845625951010372 0.664916880845093483
0.309145600441475432 0.900225447199282658 0.664414780549543171
0.325125800721306202 0.891080349197840516 0.663911235781098785
0.346181763394106001 0.877962955894605157 0.663406249577821461
0.361895129766522494 0.867327072521520526 0.662899824986468933
0.377635410481814704 0.855890242102913756 0.662391965062477772
0.393491640345367266 0.843513973593378430 0.661882672869943733
0.414982282858160689 0.825229538840096088 0.661371951481604547
0.431505268762700123 0.809848899827803170 0.660859803978820493
0.448517449681393621 0.792641875683097186 0.660346233451555964
0.472220253038730609 0.765935181444385882 0.659831242998361267
0.490978029648563741 0.742038225061806611 0.659314835726353410
0.517585914741549136 0.702511514171943019 0.658797014751197674
0.538762805393141253 0.664176784245889995 0.658277783197088628
0.560436953199096477 0.613961917098071908 0.657757144196731369
0.585499205606927475 0.514928696498519689 0.657235100891322421
0.587585901250745168 0.396852898671484322 0.656711656430531421
0.528648403089629015 0.214862993539442743 0.656186813972481464
0.107663187213660277 -0.017627999676155019 0.655660576683730012
-0.313898470050191669 0.313672248292160394 0.655132947739250349
-0.157109361284145765 0.800424843954998244 0.654603930322411820
0.028009938438688819 0.887084133171192390 0.654073527624961182
0.182621401766998093 0.892827821240559039 0.653541742847002838
0.255255539744821514 0.876532979248686894 0.653008579196979855
0.321592795946831600 0.849533012817768274 0.652474039891654756
0.357820762148472638 0.828985276863681175 0.651938128156089536
0.395230769558611916 0.802510317527992290 0.651400847223626678
0.417781823957965315 0.783460050915048112 0.650862200335869279
0.442808656317597249 0.759006828949993384 0.650322190742662065
0.458763616707312805 0.741248413011584173 0.649780821702071409
0.477202345184566057 0.718169179557888393 0.649238096480365567
0.489325161810631015 0.701208271835368824 0.648694018351995028
0.503642054309865861 0.678941356852449829 0.648148590599572971
0.513202590848703899 0.662440158654655664 0.647601816513855399
0.524604563399535206 0.640635051451748261 0.647053699393721038
0.532261793379406156 0.624393648437812532 0.646504242546151686
0.541409487228593389 0.602851025819878927 0.645953449286212344
0.549460607754852393 0.581407859686334572 0.645401322937030675
0.554842949172052680 0.565378028172613512 0.644847866829777683
0.561217343622726905 0.544065118061693997 0.644293084303647068
0.565441615586754653 0.528122249071177996 0.643736978705835461
0.570395431834582189 0.506919433462994062 0.643179553391521885
0.574647712742971217 0.485779642975563641 0.642620811723847774
0.577428726916671353 0.469967206264407633 0.642060757073896426
0.580671837061908391 0.448940717716146853 0.641499392820673031
0.582819390302391493 0.433211389115506940 0.640936722351083898
0.585418299564854583 0.412283932159615563 0.640372749059916258
0.587885575810011773 0.391384788944079687 0.639807476349817827
0.590472391248718531 0.370465130289112266 0.639240907631276056
0.592701814156291862 0.354708883396790076 0.638673046322597582
0.596470502305042394 0.333485345514262232 0.638103895849887803
0.601870469205925573 0.311751396749795462 0.637533459647030010
0.607735344737031280 0.294800120048840930 0.636961741155665062
0.619701653153775012 0.270472266225985081 0.636388743825169967
0.640195795409110424 0.241907899298896806 0.635814471112637336
0.666219599283758512 0.213965910120419600 0.635238926482855071
0.731703195913459781 0.150614512811449497 0.634662113408284490
0.875715892913189964 -0.057552476104476558 0.634084035369040122
0.193745149401630679 -0.726788572135118494 0.633504695852868616
0.062041442809488229 0.069690859310980499 0.632924098355127196
0.194350440175874523 0.150680945687004603 0.632342246378763129
0.272100803517776546 0.165407085122784431 0.631759143434292514
0.306191634673694035 0.159609364785242014 0.631174793039778748
0.321809569694398001 0.149037750924098433 0.630589198720811650
0.327050670088351536 0.140221526295940369 0.630002364010486038
0.328823228123314104 0.128254880293768220 0.629414292449380408
0.326667184187629689 0.116483545427720270 0.628824987585535511
0.321859886912130744 0.105121057403751245 0.628234452974433477
0.315164130764435058 0.094264369326092140 0.627642692178975614
0.307067643360178777 0.083959734689778284 0.627049708769460978
0.297900214410364073 0.074229122330110142 0.626455506323565503
0.290464952432955115 0.067313768711101743 0.625860088426319683
0.279947911770673685 0.058605699388680890 0.625263458670087813
0.268867557144287561 0.050481860690078040 0.624665620654545006
0.257333251541321195 0.042937916944757210 0.624066577986656545
0.245432478472266902 0.035967426719255763 0.623466334280656009
0.233236722878965685 0.029562449358550388 0.622864893158023070
0.220805423464965067 0.023713942397455237 0.622262258247461841
0.208188693536009883 0.018412044053468565 0.621658433184878789
0.195429233461390239 0.013646291217641687 0.621053421613361412
0.182563698845051747 0.009405800988657079 0.620447227183155481
0.172864116145510172 0.006563440153630640 0.619839853551643394
0.159886373574195356 0.003215281016375207 0.619231304383322301
0.146879385652028127 0.000361578539105581 0.618621583349781567
0.133864057619338117 -0.002008742480626477 0.618010694129680793
0.120858107582754060 -0.003906444143655145 0.617398640408728050
0.107876269482955700 -0.005341804543753902 0.616785425879656679
0.094930410900110451 -0.006324426524730802 0.616171054242203975
0.082029571064276718 -0.006863016819652117 0.615555529203088425
0.069179917711310768 -0.006965123090575009 0.614938854475987173
0.056384614577154053 -0.006636811634408955 0.614321033781514036
0.043643583389911596 -0.005882261449146341 0.613702070847196968
0.030953134099415646 -0.004703239724006341 0.613081969407454963
0.018305423155416254 -0.003098407568273339 0.612460733203576524
0.005687679381621086 -0.001062379449224349 0.611838365983696564
-0.006918893431901545 0.001415580619472365 0.611214871502773316
-0.022702482403775662 0.005162714464023837 0.610590253522566684
-0.035395618526817468 0.008716027955900743 0.609964515811614816
-0.048204294174958431 0.012812046045304556 0.609337662145211567
-0.061201106781186412 0.017518975640952530 0.608709696305383963
-0.074486129675157789 0.022938271766243690 0.608080622080868771
-0.088199523370429758 0.029223209508546139 0.607450443267090412
-0.102541817123101051 0.036611410390470722 0.606819163666137418
-0.117807577946002509 0.045485097955794702 0.606186787086739787
-0.134443055970636577 0.056490612289828650 0.605553317344246333
-0.153146859783463235 0.070796437248765581 0.604918758260600598
-0.175040619586060098 0.090713586412291880 0.604283113664319305
-0.209615574953076256 0.132007955663631910 0.603646387390467831
-0.244599357981320570 0.198032206997740517 0.603008583280637778
-0.261113808191856811 0.356577425926557445 0.602369705182924098
0.080458963676040218 0.615214100853173074 0.601729756951901340
0.301841056557093146 0.135228748314181135 0.601088742448600111
0.115666853467601194 0.005693802899661225 0.600446665540484759
0.005957810458621688 -0.000754241635027585 0.599803530101429061
-0.039741871119176556 0.008002649977083411 0.599159340011693797
-0.070053474124471701 0.017726598449518755 0.598514099157902213
-0.092287693572301030 0.026995120286146916 0.597867811433017704
-0.109764982088140839 0.035644734801328730 0.597220480736319392
-0.127434484387941915 0.045707799822767695 0.596572110973379255
-0.139325676399160880 0.053287832988149354 0.595922706056038476
-0.149795063049001559 0.060545920605288572 0.595272269902383133
-0.159172451143041183 0.067549626064673726 0.594620806436721661
-0.167680240714996875 0.074349853098215096 0.593968319589560312
-0.177324754763919040 0.082621104535134965 0.593314813297580179
-0.184380244264321286 0.089088495282521801 0.592660291503612213
-0.190934655847296214 0.095444903505883374 0.592004758156615130
-0.197047217236257483 0.101705293572422487 0.591348217211650096
-0.204135970766721214 0.109412606693319675 0.590690672629857860
-0.209408978287937475 0.115493850436743345 0.590032128378433995
-0.214359149295220708 0.121506354140467676 0.589372588430605804
-0.220127835404530126 0.128931798725547719 0.588712056765608116
-0.224430688410444945 0.134803726121585310 0.588050537368658643
-0.228473348835544848 0.140617156982796976 0.587388034230934886
-0.232269301589454108 0.146373567891543127 0.586724551349549261
-0.236684942720969432 0.153490403372530226 0.586060092727525461
-0.239966228097327983 0.159121706495368331 0.585394662373774133
-0.243033662594546312 0.164698179969895941 0.584728264303068901
-0.246578798423017304 0.171592024730163689 0.584060902536021609
-0.249191715121700630 0.177045891606466332 0.583392581099058893
-0.251612588307647655 0.182445493149990506 0.582723304024396649
-0.254376364874635108 0.189118926465290715 0.582053075350017379
-0.256382901758993920 0.194397093658118192 0.581381899119644441
-0.258641559512940156 0.200919628095911934 0.580709779382718061
-0.260252567439645477 0.206078099194249686 0.580036720194371247
-0.261691993739634698 0.211184329371681689 0.579362725615404806
-0.263252480629521390 0.217494951186189528 0.578687799712263029
-0.264310908183566950 0.222487030999225205 0.578011946557009382
-0.265200532688457835 0.227430411667868648 0.577335170227301964
-0.266073723761193037 0.233543672872012109 0.576657474806368309
-0.266578687146218518 0.238383941450709624 0.575978864382981293
-0.266962225607495884 0.244375311062533629 0.575299343051434375
-0.267064643461375817 0.249124769034232918 0.574618914911516843
-0.266925235025987195 0.255012749976155306 0.573937584068489048
-0.266587680854482090 0.259689134649554232 0.573255354633057546
-0.266035005196368024 0.264340645277182151 0.572572230721350661
-0.265014932960708771 0.270129084277723031 0.571888216454893183
-0.263907372745738444 0.274747685015053755 0.571203315960581826
-0.262107630873854858 0.280519744344509381 0.570517533370660246
-0.260284344021633252 0.285149008074888133 0.569830872822694068
-0.257430748669187526 0.290970552466318588 0.569143338459545789
-0.254589279510157529 0.295673947687248528 0.568454934429350356
-0.250147238564102425 0.301639508922072530 0.567765664885489074
-0.245670537506228581 0.306504347751222372 0.567075533986565739
-0.238482772065467419 0.312729111222455336 0.566384545896380986
-0.230935877807730783 0.317828760250335685 0.565692704783906763
-0.218047068474444272 0.324276375448427745 0.565000014823262009
-0.203325832812133955 0.329230820546156377 0.564306480193686899
-0.174905544453225203 0.333781236697009431 0.563612105079517756
-0.136720001594216489 0.331962596594048920 0.562916893670161955
-0.047269251292133968 0.293843796111718680 0.562220850160072394
0.037837344837523414 0.120607318351855453 0.561523978748722397
-0.302643625688916729 -0.059058587540044880 0.560826283640580292
-0.402532946693129945 0.114020878671805631 0.560127769045084101
-0.386253397240100993 0.215643077266933103 0.559428439176616110
-0.368137171416515030 0.252711574334914313 0.558728298254477340
-0.350742828994605294 0.279117220283096157 0.558027350502862229
-0.340251186746269252 0.292874350253213345 0.557325600150833100
-0.330004784986933530 0.305409548053628910 0.556623051432294513
-0.323382922699944841 0.313229378391075564 0.555919708585968286
-0.316450480189857275 0.321295784962321862 0.555215575855366850
-0.310570370519733407 0.328098103199016278 0.554510657488768932
-0.306410454247170227 0.332904264038252073 0.553804957739192694
-0.301710293306334365 0.338329603715925964 0.553098480864371078
-0.298254832182486884 0.342308724095232442 0.552391231126725279
-0.294222999222862380 0.346928783954435715 0.551683212793339983
-0.290434651357630746 0.351231652706127162 0.550974430135936832
-0.287537786148883645 0.354485675895209018 0.550264887430848670
-0.284044518787007039 0.358354879901834011 0.549554588958994228
-0.281329190882518343 0.361312638580994383 0.548843539005852032
-0.278009538625101416 0.364859965280252663 0.548131741861434318
-0.274750910583378027 0.368260025178618444 0.547419201820261936
-0.272175168461347761 0.370885195837737602 0.546705923181337261
-0.268981411039540652 0.374059294312985291 0.545991910248119217
-0.265804492578344764 0.377124286438531020 0.545277167328497070
-0.263267817452518760 0.379503840377563295 0.544561698734763899
-0.260095374714805039 0.382394109954110162 0.543845508783591502
-0.256913860129824090 0.385196826622731137 0.543128601796003752
-0.254357533109258405 0.387379652130249275 0.542410982097350503
-0.251143204740633841 0.390037961059989280 0.541692654017281949
-0.247902885966916786 0.392622064819902417 0.540973621889721756
-0.245288670393037533 0.394638348760704583 0.540253890052841745
-0.241989727323091985 0.397097647149983746 0.539533462849035028
-0.238652285958394828 0.399491794170898751 0.538812344624890471
-0.235951965859301005 0.401361977698225680 0.538090539731165718
-0.232535403099143445 0.403645347627974493 0.537368052522761430
-0.229069589384201272 0.405870482095594232 0.536644887358695422
-0.226258931601716951 0.407610168550353258 0.535921048602074901
-0.222694836031169990 0.409736113910413480 0.535196540620071826
-0.219070532026918063 0.411810087218827059 0.534471367783895701
-0.216124841285363467 0.413433408962570303 0.533745534468767047
-0.212380999845110996 0.415419811602953493 0.533019045053891527
-0.208563784945343167 0.417361208677224038 0.532291903922433307
-0.204667474225840418 0.419260551568083506 0.531564115461488407
-0.201489132437131346 0.420751971791472279 0.530835684062058610
-0.197433376897263702 0.422584344064337369 0.530106614119024488
-0.193277601873273058 0.424385317983011490 0.529376910031119641
-0.189011791637558435 0.426159941444316293 0.528646576200903162
-0.185511969491395368 0.427564644003906702 0.527915617034733886
-0.181016367140334311 0.429307648181066814 0.527184036942743628
-0.176370625535050646 0.431044109431447331 0.526451840338810095
-0.171553986234523115 0.432783989162167093 0.525719031640530909
-0.167560461753853779 0.434186412815505685 0.524985615269196515
-0.162366560106193158 0.435964799796130620 0.524251595649763980
-0.156910728996412174 0.437787911924758744 0.523516977210829459
-0.151141516042144347 0.439677536414342873 0.522781764384602554
-0.146255646207190726 0.441255200837061767 0.522045961606878439
-0.139736079706216154 0.443337817308737336 0.521309573317012220
-0.132647385685662533 0.445582238707688205 0.520572603957891289
-0.124825036448043492 0.448040810217875340 0.519835057975908787
-0.116031437580503105 0.450779595848208203 0.519096939820936853
-0.108064287693402927 0.453226814786452215 0.518358253946300196
-0.096498345121206197 0.456685529142040969 0.517619004808748007
-0.082366931364786927 0.460676633155562065 0.516879196868428425
-0.064263993901199606 0.465238913418645983 0.516138834588860784
-0.039593384428748962 0.470134500399197852 0.515397922436909073
-0.011786058943660555 0.473454861056454901 0.514656464882754738
0.041696489721519792 0.472359862402065955 0.513914466399869707
0.134871035141152590 0.442407645313808939 0.513171931464990072
0.255074313361450089 0.274636719582375899 0.512428864558087671
0.058110164593961872 0.000962431214245427 0.511685270162344774
-0.169781480847661259 0.106527924183896588 0.510941152764125550
-0.202021408066181407 0.201250866716062266 0.510196516852949977
-0.197755518814125841 0.267819879158325558 0.509451366921466198
-0.185106208208049655 0.304047940159479613 0.508705707465423762
-0.172525005630845663 0.325654906068229721 0.507959542983646317
-0.161274521998259368 0.339492716391812110 0.507212877978004517
-0.151317726055180457 0.348788748704737250 0.506465716953388712
-0.144121196841537458 0.354106722718456279 0.505718064417682078
-0.135889891358007942 0.358931986895545230 0.504969924881733090
-0.128331035598543086 0.362294500133163611 0.504221302859328868
-0.121298196896911334 0.364582173240824592 0.503472202867166985
-0.114680978271670383 0.366048948690625986 0.502722629424828926
-0.108395836487413272 0.366867327234287943 0.501972587054753117
-0.102378943030241504 0.367158115736398893 0.501222080282206495
-0.096580966224964010 0.367008075462978645 0.500471113635258535
-0.092073988643306820 0.366613978331956858 0.499719691644752828
-0.086578316503882091 0.365819691360382171 0.498967818844280431
-0.081212505016644981 0.364725002268227128 0.498215499770152170
-0.075955986223823019 0.363358689310597893 0.497462738961371664
-0.070792020912722964 0.361742765191038151 0.496709540959607176
-0.065706870261403233 0.359894082839944507 0.495955910309165471
-0.060689172373670969 0.357825479632815691 0.495201851556962724
-0.055729468140343630 0.355546603933272198 0.494447369252498770
-0.050819837163695342 0.353064518381313364 0.493692467947828284
-0.046923670773558551 0.350935908294391863 0.492937152197534589
-0.042088081799345145 0.348099214013966152 0.492181426558700674
-0.037286402230156362 0.345068669898844660 0.491425295590883215
-0.032514459523815570 0.341844662532763077 0.490668763856084045
-0.027768719761088412 0.338426267163033756 0.489911835918723060
-0.023046198170481480 0.334811328717454115 0.489154516345610635
-0.018344388858787392 0.330996503971465295 0.488396809705919865
-0.013661210541992985 0.326977268914043384 0.487638720571159257
-0.008994966128853116 0.322747893092974136 0.486880253515145078
-0.004344314967034552 0.318301380759421826 0.486121413113973777
0.000291742513139570 0.313629376673422722 0.485362203945993942
0.004913867014573192 0.308722032408578761 0.484602630591779604
0.008601754997847849 0.304619031622703484 0.483842697634101593
0.013199322766212107 0.299257768669980329 0.483082409657900780
0.017782820144990386 0.293623896456819855 0.482321771250259546
0.022351319834274547 0.287699729501666224 0.481560787000374912
0.026903261479434060 0.281464592020051474 0.480799461499530345
0.031436263083472096 0.274894207543961988 0.480037799341068050
0.035946840120243961 0.267959911879912638 0.479275805120361664
0.040429987238922285 0.260627632975927337 0.478513483434788112
0.044878552367306923 0.252856560667243047 0.477750838883700013
0.049282292597236849 0.244597401041115381 0.476987876068398153
0.053626435029913752 0.235790071914088961 0.476224599592103282
0.057889455511048071 0.226360645372516045 0.475461014059928577
0.062039601405017783 0.216217280715617022 0.474697124078852117
0.066029362702319086 0.205244824026079603 0.473932934257688454
0.069786532124162137 0.193297710323551669 0.473168449207061581
0.073199494485527511 0.180190885415025065 0.472403673539376345
0.076092596524909295 0.165688933212023742 0.471638611868791302
0.078184266284755499 0.149495168894012265 0.470873268811190182
0.079015084732708157 0.131247045392997058 0.470107648984154913
0.077824627904304125 0.110536774004615923 0.469341757006936922
0.073347651725846286 0.087008825577244348 0.468575597500429597
0.063514011316474994 0.060665124475065113 0.467809175087140594
0.045166765330266985 0.032664755435300397 0.467042494391163687
0.014441899179266623 0.007021833902528156 0.466275560038151071
-0.030333378681997716 -0.007256481140934872 0.465508376655285161
-0.081741128996244639 0.001955193003533591 0.464740948871250947
-0.114791699526665236 0.028859959071331272 0.463973281316208130
-0.131756516949095709 0.074582144845664083 0.463205378621762642
-0.123048117876157465 0.114275653321728496 0.462437245420939558
-0.101519518593187225 0.138317151301724894 0.461668886348154228
-0.077777372546665322 0.148169701333053044 0.460900306039185248
-0.056575150696056543 0.148395170560871620 0.460131509131145422
-0.039150382544262896 0.142757111771002254 0.459362500262455065
-0.025362401552118365 0.133659133588828860 0.458593284072812746
-0.014697656576425064 0.122511116690540739 0.457823865203168145
-0.006632089731937733 0.110120210256696244 0.457054248295693633
-0.000732198438888200 0.096949076744778165 0.456284437993756620
0.003333963476555686 0.083266623221398495 0.455514438941891142
0.005811490742799304 0.069232906214689555 0.454744255785770268
0.006877301888162542 0.054946845364899799 0.453973893172177512
0.006656449689722337 0.040473369436704612 0.453203355748979131
0.005234906272559993 0.025859170049749330 0.452432648165096596
0.002669206110349494 0.011142074860071481 0.451661775070477334
-0.001006348593848256 -0.003643206096761953 0.450890741116067750
-0.005774266857122921 -0.018461428844398005 0.450119550953784642
-0.011629714464121131 -0.033274394611189216 0.449348209236487384
-0.018577238810150054 -0.048039266925862328 0.448576720617949509
-0.026628089623052565 -0.062707344912727836 0.447805089752831120
-0.035797929421621424 -0.077223133818293765 0.447033321296650354
-0.046104783883044412 -0.091523627632399782 0.446261419905755630
-0.059999796011071860 -0.108299384794347794 0.445489390237297223
-0.072870968767621225 -0.121864196763415727 0.444717236949199513
-0.086930637166102401 -0.134956342721189976 0.443944964700132727
-0.102186120405936887 -0.147477321759135582 0.443172578149484575
-0.118637222476879967 -0.159320289698788448 0.442400081957332769
-0.136274243478349849 -0.170370624141375326 0.441627480784416215
-0.155075979334052927 -0.180506818186732115 0.440854779292107424
-0.175007754903799384 -0.189601744399730626 0.440081982142383921
-0.196019554012766911 -0.197524323527879603 0.439309093997800659
-0.218044327637164886 -0.204141620109275779 0.438536119521461376
-0.240996576824027614 -0.209321368839055583 0.437763063376990780
-0.264771318368850372 -0.212934911549746142 0.436989930228506185
-0.289243546539475982 -0.214860495322785339 0.436216724740589701
-0.314268301285337004 -0.214986849107574346 0.435443451578259699
-0.339681440376493948 -0.213216921394547926 0.434670115406943058
-0.365301188616711736 -0.209471628262053539 0.433896720892446575
-0.390930501485006021 -0.203693433245625000 0.433123272700929207
-0.416360234378236993 -0.195849562111295949 0.432349775498873712
-0.441373054997727554 -0.185934650774037202 0.431576233953058608
-0.465747979590270478 -0.173972636126686675 0.430802652730529700
-0.489265359431034219 -0.160017729039976714 0.430029036498572770
-0.511712098250346914 -0.144154355377429960 0.429255389924684039
-0.532886850280662627 -0.126496011687062482 0.428481717676543417
-0.552604936793917312 -0.107183051836252069 0.427708024421985300
-0.570702729023328192 -0.086379492522560802 0.426934314828971262
-0.587041277115421201 -0.064268991738571479 0.426160593565560908
-0.601509015172692174 -0.041050207790369497 0.425386865299884787
-0.614023436322642557 -0.016931781914836463 0.424613134700115247
-0.624531702040525882 0.007872798273200643 0.423839406434439070
-0.633010219278428599 0.033150204759449575 0.423065685171028827
-0.639463280434372949 0.058691921542878334 0.422291975578014622
-0.643920909613183601 0.084298362299162877 0.421518282323456672
-0.646436090648776940 0.109782323110717728 0.420744610075315939
-0.647081567435951799 0.134971694551853372 0.419970963501427319
-0.645946405810083446 0.159711409583227576 0.419197347269470222
-0.643132491926165617 0.183864649604818936 0.418423766046941481
-0.638751117918786804 0.207313367555003236 0.417650224501126266
-0.632919775588103972 0.229958212906175602 0.416876727299070882
-0.625759246838456518 0.251717958916429452 0.416103279107553403
-0.617391048218766780 0.272528538386853980 0.415329884593057030
-0.607935258730478267 0.292341792386123789 0.414556548421740223
-0.597508736269361851 0.311124028709979239 0.413783275259410332
-0.586223709372485802 0.328854475303157257 0.413010069771493848
-0.574186717327959339 0.345523700410672652 0.412236936623009365
-0.561497862796720204 0.361132056885727304 0.411463880478538657
-0.548250336231967061 0.375688194525469643 0.410690906002199319
-0.534530169718807513 0.389207671806744870 0.409918017857616057
-0.520416178637583271 0.401711687416460961 0.409145220707892665
-0.505980052234898836 0.413225943571812027 0.408372519215583762
-0.488322202801885319 0.425777883089541731 0.407599918042667209
-0.473396037522614166 0.435221128612020725 0.406827421850515403
-0.458332112672300285 0.443776325101875591 0.406055035299867251
-0.443175201064895163 0.451478699930315586 0.405282763050800465
-0.427964614619215256 0.458364186026894105 0.404510609762702811
-0.412734583903944463 0.464469049954861213 0.403738580094244404
-0.397514618621606974 0.469829614982816002 0.402966678703349568
-0.382329838050028903 0.474482071293706731 0.402194910247168913
-0.367201261587875083 0.478462366930066996 0.401423279382050524
-0.352146049895927682 0.481806174892966343 0.400651790763512761
-0.337177686568869928 0.484548934252108376 0.399880449046215336
-0.322306088495653120 0.486725965936617433 0.399109258883932283
-0.307537629878808505 0.488372667611006062 0.398338224929522700
-0.292875059632661305 0.489524796739310153 0.397567351834903382
-0.278317283691377870 0.490218857166771937 0.396796644251020736
-0.263858971175708446 0.490492613045568238 0.396026106827822577
-0.249489923993886809 0.490385765713383770 0.395255744214229765
-0.235194119243700650 0.489940846121964368 0.394485561058108725
-0.220948285832421987 0.489204400042949517 0.393715562006243303
-0.206719798951230160 0.488228580162894166 0.392945751704306401
-0.192463546518517548 0.487073314793629031 0.392176134796831943
-0.178117199697193279 0.485809308393322481 0.391406715927187232
-0.163593926198917911 0.484522261157137257 0.390637499737544969
-0.148770861628644058 0.483318898938061792 0.389868490868854556
-0.133470266169386148 0.482335712439365960 0.389099693960814785
-0.117427499833257482 0.481751732401222488 0.388331113651845694
-0.100234005143395172 0.481807103636859690 0.387562754579060531
-0.081230009058218089 0.482828924107631896 0.386794621378237391
-0.059288783597467004 0.485261182014234793 0.386026718683791847
-0.032347244393551911 0.489669578052734811 0.385259051128749030
0.003713401648342468 0.496557751610951836 0.384491623344714872
0.057995748466346614 0.505086717505171867 0.383724439961849018
0.152280650709108734 0.505041984956989487 0.382957505608836291
0.283303634585099495 0.457632387179266575 0.382190824912859439
0.406804856335229559 0.159510164201372928 0.381424402499570547
0.110352765102786896 -0.045695790250255268 0.380658242993063167
-0.052584986856655733 0.054093425043405571 0.379892351015845064
-0.085279355274145319 0.132126005875878222 0.379126731188809796
-0.085994959122063674 0.174389711619405308 0.378361388131208842
-0.078875103461671550 0.197000734620827067 0.377596326460623632
-0.069942706310372846 0.208734717398565389 0.376831550792938397
-0.060915623989416953 0.213978873596907204 0.376067065742311524
-0.052319147603929111 0.215061680775005315 0.375302875921148027
-0.044306426073153216 0.213308973232410132 0.374538985940071401
-0.036906931958178207 0.209524394964309607 0.373775400407896752
-0.030109528635134081 0.204221676967448501 0.373012123931601880
-0.023891920071665795 0.197744421127120151 0.372249161116299909
-0.018231222187846133 0.190331585964229111 0.371486516565211977
-0.013107521746859446 0.182155156567454235 0.370724194879638425
-0.008504771506341283 0.173342789606644399 0.369962200658932039
-0.004410694680044291 0.163991956985471338 0.369200538500469633
-0.000816359236931796 0.154179080191347129 0.368439212999625065
0.002284318000091781 0.143965606180394279 0.367678228749740488
0.004895040390225133 0.133402156423707563 0.366917590342099198
0.007017543282908961 0.122531427805823434 0.366157302365898329
0.008651944934687211 0.111390264662915045 0.365397369408220485
0.009607262977401589 0.102304577699276034 0.364637796054006091
0.010359324981319827 0.090756337556067601 0.363878586886026256
0.010617365383345512 0.079021112974976507 0.363119746484854844
0.010377702754572907 0.067124365215269335 0.362361279428840721
0.009636114480704245 0.055090228028738614 0.361603190294080168
0.008387984592351488 0.042941918365299807 0.360845483654389343
0.006628437705817031 0.030702060643342396 0.360088164081276974
0.004352462457946718 0.018392944602420313 0.359331236143916044
0.001555027016361134 0.006036731151434188 0.358574704409116762
-0.001768811410019725 -0.006344383306743348 0.357818573441299359
-0.005623801671382914 -0.018728036378533527 0.357062847802465555
-0.010014397459647020 -0.031091597362943459 0.356307532052171694
-0.013915254333578788 -0.040952552243571437 0.355552630747501208
-0.019279847174809826 -0.053221774107160356 0.354798148443037253
-0.025190121462182850 -0.065405521084851231 0.354044089690834618
-0.031648538984678135 -0.077479595347824365 0.353290459040392801
-0.038656822323887605 -0.089419324617699289 0.352537261038628369
-0.046215872159281177 -0.101199564822978622 0.351784500229847863
-0.054325689064701844 -0.112794715249537159 0.351032181155719714
-0.062985300482371165 -0.124178745060112630 0.350280308355247205
-0.072192693609666944 -0.135325230095392268 0.349528886364741498
-0.079950957024014294 -0.144053405718328226 0.348777919717793483
-0.090135737273218774 -0.154704646545130442 0.348027412945247028
-0.100856642850914932 -0.165042683016098479 0.347277370575171052
-0.112107221128723705 -0.175040078066331872 0.346527797132833160
-0.123879760765788854 -0.184669283499061809 0.345778697140671221
-0.136165271294377582 -0.193902712244606923 0.345030075118266999
-0.148953471977466528 -0.202712812024254063 0.344281935582318011
-0.159538235711399301 -0.209437647200575228 0.343534283046611377
-0.173201250859436773 -0.217416715128095350 0.342787122021995572
-0.187331323675358125 -0.224896112331421955 0.342040457016353661
-0.201913327423714900 -0.231849070964973203 0.341294292534576271
-0.216930912985209029 -0.238249184651656148 0.340548633078533836
-0.232366543953639731 -0.244070461648664250 0.339803483147050112
-0.248201536713238302 -0.249287370440443912 0.339058847235874428
-0.261143810243051389 -0.253008911576498630 0.338314729837655315
-0.277647077460197733 -0.257075221594661674 0.337571135441912362
-0.294491665989639773 -0.260468398760422881 0.336828068535010128
-0.311654940021776738 -0.263164912318240130 0.336085533600130215
-0.329113329070124416 -0.265141777941110546 0.335343535117245406
-0.343276110089844655 -0.266190020444992681 0.334602077563091016
-0.361203464309426459 -0.266815293335510684 0.333861165411139194
-0.379355256017971265 -0.266659333782218622 0.333120803131571552
-0.397704641945102855 -0.265701047342169594 0.332380995191252027
-0.416223949352899303 -0.263919746602139127 0.331641746053699893
-0.431142607415082035 -0.261888462056067972 0.330903060179063069
-0.449895343951454640 -0.258574701406607821 0.330164942024091357
-0.468735964622071177 -0.254381708525028782 0.329427396042108855
-0.487633423887567141 -0.249289833917905684 0.328690426682987813
-0.506555652320193506 -0.243279554475784587 0.327954038393121539
-0.521689007328957510 -0.237797003594334727 0.327218235615397535
-0.540571363456704534 -0.230084572413286809 0.326483022789170574
-0.559382363060644483 -0.221399249099547113 0.325748404350236054
-0.578084999719802761 -0.211721487654463747 0.325014384730803463
-0.592943150607213254 -0.203251524197462508 0.324280968359469235
-0.611351975612665521 -0.191737787148715061 0.323548159661190049
-0.629539188130141536 -0.179176315698196392 0.322815963057256461
-0.647460195297839713 -0.165547173813884368 0.322084382965266092
-0.661573703105640121 -0.153861717208285592 0.321353423799096927
-0.678894609701909291 -0.138260477244547875 0.320623089968880448
-0.695809503435459886 -0.121535869583377643 0.319893385880975489
-0.712262085354882890 -0.103668423371825691 0.319164315937941478
-0.725050938078942275 -0.088538870391643654 0.318435884538511682
-0.740516591711181449 -0.068567119220450667 0.317708096077566726
-0.755339909813021571 -0.047401771916579238 0.316980954946108506
-0.769447287271150970 -0.025027096859308817 0.316254465531233042
-0.780164667884445717 -0.006247338065053454 0.315528632216104443
-0.792779605246829666 0.018336960347229758 0.314803459379928152
-0.804441092197573093 0.044161892764168764 0.314078951397925132
-0.813018576156484762 0.065718225741969671 0.313355112641304667
-0.822713482035712151 0.093784089664688375 0.312631947477238548
-0.831163592425852249 0.123089502875091128 0.311909460268834315
-0.838250324726356522 0.153621766992845132 0.311187655375109562
-0.842853316710353129 0.178916862649785569 0.310466537150965005
-0.847161781958576388 0.211596619567858302 0.309746109947158288
-0.849732781217670485 0.245415936845540583 0.309026378110278277
-0.850439438670651082 0.273255278590570139 0.308307345982718140
-0.849505871512665656 0.308975931900029144 0.307589017902649531
-0.846405103250146507 0.345639565551499495 0.306871398203996282
-0.842254786133058042 0.375578921908918950 0.306154491216408586
-0.834841416055755570 0.413657584398887668 0.305438301265236245
-0.827027734192324893 0.444551381185878058 0.304722832671503130
-0.814771266519951798 0.483562134201722893 0.304008089751880761
-0.799604276953482129 0.522823513014645136 0.303294076818662772
-0.785277795335153961 0.554260503252547387 0.302580798179738097
-0.764519794326830149 0.593376162562020415 0.301868258138565604
-0.740493766874467441 0.632024201455797741 0.301156460994148056
-0.718863802928651485 0.662395394068326038 0.300445411041005861
-0.688772143497965672 0.699389556097982146 0.299735112569151418
-0.662246677287145147 0.727982685985072542 0.299025569864063145
-0.626048715234437392 0.762151405384724034 0.298316787206659995
-0.586545804377683444 0.794205008175912108 0.297608768873274754
-0.552652671720862632 0.818056811491386093 0.296901519135629122
-0.507583474420961078 0.845300528672881413 0.296195042260807340
-0.469521491125921786 0.864800140773673398 0.295489342511231157
-0.419693847634722728 0.886004365513120229 0.294784424144633184
-0.367707524836867250 0.903385846941021975 0.294080291414031747
-0.324844190883148032 0.914353263208744993 0.293376948567705464
-0.270060628281957593 0.924208127151869174 0.292674399849167044
-0.225579894633171796 0.928913471417680769 0.291972649497137970
-0.169596977439933627 0.930753948600751224 0.291271701745522582
-0.124834355700839117 0.928989828442049026 0.290571560823383868
-0.069350192518215170 0.922798648157962531 0.289872230954915933
-0.025653325540773819 0.914747938596857879 0.289173716359419908
0.027706964696202430 0.900993945047659839 0.288476021251277581
0.069118108626646524 0.887212554343841275 0.287779149839927695
0.118969198766805506 0.866792498040476422 0.287083106329838189
0.166403485172362309 0.843175948930724450 0.286387894920482278
0.202445396116585297 0.822254029214281701 0.285693519806313190
0.244969547045865488 0.793921180094748324 0.284999985176738024
0.276899735078992626 0.769776825847753976 0.284307295216093381
0.314165679678236054 0.738100503520205620 0.283615454103619102
0.341871985907468534 0.711812841835110843 0.282924466013434350
0.367743675561704508 0.684892304393824869 0.282234335114511015
0.397592563746200556 0.650619253676927745 0.281545065570649733
0.419573115911415828 0.622894676839898853 0.280856661540454244
0.444827745256244245 0.588079880441005010 0.280169127177306077
0.463381694249197285 0.560240102507298943 0.279482466629339732
0.484695389335358218 0.525606574308991048 0.278796684039418097
0.500384483879493969 0.498118353284079773 0.278111783545106850
0.518484540282479922 0.464112221266490044 0.277427769278649428
0.531894744670949993 0.437226621295274065 0.276744645366942488
0.547499763866053479 0.404037253561958798 0.276062415931510929
0.559182612829355552 0.377813356315314763 0.275381085088483135
0.570255611909277316 0.351859660374071237 0.274700656948565658
0.583367737789336038 0.319748110955759945 0.274021135617018741
0.593363924198161308 0.294270927080616862 0.273342525193631669
0.605343028818768447 0.262603688389109080 0.272664829772698014
0.614572416826951073 0.237340462809293190 0.271988053442990652
0.623525800474270531 0.212069537887116216 0.271312200287737060
0.634362385101037152 0.180365428119510396 0.270637274384595228
0.642757624025238394 0.154824038585781226 0.269963279805628786
0.652899429401734288 0.122559498091374675 0.269290220617281972
0.660706759078243056 0.096394599928581848 0.268618100880355593
0.668206373065478809 0.069846011216913417 0.267946924649982543
0.677078146087385147 0.036031831082710297 0.267276695975603384
0.683703257463210479 0.008415722226184308 0.266607418900941251
0.689834774159883812 -0.019747606905489379 0.265939097463978480
0.696686408710787131 -0.055767404915205820 0.265271735696931188
0.701413278959598818 -0.085257570296811913 0.264605337626225900
0.705370556864185261 -0.115351750363558381 0.263939907272474572
0.709089747781421087 -0.153801608348240082 0.263275448650450827
0.710965418876573163 -0.185194525216352102 0.262611965769065092
0.711760120040866306 -0.217103936304101686 0.261949462631341390
0.711381981138475172 -0.249471405600852042 0.261287943234391862
0.709129695186126452 -0.290462599627588247 0.260627411569394229
0.705810706307923752 -0.323573778055245731 0.259967871621566038
0.701072167590271800 -0.356858513043887826 0.259309327370142229
0.693074534458181235 -0.398537118019724690 0.258651782788349882
0.684972794860227108 -0.431790557965481270 0.257995241843384959
0.675335397859959330 -0.464826727115890792 0.257339708496387765
0.664159957455854100 -0.497515136382561063 0.256685186702419799
0.648050931301184296 -0.537687297506939554 0.256031680410439610
0.633491547416686673 -0.569117923296359574 0.255379193563278428
0.617498929875845204 -0.599786585145565154 0.254727730097616900
0.600137431119308729 -0.629577772995670082 0.254077293943961557
0.576629302705203073 -0.665421921401591510 0.253427889026620723
0.556486948864740150 -0.692866859110191524 0.252779519263680752
0.535264430148754244 -0.719130394370810722 0.252132188566982385
0.513067905730736906 -0.744145406962540834 0.251485900842097765
0.490008081556240871 -0.767858245319873456 0.250840659988306292
0.460141861838332167 -0.795608209437980385 0.250196469898570972
0.435554349044076528 -0.816264436038541819 0.249553334459515330
0.410471088198237910 -0.835535429445095623 0.248911257551399867
0.385001178259291255 -0.853421576534503235 0.248270243048098749
0.359249393049320742 -0.869933887843073239 0.247630294817075935
0.333315141448414842 -0.885092880246783675 0.246991416719362256
0.307291659778529513 -0.898927394595373075 0.246353612609532258
0.274767896007906021 -0.914413353852106647 0.245716886335680784
0.248848937765978884 -0.925408190908957429 0.245081241739399380
0.223095424488314542 -0.935215349456129053 0.244446682655753811
0.197570166174131090 -0.943885959619416903 0.243813212913260191
0.172328752180635647 -0.951473615729751199 0.243180836333862671
0.147419789260898215 -0.958033496335400692 0.242549556732909621
0.122885221936101796 -0.963621584873696202 0.241919377919131262
0.098760713859851745 -0.968293991794979103 0.241290303694616182
0.075076071225938457 -0.972106375761637720 0.240662337854788411
0.051855691715392782 -0.975113459147850303 0.240035484188385162
0.023512284115063897 -0.977821041616470099 0.239409746477433349
0.001400817296715429 -0.979208866931073674 0.238785128497226773
-0.020198893574097654 -0.979958511059491499 0.238161634016303414
-0.041280354388692320 -0.980117206542714503 0.237539266796423398
-0.061840155632114924 -0.979729963626788547 0.236918030592545070
-0.081877589043438170 -0.978839503898887742 0.236297929152803232
-0.101394291778214740 -0.977486232529209964 0.235678966218485830
-0.120393919055047094 -0.975708242517341784 0.235061145524012804
-0.138881845440185059 -0.973541345009388381 0.234444470796911636
-0.156864894289816315 -0.971019120418836090 0.233828945757796114
-0.174351094395010731 -0.968172985742401959 0.233214574120343354
-0.191349462512906687 -0.965032274091560782 0.232601359591271956
-0.207869810261333499 -0.961624323035989326 0.231989305870319185
-0.223922573689948945 -0.957974568888947386 0.231378416650218466
-0.239518663789238806 -0.954106644539726378 0.230768695616677788
-0.254669336161903237 -0.950042478863418860 0.230160146448356639
-0.269386078132946183 -0.945802396106491861 0.229552772816844636
-0.280145856441685437 -0.942518262407130436 0.228946578386638622
-0.294131219211614836 -0.938014752695230603 0.228341566815121244
-0.307714693247234494 -0.933383735889249833 0.227737741752538220
-0.320907879962517462 -0.928640371081831173 0.227135106841976964
-0.333722265283873387 -0.923798652626773853 0.226533665719343968
-0.346169177228660030 -0.918871492005396640 0.225933422013343488
-0.358259751435284712 -0.913870795281182868 0.225334379345455083
-0.370004903650281325 -0.908807536059491827 0.224736541329912165
-0.381415308249771989 -0.903691823956517926 0.224139911573680239
-0.392501381989549814 -0.898532968633268703 0.223544493676434614
-0.400609209821253254 -0.894640695680953835 0.222950291230539055
-0.411151955085973131 -0.889426545985969597 0.222357307821024419
-0.421397604653945990 -0.884191202451581670 0.221765547025566445
-0.431355533848049588 -0.878941473111375493 0.221175012414464467
-0.441034834260625730 -0.873683613825655736 0.220585707550619681
-0.450444315610493806 -0.868423369756076147 0.219997635989513968
-0.457329500335860839 -0.864479810288927064 0.219410801279188383
-0.466287162080348594 -0.859227815912489645 0.218825206960221313
-0.474997811149829419 -0.853986903876309822 0.218240856565707519
-0.483469241127507943 -0.848761220455277132 0.217657753621236849
-0.491708989925996542 -0.843554557314226683 0.217075901644872893
-0.497741155141552705 -0.839664136701487873 0.216495304147131529
-0.505592858217678298 -0.834498906350027214 0.215915964630959911
-0.513232354007922886 -0.829361496246687535 0.215337886591715516
-0.520666291249835989 -0.824254579457886716 0.214761073517145018
-0.526110722892708660 -0.820445869364985758 0.214185528887362697
-0.533200280285203276 -0.815398004183867209 0.213611256174830066
-0.540101463592715714 -0.810386742219619816 0.213038258844334860
-0.545157270394167837 -0.806653417448245036 0.212466540352969940
-0.551742815827528599 -0.801710468280622535 0.211896104150112174
-0.558155686599102197 -0.796808663885326229 0.211326953677402479
-0.564401253298267180 -0.791949320603507978 0.210759092368723977
-0.568978769938929374 -0.788333379210211849 0.210192523650182150
-0.574943970969369333 -0.783551032906470768 0.209627250940083665
-0.580755781567729890 -0.778813969754414970 0.209063277648916135
-0.585016850019681622 -0.775291354312228620 0.208500607179326947
-0.590571608111534863 -0.770635301088787195 0.207939242926103607
-0.595985732590954553 -0.766026336923735451 0.207379188276152232
-0.599956671402057995 -0.762600783810354566 0.206820446608478120
-0.605135131278744853 -0.758075217573270455 0.206263021294164489
-0.608934147914554802 -0.754712563379556500 0.205706915696352854
-0.613889633412092683 -0.750271194676089048 0.205152133170222351
-0.618723144214505805 -0.745878108544106633 0.204598677062969414
-0.622270525328077029 -0.742614993860092998 0.204046550713787689
-0.626899668898307949 -0.738306402146986174 0.203495757453848236
-0.630297975138118804 -0.735106568328528831 0.202946300606278940
-0.634733796743733869 -0.730882133110935861 0.202398183486144662
-0.637991091107996899 -0.727745190597619107 0.201851409400427062
-0.642244054540332066 -0.723604223290189363 0.201305981648004950
-0.645367974761925089 -0.720529536826666095 0.200761903519634410
-0.649447990615842130 -0.716471043348574588 0.200219178297928596
-0.653433425050312544 -0.712459128289496646 0.199677809257337857
-0.656362221213342090 -0.709480486917810071 0.199137799664130727
-0.660189226161495446 -0.705548965365347724 0.198599152776373439
-0.663002473458091268 -0.702630038969430215 0.198061871843910497
-0.665768141052390128 -0.699736324935447684 0.197525960108345194
-0.669383625490746925 -0.695916838789530701 0.196991420803020012
-0.672042602353289054 -0.693080996251594805 0.196458257152997223
-0.675519744242716436 -0.689337737882416479 0.195926472375038851
-0.678077819665196646 -0.686558342712407121 0.195396069677588241
-0.681424121237435343 -0.682889353083090178 0.194867052260749796
-0.683886762723948660 -0.680164895711062867 0.194339423316269994
-0.687109306704815959 -0.676568115143902027 0.193813186027518514
-0.689481674139872602 -0.673897020052760087 0.193288343569468529
-0.691816858920199840 -0.671248299675535787 0.192764899108677640
-0.694874101484303952 -0.667750956502004556 0.192242855803268775
-0.697125876686105261 -0.665153268082691596 0.191722216802911405
-0.700074928128242124 -0.661722860400483892 0.191202985248802360
-0.702247762124576624 -0.659174538859388370 0.190685164273646623
-0.704388066415808090 -0.656646861449697750 0.190168757001638655
-0.707192500991606465 -0.653308205048169444 0.189653766548444014
-0.709259794027534696 -0.650827498491362899 0.189140196021179541
-0.711296989048277650 -0.648366409617057049 0.188628048518395514
-0.713967616890681112 -0.645114945055672240 0.188117327130056300
-0.715937228138135873 -0.642698442272627291 0.187608034937522289
-0.717878964854956059 -0.640300542348177015 0.187100175013531100
-0.719793455557114048 -0.637920944934543654 0.186593750422178684
-0.722304781411022723 -0.634776104392915319 0.186088764218901248
-0.724158046686744439 -0.632438058891831467 0.185585219450456806
-0.725986039188886489 -0.630117333673134161 0.185083119154906633
-0.728385009381752990 -0.627049478720519082 0.184582466361596864
-0.730156170311453190 -0.624768053430435844 0.184083264091140619
-0.731903854123325148 -0.622503002185144649 0.183585515355399187
-0.733628566745883837 -0.620254049289167386 0.183089223157464454
-0.735330799568912341 -0.618020923133523525 0.182594390491640279
-0.737566297491909939 -0.615067579473997039 0.182101020343424957
-0.739217909149401442 -0.612870350193675084 0.181609115689492451
-0.740848578091876542 -0.610688073657972064 0.181118679497675406
-0.742458736401590991 -0.608520497545563144 0.180629714726946222
-0.744048803318348217 -0.606367374263745318 0.180142224327400208
-0.746138340444059689 -0.603518606468451679 0.179656211240236729
-0.747683087997767060 -0.601398270689653458 0.179171678397742395
-0.749209052850508872 -0.599291597421212852 0.178688628723273041
-0.750716602174735792 -0.597198360211829482 0.178207065131235742
-0.752206091953346756 -0.595118337548621090 0.177726990527071554
-0.753677867289970327 -0.593051312844600886 0.177248407807238162
-0.755132262720071279 -0.590997074409036927 0.176771319859192089
-0.756569602522618068 -0.588955415401109628 0.176295729561371350
-0.757990201031349176 -0.586926133767600500 0.175821639783178052
-0.759394362952213964 -0.584909032158245523 0.175349053384961262
-0.761241520064925292 -0.582238177567591553 0.174877973217999694
-0.762608463171767004 -0.580248754206242445 0.174408402124484219
-0.763959919879755978 -0.578270885615096319 0.173940342937500991
-0.765296156825456819 -0.576304393456751995 0.173473798481014518
-0.766617432723881609 -0.574349103349801937 0.173008771569850284
-0.767923998685828724 -0.572404844678381597 0.172545265009677762
-0.769216098550521976 -0.570471450366712762 0.172083281596993737
-0.770493969215994667 -0.568548756640138042 0.171622824119105372
-0.771757840968829045 -0.566636602768678665 0.171163895354113277
-0.773007937823332103 -0.564734830781010166 0.170706498070894802
-0.774244477855682400 -0.562843285167640595 0.170250635029087161
-0.775467673543413283 -0.560961812557067674 0.169796308979071303
-0.776275826346934816 -0.559713018681432528 0.169343522661954737
-0.777477239506306872 -0.557847998299901282 0.168892278809555235
-0.778665850155308870 -0.555992649714252773 0.168442580144384513
-0.779841853168234400 -0.554146824307134356 0.167994429379631272
-0.781005439426966097 -0.552310373817101241 0.167547829219145628
-0.782156796162820744 -0.550483149902058044 0.167102782357422014
-0.783296107304380596 -0.548665003676868990 0.166659291479583554
-0.784423553822912289 -0.546855785230422886 0.166217359261365216
-0.785539314082528195 -0.545055343117878510 0.165776988369098488
-0.786276748934529701 -0.543859848415885305 0.165338181459694394
-0.787373422467405493 -0.542073691149188019 0.164900941180628258
-0.788458875251131452 -0.540295894807502286 0.164465270169923072
-0.789533279034497437 -0.538526297667846654 0.164031171056134129
-0.790596804566086164 -0.536764733833345664 0.163598646458332858
-0.791649621929158220 -0.535011032610496540 0.163167698986090987
-0.792345635022560502 -0.533846179840253621 0.162738331239465017
-0.793380982666014978 -0.532105188550373254 0.162310545808980133
-0.794406075009366441 -0.530371576217614660 0.161884345275615377
-0.795421082567483007 -0.528645148823039812 0.161459732210787160
-0.796092236212263660 -0.527498089433321771 0.161036709176334170
-0.797090817276697838 -0.525783183624451089 0.160615278724501848
-0.798079773487541555 -0.524074904021718857 0.160195443397927406
-0.799059280191260379 -0.522373023361706212 0.159777205729623673
-0.799707122453103270 -0.521241874054069187 0.159360568242964351
-0.800671275396949711 -0.519550123086845672 0.158945533451668869
-0.801626457385405389 -0.517864109028707609 0.158532103859786916
-0.802258352474621406 -0.516743153172990910 0.158120281961683429
-0.803198994347944062 -0.515066089537273952 0.157710070242023437
-0.804131164445253122 -0.513394005583294843 0.157301471175757601
-0.804748000135899200 -0.512281895888907712 0.156894487228106394
-0.805666483079074625 -0.510617408894297742 0.156489120854546221
-0.806577019981528087 -0.508957029986428777 0.156085374500793544
-0.807179731258447664 -0.507852215695672959 0.155683250602791229
-0.808077483197222723 -0.506197872076573185 0.155282751586692802
-0.808671866781528581 -0.505096724053648360 0.154883879868848662
-0.809557427133114627 -0.503447316842924431 0.154486637855791142
-0.810435967965879578 -0.501800299885571066 0.154091027944219749
-0.811017874895697988 -0.500703390828333483 0.153697052520987060
-0.811885228318634189 -0.499059324035715124 0.153304713963084344
-0.812459896216533251 -0.497963925892534853 0.152914014637626994
-0.813316728419033796 -0.496321405912147573 0.152524956901840314
-0.813884612231459581 -0.495226537250117615 0.152137543103045308
-0.814731622714354509 -0.493584019010122721 0.151751775578644582
-0.815293200683338881 -0.492488598596866778 0.151367656656108324
-0.816131125598215101 -0.490844378773831913 0.150985188652959929
-0.816686901597908688 -0.489747213792704361 0.150604373876762149
-0.817516517465314285 -0.488099411830424934 0.150225214625103520
-0.818067023624870826 -0.486999184290668463 0.149847713185584097
-0.818889151485818423 -0.485345720487117327 0.149471871835801767
-0.819434951134111356 -0.484240971476805282 0.149097692843338375
-0.819979033523270173 -0.483133970388837541 0.148725178465746399
-0.820792152295815036 -0.481468652750757897 0.148354330950535129
-0.821332375736519515 -0.480354815346137776 0.147985152535156927
-0.822140188324018362 -0.478677870007683137 0.147617645446993906
-0.822677205671953571 -0.477555317853423311 0.147251811903344576
-0.823213133249103834 -0.476428706033257487 0.146887654111410415
-0.824015233015928383 -0.474730405509986464 0.146525174268282266
-0.824548944978780396 -0.473592075763833498 0.146164374560927651
-0.825081983069077873 -0.472448386827083233 0.145805257166176955
-0.825880554980693238 -0.470721899259815557 0.145447824250710761
-0.826412471346425148 -0.469562967878789816 0.145092077971046479
-0.826944174684184352 -0.468397146946485210 0.144738020473525603
-0.827741640102948817 -0.466634425695663546 0.144385653894300470
-0.828273438146373553 -0.465449195866805998 0.144034980359321579
-0.828805537484189170 -0.464255260252208313 0.143686001984324796
-0.829338096298103400 -0.463052037834588259 0.143338720874818359
-0.830138155675458900 -0.461228443357372897 0.142993139126070229
-0.830672592051647785 -0.459999252385887347 0.142649258823095815
-0.831208086814222535 -0.458758481311164257 0.142307082040644906
-0.831744825358489925 -0.457505390667705902 0.141966610843189456
-0.832283000068524625 -0.456239198459262529 0.141627847284910818
-0.833093394038925572 -0.454313520685560024 0.141290793409687837
-0.833636050303265597 -0.453010844464758478 0.140955451251084163
-0.834180876798567561 -0.451691945758745939 0.140621822832335985
-0.834728103258033816 -0.450355806398551051 0.140289910166339848
-0.835277967464821969 -0.449001344831553517 0.139959715255640799
-0.835830718245334836 -0.447627409001900234 0.139631240092419895
-0.836665826485159303 -0.445527283971827393 0.139304486658482385
-0.837226951690582699 -0.444099111519030920 0.138979456925245687
-0.837791920390249967 -0.442646794436950319 0.138656152853727538
-0.838361033492920016 -0.441168785352689219 0.138334576394534364
-0.838934605330949434 -0.439663426389165224 0.138014729487848986
-0.839512964405357831 -0.438128938834713100 0.137696614063419348
-0.840096454066778686 -0.436563411788870370 0.137380232040546862
-0.840685433297040374 -0.434964789384266637 0.137065585328074641
-0.841280277414982347 -0.433330856570897982 0.136752675824376058
-0.841881378782345147 -0.431659223212821352 0.136441505417343317
-0.842489147556389928 -0.429947306123756090 0.136132075984376016
-0.843104012278922954 -0.428192309016184769 0.135824389392369904
-0.843726420467227234 -0.426391199786342989 0.135518447497705474
-0.844356839100457890 -0.424540684859377904 0.135214252146237057
-0.844995754861220916 -0.422637180191525907 0.134911805173281107
-0.845643674271784107 -0.420676778234310544 0.134611108403605934
-0.846301123427529056 -0.418655210404994926 0.134312163651419847
-0.846968647371079797 -0.416567804199060587 0.134014972720361059
-0.847646808971567967 -0.414409433991748011 0.133719537403486022
-0.848336186994937735 -0.412174464662676376 0.133425859483258913
-0.849037373345328694 -0.409856686486110178 0.133133940731541361
-0.849392582236762728 -0.408664628158357024 0.132843782909580932
-0.850112609268556696 -0.406209548564548550 0.132555387768000910
-0.850845951233828224 -0.403653098161326773 0.132268757046789781
-0.851593202393762905 -0.400986378897232321 0.131983892475290826
-0.852354935678655057 -0.398199468239592180 0.131700795772191348
-0.853131686311236592 -0.395281267927485136 0.131419468645512461
-0.853923930003057552 -0.392219325173179978 0.131139912792598762
-0.854325987154043287 -0.390630137140434597 0.130862129900108481
-0.855142158291142818 -0.387325737159214090 0.130586121644002573
-0.855974536028521471 -0.383839042850459444 0.130311889689535138
-0.856823087441213049 -0.380150899845511869 0.130039435691243210
-0.857253341334119456 -0.378224574489303300 0.129768761292936907
-0.858125428645251653 -0.374192313573821433 0.129499868127689266
-0.859012095568219114 -0.369897823249897839 0.129232757817826449
-0.859911744519084476 -0.365310133067078824 0.128967431974918306
-0.860365712186297205 -0.362895334818079784 0.128703892199768077
-0.861279889244049413 -0.357798697113481112 0.128442140082403289
-0.862198615554004011 -0.352307537281193184 0.128182177202065650
-0.862657838443344427 -0.349397723814014349 0.127924005127202034
-0.863571013613890992 -0.343211940534461024 0.127667625415454483
-0.864468197405262151 -0.336479467222421447 0.127413039613651358
-0.864906467762321496 -0.332883150267078209 0.127160249257797620
-0.865750775487545976 -0.325171450485017555 0.126909255873065646
-0.866531318304715192 -0.316674754650926094 0.126660060973786071
-0.866887616409045769 -0.312091613100685838 0.126412666063438650
-0.867505074907889417 -0.302159050239533933 0.126167072634643274
-0.867752111138354487 -0.296764311725691343 0.125923282169150691
-0.868076458731602107 -0.284984178190367754 0.125681296137833798
-0.868089070204971724 -0.271665326804605700 0.125441116000678810
-0.867935912938686993 -0.264331367044154997 0.125202743206776296
-0.867190957283199060 -0.248072991722633918 0.124966179194312452
-0.866534479665368673 -0.239032045722205877 0.124731425390560466
-0.864431145764836151 -0.218772235800442971 0.124498483211871971
-0.862861420481597641 -0.207380681676729461 0.124267354063668414
-0.858252293718168469 -0.181545566827527483 0.124038039340432532
-0.854966791900434675 -0.166843873828146527 0.123810540425700069
-0.845538485164998854 -0.133088104309498134 0.123584858692051325
-0.838871528470690131 -0.113660035645569146 0.123360995501102993
-0.830416054488595345 -0.092251039868295526 0.123138952203499741
-0.805928040563230530 -0.042593767486998890 0.122918730138906251
-0.788316036087966410 -0.013945345691111610 0.122700330635999083
-0.736263088959403289 0.051269258640720961 0.122483755012458659
-0.698159001946047075 0.087140481815576321 0.122269004574961190
-0.584806609533331745 0.158265850354433663 0.122056080619171087
-0.503399768442199802 0.186173490090352639 0.121844984429732739
-0.402573073475861909 0.199758042176842010 0.121635717280263234
-0.156195605955863098 0.139364121183708861 0.121428280433344166
-0.036855249783028711 0.045292506039614856 0.121222675140514505
0.050815282802525938 -0.089990634524182045 0.121018902642262602
0.074160180420521610 -0.400577771786466141 0.120816964168019139
0.019637787859401346 -0.528864316534507939 0.120616860936149317
-0.056587449321739702 -0.624028066516449931 0.120418594153945749
-0.139097244084842642 -0.687913219277219046 0.120222165017621091
-0.289888318718291960 -0.748080486840105419 0.120027574712300855
-0.352335503320825305 -0.757115335423476643 0.119834824412016289
-0.405969544961982565 -0.758289403068447276 0.119643915279697144
-0.451726310876650161 -0.754531560291387793 0.119454848467164781
-0.524030733393243686 -0.739356386418206002 0.119267625115125314
-0.552598920603108557 -0.730040206430194627 0.119082246353162544
-0.577226862940082408 -0.720372106623245689 0.118898713299731174
-0.598576825603356122 -0.710682795579702931 0.118717027062150135
-0.617191443087458103 -0.701175910123618573 0.118537188736595883
-0.647905161422234199 -0.683139894298011363 0.118359199408095833
-0.660661765026594683 -0.674711027179588640 0.118183060150521657
-0.672026481699342315 -0.666696558929264382 0.118008772026582914
-0.682199752141752436 -0.659093230190371693 0.117836336087820667
-0.691347733397908337 -0.651889218341132226 0.117665753374601195
-0.699608870748959943 -0.645067684133626473 0.117497024916109374
-0.707099119913034202 -0.638609098518525320 0.117330151730342946
-0.713916102585134382 -0.632492758658135479 0.117165134824105996
-0.720142422274169358 -0.626697763395646090 0.117001975193003135
-0.725848319754304527 -0.621203627627881616 0.116840673821433358
-0.731093808401948708 -0.615990655717316260 0.116681231682584041
-0.735930399184957063 -0.611040154202266983 0.116523649738425272
-0.740402500463991919 -0.606334538364108222 0.116367928939703880
-0.744548559464640380 -0.601857369068004577 0.116214070225937813
-0.748401997359365412 -0.597593344914685187 0.116062074525410328
-0.751991978949866358 -0.593528266353635647 0.115911942755164490
-0.755344049077070978 -0.589648983158989726 0.115763675820997711
-0.758480661219124830 -0.585943332838149034 0.115617274617456051
-0.761421618457085114 -0.582400075037615483 0.115472740027829104
-0.764184442877223868 -0.579008825288278239 0.115330072924144461
-0.766784686328348286 -0.575759990133960731 0.115189274167162514
-0.769236192845995315 -0.572644705034283108 0.115050344606371285
-0.771551321149959057 -0.569654775694642956 0.114913285079981331
-0.773741133947844828 -0.566782623290712828 0.114778096414920497
-0.775815559600646520 -0.564021233649721898 0.114644779426829185
-0.775815559600646520 -0.564021233649721898 0.114513334920055415
-0.777783530655700939 -0.561364110376862069 0.114383763687649603
-0.779653102931690767 -0.558805231814407999 0.114256066511360263
-0.781431558242181579 -0.556339011591708732 0.114130244161628980
-0.783125493269728801 -0.553960262561442596 0.114006297397585929
-0.784740896657438625 -0.551664163919721839 0.113884226967045130
-0.784740896657438625 -0.551664163919721839 0.113764033606500142
-0.786283216131849816 -0.549446231154498199 0.113645718041119337
-0.787757417042625363 -0.547302288720376229 0.113529280984741868
-0.789168033599683794 -0.545228445101041403 0.113414723139873122
-0.789168033599683794 -0.545228445101041403 0.113302045197680529
-0.790519213815749078 -0.543221070095421310 0.113191247837989437
-0.791814759029801141 -0.541276774112626091 0.113082331729278909
-0.791814759029801141 -0.541276774112626091 0.112975297528677909
-0.793058158736506313 -0.539392389319980459 0.112870145881961009
-0.794252621378735313 -0.537564952405473528 0.112766877423544909
-0.794252621378735313 -0.537564952405473528 0.112665492776484119
-0.795401101599503835 -0.535791688889594053 0.112565992552467672
-0.796506324434084978 -0.534069998774795995 0.112468377351815099
-0.796506324434084978 -0.534069998774795995 0.112372647763472971
-0.797570806826049306 -0.532397443437997997 0.112278804365011281
-0.798596876797731614 -0.530771733645922006 0.112186847722619942
-0.798596876797731614 -0.530771733645922006 0.112096778391105545
-0.799586690570600944 -0.529190718586452169 0.112008596913887773
-0.799586690570600944 -0.529190718586452169 0.111922303822996186
-0.800542247881031122 -0.527652375817886155 0.111837899639067123
-0.800542247881031122 -0.527652375817886155 0.111755384871340541
-0.801465405702427303 -0.526154802061696292 0.111674760017656721
-0.801465405702427303 -0.526154802061696292 0.111596025564453569
-0.802357890575211674 -0.524696204748621442 0.111519181986763555
-0.802357890575211674 -0.524696204748621442 0.111444229748210735
-0.803221309687448981 -0.523274894260430612 0.111371169301008127
-0.803221309687448981 -0.523274894260430612 0.111300001085954892
-0.804057160863496545 -0.521889276796446033 0.111230725532433697
-0.804057160863496545 -0.521889276796446033 0.111163343058408165
-0.804866841578266823 -0.520537847809711796 0.111097854070420235
-0.804866841578266823 -0.520537847809711796 0.111034258963587817
-0.804866841578266823 -0.520537847809711796 0.110972558121602394
-0.805651657100084684 -0.519219185969382657 0.110912751916726629
-0.805651657100084684 -0.519219185969382657 0.110854840709792277
-0.806412827867110882 -0.517931947591876662 0.110798824850197819
-0.806412827867110882 -0.517931947591876662 0.110744704675906469
-0.806412827867110882 -0.517931947591876662 0.110692480513444172
-0.807151496173382776 -0.516674861503143568 0.110642152677897440
-0.807151496173382776 -0.516674861503143568 0.110593721472911730
-0.807151496173382776 -0.516674861503143568 0.110547187190689372
-0.807868732237358667 -0.515446724305261950 0.110502550111987896
-0.807868732237358667 -0.515446724305261950 0.110459810506118417
-0.807868732237358667 -0.515446724305261950 0.110418968630943887
-0.807868732237358667 -0.515446724305261950 0.110380024732877557
-0.808565539723409943 -0.514246395986431071 0.110342979046881562
-0.808565539723409943 -0.514246395986431071 0.110307831796465444
-0.808565539723409943 -0.514246395986431071 0.110274583193684828
-0.808565539723409943 -0.514246395986431071 0.110243233439140137
-0.808565539723409943 -0.514246395986431071 0.110213782721975392
-0.809242860763913607 -0.513072795881625021 0.110186231219877029
-0.809242860763913607 -0.513072795881625021 0.110160579099072869
-0.809242860763913607 -0.513072795881625021 0.110136826514331099
-0.809242860763913607 -0.513072795881625021 0.110114973608959388
-0.809242860763913607 -0.513072795881625021 0.110095020514803896
-0.809242860763913607 -0.513072795881625021 0.110076967352248589
-0.809242860763913607 -0.513072795881625021 0.110060814230214563
-0.809242860763913607 -0.513072795881625021 0.110046561246159164
-0.809901580543127775 -0.511924898917873628 0.110034208486075674
-0.809901580543127775 -0.511924898917873628 0.110023756024492547
-0.809901580543127775 -0.511924898917873628 0.110015203924473198
-0.809901580543127775 -0.511924898917873628 0.110008552237615381
-0.809901580543127775 -0.511924898917873628 0.110003801004051049
-0.809901580543127775 -0.511924898917873628 0.110000950252446050
-0.809901580543127775 -0.511924898917873628 0.110000000000000001
