-0.099620619240143871 -0.489550754297966462 0.739999999999999991
-0.099620619240143871 -0.489550754297966462 0.739999049747553928
-0.099620619240143871 -0.489550754297966462 0.739996198995948928
-0.099620619240143871 -0.489550754297966462 0.739991447762384680
-0.099620619240143871 -0.489550754297966462 0.739984796075526807
-0.099620619240143871 -0.489550754297966462 0.739976243975507431
-0.099620619240143871 -0.489550754297966462 0.739965791513924276
-0.099620619240143871 -0.489550754297966462 0.739953438753840897
-0.099620619240143871 -0.489550754297966462 0.739939185769785457
-0.099620619240143871 -0.489550754297966462 0.739923032647751389
-0.099620619240143871 -0.489550754297966462 0.739904979485196068
-0.099620619240143871 -0.489550754297966462 0.739885026391040590
-0.099620619240143871 -0.489550754297966462 0.739863173485668879
-0.099620619240143871 -0.489550754297966462 0.739839420900927136
-0.099620619240143871 -0.489550754297966462 0.739813768780122949
-0.099620619240143871 -0.489550754297966462 0.739786217278024627
-0.099620619240143871 -0.489550754297966462 0.739756766560859869
-0.099620619240143871 -0.489550754297966462 0.739725416806315206
-0.099620619240143871 -0.489550754297966462 0.739692168203534561
-0.099620619240143871 -0.489550754297966462 0.739657020953118471
-0.099620619240143871 -0.489550754297966462 0.739619975267122420
-0.099620619240143871 -0.489550754297966462 0.739581031369056063
-0.099620619240143871 -0.489550754297966462 0.739540189493881561
-0.099620619240143871 -0.489550754297966462 0.739497449888012137
-0.099620619240143871 -0.489550754297966462 0.739452812809310633
-0.099620619240143871 -0.489550754297966462 0.739406278527088290
-0.099620619240143871 -0.489550754297966462 0.739357847322102524
-0.099620619240143871 -0.489550754297966462 0.739307519486555820
-0.099620619240143871 -0.489550754297966462 0.739255295324093509
-0.099620619240143871 -0.489550754297966462 0.739201175149802103
-0.099620619240143871 -0.489550754297966462 0.739145159290207743
-0.099620619240143871 -0.489550754297966462 0.739087248083273307
-0.099620619240143871 -0.489550754297966462 0.739027441878397529
-0.099620619240143871 -0.489550754297966462 0.738965741036412216
-0.099620619240143871 -0.489550754297966462 0.738902145929579812
-0.099620619240143871 -0.489550754297966462 0.738836656941591730
-0.099620619240143871 -0.489550754297966462 0.738769274467566239
-0.099620619240143871 -0.489550754297966462 0.738699998914045142
-0.099620619240143871 -0.489550754297966462 0.738628830698991878
-0.099620619240143871 -0.489550754297966462 0.738555770251789201
-0.099620619240143871 -0.489550754297966462 0.738480818013236395
-0.099620619240143871 -0.489550754297966462 0.738403974435546395
-0.099620619240143871 -0.489550754297966462 0.738325239982343340
-0.099620619240143871 -0.489550754297966462 0.738244615128659576
-0.099620619240143871 -0.489550754297966462 0.738162100360932882
-0.099620619240143871 -0.489550754297966462 0.738077696177003806
-0.099620619240143871 -0.489550754297966462 0.737991403086112219
-0.099620619240143871 -0.489550754297966462 0.737903221608894433
-0.099620619240143871 -0.489550754297966462 0.737813152277379980
-0.099620619240143871 -0.489550754297966462 0.737721195634988725
-0.099620619240143871 -0.489550754297966462 0.737627352236526979
-0.099620619240143871 -0.489550754297966462 0.737531622648184837
-0.099620619240143871 -0.489550754297966462 0.737434007447532291
-0.099620619240143871 -0.489550754297966462 0.737334507223515900
-0.099620619240143871 -0.489550754297966462 0.737233122576455124
-0.099620619240143871 -0.489550754297966462 0.737129854118038996
-0.099620619240143871 -0.489550754297966462 0.737024702471322124
-0.099620619240143871 -0.489550754297966462 0.736917668270721027
-0.099620619240143871 -0.489550754297966462 0.736808752162010583
-0.099620619240143871 -0.489550754297966462 0.736697954802319477
-0.099620619240143871 -0.489550754297966462 0.736585276860126870
-0.099620619240143871 -0.489550754297966462 0.736470719015258179
-0.099620619240143871 -0.489550754297966462 0.736354281958880641
-0.099620619240143871 -0.489550754297966462 0.736235966393499863
-0.099620619240143871 -0.489550754297966462 0.736115773032954834
-0.099620619240143871 -0.489550754297966462 0.735993702602414035
-0.099620619240143871 -0.489550754297966462 0.735869755838370998
-0.099620619240143871 -0.489550754297966462 0.735743933488639756
-0.099620619240143871 -0.489550754297966462 0.735616236312350402
-0.099620619240143871 -0.489550754297966462 0.735486665079944646
-0.099620619240143871 -0.489550754297966462 0.735355220573170709
-0.099620619240143871 -0.489550754297966462 0.735221903585079439
-0.099620619240143871 -0.489550754297966462 0.735086714920018758
-0.099620619240143871 -0.489550754297966462 0.734949655393628665
-0.099620619240143871 -0.489550754297966462 0.734810725832837464
-0.099620619240143871 -0.489550754297966462 0.734669927075855544
-0.099620619240143871 -0.489550754297966462 0.734527259972170943
-0.099620619240143871 -0.489550754297966462 0.734382725382543899
-0.099620619240143871 -0.489550754297966462 0.734236324179002309
-0.099620619240143871 -0.489550754297966462 0.734088057244835501
-0.099620619240143871 -0.489550754297966462 0.733937925474589692
-0.099620619240143871 -0.489550754297966462 0.733785929774062096
-0.099620619240143871 -0.489550754297966462 0.733632071060296154
-0.099620619240143871 -0.489550754297966462 0.733476350261574761
-0.099620619240143871 -0.489550754297966462 0.733318768317415937
-0.099620619240143871 -0.489550754297966462 0.733159326178566717
-0.099620619240143871 -0.489550754297966462 0.732998024806996828
-0.099620619240143871 -0.489550754297966462 0.732834865175894024
-0.099620619240143871 -0.489550754297966462 0.732669848269657087
-0.099620619240143871 -0.489550754297966462 0.732502975083890617
-0.099620619240143871 -0.489550754297966462 0.732334246625398921
-0.099620619240143871 -0.489550754297966462 0.732163663912179352
-0.099620619240143871 -0.489550754297966462 0.731991227973417091
-0.099620619240143871 -0.489550754297966462 0.731816939849478376
-0.099620619240143871 -0.489550754297966462 0.731640800591904172
-0.099620619240143871 -0.489550754297966462 0.731462811263404067
-0.099620619240143871 -0.489550754297966462 0.731282972937849940
-0.099620619240143871 -0.489550754297966462 0.731101286700268749
-0.099620619240143871 -0.489550754297966462 0.730917753646837420
-0.099620619240143871 -0.489550754297966462 0.730732374884874636
-0.099620619240143871 -0.489550754297966462 0.730545151532835280
-0.099620619240143871 -0.489550754297966462 0.730356084720302889
-0.099620619240143871 -0.489550754297966462 0.730165175587983772
-0.099620619240143871 -0.489550754297966462 0.729972425287699123
-0.099620619240143871 -0.489550754297966462 0.729777834982378915
-0.099620619240143871 -0.489550754297966462 0.729581405846054243
-0.099620619240143871 -0.489550754297966462 0.729383139063850661
-0.099620619240143871 -0.489550754297966462 0.729183035831980852
-0.099620619240143871 -0.489550754297966462 0.728981097357737307
-0.099620619240143871 -0.489550754297966462 0.728777324859485542
-0.099620619240143871 -0.489550754297966462 0.728571719566655895
-0.099620619240143871 -0.489550754297966462 0.728364282719736744
-0.099620619240143871 -0.489550754297966462 0.728155015570267294
-0.099620619240143871 -0.489550754297966462 0.727943919380828919
-0.099620619240143871 -0.489550754297966462 0.727730995425038829
-0.099620619240143871 -0.489550754297966462 0.727516244987541416
-0.099620619240143871 -0.489550754297966462 0.727299669364000922
-0.099620619240143871 -0.489550754297966462 0.727081269861093782
-0.099620619240143871 -0.489550754297966462 0.726861047796500293
-0.099620619240143871 -0.489550754297966462 0.726639004498896957
-0.099620619240143871 -0.489550754297966462 0.726415141307948709
-0.099620619240143871 -0.489550754297966462 0.726189459574299923
-0.099620619240143871 -0.489550754297966462 0.725961960659567529
-0.099620619240143871 -0.489550754297966462 0.725732645936331688
-0.099620619240143871 -0.489550754297966462 0.725501516788128020
-0.099620619240143871 -0.489550754297966462 0.725268574609439609
-0.099620619240143871 -0.489550754297966462 0.725033820805687568
-0.099620619240143871 -0.489550754297966462 0.724797256793223710
-0.099620619240143871 -0.489550754297966462 0.724558883999321224
-0.099620619240143871 -0.489550754297966462 0.724318703862166235
-0.099620619240143871 -0.489550754297966462 0.724076717830849370
-0.099620619240143871 -0.489550754297966462 0.723832927365356760
-0.099620619240143871 -0.489550754297966462 0.723587333936561383
-0.099620619240143871 -0.489550754297966462 0.723339939026213963
-0.099620619240143871 -0.489550754297966462 0.723090744126934415
-0.099620619240143871 -0.489550754297966462 0.722839750742202303
-0.099620619240143871 -0.489550754297966462 0.722586960386348620
-0.099620619240143871 -0.489550754297966462 0.722332374584545467
-0.099620619240143871 -0.489550754297966462 0.722075994872797944
-0.099620619240143871 -0.489550754297966462 0.721817822797934383
-0.099620619240143871 -0.489550754297966462 0.721557859917596800
-0.099620619240143871 -0.489550754297966462 0.721296107800231900
-0.099620619240143871 -0.489550754297966462 0.721032568025081755
-0.099620619240143871 -0.489550754297966462 0.720767242182173473
-0.099620619240143871 -0.489550754297966462 0.720500131872310767
-0.099620619240143871 -0.489550754297966462 0.720231238707063071
-0.099620619240143871 -0.489550754297966462 0.719960564308756767
-0.099620619240143871 -0.489550754297966462 0.719688110310464868
-0.099620619240143871 -0.489550754297966462 0.719413878355997460
-0.099620619240143871 -0.489550754297966462 0.719137870099891496
-0.099620619240143871 -0.489550754297966462 0.718860087207401133
-0.099620619240143871 -0.489550754297966462 0.718580531354487628
-0.099620619240143871 -0.489550754297966462 0.718299204227808685
-0.099620619240143871 -0.489550754297966462 0.718016107524709124
-0.099620619240143871 -0.489550754297966462 0.717731242953210224
-0.099620619240143871 -0.489550754297966462 0.717444612231999179
-0.099620619240143871 -0.489550754297966462 0.717156217090419101
-0.099620619240143871 -0.489550754297966462 0.716866059268458589
-0.099620619240143871 -0.489550754297966462 0.716574140516741065
-0.099620619240143871 -0.489550754297966462 0.716280462596514012
-0.099620619240143871 -0.489550754297966462 0.715985027279638975
-0.099620619240143871 -0.489550754297966462 0.715687836348580131
-0.099620619240143871 -0.489550754297966462 0.715388891596394072
-0.099620619240143871 -0.489550754297966462 0.715088194826718926
-0.099620619240143871 -0.489550754297966462 0.714785747853762921
-0.099620619240143871 -0.489550754297966462 0.714481552502294504
-0.099620619240143871 -0.489550754297966462 0.714175610607630129
-0.099620619240143871 -0.489550754297966462 0.713867924015623934
-0.099620619240143871 -0.489550754297966462 0.713558494582656633
-0.099620619240143871 -0.489550754297966462 0.713247324175623976
-0.099620619240143871 -0.489550754297966462 0.712934414671925309
-0.099620619240143871 -0.489550754297966462 0.712619767959453143
-0.099620619240143871 -0.489550754297966462 0.712303385936580713
-0.099620619240143871 -0.489550754297966462 0.711985270512151103
-0.099620619240143871 -0.489550754297966462 0.711665423605465697
-0.099620619240143871 -0.489550754297966462 0.711343847146272412
-0.099620619240143871 -0.489550754297966462 0.711020543074754374
-0.099620619240143871 -0.489550754297966462 0.710695513341517593
-0.099620619240143871 -0.489550754297966462 0.710368759907580083
-0.099620619240143871 -0.489550754297966462 0.710040284744359096
-0.099620619240143871 -0.489550754297966462 0.709710089833660129
-0.099620619240143871 -0.489550754297966462 0.709378177167664048
-0.099620619240143871 -0.489550754297966462 0.709044548748915870
-0.099620619240143871 -0.489550754297966462 0.708709206590312113
-0.099620619240143871 -0.489550754297966462 0.708372152715089243
-0.099620619240143871 -0.489550754297966462 0.708033389156810689
-0.099620619240143871 -0.489550754297966462 0.707692917959355072
-0.099620619240143871 -0.489550754297966462 0.707350741176904108
-0.099620619240143871 -0.489550754297966462 0.707006860873929721
-0.099620619240143871 -0.489550754297966462 0.706661279125181618
-0.099620619240143871 -0.489550754297966462 0.706313998015675182
-0.099620619240143871 -0.489550754297966462 0.705965019640678482
-0.099620619240143871 -0.489550754297966462 0.705614346105699508
-0.099620619240143871 -0.489550754297966462 0.705261979526474403
-0.099620619240143871 -0.489550754297966462 0.704907922028953582
-0.099620619240143871 -0.489550754297966462 0.704552175749289300
-0.099620619240143871 -0.489550754297966462 0.704194742833822995
-0.099620619240143871 -0.489550754297966462 0.703835625439072410
-0.099620619240143871 -0.489550754297966462 0.703474825731717712
-0.099620619240143871 -0.489550754297966462 0.703112345888589618
-0.099620619240143871 -0.489550754297966462 0.702748188096655402
-0.099620619240143871 -0.489550754297966462 0.702382354553006127
-0.099620619240143871 -0.489550754297966462 0.702014847464843106
-0.099620619240143871 -0.489550754297966462 0.701645669049464793
-0.099620619240143871 -0.489550754297966462 0.701274821534253578
-0.099620619240143871 -0.489550754297966462 0.700902307156661686
-0.099620619240143871 -0.489550754297966462 0.700528128164198294
-0.099620619240143871 -0.489550754297966462 0.700152286814415881
-0.099620619240143871 -0.489550754297966462 0.699774785374896457
-0.099620619240143871 -0.489550754297966462 0.699395626123237801
-0.099620619240143871 -0.489550754297966462 0.699014811347040133
-0.099620619240143871 -0.489550754297966462 0.698632343343891682
-0.099620619240143871 -0.489550754297966462 0.698248224421355368
-0.099620619240143871 -0.489550754297966462 0.697862456896954697
-0.099620619240143871 -0.489550754297966462 0.697475043098159664
-0.099620619240143871 -0.489550754297966462 0.697085985362372984
-0.099620619240143871 -0.489550754297966462 0.696695286036915662
-0.099620619240143871 -0.489550754297966462 0.696302947479013001
-0.099620619240143871 -0.489550754297966462 0.695908972055780284
-0.099620619240143871 -0.489550754297966462 0.695513362144208891
-0.099620619240143871 -0.489550754297966462 0.695116120131151316
-0.099620619240143871 -0.489550754297966462 0.694717248413307176
-0.099620619240143871 -0.489550754297966462 0.694316749397208888
-0.099620619240143871 -0.489550754297966462 0.693914625499206461
-0.099620619240143871 -0.489550754297966462 0.693510879145453840
-0.099620619240143871 -0.489550754297966462 0.693105512771893584
-0.099620619240143871 -0.489550754297966462 0.692698528824242432
-0.099620619240143871 -0.489550754297966462 0.692289929757976541
-0.099620619240143871 -0.489550754297966462 0.691879718038316605
-0.099620619240143871 -0.489550754297966462 0.691467896140213090
-0.099620619240143871 -0.489550754297966462 0.691054466548331137
-0.099620619240143871 -0.489550754297966462 0.690639431757035682
-0.099620619240143871 -0.489550754297966462 0.690222794270376361
-0.100674885884266124 -0.490304505270770408 0.689804556602072627
-0.102293228226661370 -0.491462405163060057 0.689384721275498102
-0.103958887557176527 -0.492655153820102831 0.688963290823665919
-0.105675614381790295 -0.493885287737791168 0.688540267789212845
-0.107447256121394580 -0.495156699590741933 0.688115654724384629
-0.109279035429344862 -0.496471183608190036 0.687689454191019900
-0.111175934146451771 -0.497833521511211408 0.687261668760535072
-0.113144061872815699 -0.499247905480740384 0.686832301013909019
-0.115891207872882762 -0.501223384769189706 0.686401353541667092
-0.118054479126031897 -0.502779825908159284 0.685968828943865794
-0.120316754456033764 -0.504408066733069593 0.685534729830076905
-0.122689582755331039 -0.506116255673093152 0.685099058819371831
-0.125186636004823604 -0.507913974581908789 0.684661818540305611
-0.127824239253795463 -0.509812570353331940 0.684223011630901601
-0.131594276375502667 -0.512524733996266191 0.683782640738634817
-0.134643905787893425 -0.514716208551844412 0.683340708520416507
-0.137918525625238514 -0.517065667089401937 0.682897217642577936
-0.141457767919512589 -0.519599077184022207 0.682452170780854406
-0.145311911583165726 -0.522348706718698486 0.682005570620368706
-0.151055348346136514 -0.526422881484249539 0.681557419855615576
-0.155932197513538179 -0.529854570681844494 0.681107721190444715
-0.161433654469499865 -0.533688120493455598 0.680656477338045240
-0.167733396994778294 -0.538019995131975071 0.680203691020928702
-0.177816526325768137 -0.544801858730613597 0.679749364970912762
-0.187147693506653862 -0.550887739206213256 0.679293501929105314
-0.198689316493304541 -0.558133954458251758 0.678836104645886729
-0.219451695287008391 -0.570320959914769166 0.678377175880894634
-0.241796405597965641 -0.582155078920621905 0.677916718403006269
-0.275056187616962156 -0.597202947562001984 0.677454734990322271
-0.304041136666013179 -0.629499529001469549 0.676991228430149805
-0.468679069907012635 -0.641875844562630027 0.676526201518985459
-0.912380921263166833 -0.389555638504627710 0.676059657062499042
-0.386283943848920508 0.350687927222897045 0.675591597875515815
0.009798153404743130 -0.039768250201646496 0.675122026782000395
0.002272275265701632 -0.268471235126071794 0.674650946615038660
-0.022322488417417963 -0.337268328250812710 0.674178360216821981
-0.047755306069563186 -0.386193736069152416 0.673704270438628683
-0.062127244951114380 -0.408570157822651492 0.673228680140807945
-0.073850199001249672 -0.424759571908545630 0.672751592192761816
-0.078821730298027859 -0.430286118914097293 0.672273009472928451
-0.092774952350419132 -0.447359163209852029 0.671792934868764235
-0.101895974709961035 -0.456996561802077705 0.671311371276726909
-0.107763287080500231 -0.462735767557059252 0.670828321602257471
-0.114742657586459351 -0.469113561168901683 0.670343788759763304
-0.119502788946555027 -0.473189225676946268 0.669857775672599853
-0.125373432386081785 -0.477915686770157166 0.669370285273053756
-0.130826320279638919 -0.482015172735896447 0.668881320502324628
-0.134704698273112794 -0.484764430654454070 0.668390884310507527
-0.139659093369922938 -0.488079770984121919 0.667898979656575076
-0.143248936846376601 -0.490346954332478435 0.667405609508359698
-0.147915136062500230 -0.493127571008314280 0.666910776842535635
-0.151356444066847812 -0.495059167012917967 0.666414484644600846
-0.155920463395002012 -0.497464936827001325 0.665916735908859470
-0.160544362779436817 -0.499716319336158121 0.665417533638403169
-0.164153450393940775 -0.501335067763207465 0.664916880845093483
-0.169487480533904222 -0.503476016875401666 0.664414780549543171
-0.176899357343085817 -0.505873974244242630 0.663911235781098785
-0.191566076007067543 -0.509011905464230585 0.663406249577821461
-0.156565973785617235 -0.502433996607133726 0.662899824986468933
-0.173254773602243728 -0.507127907742437656 0.662391965062477772
-0.178266040096658529 -0.508627950449457189 0.661882672869943733
-0.183383180607053248 -0.510186855188608401 0.661371951481604547
-0.187858460277315370 -0.511516066135589087 0.660859803978820493
-0.191021272065730663 -0.512416180393329368 0.660346233451555964
-0.195095595313961173 -0.513515251186883126 0.659831242998361267
-0.199069299238888525 -0.514514641533191264 0.659314835726353410
-0.202979623256477032 -0.515424324110729137 0.658797014751197674
-0.205884032645533593 -0.516051489688291065 0.658277783197088628
-0.209730137784563481 -0.516817657392466101 0.657757144196731369
-0.213554863012699159 -0.517506531954539772 0.657235100891322421
-0.217365115349273108 -0.518120319307551092 0.656711656430531421
-0.220216385015773924 -0.518532360110842472 0.656186813972481464
-0.224012668477765048 -0.519018302933155540 0.655660576683730012
-0.227805618153781420 -0.519432519292352901 0.655132947739250349
-0.231597760270899428 -0.519775588120482746 0.654603930322411820
-0.235391172473315924 -0.520047841444957859 0.654073527624961182
-0.239187609527377276 -0.520249397274346714 0.653541742847002838
-0.242988592331485953 -0.520380181589497726 0.653008579196979855
-0.245843130853450276 -0.520431680930282248 0.652474039891654756
-0.249655248678655434 -0.520437906882138757 0.651938128156089536
-0.253475365523456120 -0.520372263111160693 0.651400847223626678
-0.257304590714861392 -0.520234038071790028 0.650862200335869279
-0.261144000811522392 -0.520022351933985605 0.650322190742662065
-0.264994660982432850 -0.519736150878809977 0.649780821702071409
-0.268857643101244992 -0.519374198548826826 0.649238096480365567
-0.272734041356795076 -0.518935064733758944 0.648694018351995028
-0.276624985971371751 -0.518417111281621712 0.648148590599572971
-0.280531655442945504 -0.517818475130689460 0.647601816513855399
-0.284455287624316933 -0.517137048280813527 0.647053699393721038
-0.288397189877774740 -0.516370454441982485 0.646504242546151686
-0.292358748482763608 -0.515516022011946573 0.645953449286212344
-0.296341437433370269 -0.514570752938513953 0.645401322937030675
-0.300346826737969641 -0.513531286918062602 0.644847866829777683
-0.304376590320034723 -0.512393860256139089 0.644293084303647068
-0.308432513592308499 -0.511154258562710573 0.643736978705835461
-0.312516500791848673 -0.509807762279118504 0.643179553391521885
-0.316630582148955675 -0.508349083808200763 0.642620811723847774
-0.320776920977879021 -0.506772294746021812 0.642060757073896426
-0.324957820789568363 -0.505070741372299459 0.641499392820673031
-0.329175732548661060 -0.503236946125307005 0.640936722351083898
-0.333433262227676996 -0.501262492238580992 0.640372749059916258
-0.337733178859505656 -0.499137888018741038 0.639807476349817827
-0.342078423366299234 -0.496852406341959152 0.639240907631276056
-0.346472118532256901 -0.494393893762637482 0.638673046322597582
-0.352037442937852330 -0.491056213146444820 0.638103895849887803
-0.356552595200552547 -0.488154923922861306 0.637533459647030010
-0.361127762527497786 -0.485028155426723950 0.636961741155665062
-0.365767008693217210 -0.481654491049343825 0.636388743825169967
-0.370474685586397234 -0.478009194141054139 0.635814471112637336
-0.375255479358195698 -0.474063543861784620 0.635238926482855071
-0.380114476499416876 -0.469783996576067508 0.634662113408284490
-0.386306761766789630 -0.463904268041214651 0.634084035369040122
-0.391363133764614846 -0.458717991399587188 0.633504695852868616
-0.396518567046547310 -0.453040162475926877 0.632924098355127196
-0.401781772298615725 -0.446799992861724116 0.632342246378763129
-0.407163461514019887 -0.439910714118114166 0.631759143434292514
-0.414078661505002665 -0.430219259260053999 0.631174793039778748
-0.419785292738803772 -0.421429913215506047 0.630589198720811650
-0.425678793320630189 -0.411517024594365732 0.630002364010486038
-0.431805808538510638 -0.400225307018008125 0.629414292449380408
-0.439915474386477490 -0.383612074375117962 0.628824987585535511
-0.446944585325401933 -0.367636426685422790 0.628234452974433477
-0.454772264757739464 -0.348251343198015206 0.627642692178975614
-0.466693164010649197 -0.316306087199111519 0.627049708769460978
-0.479863020022678444 -0.278821350351536712 0.626455506323565503
-0.500043051806622674 -0.212682092752900009 0.625860088426319683
-0.419201522230868318 0.108125782026990025 0.625263458670087813
-0.142170632324633756 -0.295813105919048969 0.624665620654545006
-0.288694880515326158 -0.268411051664878886 0.624066577986656545
-0.301198343139945868 -0.187253651840825569 0.623466334280656009
-0.261143299872527324 -0.117115280248409975 0.622864893158023070
-0.170879021154134614 -0.045872756419437249 0.622262258247461841
0.050572328170826311 -0.000929321408717296 0.621658433184878789
0.308426792951522422 -0.111053430616881693 0.621053421613361412
0.463421331925452540 -0.434632481557461925 0.620447227183155481
0.291922025529570695 -0.825114353811697399 0.619839853551643394
0.062513200355769571 -0.933168206149101565 0.619231304383322301
-0.148459804145304852 -0.929239319020533805 0.618621583349781567
-0.257328542664410631 -0.893350836178953278 0.618010694129680793
-0.347888198714205177 -0.844102316906750971 0.617398640408728050
-0.398773555061983587 -0.808028581281058034 0.616785425879656679
-0.438166156450958411 -0.775946025848234688 0.616171054242203975
-0.477279570253260510 -0.740874162172980189 0.615555529203088425
-0.503350378030170797 -0.716074366584239619 0.614938854475987173
-0.531756009891619863 -0.688156431319410622 0.614321033781514036
-0.552221526649393168 -0.667664578662329200 0.613702070847196968
-0.575933324460478846 -0.643664685667417746 0.613081969407454963
-0.593880085270097946 -0.625336354831368291 0.612460733203576524
-0.615471998771797035 -0.603040983090292193 0.611838365983696564
-0.632296123655320397 -0.585393635406049939 0.611214871502773316
-0.652971021078447178 -0.563208487152890847 0.610590253522566684
-0.669326976928387607 -0.545113358478010790 0.609964515811614816
-0.689619446283865734 -0.521747754034758260 0.609337662145211567
-0.709769450639788912 -0.497215879409137584 0.608709696305383963
-0.725767726578018024 -0.476510531613614230 0.608080622080868771
-0.745536853652973730 -0.448977155691947405 0.607450443267090412
-0.761071738434702327 -0.425402023088606085 0.606819163666137418
-0.779946412676588596 -0.393688551061319891 0.606186787086739787
-0.794413922643954384 -0.366292679850884872 0.605553317344246333
-0.811358626174504272 -0.329215475299702742 0.604918758260600598
-0.826534108594395134 -0.288681567812632989 0.604283113664319305
-0.836949165986874188 -0.253575740012922823 0.603646387390467831
-0.847116186027036755 -0.206182011988511715 0.603008583280637778
-0.852354560197045585 -0.165418078934841117 0.602369705182924098
-0.854328792446417684 -0.111008262031029148 0.601729756951901340
-0.850032486419437072 -0.053136284399798672 0.601088742448600111
-0.841172082487290362 -0.004846534940637304 0.600446665540484759
-0.822191524480093028 0.057010505505050435 0.599803530101429061
-0.793325349853325923 0.118956754711444512 0.599159340011693797
-0.762540706513923139 0.167123648254433765 0.598514099157902213
-0.714194836737708005 0.223409806140241751 0.597867811433017704
-0.655322432178310654 0.272667525252031639 0.597220480736319392
-0.601530281104140974 0.305096880072385446 0.596572110973379255
-0.527794775376059233 0.334808690837851253 0.595922706056038476
-0.449636546796933656 0.350809003009629583 0.595272269902383133
-0.370508181842013562 0.352258440107387050 0.594620806436721661
-0.308878222652290979 0.343093585283867852 0.593968319589560312
-0.236624278076512845 0.319750567118011753 0.593314813297580179
-0.172090534040860860 0.285027718394918139 0.592660291503612213
-0.117071789030991691 0.241305403534070095 0.592004758156615130
-0.080586432077997427 0.201522547609415292 0.591348217211650096
-0.044677364495961443 0.147754577599350428 0.590690672629857860
-0.019406052857730508 0.091386255666198846 0.590032128378433995
-0.004340338426654773 0.034046998038413018 0.589372588430605804
0.000723732549635007 -0.011693490766226682 0.588712056765608116
-0.001284332591013161 -0.067956153621446691 0.588050537368658643
-0.012303042541733256 -0.122609155573262713 0.587388034230934886
-0.032384926976928533 -0.175147702957318074 0.586724551349549261
-0.062051377725980586 -0.225032575464906848 0.586060092727525461
-0.093419646483826599 -0.262482299022981591 0.585394662373774133
-0.143671093952095819 -0.304973865782509290 0.584728264303068901
-0.208529805514091615 -0.340016609909253642 0.584060902536021609
-0.290913722419739285 -0.362254857009918718 0.583392581099058893
-0.392713527211320579 -0.361803511471703754 0.582723304024396649
-0.510342921449305043 -0.322362783093040117 0.582053075350017379
-0.625279630880442805 -0.223720867484923591 0.581381899119644441
-0.687387472526062249 -0.096207386709339149 0.580709779382718061
-0.684609743002316584 0.097809315018629328 0.580036720194371247
-0.581497970459733171 0.263293947893223912 0.579362725615404806
-0.427140311637649428 0.346754932341815092 0.578687799712263029
-0.281729334376203844 0.353347503922824158 0.578011946557009382
-0.171889103263250159 0.316416343584415616 0.577335170227301964
-0.097633082898596596 0.263208819014543405 0.576657474806368309
-0.050437496304079177 0.208095195795681448 0.575978864382981293
-0.021934184973173371 0.156987437702919175 0.575299343051434375
-0.005964426205672314 0.111681714605087121 0.574618914911516843
0.000617591619675659 0.079691894903115970 0.573937584068489048
0.003454834939271012 0.044589864430944620 0.573255354633057546
0.002029304411509596 0.014270158456224999 0.572572230721350661
-0.002437039578902819 -0.011951918474643636 0.571888216454893183
-0.009161980800492058 -0.034684239876294015 0.571203315960581826
-0.017656904462423184 -0.054438841887969984 0.570517533370660246
-0.027637214544494311 -0.071633515201584494 0.569830872822694068
-0.038968765723988358 -0.086598385389768870 0.569143338459545789
-0.051637775214850065 -0.099580412958597347 0.568454934429350356
-0.065736769413987567 -0.110741766489644414 0.567765664885489074
-0.081462076419463667 -0.120148259649139777 0.567075533986565739
-0.099119602875037016 -0.127742376985152672 0.566384545896380986
-0.119134768580945544 -0.133291758081096140 0.565692704783906763
-0.142057719332912391 -0.136297756755227539 0.565000014823262009
-0.168541458398438343 -0.135839536897980562 0.564306480193686899
-0.199237057925552186 -0.130320388137990378 0.563612105079517756
-0.234474296586374309 -0.117093607980656683 0.562916893670161955
-0.273451486570290447 -0.092048125157193711 0.562220850160072394
-0.312504853191950149 -0.049635238464872181 0.561523978748722397
-0.342406340914678253 0.015179909405695413 0.560826283640580292
-0.343569342877596773 0.119164468573896093 0.560127769045084101
-0.299227407926005162 0.206263336130619507 0.559428439176616110
-0.220013261268945326 0.264450389321078783 0.558728298254477340
-0.131794228329366714 0.281175007467472871 0.558027350502862229
-0.056929976974046434 0.265488507552227138 0.557325600150833100
-0.002804085235243392 0.233122871790640201 0.556623051432294513
0.032721405224028749 0.195045214147373969 0.555919708585968286
0.053917851688965387 0.156173582721392867 0.555215575855366850
0.063711490790200026 0.117736455098669965 0.554510657488768932
0.062602493312290813 0.079523521692877977 0.553804957739192694
0.048266402336117661 0.041868595995723484 0.553098480864371078
0.006610941366651065 0.003154302160109466 0.552391231126725279
-0.052480992257972127 -0.009167985671415926 0.551683212793339983
-0.122323390844307003 0.017391415916991046 0.550974430135936832
-0.171037274904169034 0.087206393296993895 0.550264887430848670
-0.175207327652107170 0.172827924860808751 0.549554588958994228
-0.144063631358960581 0.244063736822251603 0.548843539005852032
-0.098436888150377044 0.293029715052886996 0.548131741861434318
-0.041573363439647432 0.330105102745022971 0.547419201820261936
0.003321734676528160 0.350581239585251780 0.546705923181337261
0.046061352010718065 0.366115051525529811 0.545991910248119217
0.087929283291379612 0.379014521700651641 0.545277167328497070
0.130594848810797637 0.390492844691057051 0.544561698734763899
0.176295713381927593 0.401196484268647513 0.543845508783591502
0.241498824764401265 0.413684583492656244 0.543128601796003752
0.324568923949162813 0.424094209444192627 0.542410982097350503
0.686304282948238642 0.300741634345966458 0.541692654017281949
0.186933603285449335 0.346250938172668943 0.540973621889721756
0.323796736780889993 0.390885238915238187 0.540253890052841745
0.393691760842119542 0.392179389439329229 0.539533462849035028
0.456735303778294632 0.384140145694350121 0.538812344624890471
0.517845278208692639 0.368621825709290751 0.538090539731165718
0.578076246960310014 0.345576199425074226 0.537368052522761430
0.648749813773924600 0.307370692346025265 0.536644887358695422
0.705127848468343421 0.266282890321397903 0.535921048602074901
0.757691529296963040 0.216647984453942150 0.535196540620071826
0.804764495776670419 0.158741043885063104 0.534471367783895701
0.851563723454541677 0.079422902787491922 0.533745534468767047
0.880620948744980425 0.006653860462084327 0.533019045053891527
0.899301432868206407 -0.070296578702989221 0.532291903922433307
0.906852107309945366 -0.149325850301845031 0.531564115461488407
0.901007989612780946 -0.243748961857558955 0.530835684062058610
0.884253333035971867 -0.319548780707158364 0.530106614119024488
0.857749012426869739 -0.390698327906006893 0.529376910031119641
0.815034365575787789 -0.467867967993292999 0.528646576200903162
0.772226428276826526 -0.524165968006733207 0.527915617034733886
0.724618992639712967 -0.572619996820808330 0.527184036942743628
0.663341944566700814 -0.620270834534526916 0.526451840338810095
0.610431946692188143 -0.651490647581425386 0.525719031640530909
0.557068653932323188 -0.675462714455326019 0.524985615269196515
0.504164874154041875 -0.692762167003878826 0.524251595649763980
0.442260810948531924 -0.705608330928232830 0.523516977210829459
0.392575759540969238 -0.710473010103027769 0.522781764384602554
0.344980111492152797 -0.710682297808419072 0.522045961606878439
0.290914604344922945 -0.705575102752151850 0.521309573317012220
0.248534295452752740 -0.697435228579824096 0.520572603957891289
0.208634850575710129 -0.686222240217837731 0.519835057975908787
0.164030215464450291 -0.669219081577877017 0.519096939820936853
0.129557228722167683 -0.652447718922397280 0.518358253946300196
0.091366226108171578 -0.629568396605849956 0.517619004808748007
0.062136784222039526 -0.608440803596710600 0.516879196868428425
0.035226910997914085 -0.585610491736091587 0.516138834588860784
0.005958780719582002 -0.556147103143896593 0.515397922436909073
-0.015925995471244653 -0.529994022851641544 0.514656464882754738
-0.035527560477801617 -0.502478371564807347 0.513914466399869707
-0.055999273913161840 -0.467765787550077694 0.513171931464990072
-0.070462542365292952 -0.437508160028005022 0.512428864558087671
-0.084599540458194233 -0.399706799062288676 0.511685270162344774
-0.093591101076248684 -0.367052296849724180 0.510941152764125550
-0.099928382918524516 -0.333444998198983100 0.510196516852949977
-0.103846157603424250 -0.292013248902069034 0.509451366921466198
-0.103868028348764491 -0.256726600968801677 0.508705707465423762
-0.099768733114485059 -0.213723174468304966 0.507959542983646317
-0.092725543021348111 -0.177582455592799560 0.507212877978004517
-0.082216518097115526 -0.141433993988105133 0.506465716953388712
-0.064827817523420608 -0.098471216967241565 0.505718064417682078
-0.046215844122071727 -0.063428565374577930 0.504969924881733090
-0.018818043084711942 -0.022894482125211703 0.504221302859328868
0.008259580288746193 0.009087819125442074 0.503472202867166985
0.039148076727823042 0.038912661098072072 0.502722629424828926
0.081056722043401072 0.071123836872707513 0.501972587054753117
0.119747381854931348 0.094365422639064181 0.501222080282206495
0.170191978828878349 0.117166548552427849 0.500471113635258535
0.215050752494923225 0.131373192633176816 0.499719691644752828
0.271442288171248436 0.142067804479612869 0.498967818844280431
0.319817555150148092 0.145329754741221756 0.498215499770152170
0.378470344645067458 0.142192742787841553 0.497462738961371664
0.426980022211974564 0.133651697622897664 0.496709540959607176
0.474364077832052533 0.119823808166462570 0.495955910309165471
0.528743108308690868 0.096583599596526098 0.495201851556962724
0.571235912999775275 0.072096454390319087 0.494447369252498770
0.618017141165775441 0.037257018350365434 0.493692467947828284
0.652979134304857989 0.004307766721421746 0.492937152197534589
0.689632010325868516 -0.039064503448625998 0.492181426558700674
0.715526409805339325 -0.077708902124028256 0.491425295590883215
0.740889641713136093 -0.126224565676639311 0.490668763856084045
0.757276165749571462 -0.167813007205222409 0.489911835918723060
0.771362976309096338 -0.218396614024963909 0.489154516345610635
0.778611620593040343 -0.260635194217337218 0.488396809705919865
0.782164158171450130 -0.310924442257168199 0.487638720571159257
0.781032462793344484 -0.352197892929473899 0.486880253515145078
0.774984218342732234 -0.400688251609729096 0.486121413113973777
0.766154923295053081 -0.440096988084465790 0.485362203945993942
0.751049396251800783 -0.486112068752133197 0.484602630591779604
0.734592382423632895 -0.523404599534131321 0.483842697634101593
0.709786380342309897 -0.566977902050084248 0.483082409657900780
0.684239050402675852 -0.602414254359074031 0.482321771250259546
0.646173051243973617 -0.644010919884348332 0.481560787000374912
0.606077463824691409 -0.677854296116341626 0.480799461499530345
0.542734351492766054 -0.716686597549059723 0.480037799341068050
0.469503466750100573 -0.744978195181064784 0.479275805120361664
0.337423418226777461 -0.761230814303673675 0.478513483434788112
0.163488481104377609 -0.720407922320007499 0.477750838883700013
-0.091375832488463399 -0.415139549674500619 0.476987876068398153
0.115110697796613426 0.101493074010316736 0.476224599592103282
0.703143056342217410 0.035707109871266074 0.475461014059928577
0.843915204583917333 -0.250431670044426347 0.474697124078852117
0.840471272593105945 -0.398808791132871487 0.473932934257688454
0.808838593280982510 -0.508723160230658999 0.473168449207061581
0.779335307230163199 -0.569723228096338574 0.472403673539376345
0.745661834299446769 -0.622645495279082750 0.471638611868791302
0.719745660076199556 -0.656279768926728901 0.470873268811190182
0.691075279716673263 -0.688517875940651836 0.470107648984154913
0.668930214950506308 -0.710622392443819639 0.469341757006936922
0.644110774970329425 -0.733017509979165371 0.468575597500429597
0.624666583480605109 -0.749042972089122627 0.467809175087140594
0.602592504663459261 -0.765807895835657337 0.467042494391163687
0.581697883611820843 -0.780414252866673541 0.466275560038151071
0.565069256523232033 -0.791234353111789135 0.465508376655285161
0.545943593502784541 -0.802861348959028387 0.464740948871250947
0.530625240276128007 -0.811580268011846462 0.463973281316208130
0.512912601875854191 -0.821040739833516220 0.463205378621762642
0.498661411000195509 -0.828191607758355097 0.462437245420939558
0.482118975652891080 -0.836000130458381618 0.461668886348154228
0.468764400814657534 -0.841933104397706078 0.460900306039185248
0.453217108392171775 -0.848438443249925123 0.460131509131145422
0.438154589322798882 -0.854342556245561990 0.459362500262455065
0.425947768336484622 -0.858848544881874010 0.458593284072812746
0.411687080677497153 -0.863805421904202619 0.457823865203168145
0.400107009716578310 -0.867592773962222008 0.457054248295693633
0.386553279523388527 -0.871761208086308415 0.456284437993756620
0.373350741804995001 -0.875553156907109331 0.455514438941891142
0.362601101206265652 -0.878448608815136200 0.454744255785770268
0.349986858949291879 -0.881630243796787116 0.453973893172177512
0.339699777070334774 -0.884054652067446600 0.453203355748979131
0.327609414780208497 -0.886711133863946843 0.452432648165096596
0.317734310177689550 -0.888727921959207467 0.451661775070477334
0.306110401687456068 -0.890927438219134782 0.450890741116067750
0.294718748312037704 -0.892901586935644920 0.450119550953784642
0.285392532001343513 -0.894385075514256611 0.449348209236487384
0.274389142114976337 -0.895982596806859544 0.448576720617949509
0.265367268284661617 -0.897169609644953403 0.447805089752831120
0.254707024170336749 -0.898430045949481171 0.447033321296650354
0.244216230270370149 -0.899520487970671745 0.446261419905755630
0.235594791013819083 -0.900305417843194289 0.445489390237297223
0.225384272327816271 -0.901105298589895853 0.444717236949199513
0.216980733207677356 -0.901658036553924624 0.443944964700132727
0.207013604392577488 -0.902189851914910523 0.443172578149484575
0.197164621840152654 -0.902583145196643954 0.442400081957332769
0.189040291478189404 -0.902808348025375240 0.441627480784416215
0.179382664366276368 -0.902958920569776113 0.440854779292107424
0.171404714973204197 -0.902986935109852729 0.440081982142383921
0.161907565642705253 -0.902906016925787203 0.439309093997800659
0.152485621246757796 -0.902702285218399791 0.438536119521461376
0.144685421964391825 -0.902439970596753849 0.437763063376990780
0.135379868945294968 -0.902015254313296766 0.436989930228506185
0.127665456354631501 -0.901570266812773191 0.436216724740589701
0.118449763577878231 -0.900927338890503915 0.435443451578259699
0.109272376786712644 -0.900165486005120141 0.434670115406943058
0.101648529999011195 -0.899439389154373603 0.433896720892446575
0.092522478211951587 -0.898457766490316168 0.433123272700929207
0.084931462375615274 -0.897546866196165305 0.432349775498873712
0.075833088251761216 -0.896340718945123571 0.431576233953058608
0.066740111844407146 -0.895009020005192557 0.430802652730529700
0.059161900244138088 -0.893801339033196696 0.430029036498572770
0.050061401203279288 -0.892231732906697217 0.429255389924684039
0.042467620493224889 -0.890820806180877445 0.428481717676543417
0.033337334748299641 -0.889000412892681169 0.427708024421985300
0.024181452687026095 -0.887036490142195877 0.426934314828971262
0.016527212311555517 -0.885286240550920089 0.426160593565560908
0.007307111847370318 -0.883044174669525228 0.425386865299884787
-0.000410112940170071 -0.881052952233529307 0.424613134700115247
-0.009717407223446828 -0.878509452842096916 0.423839406434439070
-0.019082423406546811 -0.875789885925339684 0.423065685171028827
-0.026936205091426357 -0.873382312246507531 0.422291975578014622
-0.036427370356161837 -0.870314698567675848 0.421518282323456672
-0.044398323507204907 -0.867601790995541244 0.420744610075315939
-0.054046337672127909 -0.864147446582353651 0.419970963501427319
-0.063796420896561901 -0.860462825907486240 0.419197347269470222
-0.072010751524949401 -0.857205035406219951 0.418423766046941481
-0.081993875160815743 -0.853055493225299388 0.417650224501126266
-0.090440249880595902 -0.849383421665022453 0.416876727299070882
-0.100776272142771295 -0.844698642977510294 0.416103279107553403
-0.111436334874218557 -0.839679381351771226 0.415329884593057030
-0.120757880144335805 -0.835203881392968084 0.414556548421740223
-0.133249580103997900 -0.829371238305041336 0.413783275259410332
-0.148419799443227862 -0.823642683185892843 0.413010069771493848
-0.113649767556817827 -0.820582781558130359 0.412236936623009365
-0.150182718205670696 -0.812554971945478210 0.411463880478538657
-0.161880280486843886 -0.806320924509279613 0.410690906002199319
-0.174049209661163662 -0.798523089797346319 0.409918017857616057
-0.183745863992878400 -0.791644181712878092 0.409145220707892665
-0.195210335386467315 -0.782859260825476744 0.408372519215583762
-0.206621674224633900 -0.773432083190356168 0.407599918042667209
-0.216131953118886055 -0.765037863915963845 0.406827421850515403
-0.227561927097621741 -0.754259025314050313 0.406055035299867251
-0.237101151666169352 -0.744638093722699734 0.405282763050800465
-0.248552765007195919 -0.732256987709575813 0.404510609762702811
-0.259983924681685075 -0.718880819407891947 0.403738580094244404
-0.269466336126276462 -0.706904802365331930 0.402966678703349568
-0.280747766995481096 -0.691448049712000135 0.402194910247168913
-0.290022234203666573 -0.677585895923810910 0.401423279382050524
-0.300926396642235361 -0.659667663381337199 0.400651790763512761
-0.311484560263858512 -0.640224956288622415 0.399880449046215336
-0.319924103421682482 -0.622757433464267041 0.399109258883932283
-0.329480264539382617 -0.600150956664792345 0.398338224929522700
-0.336833175987771460 -0.579838155233008634 0.397567351834903382
-0.344715833341407762 -0.553561873486880018 0.396796644251020736
-0.351295660049586178 -0.525072253754574669 0.396026106827822577
-0.355530385682557459 -0.499542501141437389 0.395255744214229765
-0.358749425413642520 -0.466665017029228135 0.394485561058108725
-0.359542814663973087 -0.437350497287677109 0.393715562006243303
-0.357727256268685512 -0.399863137445145789 0.392945751704306401
-0.353457164764460874 -0.366748981565923005 0.392176134796831943
-0.344377484606208206 -0.324929366891635318 0.391406715927187232
-0.330205779413593858 -0.281176885055437586 0.390637499737544969
-0.313879142846528958 -0.243646193192394250 0.389868490868854556
-0.288112271671480180 -0.198039193170229333 0.389099693960814785
-0.260946720767669560 -0.160316374743143392 0.388331113651845694
-0.220957001620612242 -0.116629068777969400 0.387562754579060531
-0.181221006753808755 -0.082723751702095644 0.386794621378237391
-0.125876657735253139 -0.046772401623902407 0.386026718683791847
-0.062740034456422081 -0.018022759366333664 0.385259051128749030
-0.005060567209514142 -0.001099713470752356 0.384491623344714872
0.068578188088903411 0.009159963534612722 0.383724439961849018
0.131939312970970418 0.008420083771730417 0.382957505608836291
0.207872104341611130 -0.004161314876013109 0.382190824912859439
0.269020865156807010 -0.024247395661434773 0.381424402499570547
0.337394676031772534 -0.058958843426372975 0.380658242993063167
0.388589725622892457 -0.095517298480201795 0.379892351015845064
0.441597015017981542 -0.146575099905443151 0.379126731188809796
0.484520696361652792 -0.203101297282245019 0.378361388131208842
0.512420526285832012 -0.252596346552228956 0.377596326460623632
0.536794602935216858 -0.312928316933787753 0.376831550792938397
0.550078697937946060 -0.362720120669929258 0.376067065742311524
0.558532710684464972 -0.420632811434246801 0.375302875921148027
0.560166102391210785 -0.466653950940659423 0.374538985940071401
0.556697251462739851 -0.518602824771709936 0.373775400407896752
0.550074244526171152 -0.558905524691743594 0.373012123931601880
0.538561384478204119 -0.603556676148234272 0.372249161116299909
0.526622943915482922 -0.637690464987326289 0.371486516565211977
0.510163832473705336 -0.675085851587613583 0.370724194879638425
0.495114963465594027 -0.703428281674242539 0.369962200658932039
0.475920768984523290 -0.734284702640766729 0.369200538500469633
0.459272444693821225 -0.757564056141805664 0.368439212999625065
0.438807622687035326 -0.782829284858318375 0.367678228749740488
0.421530254334698817 -0.801850916208090125 0.366917590342099198
0.400708884390629017 -0.822470572258085619 0.366157302365898329
0.383390717112394697 -0.837985555141502525 0.365397369408220485
0.362749630636721498 -0.854802028518502399 0.364637796054006091
0.345723186753129741 -0.867457630045487038 0.363878586886026256
0.325551224969164110 -0.881179749423226411 0.363119746484854844
0.308983075578692867 -0.891510903506670060 0.362361279428840721
0.289409273895096963 -0.902716723238357166 0.361603190294080168
0.273359047436805835 -0.911155193541516861 0.360845483654389343
0.254408229775953176 -0.920307574677415641 0.360088164081276974
0.238863587086203477 -0.927196776446127635 0.359331236143916044
0.220485593721084283 -0.934661603561356968 0.358574704409116762
0.205375622098094179 -0.940271120359074564 0.357818573441299359
0.187445384246380076 -0.946332789516659667 0.357062847802465555
0.172621312591223985 -0.950868591902650051 0.356307532052171694
0.154873501182028250 -0.955736569172420114 0.355552630747501208
0.139981219333132401 -0.959337153134523613 0.354798148443037253
0.121628440209282318 -0.963112852073476189 0.354044089690834618
0.105213317112247406 -0.965748149700759839 0.353290459040392801
0.080552726696656807 -0.967839202664655618 0.352537261038628369
0.025986456189544149 -0.962932953735041064 0.351784500229847863
0.107114779543963812 -0.976704872693114456 0.351032181155719714
0.072852961190718935 -0.977606851057509774 0.350280308355247205
0.054020419468652103 -0.978717811194394938 0.349528886364741498
0.035300231020891859 -0.979976923558232071 0.348777919717793483
0.020837848446829399 -0.980862339328060218 0.348027412945247028
0.004065904224070493 -0.981688069967594501 0.347277370575171052
-0.009678045862790308 -0.982167251823082066 0.346527797132833160
-0.026064771717941582 -0.982484023434581299 0.345778697140671221
-0.039719795645067613 -0.982527968435399801 0.345030075118266999
-0.053435496943736505 -0.982366664770402798 0.344281935582318011
-0.070043601772881769 -0.981892774043976013 0.343534283046611377
-0.084062271880708361 -0.981253634508072237 0.342787122021995572
-0.101167989962994420 -0.980175304094183297 0.342040457016353661
-0.115715337359229342 -0.978998287722947613 0.341294292534576271
-0.133600813430063137 -0.977220351281163246 0.340548633078533836
-0.148929508536462918 -0.975402409231900469 0.339803483147050112
-0.164711418073984039 -0.973242179090440529 0.339058847235874428
-0.184348949865066059 -0.970136391559583089 0.338314729837655315
-0.201391805657858303 -0.967055190046568258 0.337571135441912362
-0.219150534596449231 -0.963450574765740253 0.336828068535010128
-0.241557652084340213 -0.958305873103921457 0.336085533600130215
-0.261290072641868765 -0.953198504222855458 0.335343535117245406
-0.286457605253247038 -0.945855243289423164 0.334602077563091016
-0.308869020579928655 -0.938484544795461728 0.333861165411139194
-0.332795150915431270 -0.929688638812478763 0.333120803131571552
-0.363818389646473561 -0.916737111038970154 0.332380995191252027
-0.391886281647667589 -0.903365611097780574 0.331641746053699893
-0.422244972420949938 -0.886926142336704637 0.330903060179063069
-0.462042757938879556 -0.861804323231986968 0.330164942024091357
-0.498205322771447301 -0.834806257561615195 0.329427396042108855
-0.537036881304137959 -0.800295554169745404 0.328690426682987813
-0.586332986132900968 -0.745218409957094430 0.327954038393121539
-0.627688784947981748 -0.683686139243742108 0.327218235615397535
-0.665193034583883680 -0.603055075687642717 0.326483022789170574
-0.693750075150396217 -0.474477381016671640 0.325748404350236054
-0.686993262097928215 -0.338883391149895463 0.325014384730803463
-0.630601196226615035 -0.186497176196883413 0.324280968359469235
-0.474170474035565004 -0.021841453895918572 0.323548159661190049
-0.281073039142423653 0.049501435258376997 0.322815963057256461
-0.078666069132374311 0.032661469578618811 0.322084382965266092
0.108378606787253029 -0.079267158255806172 0.321353423799096927
0.197449533767853264 -0.202793576199431391 0.320623089968880448
0.236239329875061799 -0.321668431561977164 0.319893385880975489
0.242085665072456435 -0.423118334261852636 0.319164315937941478
0.225118780404214708 -0.519083940108379882 0.318435884538511682
0.201242779833728680 -0.580304220739249477 0.317708096077566726
0.173759813452328826 -0.627961523127292476 0.316980954946108506
0.139561533228559936 -0.671373261507665298 0.316254465531233042
0.111523608193707602 -0.698791742639980673 0.315528632216104443
0.084520527087046604 -0.720117070063536535 0.314803459379928152
0.058771049098681638 -0.736647083727054008 0.314078951397925132
0.029581176134454323 -0.751505072028904486 0.313355112641304667
0.006622220049732785 -0.760573148563705725 0.312631947477238548
-0.015190948726039266 -0.767193633838117894 0.311909460268834315
-0.035962385471960179 -0.771762389569667917 0.311187655375109562
-0.055796772461479793 -0.774581183910915572 0.310466537150965005
-0.078500281216397516 -0.775974394001242018 0.309746109947158288
-0.096610687949652829 -0.775678819032801448 0.309026378110278277
-0.114070928249707437 -0.774195807774418876 0.308307345982718140
-0.130951099460271614 -0.771619665285408374 0.307589017902649531
-0.150526683186968269 -0.767180416474585014 0.306871398203996282
-0.166332574185143744 -0.762411398572015453 0.306154491216408586
-0.181722759984101645 -0.756699275301727203 0.305438301265236245
-0.196731294457749173 -0.750055963376807355 0.304722832671503130
-0.211384402359475865 -0.742480393768172764 0.304008089751880761
-0.225700468286341660 -0.733959751499361435 0.303294076818662772
-0.242448807254498411 -0.722453381390099847 0.302580798179738097
-0.256047738904442379 -0.711755641724012733 0.301868258138565604
-0.269311774932394166 -0.700001121978848118 0.301156460994148056
-0.282221165602566326 -0.687134076816987571 0.300445411041005861
-0.294744301386681062 -0.673089058236049587 0.299735112569151418
-0.306835874971513600 -0.657790966330030646 0.299025569864063145
-0.320688450601675168 -0.637659369286385114 0.298316787206659995
-0.331587805061316243 -0.619293580110034991 0.297608768873274754
-0.341787624108394750 -0.599372124430178399 0.296901519135629122
-0.351152323012791090 -0.577783498528708139 0.296195042260807340
-0.359513063183635850 -0.554410927948250531 0.295489342511231157
-0.366661336540661464 -0.529135592702306479 0.294784424144633184
-0.372341525236497606 -0.501841556552135470 0.294080291414031747
-0.376242502755880448 -0.472423071330456468 0.293376948567705464
-0.377988524391677072 -0.440795122056963917 0.292674399849167044
-0.377129960741234782 -0.406908290043309140 0.291972649497137970
-0.371906551967186250 -0.363277200422783164 0.291271701745522582
-0.363321598815618596 -0.324564043892320520 0.290571560823383868
-0.350120440260694277 -0.283957607005744295 0.289872230954915933
-0.331502504122113351 -0.241868963204060705 0.289173716359419908
-0.306620306998152570 -0.198935792578907200 0.288476021251277581
-0.274631984939595397 -0.156078936878373126 0.287779149839927695
-0.234785293156321906 -0.114553057974529110 0.287083106329838189
-0.186538093597331867 -0.075976134755718822 0.286387894920482278
-0.129713413797284322 -0.042316002830646106 0.285693519806313190
-0.064674324187922946 -0.015808438900996903 0.284999985176738024
0.007514083301343223 0.001214520009002749 0.284307295216093381
0.084986163254934646 0.006589886295623307 0.283615454103619102
0.165098225534661414 -0.001345568976963529 0.282924466013434350
0.244613479834162650 -0.023426088339397549 0.282234335114511015
0.320046439066141331 -0.059422141395384348 0.281545065570649733
0.388103821808752580 -0.107984810480868276 0.280856661540454244
0.446112827838218817 -0.166804259993926590 0.280169127177306077
0.492324223717035492 -0.232944852947999992 0.279482466629339732
0.526022482425911653 -0.303261492214551620 0.278796684039418097
0.547444000427288802 -0.374787126165247120 0.278111783545106850
0.557561136148252423 -0.445011170321044924 0.277427769278649428
0.557811968809497016 -0.512019586870394172 0.276744645366942488
0.549844520332566478 -0.574512102523122348 0.276062415931510929
0.535316086001479507 -0.631735706940812936 0.275381085088483135
0.515760209168350858 -0.683376535575488164 0.274700656948565658
0.492514863314837181 -0.729442937011554271 0.274021135617018741
0.472020065606759132 -0.762428553272378129 0.273342525193631669
0.444801678245578702 -0.799117624403776428 0.272664829772698014
0.416488539642837163 -0.831147499776388576 0.271988053442990652
0.387648932522656586 -0.858961008840441242 0.271312200287737060
0.358707640411211115 -0.882998847178203317 0.270637274384595228
0.329974004309994295 -0.903680045580346536 0.269963279805628786
0.301666595201723564 -0.921391204408998687 0.269290220617281972
0.273933922008778807 -0.936481648764039054 0.268618100880355593
0.246871266731222005 -0.949262384090115763 0.267946924649982543
0.225741864943596771 -0.958009253503584568 0.267276695975603384
0.200004887021576094 -0.967299525399968330 0.266607418900941251
0.175024530893312991 -0.974962175807897458 0.265939097463978480
0.150792911363316351 -0.981182462871955874 0.265271735696931188
0.127290762430152360 -0.986120167733275599 0.264605337626225900
0.104491127927025473 -0.989912683236290447 0.263939907272474572
0.086735906850998412 -0.992201929489711199 0.263275448650450827
0.065118407666945044 -0.994218492471224069 0.262611965769065092
0.044107789959817512 -0.995378324306516848 0.261949462631341390
0.023667474841196801 -0.995756926224306893 0.261287943234391862
0.003761173610118296 -0.995418267324752248 0.260627411569394229
-0.011803217057831494 -0.994667450134123277 0.259967871621566038
-0.030836692316505987 -0.993167657693043493 0.259309327370142229
-0.049431911230293613 -0.991080177821436870 0.258651782788349882
-0.067620087565262443 -0.988436952829406357 0.257995241843384959
-0.081897370603378927 -0.985939756851868188 0.257339708496387765
-0.099425654435013611 -0.982357487335855373 0.256685186702419799
-0.116624365828725374 -0.978278285326532826 0.256031680410439610
-0.133517478192754779 -0.973713996823752370 0.255379193563278428
-0.146826784398127241 -0.969718639813677896 0.254727730097616900
-0.163223909667857214 -0.964298192367913476 0.254077293943961557
-0.179371996895980490 -0.958405093741629743 0.253427889026620723
-0.192122233548223720 -0.953349016557874296 0.252779519263680752
-0.207861940272862256 -0.946597842032497971 0.252132188566982385
-0.223393241473597792 -0.939360554608107634 0.251485900842097765
-0.235675340388851573 -0.933213882381137894 0.250840659988306292
-0.250856381351443392 -0.925073771013913193 0.250196469898570972
-0.265852570771504093 -0.916411893438807912 0.249553334459515330
-0.277719101114092315 -0.909094912755716855 0.248911257551399867
-0.292390473081203028 -0.899447576110992797 0.248270243048098749
-0.306880940858953122 -0.889222644170530541 0.247630294817075935
-0.318340402708665815 -0.880610392119633989 0.246991416719362256
-0.332492629219226010 -0.869282265178257241 0.246353612609532258
-0.346443814454402921 -0.857301838768474544 0.245716886335680784
-0.357450563323958970 -0.847227097957563235 0.245081241739399380
-0.371000997520692100 -0.833993059733702191 0.244446682655753811
-0.381660955436728122 -0.822871719036291971 0.243813212913260191
-0.394737655282454025 -0.808271943825770833 0.243180836333862671
-0.407508166266719984 -0.792861269845621885 0.242549556732909621
-0.417478462570568309 -0.779922749428240136 0.241919377919131262
-0.429596121237822648 -0.762953745290124496 0.241290303694616182
-0.438981929882660160 -0.748716831383314574 0.240662337854788411
-0.450279284558742499 -0.730059992598482754 0.240035484188385162
-0.458927449102766949 -0.714421523858881913 0.239409746477433349
-0.469186933107559156 -0.693950613512444026 0.238785128497226773
-0.476900891153312467 -0.676813720955622977 0.238161634016303414
-0.485846506836999092 -0.654415958294550903 0.237539266796423398
-0.492379682241269767 -0.635699851771784452 0.236918030592545070
-0.499669088808877782 -0.611290471701570359 0.236297929152803232
-0.504719121546461369 -0.590944156782777785 0.235678966218485830
-0.509937603891833846 -0.564486404660073715 0.235061145524012804
-0.513142915449790848 -0.542507122371568729 0.234444470796911636
-0.515801557893164508 -0.514038510155201411 0.233828945757796114
-0.516742507793150452 -0.490495339613063297 0.233214574120343354
-0.516283916893455874 -0.460160283913966961 0.232601359591271956
-0.514491644453045183 -0.435222520137787117 0.231989305870319185
-0.510307564153048121 -0.403310048413020983 0.231378416650218466
-0.505284286692820772 -0.377278453364661481 0.230768695616677788
-0.498665232270366798 -0.350898524450027505 0.230160146448356639
-0.488004575982290245 -0.317597970148640996 0.229552772816844636
-0.477460539179523136 -0.290849655812745633 0.228946578386638622
-0.461635600770528454 -0.257515648111850237 0.228341566815121244
-0.446783863249951230 -0.231127413095019829 0.227737741752538220
-0.429935040038926408 -0.205180672187938951 0.227135106841976964
-0.406030761024733899 -0.173663423148646801 0.226533665719343968
-0.384634858092017917 -0.149432930088877841 0.225933422013343488
-0.361250921810848336 -0.126307715489823974 0.225334379345455083
-0.329319326689946346 -0.099286139948358651 0.224736541329912165
-0.301727174876523452 -0.079438907035394843 0.224139911573680239
-0.272452943019106608 -0.061389608610175422 0.223544493676434614
-0.233739947652673752 -0.041649453667745848 0.222950291230539055
-0.201306411535831731 -0.028324136406317646 0.222357307821024419
-0.167808595724821707 -0.017349593468773031 0.221765547025566445
-0.133486951773674756 -0.008840591326183818 0.221175012414464467
-0.089817650485147171 -0.001792556946697492 0.220585707550619681
-0.054593429688095496 0.000924736408834594 0.219997635989513968
-0.019404528641074729 0.001042987072786033 0.219410801279188383
0.015483704000187434 -0.001401193298270350 0.218825206960221313
0.058284127779902127 -0.007947728782260053 0.218240856565707519
0.091588093234761844 -0.015847178005706293 0.217657753621236849
0.123827672150151294 -0.025964864219116472 0.217075901644872893
0.154815146924827202 -0.038139693356840511 0.216495304147131529
0.191547379927732409 -0.055977609016987215 0.215915964630959911
0.219175785937761269 -0.072109256383330503 0.215337886591715516
0.245137102513304062 -0.089679640539649608 0.214761073517145018
0.269364403885513748 -0.108487814547456055 0.214185528887362697
0.291817327172879226 -0.128335539950376637 0.213611256174830066
0.312479902415554178 -0.149030833981000116 0.213038258844334860
0.335801214316631569 -0.175814365217755786 0.212466540352969940
0.352485605097833887 -0.197765691038221780 0.211896104150112174
0.367463791443735199 -0.220014341015583453 0.211326953677402479
0.380792891856313154 -0.242419400835386961 0.210759092368723977
0.392539873917602034 -0.264854487255604731 0.210192523650182150
0.402779062997452919 -0.287207713595106939 0.209627250940083665
0.411589901691966853 -0.309381321145228760 0.209063277648916135
0.419054981794000136 -0.331291053842581285 0.208500607179326947
0.425258354582126186 -0.352865346767423593 0.207939242926103607
0.430284112912398653 -0.374044390397879400 0.207379188276152232
0.434215229710653960 -0.394779123060115034 0.206820446608478120
0.437132631584354725 -0.415030194453137380 0.206263021294164489
0.439472618120420155 -0.439617905432070355 0.205706915696352854
0.440389894344706379 -0.458680206689080494 0.205152133170222351
0.440534891240922932 -0.477185798770295100 0.204598677062969414
0.439973904856532760 -0.495125581475094112 0.204046550713787689
0.438769177668434096 -0.512495276084083962 0.203495757453848236
0.436978878332840437 -0.529294695534603510 0.202946300606278940
0.435284590513159597 -0.541521858776036313 0.202398183486144662
0.432597449676006551 -0.557332847229500050 0.201851409400427062
0.429464253177007593 -0.572589037757691877 0.201305981648004950
0.425928684005015934 -0.587300310749276466 0.200761903519634410
0.422030932865577135 -0.601478124877975473 0.200219178297928596
0.417807889745440419 -0.615135162881336184 0.199677809257337857
0.413293342019998733 -0.628285026927572487 0.199137799664130727
0.408518174196943751 -0.640941978402081669 0.198599152776373439
0.403510565465176219 -0.653120717241431503 0.198061871843910497
0.398296182181531344 -0.664836196151773473 0.197525960108345194
0.392898363155314900 -0.676103465461313280 0.196991420803020012
0.387338296247783709 -0.686937544661050392 0.196458257152997223
0.383073393310326749 -0.694787783946856363 0.195926472375038851
0.377274496909083878 -0.704899462982396918 0.195396069677588241
0.371361854184507012 -0.714618306523441382 0.194867052260749796
0.365349988654888547 -0.723958433443956273 0.194339423316269994
0.359251972663989561 -0.732933587181339052 0.193813186027518514
0.354629032945217415 -0.739433476550626190 0.193288343569468529
0.348407757926304684 -0.747801753868943320 0.192764899108677640
0.342129721610045512 -0.755840675919198457 0.192242855803268775
0.335803520193960314 -0.763562349982891408 0.191722216802911405
0.329436771501060432 -0.770978418524930431 0.191202985248802360
0.324639171695314754 -0.776346656490053189 0.190685164273646623
0.318217114567285075 -0.783254525314745154 0.190168757001638655
0.311770994983394778 -0.789886400894766583 0.189653766548444014
0.305305364163683701 -0.796252186208977752 0.189140196021179541
0.300445684972364568 -0.800857605512601767 0.188628048518395514
0.293954813279523330 -0.806780206116832987 0.188117327130056300
0.287453519390910739 -0.812461640996606782 0.187608034937522289
0.282572036618872868 -0.816569429307180794 0.187100175013531100
0.276057392283004799 -0.821848414312833619 0.186593750422178684
0.269536971271770565 -0.826907900485620795 0.186088764218901248
0.264643301527129560 -0.830562756503181010 0.185585219450456806
0.258114140916904433 -0.835254965228649282 0.185083119154906633
0.251579914786253578 -0.839746235146657583 0.184582466361596864
0.246675543462836627 -0.842986445853376676 0.184083264091140619
0.240130583974114964 -0.847140273087664819 0.183585515355399187
0.235216701095646380 -0.850133706519365928 0.183089223157464454
0.228656443968279971 -0.853966348559260791 0.182594390491640279
0.222084412558005040 -0.857621936051609302 0.182101020343424957
0.217145989511885018 -0.860249981493640514 0.181609115689492451
0.210546289902428685 -0.863605601003668122 0.181118679497675406
0.205583145354199082 -0.866012886668567905 0.180629714726946222
0.198944464051852898 -0.869079179305354055 0.180142224327400208
0.193947056411109930 -0.871272810276269793 0.179656211240236729
0.187255207158240122 -0.874058037113864095 0.179171678397742395
0.182211753538862542 -0.876043262783005261 0.178688628723273041
0.175449423890076839 -0.878553095598684330 0.178207065131235742
0.170345676994250239 -0.880333121025648646 0.177726990527071554
0.163492082536757566 -0.882570342504541028 0.177248407807238162
0.158311031692745463 -0.884146062548055056 0.176771319859192089
0.151341458773255000 -0.886110148723514235 0.176295729561371350
0.146062938399492748 -0.887479780785861649 0.175821639783178052
0.140735586092963882 -0.888759777516069382 0.175349053384961262
0.133548332512667123 -0.890324908660035330 0.174877973217999694
0.128088195724204934 -0.891390591864479331 0.174408402124484219
0.120704546032797289 -0.892663547341065677 0.173940342937500991
0.115081392979656583 -0.893504158959659955 0.173473798481014518
0.109377778389267377 -0.894243748160621132 0.173008771569850284
0.101635511220871610 -0.895066717592564620 0.172545265009677762
0.095715736173563992 -0.895556293095362221 0.172083281596993737
0.089689749327877488 -0.895931157521342225 0.171622824119105372
0.081474079523439047 -0.896242841032854232 0.171163895354113277
0.075163668141224604 -0.896327063029636051 0.170706498070894802
0.068713798094501788 -0.896274730065120817 0.170250635029087161
0.059876477407033613 -0.895977281141453474 0.169796308979071303
0.053053525796916245 -0.895570200254790283 0.169343522661954737
0.046047680582284700 -0.894992272211021844 0.168892278809555235
0.036394979373071235 -0.893931980016734684 0.168442580144384513
0.028899511504253295 -0.892898604416466402 0.167994429379631272
0.021163726864016796 -0.891640294483894258 0.167547829219145628
0.013166933161500638 -0.890135234921533569 0.167102782357422014
0.004886555463577913 -0.888358226326589673 0.166659291479583554
-0.006637975395423712 -0.885514743473244992 0.166217359261365216
-0.015679749903184381 -0.882981418008200070 0.165776988369098488
-0.025096258971352481 -0.880058969867001717 0.165338181459694394
-0.034920310749130157 -0.876698711723639112 0.164900941180628258
-0.045187509651047619 -0.872843442765551036 0.164465270169923072
-0.055936337932139424 -0.868425696722588181 0.164031171056134129
-0.071089156618086735 -0.861520184226281960 0.163598646458332858
-0.083127125993581019 -0.855452639973532492 0.163167698986090987
-0.095794107484287405 -0.848491498050974013 0.162738331239465017
-0.109137882796905450 -0.840491834035928642 0.162310545808980133
-0.123205413361213267 -0.831278686914541654 0.161884345275615377
-0.138039931760027101 -0.820639907938918944 0.161459732210787160
-0.153676301697470541 -0.808317203299775411 0.161036709176334170
-0.170133732351732680 -0.793994976050183876 0.160615278724501848
-0.187404455078699905 -0.777286579767046959 0.160195443397927406
-0.205436248687869916 -0.757717725487658367 0.159777205729623673
-0.224105625585615031 -0.734707182542526871 0.159360568242964351
-0.243176939804469805 -0.707545874608242142 0.158945533451668869
-0.262240561403063510 -0.675377549118002740 0.158532103859786916
-0.280620703262920601 -0.637188402212192084 0.158120281961683429
-0.297241282041901922 -0.591821092144920513 0.157710070242023437
-0.310438904921700010 -0.538043027139414543 0.157301471175757601
-0.317722262299190317 -0.474722327725607074 0.156894487228106394
-0.315511042592854229 -0.401196436949597168 0.156489120854546221
-0.298969111324090098 -0.317941775620643630 0.156085374500793544
-0.262198682059236854 -0.227612076361791676 0.155683250602791229
-0.199247169770070648 -0.136287582721094674 0.155282751586692802
-0.106365740066348968 -0.054244443478195903 0.154883879868848662
0.014737498277417539 0.005083202126829706 0.154486637855791142
0.154468400351255364 0.029022283851776666 0.154091027944219749
0.250060891065727930 0.021818526774176492 0.153697052520987060
0.383846908967487632 -0.022321927643205591 0.153304713963084344
0.493721436438588457 -0.097503272781520128 0.152914014637626994
0.573066483964089102 -0.189872393694705627 0.152524956901840314
0.622723525283473744 -0.286570834931529350 0.152137543103045308
0.641823514383393579 -0.348869951389804700 0.151751775578644582
0.654243796375115538 -0.435150570779104240 0.151367656656108324
0.652593215520351988 -0.510861437384256600 0.150985188652959929
0.641837248978547548 -0.575725100658086353 0.150604373876762149
0.625605299429314865 -0.630586250429268746 0.150225214625103520
0.613009503271827461 -0.662230454447711447 0.149847713185584097
0.592750090418626141 -0.703306431181388358 0.149471871835801767
0.571882480698608919 -0.737848679204888613 0.149097692843338375
0.558016584786521386 -0.757812335954068383 0.148725178465746399
0.537644190838005298 -0.783888735442361706 0.148354330950535129
0.518038251635305036 -0.806056533336283576 0.147985152535156927
0.505475317166996119 -0.819008624943497576 0.147617645446993906
0.487449334485898000 -0.836124916986085265 0.147251811903344576
0.470423276644122090 -0.850890617391318549 0.146887654111410415
0.459621615328095423 -0.859626092062724334 0.146525174268282266
0.444216091298968774 -0.871311500499349578 0.146164374560927651
0.429723519225559902 -0.881538764462815871 0.145805257166176955
0.420541805877773234 -0.887661007114771250 0.145447824250710761
0.407446320714375254 -0.895943130257528475 0.145092077971046479
0.399142262993749997 -0.900934435497675823 0.144738020473525603
0.387283470057906198 -0.907729711972730891 0.144385653894300470
0.379752180311744514 -0.911850421961087010 0.144034980359321579
0.368978622251670052 -0.917493365063209554 0.143686001984324796
0.362124009727391838 -0.920934813931808760 0.143338720874818359
0.352299747976456024 -0.925672924584812207 0.142993139126070229
0.346036852662855721 -0.928577641413307342 0.142649258823095815
0.337042943081014845 -0.932596498418406084 0.142307082040644906
0.331297997430490820 -0.935072053993163066 0.141966610843189456
0.323031709897701358 -0.938512597406983229 0.141627847284910818
0.317741243268746754 -0.940641196412195346 0.141290793409687837
0.310114401558198138 -0.943611769973463188 0.140955451251084163
0.305224019556834592 -0.945456975517845466 0.140621822832335985
0.298161112591810218 -0.948041820650957767 0.140289910166339848
0.293624243273604202 -0.949653327219305510 0.139959715255640799
0.289217267027850611 -0.951182838397051533 0.139631240092419895
0.282837334054573397 -0.953335712135410462 0.139304486658482385
0.278729627166990013 -0.954684142588184903 0.138979456925245687
0.274732326395278614 -0.955968510584032760 0.138656152853727538
0.268932842496845292 -0.957784021700769594 0.138334576394534364
0.265190920345071801 -0.958925836542888210 0.138014729487848986
0.261543591808194975 -0.960016837869926420 0.137696614063419348
0.256241368811389147 -0.961564848479503853 0.137380232040546862
0.252813694515934217 -0.962541994128816247 0.137065585328074641
0.249467700369990608 -0.963478275955754415 0.136752675824376058
0.246200140932148093 -0.964376069826583859 0.136441505417343317
0.241439194094787202 -0.965655367287578947 0.136132075984376016
0.238354640559924835 -0.966466227486123097 0.135824389392369904
0.235338465834366073 -0.967245636806116749 0.135518447497705474
0.232388127227665275 -0.967995295618913509 0.135214252146237057
0.229501212329137061 -0.968716787137618440 0.134911805173281107
0.225284781314250393 -0.969749411420795626 0.134611108403605934
0.222546655424891826 -0.970406726439246303 0.134312163651419847
0.219864424717823359 -0.971040623267966252 0.134014972720361059
0.217236171257969568 -0.971652264364567086 0.133719537403486022
0.214660069472159931 -0.972242737913022292 0.133425859483258913
0.212134380686158419 -0.972813063500125974 0.133133940731541361
0.209657448016900783 -0.973364197297273970 0.132843782909580932
0.206030030795634089 -0.974156861664088991 0.132555387768000910
0.203668234248791657 -0.974663824679632529 0.132268757046789781
0.201349972909695030 -0.975154507880430232 0.131983892475290826
0.199073903371688732 -0.975629635130777828 0.131700795772191348
0.196838741396407613 -0.976089888426823982 0.131419468645512461
0.194643258618505455 -0.976535910828900455 0.131139912792598762
0.192486279453841114 -0.976968309158003478 0.130862129900108481
0.190366678217623264 -0.977387656475735778 0.130586121644002573
0.188283376406513769 -0.977794494370845313 0.130311889689535138
0.186235340158465823 -0.978189335066106391 0.130039435691243210
0.184221577873209086 -0.978572663361769068 0.129768761292936907
0.182241137971195677 -0.978944938431606348 0.129499868127689266
0.180293106794915003 -0.979306595482100750 0.129232757817826449
0.178376606637247637 -0.979658047286977918 0.128967431974918306
0.177429915778347269 -0.979830069432150341 0.128703892199768077
0.175559140555421767 -0.980166941719077367 0.128442140082403289
0.173717847478600584 -0.980494551621177601 0.128182177202065650
0.171905270792797327 -0.980813243921085043 0.127924005127202034
0.170120673184158411 -0.981123346594032331 0.127667625415454483
0.168363344381577351 -0.981425171819858333 0.127413039613651358
0.166632599833869799 -0.981719016924796239 0.127160249257797620
0.165776989457996293 -0.981863036001649370 0.126909255873065646
0.164084890971680442 -0.982145438060394782 0.126660060973786071
0.162417769886085805 -0.982420543929633072 0.126412666063438650
0.160775022327850625 -0.982688605458583719 0.126167072634643274
0.159156065077540543 -0.982949863136983071 0.125923282169150691
0.158355330976008513 -0.983078012736592788 0.125681296137833798
0.156771008512297472 -0.983329492264976457 0.125441116000678810
0.155209102568875101 -0.983574723546136842 0.125202743206776296
0.153669095071416573 -0.983813912059311346 0.124966179194312452
0.152907145948038503 -0.983931302069605440 0.124731425390560466
0.151399051217499026 -0.984161792573731375 0.124498483211871971
0.149911631530675105 -0.984386716508067194 0.124267354063668414
0.149175529729494882 -0.984497146505489029 0.124038039340432532
0.147718259938730501 -0.984714049522880108 0.123810540425700069
0.146280535703704695 -0.984925814067786787 0.123584858692051325
0.145568869004413459 -0.985029819397250317 0.123360995501102993
0.144159665239624368 -0.985234172607258873 0.123138952203499741
0.143462026054491210 -0.985334557901087926 0.122918730138906251
0.142080423496334374 -0.985531836611272860 0.122700330635999083
0.140716731178257393 -0.985724576313385059 0.122483755012458659
0.140041482470148859 -0.985819286561027797 0.122269004574961190
0.138703948226778784 -0.986005470015058227 0.122056080619171087
0.138041572007930047 -0.986096975137312870 0.121844984429732739
0.136729379535515561 -0.986276889677026203 0.121635717280263234
0.136079476440161162 -0.986365329212952613 0.121428280433344166
0.134791844011578066 -0.986539245988763192 0.121222675140514505
0.134154031462452528 -0.986624751674842315 0.121018902642262602
0.132890209981514684 -0.986792926781263180 0.120816964168019139
0.132264121253311606 -0.986875623090971876 0.120616860936149317
0.131641861586536180 -0.986957409419111920 0.120418594153945749
0.130408675789299489 -0.987118303239779449 0.120222165017621091
0.129797674140956110 -0.987197435707467319 0.120027574712300855
0.128586668354389644 -0.987353132513718257 0.119834824412016289
0.127986591705642638 -0.987429720502906783 0.119643915279697144
0.127390085015650412 -0.987505483632639347 0.119454848467164781
0.126207641730009923 -0.987654580338442889 0.119267625115125314
0.125621636388543179 -0.987727935932893431 0.119082246353162544
0.124459889802198964 -0.987872315213249363 0.118898713299731174
0.123884082467882795 -0.987943359784653863 0.118717027062150135
0.123311609086488361 -0.988013654600570446 0.118537188736595883
0.122742437670029902 -0.988083209658673578 0.118359199408095833
0.121613874804394007 -0.988220139641913020 0.118183060150521657
0.121054421390110745 -0.988287533722068900 0.118008772026582914
0.120498145996545403 -0.988354226361539689 0.117836336087820667
0.119945018607735487 -0.988420226738502494 0.117665753374601195
0.118848089660434642 -0.988550186650672291 0.117497024916109374
0.118304229924088733 -0.988614163785690225 0.117330151730342946
0.117763401822473135 -0.988677483864279338 0.117165134824105996
0.117225577158095062 -0.988740155326478964 0.117001975193003135
0.116690728073780337 -0.988802186474341704 0.116840673821433358
0.115629846915619339 -0.988924360358780508 0.116681231682584041
0.115103760802483857 -0.988984519031780529 0.116523649738425272
0.114580542181938583 -0.989044069268489645 0.116367928939703880
0.114060164837623212 -0.989103018719485583 0.116214070225937813
0.113542602866733733 -0.989161374912572056 0.116062074525410328
0.113027830671169949 -0.989219145255792021 0.115911942755164490
0.112515822955211620 -0.989276337039431630 0.115763675820997711
0.112006554719868756 -0.989332957438383453 0.115617274617456051
0.111500001257645975 -0.989389013514592408 0.115472740027829104
0.110996138148442058 -0.989444512219089356 0.115330072924144461
0.110494941252893553 -0.989499460394453356 0.115189274167162514
0.109996386711031457 -0.989553864776540726 0.115050344606371285
0.109500450933325832 -0.989607731997042994 0.114913285079981331
0.109007110601430757 -0.989661068584982151 0.114778096414920497
0.108516342658203202 -0.989713880969234516 0.114644779426829185
0.108028124308613027 -0.989766175479975141 0.114513334920055415
0.107542433011733107 -0.989817958350887483 0.114383763687649603
0.107059246477718972 -0.989869235720965746 0.114256066511360263
0.106578542663030351 -0.989920013636391261 0.114130244161628980
0.106100299768435435 -0.989970298051983111 0.114006297397585929
0.105624496231409182 -0.990020094833459208 0.113884226967045130
0.105151110727428221 -0.990069409758437380 0.113764033606500142
0.104680122159567845 -0.990118248518815913 0.113645718041119337
0.104680122159567845 -0.990118248518815913 0.113529280984741868
0.104211509658846957 -0.990166616722022108 0.113414723139873122
0.103745252583128111 -0.990214519892235856 0.113302045197680529
0.103281330504278568 -0.990261963472927276 0.113191247837989437
0.102819723212697778 -0.990308952827447575 0.113082331729278909
0.102819723212697778 -0.990308952827447575 0.112975297528677909
0.102360410713471295 -0.990355493240695051 0.112870145881961009
0.101903373215738668 -0.990401589921101388 0.112766877423544909
0.101448591138270428 -0.990447248001246283 0.112665492776484119
0.101448591138270428 -0.990447248001246283 0.112565992552467672
0.100996045099869536 -0.990492472539820201 0.112468377351815099
0.100545715915497491 -0.990537268523058789 0.112372647763472971
0.100545715915497491 -0.990537268523058789 0.112278804365011281
0.100097584600858824 -0.990581640865222379 0.112186847722619942
0.099651632358917774 -0.990625594410993626 0.112096778391105545
0.099651632358917774 -0.990625594410993626 0.112008596913887773
0.099207840581027329 -0.990669133936224355 0.111922303822996186
0.098766190848217139 -0.990712264148775112 0.111837899639067123
0.098766190848217139 -0.990712264148775112 0.111755384871340541
0.098326664921517870 -0.990754989690423638 0.111674760017656721
0.098326664921517870 -0.990754989690423638 0.111596025564453569
0.097889244739040149 -0.990797315137935675 0.111519181986763555
0.097453912419253164 -0.990839245003697799 0.111444229748210735
0.097453912419253164 -0.990839245003697799 0.111371169301008127
0.097020650252134188 -0.990880783737378201 0.111300001085954892
0.097020650252134188 -0.990880783737378201 0.111230725532433697
0.096589440697056272 -0.990921935727000491 0.111163343058408165
0.096589440697056272 -0.990921935727000491 0.111097854070420235
0.096589440697056272 -0.990921935727000491 0.111034258963587817
0.096160266382266490 -0.990962705299752278 0.110972558121602394
0.096160266382266490 -0.990962705299752278 0.110912751916726629
0.095733110100477636 -0.991003096723270360 0.110854840709792277
0.095733110100477636 -0.991003096723270360 0.110798824850197819
0.095307954806926443 -0.991043114206541453 0.110744704675906469
0.095307954806926443 -0.991043114206541453 0.110692480513444172
0.095307954806926443 -0.991043114206541453 0.110642152677897440
0.094884783615296842 -0.991082761901035170 0.110593721472911730
0.094884783615296842 -0.991082761901035170 0.110547187190689372
0.094884783615296842 -0.991082761901035170 0.110502550111987896
0.094463579796570218 -0.991122043901677463 0.110459810506118417
0.094463579796570218 -0.991122043901677463 0.110418968630943887
0.094463579796570218 -0.991122043901677463 0.110380024732877557
0.094463579796570218 -0.991122043901677463 0.110342979046881562
0.094044326774304687 -0.991160964247894238 0.110307831796465444
0.094044326774304687 -0.991160964247894238 0.110274583193684828
0.094044326774304687 -0.991160964247894238 0.110243233439140137
0.094044326774304687 -0.991160964247894238 0.110213782721975392
0.093627008125639011 -0.991199526924281260 0.110186231219877029
0.093627008125639011 -0.991199526924281260 0.110160579099072869
0.093627008125639011 -0.991199526924281260 0.110136826514331099
0.093627008125639011 -0.991199526924281260 0.110114973608959388
0.093627008125639011 -0.991199526924281260 0.110095020514803896
0.093627008125639011 -0.991199526924281260 0.110076967352248589
0.093211607574339106 -0.991237735861938418 0.110060814230214563
0.093211607574339106 -0.991237735861938418 0.110046561246159164
0.093211607574339106 -0.991237735861938418 0.110034208486075674
0.093211607574339106 -0.991237735861938418 0.110023756024492547
0.093211607574339106 -0.991237735861938418 0.110015203924473198
0.093211607574339106 -0.991237735861938418 0.110008552237615381
0.093211607574339106 -0.991237735861938418 0.110003801004051049
0.093211607574339106 -0.991237735861938418 0.110000950252446050
0.093211607574339106 -0.991237735861938418 0.110000000000000001
