-0.505178664131538890 -0.136719371554058250 0.739999999999999991
-0.505178664131538890 -0.136719371554058250 0.739999049747553928
-0.505178664131538890 -0.136719371554058250 0.739996198995948928
-0.505178664131538890 -0.136719371554058250 0.739991447762384680
-0.505178664131538890 -0.136719371554058250 0.739984796075526807
-0.505178664131538890 -0.136719371554058250 0.739976243975507431
-0.427179771044970957 -0.062055358893615992 0.739965791513924276
-0.427179771044970957 -0.062055358893615992 0.739953438753840897
-0.427179771044970957 -0.062055358893615992 0.739939185769785457
-0.427179771044970957 -0.062055358893615992 0.739923032647751389
-0.427179771044970957 -0.062055358893615992 0.739904979485196068
-0.427179771044970957 -0.062055358893615992 0.739885026391040590
-0.427179771044970957 -0.062055358893615992 0.739863173485668879
-0.427179771044970957 -0.062055358893615992 0.739839420900927136
-0.427179771044970957 -0.062055358893615992 0.739813768780122949
-0.349227966294575309 -0.014938552826435914 0.739786217278024627
-0.349227966294575309 -0.014938552826435914 0.739756766560859869
-0.349227966294575309 -0.014938552826435914 0.739725416806315206
-0.349227966294575309 -0.014938552826435914 0.739692168203534561
-0.277689692277635625 0.011849369648315677 0.739657020953118471
-0.277689692277635625 0.011849369648315677 0.739619975267122420
-0.277689692277635625 0.011849369648315677 0.739581031369056063
-0.277689692277635625 0.011849369648315677 0.739540189493881561
-0.214895860633793456 0.024730734823854170 0.739497449888012137
-0.214895860633793456 0.024730734823854170 0.739452812809310633
-0.214895860633793456 0.024730734823854170 0.739406278527088290
-0.214895860633793456 0.024730734823854170 0.739357847322102524
-0.161005161435547661 0.028546791032523333 0.739307519486555820
-0.161005161435547661 0.028546791032523333 0.739255295324093509
-0.161005161435547661 0.028546791032523333 0.739201175149802103
-0.115219099064739594 0.026663026778100687 0.739145159290207743
-0.115219099064739594 0.026663026778100687 0.739087248083273307
-0.076432919341540118 0.021321530039605872 0.739027441878397529
-0.076432919341540118 0.021321530039605872 0.738965741036412216
-0.076432919341540118 0.021321530039605872 0.738902145929579812
-0.043538951237872853 0.013981378486590632 0.738836656941591730
-0.043538951237872853 0.013981378486590632 0.738769274467566239
-0.015546740045042962 0.005578583521783609 0.738699998914045142
-0.015546740045042962 0.005578583521783609 0.738628830698991878
0.008384016569832184 -0.003293150841069270 0.738555770251789201
0.008384016569832184 -0.003293150841069270 0.738480818013236395
0.028948020581025795 -0.012262041149150023 0.738403974435546395
0.028948020581025795 -0.012262041149150023 0.738325239982343340
0.046712555950756129 -0.021099619738872071 0.738244615128659576
0.046712555950756129 -0.021099619738872071 0.738162100360932882
0.062138613544633063 -0.029669813239967254 0.738077696177003806
0.062138613544633063 -0.029669813239967254 0.737991403086112219
0.075600611810497750 -0.037896006555114381 0.737903221608894433
0.075600611810497750 -0.037896006555114381 0.737813152277379980
0.087403274943880602 -0.045739705966262562 0.737721195634988725
0.097795484486327813 -0.053186677104602398 0.737627352236526979
0.097795484486327813 -0.053186677104602398 0.737531622648184837
0.106981404258224541 -0.060237913627753999 0.737434007447532291
0.115129318501033306 -0.066903742376068415 0.737334507223515900
0.115129318501033306 -0.066903742376068415 0.737233122576455124
0.122378619406815548 -0.073199976035921044 0.737129854118038996
0.128845324450754917 -0.079145409792498386 0.737024702471322124
0.128845324450754917 -0.079145409792498386 0.736917668270721027
0.134626436174628383 -0.084760204797790922 0.736808752162010583
0.139803393340192650 -0.090064859604518821 0.736697954802319477
0.139803393340192650 -0.090064859604518821 0.736585276860126870
0.144444807985505907 -0.095079573257808553 0.736470719015258179
0.148608638471680515 -0.099823870751214933 0.736354281958880641
0.152343912876269305 -0.104316405892084796 0.736235966393499863
0.155692088210872603 -0.108574886512232294 0.736115773032954834
0.155692088210872603 -0.108574886512232294 0.735993702602414035
0.158688106847060695 -0.112616087812941704 0.735869755838370998
0.161361189952650530 -0.116455935202251337 0.735743933488639756
0.163735385858294946 -0.120109651228108030 0.735616236312350402
0.165829864917097641 -0.123591975059424680 0.735486665079944646
0.165829864917097641 -0.123591975059424680 0.735355220573170709
0.167658914274858128 -0.126917481359064249 0.735221903585079439
0.169231521568602133 -0.130101055226390316 0.735086714920018758
0.170550314353865723 -0.133158635223257910 0.734949655393628665
0.171609367598964530 -0.136108449561092332 0.734810725832837464
0.172389813272736503 -0.138973221553270826 0.734669927075855544
0.172850739442252821 -0.141784429605205653 0.734527259972170943
0.172908801384451583 -0.144591350527907225 0.734382725382543899
0.172386684024238235 -0.147482687371802507 0.734236324179002309
0.170857031039411411 -0.150647315445839203 0.734088057244835501
0.167011192286707716 -0.154589622112848074 0.733937925474589692
0.154178106421449052 -0.161194042603773763 0.733785929774062096
0.041136005205499884 0.057225501507602125 0.733632071060296154
0.203543653475310948 -0.137306301175312839 0.733476350261574761
0.192302359893613661 -0.147956838022439335 0.733318768317415937
0.188146663446026402 -0.152231415288370919 0.733159326178566717
0.185783997394575906 -0.155005340405928255 0.732998024806996828
0.184069762596808073 -0.157153193259400442 0.732834865175894024
0.182608554251025818 -0.158951219712767600 0.732669848269657087
0.181224195677586575 -0.160513225920878355 0.732502975083890617
0.179822786553045150 -0.161893528748626170 0.732334246625398921
0.178346032097386531 -0.163119942980960247 0.732163663912179352
0.176752089948131935 -0.164206486577027327 0.731991227973417091
0.175006453414630753 -0.165158840354079517 0.731816939849478376
0.170930421059356102 -0.166655036124023825 0.731640800591904172
0.168530274302288313 -0.167183457780217704 0.731462811263404067
0.165833881278630996 -0.167546213953890799 0.731282972937849940
0.162789841939917468 -0.167720464704995798 0.731101286700268749
0.159334448897935688 -0.167674009575573962 0.730917753646837420
0.155386940248983224 -0.167361553530617768 0.730732374884874636
0.145564105620005990 -0.165652466905959611 0.730545151532835280
0.139364862518877169 -0.164024517163061934 0.730356084720302889
0.131988954099098471 -0.161623088446555846 0.730165175587983772
0.123075555218413138 -0.158110479780420143 0.729972425287699123
0.098318071588064784 -0.145054281349891012 0.729777834982378915
0.080609917068172707 -0.132597650404817302 0.729581405846054243
0.057518976456463124 -0.111583562502113237 0.729383139063850661
-0.000961642406106900 0.005197407265794385 0.729183035831980852
0.027235096425175145 0.159835857148445670 0.728981097357737307
0.267669550062144823 0.268766875349424172 0.728777324859485542
0.450324556159991340 0.085734794774311507 0.728571719566655895
0.378210206691531936 -0.127818588045825937 0.728364282719736744
0.339288812757552849 -0.156129854516152577 0.728155015570267294
0.289377085350727148 -0.177510051828879356 0.727943919380828919
0.272588182716734961 -0.181698353074882413 0.727730995425038829
0.258882197386309021 -0.184069048281416348 0.727516244987541416
0.237072879214743792 -0.185850675468301030 0.727299669364000922
0.227848680478411031 -0.185826277930283779 0.727081269861093782
0.211028991276752953 -0.184495989370055874 0.726861047796500293
0.202952187682122948 -0.183240355921342635 0.726639004498896957
0.194825421910243490 -0.181564719084872872 0.726415141307948709
0.177614344958895332 -0.176663787824897278 0.726189459574299923
0.168060786605382012 -0.173172753949643071 0.725961960659567529
0.145390113886600419 -0.162785381376516103 0.725732645936331688
0.131200075633024632 -0.154809415172446008 0.725501516788128020
0.092130483635892463 -0.126681312762241705 0.725268574609439609
0.063437151811010103 -0.099178873506879636 0.725033820805687568
-0.019108228907309080 0.062054820155729051 0.724797256793223710
0.568044213222166472 0.365012075517880952 0.724558883999321224
0.605350529042840924 -0.056185753227971702 0.724318703862166235
0.388359436527710544 -0.205772609309057580 0.724076717830849370
0.337496085231506759 -0.212718776798917930 0.723832927365356760
0.277521659834085277 -0.211040133313305983 0.723587333936561383
0.257461461041628648 -0.208032794796761900 0.723339939026213963
0.226327012020363955 -0.200714701576252763 0.723090744126934415
0.201284824725683931 -0.192251938782859400 0.722839750742202303
0.189861036044753323 -0.187556132499873268 0.722586960386348620
0.167889383641546902 -0.176947226766076882 0.722332374584545467
0.145940149872235442 -0.164156477033385373 0.722075994872797944
0.134643828851379155 -0.156671471172337179 0.721817822797934383
0.110873287713529819 -0.138780631946655270 0.721557859917596800
0.084923671526268230 -0.115602071046736893 0.721296107800231900
0.070942064743706873 -0.101314596371260848 0.721032568025081755
0.040767005445555074 -0.065232571713248616 0.720767242182173473
0.008002864489048920 -0.014881036238031288 0.720500131872310767
-0.024946590122833016 0.057567992885523014 0.720231238707063071
-0.039341294954390836 0.105693883537802152 0.719960564308756767
-0.052909156275807237 0.235337273423192495 0.719688110310464868
-0.011668425293592105 0.418910989799683553 0.719413878355997460
0.158760475854593436 0.627267849518963860 0.719137870099891496
0.495970571567434071 0.715889467690757120 0.718860087207401133
0.677866321221858414 0.662144554441427169 0.718580531354487628
0.909787232391258804 0.413331810773030273 0.718299204227808685
0.948352668355673223 0.158494176516503049 0.718016107524709124
0.898084659255760975 -0.014235552868983259 0.717731242953210224
0.829179175227956033 -0.119038864934015443 0.717444612231999179
0.765254225631964990 -0.182477037116712371 0.717156217090419101
0.736987492693700119 -0.204510088259659495 0.716866059268458589
0.687860703478532232 -0.236288460847627696 0.716574140516741065
0.647338907443649303 -0.257340057711886616 0.716280462596514012
0.613706979563135802 -0.271818139412074000 0.715985027279638975
0.585467808044194182 -0.282126143387138040 0.715687836348580131
0.561429591405390949 -0.289703856292178097 0.715388891596394072
0.540664501592306612 -0.295443177024740988 0.715088194826718926
0.522444613693302640 -0.299913604521497068 0.714785747853762921
0.506181555471837630 -0.303488295780327932 0.714481552502294504
0.491371554830965562 -0.306416449521863032 0.714175610607630129
0.477537152360016148 -0.308865202851223541 0.713867924015623934
0.464143893296003363 -0.310941982800696015 0.713558494582656633
0.450432415084197291 -0.312698350347091425 0.713247324175623976
0.434955944977706732 -0.314093519012947520 0.712934414671925309
0.413799190182315924 -0.314758333579930993 0.712619767959453143
0.368681376749828260 -0.311500426257372121 0.712303385936580713
0.139500444524735090 0.492774839369159334 0.711985270512151103
0.511420486727051316 -0.313568229804541798 0.711665423605465697
0.463607854185865920 -0.320258620909759595 0.711343847146272412
0.443392252171527890 -0.322491607450228479 0.711020543074754374
0.424405362509824746 -0.324772839026416460 0.710695513341517593
0.414333573326979510 -0.326100744870461035 0.710368759907580083
0.405004537245011897 -0.327363171325765090 0.710040284744359096
0.395854710548848410 -0.328576615119843596 0.709710089833660129
0.386461576111580385 -0.329735088806741850 0.709378177167664048
0.376416091173318756 -0.330810938060553283 0.709044548748915870
0.365233719781654198 -0.331743590153430412 0.708709206590312113
0.344793342725041030 -0.332574548173880991 0.708372152715089243
0.327044773220240559 -0.332289875028633053 0.708033389156810689
0.303567148875155013 -0.330422625170847195 0.707692917959355072
0.270190099658631222 -0.324798317229698541 0.707350741176904108
0.180076160184376333 -0.290783589901182360 0.707006860873929721
0.064112909693376907 -0.187312319620414031 0.706661279125181618
0.070359819515790623 0.226101909162563119 0.706313998015675182
0.668116578483241352 0.165092123565928894 0.705965019640678482
0.634544641649351648 -0.194448993153058441 0.705614346105699508
0.579492806943204708 -0.254705996441547233 0.705261979526474403
0.543425992360136556 -0.282605462773290073 0.704907922028953582
0.518719683901065376 -0.298215764015169138 0.704552175749289300
0.493559231368700446 -0.311914403547383368 0.704194742833822995
0.481496941161612235 -0.317895041987375782 0.703835625439072410
0.471812076752544995 -0.322515578867845987 0.703474825731717712
0.460312192410116783 -0.327903241402717538 0.703112345888589618
0.454069255291021157 -0.330839747754376412 0.702748188096655402
0.446200763322992688 -0.334624106641494834 0.702382354553006127
0.441708517457009009 -0.336859879228588843 0.702014847464843106
0.437680505644710116 -0.338933155069636893 0.701645669049464793
0.432324858250969168 -0.341822276946257997 0.701274821534253578
0.429119223110249637 -0.343641496258153656 0.700902307156661686
0.424737868408875729 -0.346260005169271468 0.700528128164198294
0.422047433498233593 -0.347953916367040206 0.700152286814415881
0.419505945626529486 -0.349620307711058842 0.699774785374896457
0.415918357634521119 -0.352089348332161711 0.699395626123237801
0.413644925578530276 -0.353727049133436444 0.699014811347040133
0.410364651528089153 -0.356189295589544763 0.698632343343891682
0.408238905563029608 -0.357844378049181511 0.698248224421355368
0.405099777748819889 -0.360363684832171016 0.697862456896954697
0.403015064165407610 -0.362077367681383766 0.697475043098159664
0.399854119448611600 -0.364716881490597056 0.697085985362372984
0.397693947815170756 -0.366534115366348168 0.696695286036915662
0.394312315393256840 -0.369369384827279990 0.696302947479013001
0.390665094552947068 -0.372370122842910434 0.695908972055780284
0.388015651107982418 -0.374486343981383918 0.695513362144208891
0.383563316620632644 -0.377881824637526731 0.695116120131151316
0.380148145750539124 -0.380330097339141027 0.694717248413307176
0.374015471437721736 -0.384368108140876741 0.694316749397208888
0.365964364559911604 -0.389002748911078167 0.693914625499206461
0.358832779463042428 -0.392551149169890035 0.693510879145453840
0.343266372853212043 -0.398831262951779730 0.693105512771893584
0.326695504508172252 -0.403786141071671267 0.692698528824242432
0.277403805645073942 -0.410833289814036107 0.692289929757976541
0.103048082010493078 -0.359496672375200776 0.691879718038316605
0.247171877252713168 0.179155672904807162 0.691467896140213090
0.534677413420246106 -0.263790364050191239 0.691054466548331137
0.479519466046930631 -0.338523093184775248 0.690639431757035682
0.460743689487860153 -0.357165843567061270 0.690222794270376361
0.443549147003130251 -0.373493418533154320 0.689804556602072627
0.432706084261906210 -0.384429247852041245 0.689384721275498102
0.425054521013927100 -0.393203737011628307 0.688963290823665919
0.421003303912211857 -0.398506704001306944 0.688540267789212845
0.415921233096287424 -0.406143592091383732 0.688115654724384629
0.411616188521564508 -0.413770342361814925 0.687689454191019900
0.407777068132164466 -0.421691534522954825 0.687261668760535072
0.405364553216507773 -0.427263284294069789 0.686832301013909019
0.401826970861794197 -0.436244398051576943 0.686401353541667092
0.398227270809090095 -0.446219262097323932 0.685968828943865794
0.394367706021717945 -0.457515034752934979 0.685534729830076905
0.389996709383408857 -0.470549017611208598 0.685099058819371831
0.384755890584856652 -0.485878491573252136 0.684661818540305611
0.380516495167872504 -0.497742164202204240 0.684223011630901601
0.372417738765373707 -0.518764178983748381 0.683782640738634817
0.360979453279086704 -0.544937449592212131 0.683340708520416507
0.343680137032475297 -0.578291286757339318 0.682897217642577936
0.315465285869793499 -0.621647441080311336 0.682452170780854406
0.265417197678754935 -0.678065002415098261 0.682005570620368706
0.168751643855194589 -0.745648008612765145 0.681557419855615576
-0.024333670676950636 -0.788021235733836867 0.681107721190444715
-0.317747591679002461 -0.643612218949415560 0.680656477338045240
-0.375262265364085135 -0.235718618212609199 0.680203691020928702
-0.218105912941247898 -0.055895396477214448 0.679749364970912762
0.011084858540515245 -0.000631678920636346 0.679293501929105314
0.144427220300999581 -0.034830468238631930 0.678836104645886729
0.217000904755348778 -0.078887571874111773 0.678377175880894634
0.258582111227040223 -0.116780209591409251 0.677916718403006269
0.283849941411608075 -0.147253870761595740 0.677454734990322271
0.299902707336772267 -0.171634937581821523 0.676991228430149805
0.310359811915735972 -0.191352609988481692 0.676526201518985459
0.317174826031204615 -0.207528343479598448 0.676059657062499042
0.321446982498478584 -0.220981933241318568 0.675591597875515815
0.324223675176477655 -0.235675847118029025 0.675122026782000395
0.324501535271338792 -0.244773360640533899 0.674650946615038660
0.323317927975955044 -0.252508284377844727 0.674178360216821981
0.320535912013467705 -0.259017694989648939 0.673704270438628683
0.315749779517667029 -0.264310716036214310 0.673228680140807945
0.308080892591724331 -0.268189267617061189 0.672751592192761816
0.295626295325861987 -0.269990617641470698 0.672273009472928451
0.273750928457338338 -0.267633027867576645 0.671792934868764235
0.228171580947947206 -0.252599028148801474 0.671311371276726909
0.092055514835006416 -0.153096207572555376 0.670828321602257471
0.746796417641053534 -0.199954151192004104 0.670343788759763304
0.519699166674232438 -0.313952891610529861 0.669857775672599853
0.459459423376055220 -0.327062426713241816 0.669370285273053756
0.433307601159907629 -0.336287645129093704 0.668881320502324628
0.420240542717378818 -0.350904844516678971 0.668390884310507527
0.416624333076967335 -0.393437560279371767 0.667898979656575076
0.319576855200257914 -0.180318808765391747 0.667405609508359698
0.368085843631850762 -0.275925586496927722 0.666910776842535635
0.370707845803552760 -0.296050280205930105 0.666414484644600846
0.369349647511921286 -0.305500393925843938 0.665916735908859470
0.366094221668726183 -0.312913612253898799 0.665417533638403169
0.363245047337049487 -0.316749761124776208 0.664916880845093483
0.360169124564809207 -0.319773835554838959 0.664414780549543171
0.356857936984876556 -0.322241893577282501 0.663911235781098785
0.351975837797682378 -0.324876803311810569 0.663406249577821461
0.347838946811620031 -0.326425851582542059 0.662899824986468933
0.343138828096254400 -0.327611080271833333 0.662391965062477772
0.337671540152938099 -0.328390022397421100 0.661882672869943733
0.328651475378510805 -0.328621194141793083 0.661371951481604547
0.319943427798465352 -0.327929508608636455 0.660859803978820493
0.308626533763426858 -0.326058636602329754 0.660346233451555964
0.286583247486044801 -0.320167070445679158 0.659831242998361267
0.260204680641124231 -0.310231923689362921 0.659314835726353410
0.192952322357138994 -0.273227597804705569 0.658797014751197674
0.075773107459431915 -0.159389939605207087 0.658277783197088628
0.260880514317999357 0.567291681877317600 0.657757144196731369
0.725801415479187417 -0.298282260049553716 0.657235100891322421
0.577768005810382568 -0.358356759950085035 0.656711656430531421
0.515399318479182966 -0.369370916119765746 0.656186813972481464
0.473723545747598562 -0.373329584484197730 0.655660576683730012
0.455298837628907660 -0.374615731504110983 0.655132947739250349
0.438800096706272569 -0.375879072594161756 0.654603930322411820
0.429922707321291564 -0.376774688453373030 0.654073527624961182
0.420890442826113653 -0.378013819747588742 0.653541742847002838
0.415530027852147821 -0.378993758192994357 0.653008579196979855
0.409664817811119075 -0.380366923240194887 0.652474039891654756
0.405968961857037347 -0.381441095893413351 0.651938128156089536
0.401726607410988146 -0.382923044033601112 0.651400847223626678
0.398940766745278008 -0.384065938129083739 0.650862200335869279
0.395630368039938896 -0.385624365060735497 0.650322190742662065
0.393388748477381534 -0.386814939391330326 0.649780821702071409
0.390653097166942076 -0.388426308840286283 0.649238096480365567
0.388755373291426731 -0.389649920096775682 0.648694018351995028
0.386389006789419232 -0.391297984205528748 0.648148590599572971
0.384714539068425454 -0.392544423545753418 0.647601816513855399
0.382588453700967945 -0.394217597420829402 0.647053699393721038
0.381058316745602588 -0.395479349754660980 0.646504242546151686
0.379084673482278756 -0.397168756897124220 0.645953449286212344
0.377167959555603893 -0.398864017815398930 0.645401322937030675
0.375756573792643211 -0.400137893334467920 0.644847866829777683
0.373895966666927537 -0.401837755669186669 0.644293084303647068
0.372507677736110931 -0.403112353741127083 0.643736978705835461
0.370653690362437227 -0.404809361321402106 0.643179553391521885
0.368782044041726931 -0.406500970664382288 0.642620811723847774
0.367357021473021406 -0.407764225218338550 0.642060757073896426
0.365414772798300258 -0.409438336459550023 0.641499392820673031
0.363916081030719374 -0.410683879243695149 0.640936722351083898
0.361844720337470005 -0.412327047578455841 0.640372749059916258
0.359666968863971315 -0.413944249140996756 0.639807476349817827
0.357352868561429005 -0.415527329863919548 0.639240907631276056
0.355505637845474121 -0.416685930404121718 0.638673046322597582
0.352856442832397810 -0.418181354829836927 0.638103895849887803
0.349939063553573404 -0.419603232829610595 0.637533459647030010
0.347527642537407311 -0.420606186183110076 0.636961741155665062
0.343928272307565286 -0.421830090039640171 0.636388743825169967
0.339750609667854198 -0.422876049817047017 0.635814471112637336
0.336107724429766441 -0.423496613269608968 0.635238926482855071
0.330307221079412239 -0.424005028479639945 0.634662113408284490
0.322944147547117921 -0.423952998688302884 0.634084035369040122
0.313106541582239328 -0.422943341989660271 0.633504695852868616
0.299008520133555722 -0.420115802044887798 0.632924098355127196
0.283394045402166284 -0.415579345894732499 0.632342246378763129
0.248330957397108948 -0.401359633061744658 0.631759143434292514
0.167981189026719990 -0.350320830787440862 0.631174793039778748
0.034513744293146964 0.179409928128910656 0.630589198720811650
0.818446547400545565 -0.293249916494016105 0.630002364010486038
0.543669251783275520 -0.455484241505236531 0.629414292449380408
0.469733463964750797 -0.464960611012634584 0.628824987585535511
0.436773177405278823 -0.466687315648087908 0.628234452974433477
0.417896204097326751 -0.467661122426183518 0.627642692178975614
0.405447403560573016 -0.468725553822214425 0.627049708769460978
0.396451128083344151 -0.469987015320461443 0.626455506323565503
0.391102712469286684 -0.471055035309239867 0.625860088426319683
0.385205287802060869 -0.472617412181985608 0.625263458670087813
0.380288577361427071 -0.474312339833988128 0.624665620654545006
0.376055191763797425 -0.476117557502094391 0.624066577986656545
0.372313038777245642 -0.478016373874908695 0.623466334280656009
0.368932265486750677 -0.479996484755514319 0.622864893158023070
0.365821704615969467 -0.482048881486347336 0.622262258247461841
0.362915243407704979 -0.484167009592270714 0.621658433184878789
0.360163558113107130 -0.486346153302092910 0.621053421613361412
0.357528900598206245 -0.488582992021087015 0.620447227183155481
0.355611678214717786 -0.490297099479345855 0.619839853551643394
0.353114263668986128 -0.492630017711032320 0.619231304383322301
0.350665750434776935 -0.495016386869200020 0.618621583349781567
0.348249249422873774 -0.497455907205355985 0.618010694129680793
0.345850444295543680 -0.499948761215492810 0.617398640408728050
0.343456953527210174 -0.502495541496251086 0.616785425879656679
0.341057853273595502 -0.505097197810362997 0.616171054242203975
0.338643313305840798 -0.507754998674746938 0.615555529203088425
0.336204313435314261 -0.510470504142488957 0.614938854475987173
0.333732417740425946 -0.513245547403572200 0.614321033781514036
0.331219590465951508 -0.516082223506454496 0.613702070847196968
0.328658041877542439 -0.518982884007006540 0.613081969407454963
0.326040095354206749 -0.521950136698817291 0.612460733203576524
0.323358069049444641 -0.524986849869625627 0.611838365983696564
0.320604166840298188 -0.528096160733357745 0.611214871502773316
0.317048474857069440 -0.532090125872151765 0.610590253522566684
0.314103049240116228 -0.535375736195592644 0.609964515811614816
0.311058364632816220 -0.538746174821041257 0.609337662145211567
0.307904968041517790 -0.542205909402244557 0.608709696305383963
0.304632716576266338 -0.545759788018084557 0.608080622080868771
0.301230640140724593 -0.549413074916472288 0.607450443267090412
0.297686785368206142 -0.553171492045282487 0.606819163666137418
0.293988035289873106 -0.557041267087614367 0.606186787086739787
0.290119897949413896 -0.561029188880840080 0.605553317344246333
0.286066255436768779 -0.565142671243197614 0.604918758260600598
0.281809062429483448 -0.569389826395060972 0.604283113664319305
0.276170089578927969 -0.574900380844191594 0.603646387390467831
0.271376314021210596 -0.579482172149232033 0.603008583280637778
0.266301995144853088 -0.584229930428898814 0.602369705182924098
0.260915619924060982 -0.589155836732395244 0.601729756951901340
0.255180528764219205 -0.594273368222744680 0.601088742448600111
0.249053699005971046 -0.599597460119639880 0.600446665540484759
0.240765702824346617 -0.606568460628714279 0.599803530101429061
0.233555512131763399 -0.612420665481196447 0.599159340011693797
0.225746746491204603 -0.618540146604208529 0.598514099157902213
0.217243769676495002 -0.624949877786521890 0.597867811433017704
0.207927110149895539 -0.631674874120717988 0.597220480736319392
0.194901848494195007 -0.640565171802629063 0.596572110973379255
0.183129892658325549 -0.648097725834308469 0.595922706056038476
0.169858453724349795 -0.656030443474842184 0.595272269902383133
0.154706000798304405 -0.664378416586215770 0.594620806436721661
0.137136172890524072 -0.673133764744645813 0.593968319589560312
0.110550446374327760 -0.684547749299099451 0.593314813297580179
0.084050365675650496 -0.693795984324608650 0.592660291503612213
0.050656620867623015 -0.702526357567439863 0.592004758156615130
0.006762560167630771 -0.709198829370706552 0.591348217211650096
-0.073139995223322762 -0.707585593464109097 0.590690672629857860
-0.172105391385807549 -0.679390709242138846 0.590032128378433995
-0.312928574292894113 -0.564715689312871194 0.589372588430605804
-0.280523171978732722 -0.108769352152186013 0.588712056765608116
0.197975887857159277 -0.074702556943390452 0.588050537368658643
0.339238698813364326 -0.345533258395253118 0.587388034230934886
0.311582836458687562 -0.510032314174219015 0.586724551349549261
0.246440925361699620 -0.620439989886550691 0.586060092727525461
0.194201736788269297 -0.676198396119139455 0.585394662373774133
0.142405643031988161 -0.718819434720563533 0.584728264303068901
0.074846113799004410 -0.762401199784814243 0.584060902536021609
0.015351391974517126 -0.792357151674441429 0.583392581099058893
-0.052082024233996882 -0.818342617236644143 0.582723304024396649
-0.152402122998063327 -0.842959392001518926 0.582053075350017379
-0.249555745514239535 -0.851728683672728915 0.581381899119644441
-0.396140175729008337 -0.836836814667449636 0.580709779382718061
-0.531819579095539119 -0.789371772605154232 0.580036720194371247
-0.672460111746057909 -0.693615516228485607 0.579362725615404806
-0.815439495909081269 -0.491614726530385293 0.578687799712263029
-0.860801318456810627 -0.279817664819736800 0.578011946557009382
-0.823939668194894059 -0.067322693310513548 0.577335170227301964
-0.690759501764634853 0.135104457268649947 0.576657474806368309
-0.560571285653652440 0.229580299437884883 0.575978864382981293
-0.413949345967595639 0.283486376244761584 0.575299343051434375
-0.321603794166306078 0.298209914968139589 0.574618914911516843
-0.235969548682129132 0.304557546378522725 0.573937584068489048
-0.185463455796720744 0.310474461551684955 0.573255354633057546
-0.144999917428330793 0.322376958800964286 0.572572230721350661
-0.100291622608277536 0.349304360492179278 0.571888216454893183
-0.062674653194977420 0.381421124489437768 0.571203315960581826
-0.004338611983909918 0.433233697121198913 0.570517533370660246
0.057973939456249707 0.480152166939951996 0.569830872822694068
0.162484353959887085 0.535696232263890293 0.569143338459545789
0.268932679437049293 0.566819291041412376 0.568454934429350356
0.423919452855458900 0.573038797287356405 0.567765664885489074
0.553470693186514873 0.543491041592283564 0.567075533986565739
0.701671541955648181 0.463079817512216108 0.566384545896380986
0.796606010451552327 0.372251197430545466 0.565692704783906763
0.878312290338586599 0.242355951561054939 0.565000014823262009
0.915510508955358016 0.136828875292253793 0.564306480193686899
0.933869945873096463 0.013146368817779586 0.563612105079517756
0.932203459957905656 -0.075582666688755185 0.562916893670161955
0.916845942220527510 -0.172559678070148659 0.562220850160072394
0.897917161825229515 -0.239667232990276480 0.561523978748722397
0.869603948477431610 -0.312218044394542815 0.560826283640580292
0.844958741831622673 -0.362645713340881526 0.560127769045084101
0.813053081358841578 -0.417996969563729559 0.559428439176616110
0.787213701816260603 -0.457317016184754066 0.558728298254477340
0.754862726577061993 -0.501607362956461689 0.558027350502862229
0.728982950556784748 -0.533977070039699964 0.557325600150833100
0.696489393372516030 -0.571529956746584133 0.556623051432294513
0.670150154597487724 -0.599812964049502018 0.555919708585968286
0.636329787700500193 -0.633612149347123732 0.555215575855366850
0.600779522768290941 -0.666288667560489767 0.554510657488768932
0.570363834286547355 -0.691990469530333163 0.553804957739192694
0.528559621545156677 -0.723928595791546559 0.553098480864371078
0.490655229792244962 -0.749476235707242644 0.552391231126725279
0.434724999740546902 -0.781246966324367187 0.551683212793339983
0.363813839491466395 -0.811551538614285528 0.550974430135936832
0.289682164526360308 -0.831719551284096914 0.550264887430848670
0.161067375037632798 -0.839650195728765203 0.549554588958994228
0.015190336049324626 -0.804773088205345100 0.548843539005852032
-0.204172340731013979 -0.606000515957216823 0.548131741861434318
-0.175249996119665213 -0.143472484452140003 0.547419201820261936
0.194726027615746755 0.037876430347742754 0.546705923181337261
0.520852349755808297 -0.129828461400173761 0.545991910248119217
0.607240241464934383 -0.331366053215035539 0.545277167328497070
0.609558255310795771 -0.447737194495155255 0.544561698734763899
0.585550409259123161 -0.551430855841960055 0.543845508783591502
0.551323376568495949 -0.626350889446681935 0.543128601796003752
0.521289907894755045 -0.673388426239891147 0.542410982097350503
0.482204202513140667 -0.721571495192728896 0.541692654017281949
0.441867266776814371 -0.761462799498992426 0.540973621889721756
0.408665407049838725 -0.788908307553197408 0.540253890052841745
0.365790130510501577 -0.818702288693474389 0.539533462849035028
0.321116123657956443 -0.844113009447037488 0.538812344624890471
0.283897630289155656 -0.861480201018561598 0.538090539731165718
0.235342385914478036 -0.879480653387551881 0.537368052522761430
0.184405983410539709 -0.893141221986869960 0.536644887358695422
0.141926280369665592 -0.900672004952150607 0.535921048602074901
0.086764977640499508 -0.905377083543076111 0.535196540620071826
0.029593699335276169 -0.904242078046338604 0.534471367783895701
-0.017252222269188877 -0.898654757877696331 0.533745534468767047
-0.076568375905652297 -0.885229051273895617 0.533019045053891527
-0.135785136028873432 -0.864058895902252377 0.532291903922433307
-0.193631513368089037 -0.834681051332597623 0.531564115461488407
-0.237912434779892767 -0.805132315303707768 0.530835684062058610
-0.289369378550174527 -0.760764311203665278 0.530106614119024488
-0.334893464945004549 -0.708677575713681729 0.529376910031119641
-0.372849730525567469 -0.649911604324280301 0.528646576200903162
-0.396825496481400530 -0.599086151975793402 0.527915617034733886
-0.417954831217664302 -0.532339300603296928 0.527184036942743628
-0.428773453114289993 -0.463956032140187491 0.526451840338810095
-0.429302615949389843 -0.396067743837683894 0.525719031640530909
-0.422686850739254161 -0.343470793058584134 0.524985615269196515
-0.406457961674218493 -0.281341253718055184 0.524251595649763980
-0.382623494623433424 -0.224523056603537274 0.523516977210829459
-0.352694525260711267 -0.173982454499865630 0.522781764384602554
-0.325415012997760988 -0.138439950829680247 0.522045961606878439
-0.288409944418096087 -0.100274871150282330 0.521309573317012220
-0.249451206140330645 -0.068954165393146902 0.520572603957891289
-0.209718765345600522 -0.044131915212426792 0.519835057975908787
-0.170179064596586549 -0.025307158159973836 0.519096939820936853
-0.139202202829350669 -0.014174156902269593 0.518358253946300196
-0.101794229237850878 -0.004652505435686925 0.517619004808748007
-0.066252429480877562 0.000549184015110352 0.516879196868428425
-0.032890718009449225 0.001999910110797377 0.516138834588860784
-0.001926014271495651 0.000216638616648660 0.515397922436909073
0.021016576212247715 -0.003229482549998601 0.514656464882754738
0.047309016017779440 -0.009725007292031927 0.513914466399869707
0.070847732053332654 -0.018330774834842099 0.513171931464990072
0.091500854158673650 -0.028754413762308008 0.512428864558087671
0.109074901130540081 -0.040747274480563415 0.511685270162344774
0.123256584299151373 -0.054086047832093871 0.510941152764125550
0.131813719170406823 -0.065570554945980367 0.510196516852949977
0.138286621049576980 -0.080680602231358131 0.509451366921466198
0.138584234331969425 -0.096080396848941235 0.508705707465423762
0.129578299826192733 -0.110276239788020120 0.507959542983646317
0.104143563561254052 -0.118027773989495571 0.507212877978004517
0.045755412839157628 -0.092681060084707376 0.506465716953388712
0.003668555773507956 0.053637826162219876 0.505718064417682078
0.339470018252681194 0.065974519874188120 0.504969924881733090
0.310221463138692366 -0.128896386218604719 0.504221302859328868
0.242484274965017566 -0.189255381427181152 0.503472202867166985
0.177411702813437405 -0.211728360046155056 0.502722629424828926
0.107186511936175843 -0.205308513647815299 0.501972587054753117
0.037606146321160681 -0.159029773890018183 0.501222080282206495
-0.003783109650961864 -0.065606698565659941 0.500471113635258535
0.008661562275619298 0.027211949583776852 0.499719691644752828
0.084494874319727756 0.120087272600698208 0.498967818844280431
0.188824499458540906 0.156942392974822542 0.498215499770152170
0.282721957433675064 0.147674600842642334 0.497462738961371664
0.354120225045947590 0.115362983749176709 0.496709540959607176
0.406109744428158337 0.075070679511370197 0.495955910309165471
0.444821971985717490 0.033287664652333404 0.495201851556962724
0.475416935714223166 -0.008228511079220346 0.494447369252498770
0.501713764074916524 -0.050084939022061098 0.493692467947828284
0.521684028319208792 -0.085267509370701211 0.492937152197534589
0.547650231543709509 -0.134945866281397375 0.492181426558700674
0.577512220694283096 -0.199343033025332822 0.491425295590883215
0.613200093520526401 -0.301655780353555336 0.490668763856084045
0.629544551572573385 -0.523322176393046901 0.489911835918723060
0.128628842859127901 -0.974764228723190462 0.489154516345610635
-0.205141737684887804 -0.104166975233912829 0.488396809705919865
0.139342602493534390 0.010494740907333162 0.487638720571159257
0.270391211143846621 -0.021145794234720502 0.486880253515145078
0.332999579100104970 -0.055356331825608562 0.486121413113973777
0.369128499532415666 -0.084292088618215161 0.485362203945993942
0.392561540181558533 -0.108918211091692974 0.484602630591779604
0.406077739639164936 -0.126362397922723663 0.483842697634101593
0.418839868669266147 -0.146116897781542965 0.483082409657900780
0.428473597093756375 -0.164184545280595034 0.482321771250259546
0.435908156959319837 -0.181011762125024650 0.481560787000374912
0.441708001766826008 -0.196917853479871424 0.480799461499530345
0.446230654189261999 -0.212141966057428938 0.480037799341068050
0.449707482726677599 -0.226872885143057340 0.479275805120361664
0.452287152744989429 -0.241268937718647020 0.478513483434788112
0.454059267623657448 -0.255472547112881365 0.477750838883700013
0.455066212009296811 -0.269622449635781358 0.476987876068398153
0.455306548499766817 -0.283865973204950883 0.476224599592103282
0.454730360247250109 -0.298373945586002665 0.475461014059928577
0.453223929478677512 -0.313361917134010959 0.474697124078852117
0.450576142436508675 -0.329124161490355560 0.473932934257688454
0.446407798195610273 -0.346093249615134546 0.473168449207061581
0.440015228370768396 -0.364952733000025675 0.472403673539376345
0.429988290316474564 -0.386866076049376950 0.471638611868791302
0.413130561030619847 -0.413968412133146779 0.470873268811190182
0.380696598967091071 -0.450353776860225985 0.470107648984154913
0.300674588760274974 -0.501185175473082833 0.469341757006936922
0.021878502116455645 -0.469340158051081646 0.468575597500429597
0.249840992539402701 0.067261451843907971 0.467809175087140594
0.483769464853643971 -0.139028242330383522 0.467042494391163687
0.499688689675098219 -0.241927802568218692 0.466275560038151071
0.495683082953880305 -0.294864753059633555 0.465508376655285161
0.489280401178600166 -0.328913766906316019 0.464740948871250947
0.484045566889818868 -0.349587484823767392 0.463973281316208130
0.477624891630692827 -0.370860510592474935 0.463205378621762642
0.471286754853618817 -0.389014706468011062 0.462437245420939558
0.464912163817541080 -0.405186828624924500 0.461668886348154228
0.458383878272903889 -0.420020362193814167 0.460900306039185248
0.451597369822095474 -0.433903775708133876 0.460131509131145422
0.444458274141417697 -0.447082345415807825 0.459362500262455065
0.436877532374362221 -0.459715004718714459 0.458593284072812746
0.428766570695289950 -0.471904957065078567 0.457823865203168145
0.420032749174464370 -0.483716698419019153 0.457054248295693633
0.410574788462287510 -0.495185385029467073 0.456284437993756620
0.400277730674294785 -0.506321408561802411 0.455514438941891142
0.389006883801256531 -0.517111467327090901 0.454744255785770268
0.376600029896782040 -0.527516457872467703 0.453973893172177512
0.362856881440115353 -0.537465708596177594 0.453203355748979131
0.347524266529959880 -0.546846108470845471 0.452432648165096596
0.330274680711601043 -0.555483140516291218 0.451661775070477334
0.310674445143409639 -0.563107967290361056 0.450890741116067750
0.288135434167821891 -0.569298929956143174 0.450119550953784642
0.261840854499407694 -0.573373337839772512 0.449348209236487384
0.230631372866028639 -0.574176737419902383 0.448576720617949509
0.192838783178254425 -0.569646442001028097 0.447805089752831120
0.146094337715704542 -0.555841391677632024 0.447033321296650354
0.087402344706167534 -0.524620133960875368 0.446261419905755630
-0.000175941078590258 -0.437116842611435241 0.445489390237297223
-0.063636320540835317 -0.269812180927563428 0.444717236949199513
0.025017777986013713 0.033988416113763562 0.443944964700132727
0.475577794202000415 0.165769111796222030 0.443172578149484575
0.765015171987776244 -0.151727075359830266 0.442400081957332769
0.743169828521631715 -0.420158378343012839 0.441627480784416215
0.658645515439546081 -0.558664721724353441 0.440854779292107424
0.580685503055860086 -0.632519681951848822 0.440081982142383921
0.515849780571491667 -0.676488476099058267 0.439309093997800659
0.461221885386039143 -0.705389162673388581 0.438536119521461376
0.413633949652221611 -0.725821556744080776 0.437763063376990780
0.370773511067248762 -0.740942419512581107 0.436989930228506185
0.331058881764832613 -0.752349366935287422 0.436216724740589701
0.293414927571203854 -0.760874104811245067 0.435443451578259699
0.257107408129342907 -0.766942961375222221 0.434670115406943058
0.221635693808416689 -0.770752998473649864 0.433896720892446575
0.186665481338171735 -0.772364011564877329 0.433123272700929207
0.151986903214770042 -0.771749930864060629 0.432349775498873712
0.117488525811739630 -0.768829797104360835 0.431576233953058608
0.083141284480109323 -0.763488252372706233 0.430802652730529700
0.048988578656636417 -0.755590719130528887 0.430029036498572770
0.015140026368600068 -0.744996080120474247 0.429255389924684039
-0.018232885356129436 -0.731568417207787536 0.428481717676543417
-0.050900590887016095 -0.715188633105236282 0.427708024421985300
-0.082579754205020062 -0.695766291145988758 0.426934314828971262
-0.112938985980716278 -0.673251633696434482 0.426160593565560908
-0.141606683809914924 -0.647647421794877776 0.425386865299884787
-0.168181497583398287 -0.619019961990088796 0.424613134700115247
-0.192245646636078016 -0.587508463656373769 0.423839406434439070
-0.213380969302528423 -0.553331731036777019 0.423065685171028827
-0.231187184135355217 -0.516791176539366015 0.422291975578014622
-0.245301425781588200 -0.478269278149671906 0.421518282323456672
-0.255417749056645604 -0.438222909216088197 0.420744610075315939
-0.261305045356201915 -0.397171427865232851 0.419970963501427319
-0.262821753481483011 -0.355679974463753601 0.419197347269470222
-0.259925914443290162 -0.314339004316617598 0.418423766046941481
-0.252679516466131848 -0.273741577005757686 0.417650224501126266
-0.241246652692214569 -0.234460236955590651 0.416876727299070882
-0.225885678091136716 -0.197025386373112621 0.416103279107553403
-0.206936190020693522 -0.161906856046868219 0.415329884593057030
-0.184802160849345559 -0.129499960061550734 0.414556548421740223
-0.159932845100509841 -0.100116759786565077 0.413783275259410332
-0.132803139450762692 -0.073982663964508810 0.413010069771493848
-0.103894912436315712 -0.051237953949514019 0.412236936623009365
-0.073680500032407600 -0.031943418497352022 0.411463880478538657
-0.042609159465882847 -0.016089046185167412 0.410690906002199319
-0.011096861368063926 -0.003604654184863567 0.409918017857616057
0.020480562127411457 0.005628599354389871 0.409145220707892665
0.051791173152475459 0.011766709173182347 0.408372519215583762
0.088610817141372880 0.015304837539277055 0.407599918042667209
0.118386131980202772 0.015298269556853317 0.406827421850515403
0.147127414891898373 0.012827076692295297 0.406055035299867251
0.174677728648346631 0.008099848846519125 0.405282763050800465
0.200912545059623665 0.001320558174363148 0.404510609762702811
0.225735082550177879 -0.007315152914914816 0.403738580094244404
0.249071651029762309 -0.017622524564085473 0.402966678703349568
0.270867172872301609 -0.029429252027673852 0.402194910247168913
0.291080983882277766 -0.042576252681934934 0.401423279382050524
0.309682966228317480 -0.056917785699391737 0.400651790763512761
0.326650026046819253 -0.072321059024224560 0.399880449046215336
0.341962900163078343 -0.088665431146913193 0.399109258883932283
0.355603257188731980 -0.105841286796205664 0.398338224929522700
0.367551046368559953 -0.123748637164008302 0.397567351834903382
0.377782041323650342 -0.142295466949821453 0.396796644251020736
0.386265524179498554 -0.161395821892611341 0.396026106827822577
0.392962057946100396 -0.180967600541873885 0.395255744214229765
0.397821301593601406 -0.200929981338279634 0.394485561058108725
0.400779834147313885 -0.221200378607667170 0.393715562006243303
0.401758973724229307 -0.241690776525809226 0.392945751704306401
0.400662608924642227 -0.262303235782952449 0.392176134796831943
0.397375110252117913 -0.282924300698269904 0.391406715927187232
0.391759469248370296 -0.303417952747380926 0.390637499737544969
0.383655939597882301 -0.323616659240169136 0.389868490868854556
0.372881653147633163 -0.343309957308532421 0.389099693960814785
0.359231992281434820 -0.362229907433820053 0.388331113651845694
0.342484971606714150 -0.380032681227232716 0.387562754579060531
0.322410586866510751 -0.396275587597863965 0.386794621378237391
0.298788108639222116 -0.410389131449371058 0.386026718683791847
0.271435697683941490 -0.421644500824143398 0.385259051128749030
0.240258471230547721 -0.429118640622755676 0.384491623344714872
0.205322962891022531 -0.431662497436803350 0.383724439961849018
0.166966888181575235 -0.427884057555879216 0.382957505608836291
0.134311574039950754 -0.419229075578964328 0.382190824912859439
0.092122424157292354 -0.399901757851599371 0.381424402499570547
0.050335228014953604 -0.369519669637990655 0.380658242993063167
0.011931447844106879 -0.326714153783947803 0.379892351015845064
-0.019106510187040154 -0.270978702480741740 0.379126731188809796
-0.038050450393634888 -0.203306325726572673 0.378361388131208842
-0.040116028259012275 -0.126757776599994432 0.377596326460623632
-0.021572520022400128 -0.046625576907695344 0.376831550792938397
0.019035790728937477 0.030130401505492461 0.376067065742311524
0.080119039993224256 0.096202920142214848 0.375302875921148027
0.157206661918633528 0.145562796458844512 0.374538985940071401
0.244050218252609280 0.174669564724019816 0.373775400407896752
0.334133210576135542 0.182775150749710708 0.373012123931601880
0.421917919055795898 0.171368927731349374 0.372249161116299909
0.503457418103794185 0.143205071692856706 0.371486516565211977
0.576402005172022003 0.101372366608928566 0.370724194879638425
0.639644215475851818 0.048651128841750768 0.369962200658932039
0.692845668668449211 -0.012815351960648647 0.369200538500469633
0.735988347988503433 -0.081616927233916337 0.368439212999625065
0.768993416446967504 -0.157036118478769360 0.367678228749740488
0.791388520451960842 -0.238933212573853360 0.366917590342099198
0.801976047376478762 -0.327569512396441831 0.366157302365898329
0.798449662386979675 -0.423321456017584086 0.365397369408220485
0.782925493945698769 -0.505059388775342955 0.364637796054006091
0.742853230578916945 -0.612626700175363803 0.363878586886026256
0.672530709403988625 -0.722368320742334036 0.363119746484854844
0.562943024480710430 -0.824646091999578168 0.362361279428840721
0.407739987744962118 -0.900629944982477726 0.361603190294080168
0.212501938953600811 -0.921833820994120146 0.360845483654389343
0.006165591773814816 -0.860662031836401331 0.360088164081276974
-0.161224521581405489 -0.714140334625949169 0.359331236143916044
-0.247276669177022762 -0.517958855354386349 0.358574704409116762
-0.246680485528992688 -0.325008752512785548 0.357818573441299359
-0.185855503747228479 -0.171181154183512874 0.357062847802465555
-0.097097842633451489 -0.065608637173126913 0.356307532052171694
-0.021542419563189575 -0.011537509485949516 0.355552630747501208
0.068193645218886489 0.027393568721143631 0.354798148443037253
0.147964735772159378 0.043985457789133382 0.354044089690834618
0.216585011928941834 0.045973806590459396 0.353290459040392801
0.274712468326123227 0.038668563623435431 0.352537261038628369
0.323633020934958548 0.025566763166180090 0.351784500229847863
0.364718227638616888 0.008931594065006765 0.351032181155719714
0.399214659156253093 -0.009781534319161650 0.350280308355247205
0.428182336782328310 -0.029638501752068114 0.349528886364741498
0.447968380347443629 -0.045937396133933689 0.348777919717793483
0.469073086304143516 -0.066493174996993781 0.348027412945247028
0.486695926678143653 -0.087010409827491419 0.347277370575171052
0.501313672312482805 -0.107323886882391195 0.346527797132833160
0.513306646099388253 -0.127333614159383407 0.345778697140671221
0.522976590240053607 -0.146982243607740565 0.345030075118266999
0.530560750646079882 -0.166240133722094674 0.344281935582318011
0.535251272043441362 -0.181356662529061324 0.343534283046611377
0.539512883306354718 -0.199888471927426536 0.342787122021995572
0.542092139276650120 -0.218019840863006575 0.342040457016353661
0.543058842429302913 -0.235757460667837482 0.341294292534576271
0.542449257207514801 -0.253107758353687928 0.340548633078533836
0.540267278741034751 -0.270074069484937618 0.339803483147050112
0.536484132765426613 -0.286653705559308136 0.339058847235874428
0.532263507991891816 -0.299631257228612891 0.338314729837655315
0.525413540798432055 -0.315475023239789598 0.337571135441912362
0.516686200354420477 -0.330858778429351963 0.336828068535010128
0.505897078145727042 -0.345713866148127325 0.336085533600130215
0.492802934546186733 -0.359932453033559141 0.335343535117245406
0.480459232024508687 -0.370740542030886799 0.334602077563091016
0.462364242960272231 -0.383340773445667637 0.333861165411139194
0.440848166321433976 -0.394597941719428524 0.333120803131571552
0.415299317984985261 -0.403981671497430472 0.332380995191252027
0.384962024516277090 -0.410681005978236147 0.331641746053699893
0.356641135110090490 -0.413287405360694526 0.330903060179063069
0.315330050186426014 -0.411544312154635050 0.330164942024091357
0.266534141802766800 -0.401587703912506977 0.329427396042108855
0.209669108293567330 -0.379055361049366546 0.328690426682987813
0.145547695244403336 -0.337274377889232091 0.327954038393121539
0.091808827337723220 -0.283670326183860677 0.327218235615397535
0.031082247787786163 -0.181928589234491678 0.326483022789170574
-0.000321583317781562 -0.034296406490855524 0.325748404350236054
0.034199272088560474 0.149158314627048150 0.325014384730803463
0.130419101656452679 0.291817126447280972 0.324280968359469235
0.325932417277236819 0.407780067516047284 0.323548159661190049
0.545082170433304536 0.419324128465767665 0.322815963057256461
0.724650568227688585 0.347502559484229256 0.322084382965266092
0.824429154823249299 0.261608038366205831 0.321353423799096927
0.901358898892901106 0.148405364318499322 0.320623089968880448
0.940965047050666303 0.044216240408717189 0.319893385880975489
0.957583282328271945 -0.046077672340591291 0.319164315937941478
0.960856351291542010 -0.108606871762808310 0.318435884538511682
0.957456249279249660 -0.176458090889611896 0.317708096077566726
0.949048489616420632 -0.235106959526701353 0.316980954946108506
0.937688279706832661 -0.286721942978289235 0.316254465531233042
0.927234423206405922 -0.324172739627561435 0.315528632216104443
0.912933274265677941 -0.367446160340299033 0.314803459379928152
0.897442097675990813 -0.407955383249318293 0.314078951397925132
0.884149894095824340 -0.439100119124271215 0.313355112641304667
0.866161100442396581 -0.477263562819550624 0.312631947477238548
0.846140515702111795 -0.515416572047535215 0.311909460268834315
0.823238146899013534 -0.554441390515625354 0.311187655375109562
0.801979900477419960 -0.586883996066983160 0.310466537150965005
0.770104306002301842 -0.629700433096992640 0.309746109947158288
0.729531641360820937 -0.675731882432604403 0.309026378110278277
0.687704082940276962 -0.715077639872346293 0.308307345982718140
0.617510843287389699 -0.766465573477901896 0.307589017902649531
0.516586983915340525 -0.815402887737957105 0.306871398203996282
0.402849311548080569 -0.842523013376418439 0.306154491216408586
0.207589699241428893 -0.828152020363197683 0.305438301265236245
0.021539728970765337 -0.730864629001419019 0.304722832671503130
-0.145590458183855909 -0.449249087804087122 0.304008089751880761
-0.082841879828372197 -0.100860507929340384 0.303294076818662772
0.101280071038100591 0.071978490595181896 0.302580798179738097
0.337053242286484922 0.127716726364260319 0.301868258138565604
0.504980761406186085 0.092460772702047445 0.301156460994148056
0.593600530040306440 0.044307071614308635 0.300445411041005861
0.665843508353654134 -0.017650966620675057 0.299735112569151418
0.703629421989839909 -0.063069239528509069 0.299025569864063145
0.735211319658465756 -0.113026314277279383 0.298316787206659995
0.755645597364547728 -0.155871581942547577 0.297608768873274754
0.766747688329284527 -0.185755499200573437 0.296901519135629122
0.776204676690527284 -0.218553260507354241 0.296195042260807340
0.781258961905668903 -0.241750329592149760 0.295489342511231157
0.785355886205644005 -0.267617874913105736 0.294784424144633184
0.787664666078922160 -0.290607515652821391 0.294080291414031747
0.788564382847559253 -0.307274322580792236 0.293376948567705464
0.788800325427324367 -0.326297611662873022 0.292674399849167044
0.788436225898263565 -0.340276325445921013 0.291972649497137970
0.787446071408092640 -0.356428761988331844 0.291271701745522582
0.786311796712093836 -0.368433694844657766 0.290571560823383868
0.784553024802533860 -0.382449490514171764 0.289872230954915933
0.782921966650319545 -0.392966440364268532 0.289173716359419908
0.780653053004008890 -0.405352407476942567 0.288476021251277581
0.778682197102724127 -0.414721792968993253 0.287779149839927695
0.776053195861595491 -0.425838285938340610 0.287083106329838189
0.773264792673550083 -0.436368155355522758 0.286387894920482278
0.770932591444383308 -0.444416217808917824 0.285693519806313190
0.767902625084392776 -0.454056736702601271 0.284999985176738024
0.765393356159620231 -0.461466187847922649 0.284307295216093381
0.762156063487501756 -0.470388096476265338 0.283615454103619102
0.759488296481997338 -0.477279266421044290 0.282924466013434350
0.756752319683509311 -0.483971869201651250 0.282234335114511015
0.753236241242483784 -0.492084184555255266 0.281545065570649733
0.750345185022868622 -0.498390057158594801 0.280856661540454244
0.746630315610793627 -0.506065435263390095 0.280169127177306077
0.743574013977325587 -0.512055843891816798 0.279482466629339732
0.739641840888719981 -0.519375993464090357 0.278796684039418097
0.736400862608220685 -0.525111321664712194 0.278111783545106850
0.732221172656448926 -0.532146565201296440 0.277427769278649428
0.728766367418928529 -0.537679645294035446 0.276744645366942488
0.724295992558783630 -0.544492578624661716 0.276062415931510929
0.720586920535901343 -0.549871290808228608 0.275381085088483135
0.716748300021888163 -0.555195955290263110 0.274700656948565658
0.711749063825365291 -0.561789097090795719 0.274021135617018741
0.707571628068712100 -0.567024036953001631 0.273342525193631669
0.702100254882783825 -0.573532499620004521 0.272664829772698014
0.697500120997535999 -0.578721784776118575 0.271988053442990652
0.692677658555217457 -0.583905167313666817 0.271312200287737060
0.686297172561175839 -0.590389935677056443 0.270637274384595228
0.680873651022739113 -0.595593505593797534 0.269963279805628786
0.673635842133189611 -0.602133263643852112 0.269290220617281972
0.667426070301337049 -0.607405109911447916 0.268618100880355593
0.660787483865863390 -0.612723101113015756 0.267946924649982543
0.651790848402547085 -0.619450060596385410 0.267276695975603384
0.643942464907452550 -0.624906189466004514 0.266607418900941251
0.635415192715714561 -0.630437060813353156 0.265939097463978480
0.623625713987100760 -0.637463904667013748 0.265271735696931188
0.613114746258407672 -0.643177372363431976 0.264605337626225900
0.601448483858774363 -0.648966059213955337 0.263939907272474572
0.584884919709709017 -0.656278417289157479 0.263275448650450827
0.569681353371286114 -0.662140053895762359 0.262611965769065092
0.552313741446585293 -0.667929165645551493 0.261949462631341390
0.532257663214349641 -0.673507888374384356 0.261287943234391862
0.502327766159245570 -0.679808953140016214 0.260627411569394229
0.473315391005734776 -0.683773868143838559 0.259967871621566038
0.438349891701184158 -0.685920740760804115 0.259309327370142229
0.383405790350471065 -0.683726859027862455 0.258651782788349882
0.327376801902211023 -0.674543075012051685 0.257995241843384959
0.257284373441063252 -0.652679518147663451 0.257339708496387765
0.170683293923010820 -0.607187504353647101 0.256685186702419799
0.045143842479904689 -0.485575205935060428 0.256031680410439610
-0.035279511426376142 -0.299596054899763542 0.255379193563278428
-0.012283104767155724 -0.029101859961978477 0.254727730097616900
0.195683981375899069 0.216501110554842890 0.254077293943961557
0.572924074081843870 0.267496916828717568 0.253427889026620723
0.780830155192830944 0.151855433430435560 0.252779519263680752
0.884861892277405415 0.013155353378582979 0.252132188566982385
0.926826037653856960 -0.104802203608372391 0.251485900842097765
0.938254162507146994 -0.196382200130752915 0.250840659988306292
0.933918676958042204 -0.281174154145774069 0.250196469898570972
0.924462383405462163 -0.331942975987297106 0.249553334459515330
0.913215184778449207 -0.372049206110368846 0.248911257551399867
0.901608717697916950 -0.404374013368291707 0.248270243048098749
0.890295859342724150 -0.430929712151271571 0.247630294817075935
0.879554055803788648 -0.453131572142132899 0.246991416719362256
0.869478402968939190 -0.471989331803227774 0.246353612609532258
0.857827385979282875 -0.491955836567810556 0.245716886335680784
0.849217487874825760 -0.505681494938963194 0.245081241739399380
0.841183239283037842 -0.517827518053609159 0.244446682655753811
0.833668740870253222 -0.528683688079220948 0.243813212913260191
0.826619668240732408 -0.538474941824098274 0.243180836333862671
0.819985453439206591 -0.547378206549690605 0.242549556732909621
0.813720087224431898 -0.555534358529024885 0.241919377919131262
0.807782220650899441 -0.563056844124149469 0.241290303694616182
0.802134926659066383 -0.570037982748504146 0.240662337854788411
0.796745313314394910 -0.576553636371337830 0.240035484188385162
0.790326344299641326 -0.584138438360502499 0.239409746477433349
0.785414206093666745 -0.589821268730354675 0.238785128497226773
0.780675530809167073 -0.595208473540981498 0.238161634016303414
0.776089913648953189 -0.600336260872360250 0.237539266796423398
0.771638952080157203 -0.605235662033841271 0.236918030592545070
0.767305969303626156 -0.609933452412595334 0.236297929152803232
0.763075772282879816 -0.614452885933967963 0.235678966218485830
0.758934440272303390 -0.618814285453691104 0.235061145524012804
0.754869139818408863 -0.623035520838124635 0.234444470796911636
0.750867962443138248 -0.627132398812288216 0.233828945757796114
0.746919781590227538 -0.631118982969606890 0.233214574120343354
0.743014125785239843 -0.635007858127463409 0.232601359591271956
0.739141065335097491 -0.638810350010300176 0.231989305870319185
0.735291110206760190 -0.642536708881470742 0.231378416650218466
0.731455117026489354 -0.646196263869064258 0.230768695616677788
0.727624203374480527 -0.649797553344117262 0.230160146448356639
0.723789667745276200 -0.653348435612083778 0.229552772816844636
0.720906215934514094 -0.655982912193258660 0.228946578386638622
0.717044678710321293 -0.659462775202028118 0.228341566815121244
0.713155913647008255 -0.662911058064400316 0.227737741752538220
0.709231241168020055 -0.666333806260499317 0.227135106841976964
0.705261817795731716 -0.669736728972308182 0.226533665719343968
0.701238563057325126 -0.673125245143680662 0.225933422013343488
0.697152083528946309 -0.676504523016895343 0.225334379345455083
0.692992592764042681 -0.679879513807969516 0.224736541329912165
0.688749825746721722 -0.683254979979963650 0.224139911573680239
0.684412946388442189 -0.686635518369312914 0.223544493676434614
0.681091631060556590 -0.689176932448822277 0.222950291230539055
0.676561896444480615 -0.692576971733521618 0.222357307821024419
0.671904441809938024 -0.695993998670313974 0.221765547025566445
0.667105295989037894 -0.699432105068636845 0.221175012414464467
0.662149324778872561 -0.702895251760960349 0.220585707550619681
0.657020058217595349 -0.706387255830054572 0.219997635989513968
0.653048617307979473 -0.709027399747978238 0.219410801279188383
0.647571716692685095 -0.712578568898890041 0.218825206960221313
0.641867627673397223 -0.716168119878551335 0.218240856565707519
0.635912863014368002 -0.719799016224219601 0.217657753621236849
0.629681360593119854 -0.723473831481494356 0.217075901644872893
0.624808786494566171 -0.726260030730764727 0.216495304147131529
0.618021105197101850 -0.730016283268147714 0.215915964630959911
0.610868305600577810 -0.733820417548049941 0.215337886591715516
0.603310603726706640 -0.737672140266839138 0.214761073517145018
0.597349805655668198 -0.740591208405176116 0.214185528887362697
0.588971884170519155 -0.744521053717672743 0.213611256174830066
0.580050565246083005 -0.748489071807775574 0.213038258844334860
0.572964884461559243 -0.751485313645748110 0.212466540352969940
0.562933472085064057 -0.755497990330704416 0.211896104150112174
0.552159953899344025 -0.759516026847568693 0.211326953677402479
0.540551132522818722 -0.763517172452770732 0.210759092368723977
0.531232246567374222 -0.766488871083441325 0.210192523650182150
0.517892706538672032 -0.770379951503532223 0.209627250940083665
0.503379447369271427 -0.774140412250420629 0.209063277648916135
0.491627898142203645 -0.776832860903379330 0.208500607179326947
0.474655655549374722 -0.780177614760020011 0.207939242926103607
0.455998649585296900 -0.783128793257133804 0.207379188276152232
0.440754290606046761 -0.784986842619329050 0.206820446608478120
0.418536313341566990 -0.786818182063112492 0.206263021294164489
0.400281500571972870 -0.787553467744938507 0.205706915696352854
0.373536989156611765 -0.787386697309672701 0.205152133170222351
0.343685215257682142 -0.785454408190127018 0.204598677062969414
0.319004488261008523 -0.782453498611255238 0.204046550713787689
0.282695632248726014 -0.775678751997877391 0.203495757453848236
0.252692797502552635 -0.767885480431438117 0.202946300606278940
0.208749941613936257 -0.752661607654959486 0.202398183486144662
0.172788971411185099 -0.736542720132164042 0.201851409400427062
0.121097818453179240 -0.706767622845857590 0.201305981648004950
0.080094250618706786 -0.676524288982752853 0.200761903519634410
0.024238931737867342 -0.622732740550296482 0.200219178297928596
-0.029123109836157846 -0.550035125989860596 0.199677809257337857
-0.063483495067415435 -0.481189991968686837 0.199137799664130727
-0.093960271060670092 -0.369659886349376299 0.198599152776373439
-0.098849050924625495 -0.273206902349896530 0.198061871843910497
-0.082915938656109522 -0.170303069385363604 0.197525960108345194
-0.024127740682533774 -0.035011337045828053 0.196991420803020012
0.047474439012825047 0.054159061456325458 0.196458257152997223
0.170369371202323233 0.142587120563914510 0.195926472375038851
0.272870113681951465 0.180972132343745123 0.195396069677588241
0.407856969350736120 0.195748462298795778 0.194867052260749796
0.499940993577407067 0.184348487032652830 0.194339423316269994
0.604432978621053163 0.148631674453870738 0.193813186027518514
0.668126656440070521 0.112537767150363899 0.193288343569468529
0.720020396464805645 0.072594917228288314 0.192764899108677640
0.773329134337395807 0.017743193309339045 0.192242855803268775
0.803469784597984460 -0.022489166518622483 0.191722216802911405
0.833375404403196685 -0.073212300911679906 0.191202985248802360
0.849741661275043914 -0.108520143164448524 0.190685164273646623
0.862070910553137559 -0.141323809115906862 0.190168757001638655
0.873646976302055900 -0.181216494833450203 0.189653766548444014
0.879517907420245493 -0.208400971955178205 0.189140196021179541
0.883538013487189522 -0.233416455631055841 0.188628048518395514
0.886680951624070679 -0.263697359959446598 0.188117327130056300
0.887760368553093482 -0.284328114523511144 0.187608034937522289
0.888000465146716378 -0.303359350557326157 0.187100175013531100
0.887579859481532951 -0.320943539305472370 0.186593750422178684
0.886231880838174169 -0.342377437338753809 0.186088764218901248
0.884771309186459964 -0.357105284220514185 0.185585219450456806
0.883019648557381132 -0.370801299895445802 0.185083119154906633
0.880343989430656615 -0.387626306660614484 0.184582466361596864
0.878148496613524898 -0.399279952575235020 0.184083264091140619
0.875835853547450194 -0.410191467374591945 0.183585515355399187
0.873437578918912827 -0.420428647319774806 0.183089223157464454
0.870978894122432679 -0.430052123617489124 0.182594390491640279
0.867640918964412311 -0.442021763498060882 0.182101020343424957
0.865112748522791852 -0.450414709591356321 0.181609115689492451
0.862576843899940604 -0.458354099668959292 0.181118679497675406
0.860042554301884921 -0.465877844537351871 0.180629714726946222
0.857517208630881766 -0.473020109702245062 0.180142224327400208
0.854173621631854729 -0.482002602380548151 0.179656211240236729
0.851688973301401586 -0.488369669938833351 0.179171678397742395
0.849227425376388401 -0.494447199091982648 0.178688628723273041
0.846791073441652276 -0.500257439987903285 0.178207065131235742
0.844381327831882134 -0.505820652031330087 0.177726990527071554
0.841999037064740552 -0.511155319056166846 0.177248407807238162
0.839644588540990333 -0.516278339069551340 0.176771319859192089
0.837317990769300913 -0.521205191802103673 0.176295729561371350
0.835018940523768460 -0.525950086904308112 0.175821639783178052
0.832746877678117281 -0.530526095242996432 0.175349053384961262
0.829758080173434553 -0.536385417612535109 0.174877973217999694
0.827545685026043643 -0.540612638444536553 0.174408402124484219
0.825357069433802826 -0.544707720541148466 0.173940342937500991
0.823190980135037331 -0.548679992917618931 0.173473798481014518
0.821046065843724637 -0.552538137622287429 0.173008771569850284
0.818920891125065387 -0.556290253695563841 0.172545265009677762
0.816813947090941350 -0.559943914778438856 0.172083281596993737
0.814723659401227374 -0.563506221130179230 0.171622824119105372
0.812648393947568826 -0.566983846754909315 0.171163895354113277
0.810586460530924646 -0.570383082232284178 0.170706498070894802
0.808536114782086535 -0.573709873777642043 0.170250635029087161
0.806495558506744481 -0.576969859021517317 0.169796308979071303
0.805139713470608087 -0.579108726187243184 0.169343522661954737
0.803111326859767605 -0.582269160690791932 0.168892278809555235
0.801087659119439133 -0.585376556309528451 0.168442580144384513
0.799066695759640622 -0.588435682661697990 0.167994429379631272
0.797046352685093384 -0.591451135352347612 0.167547829219145628
0.795024469397455524 -0.594427359836848024 0.167102782357422014
0.792998800974553775 -0.597368674118005538 0.166659291479583554
0.790967008780597336 -0.600279290487502504 0.166217359261365216
0.788926649816083625 -0.603163336536615469 0.165776988369098488
0.787560392447054669 -0.605073281245854688 0.165338181459694394
0.785500004133799612 -0.607922050520439350 0.164900941180628258
0.783423926884895372 -0.610754996993641885 0.164465270169923072
0.781329218618482813 -0.613576110892114945 0.164031171056134129
0.779212761176438340 -0.616389391871177916 0.163598646458332858
0.777071238926734686 -0.619198869582010092 0.163167698986090987
0.775627895651700094 -0.621071754242763729 0.162738331239465017
0.773436616358786466 -0.623883996777121363 0.162310545808980133
0.771210270990130065 -0.626703491919156086 0.161884345275615377
0.768944587211883412 -0.629534567124319433 0.161459732210787160
0.767410013588689877 -0.631430582376029559 0.161036709176334170
0.765068324495438823 -0.634290959639150165 0.160615278724501848
0.762674112444893137 -0.637175202985160838 0.160195443397927406
0.760221620524046959 -0.640088281669611847 0.159777205729623673
0.758551164490926633 -0.642048918734229312 0.159360568242964351
0.755987255933850411 -0.645021788092184467 0.158945533451668869
0.753346888061669273 -0.648038055373501232 0.158532103859786916
0.751540192371111693 -0.650075989470941584 0.158120281961683429
0.748753935127892234 -0.653178260477440431 0.157710070242023437
0.745867586967184804 -0.656341017906981516 0.157301471175757601
0.743882502301750237 -0.658486684946015699 0.156894487228106394
0.740804887247412780 -0.661766635143497206 0.156489120854546221
0.737595681439921158 -0.665127666592099098 0.156085374500793544
0.735375994709093650 -0.667417753972987859 0.155683250602791229
0.731914226555372416 -0.670934019673988358 0.155282751586692802
0.729510515393107295 -0.673336684752023240 0.154883879868848662
0.725746447321889310 -0.677036510501846434 0.154486637855791142
0.721772265897757670 -0.680861854148977597 0.154091027944219749
0.718993695557969548 -0.683488110792783821 0.153697052520987060
0.714611049268378484 -0.687551791272479340 0.153304713963084344
0.711532206437376358 -0.690350226475728412 0.152914014637626994
0.706651378801133712 -0.694693785567329858 0.152524956901840314
0.703204605388372705 -0.697694271713299008 0.152137543103045308
0.697710213459366568 -0.702366049092469691 0.151751775578644582
0.693807832901641053 -0.705603312253286430 0.151367656656108324
0.687549136313298836 -0.710659359669751134 0.150985188652959929
0.683075645626859740 -0.714173494943368348 0.150604373876762149
0.675852276437351351 -0.719678076091896712 0.150225214625103520
0.670652725521589832 -0.723514582697396769 0.149847713185584097
0.662193205639600713 -0.729539478028451427 0.149471871835801767
0.656055500754938903 -0.733748034460728560 0.149097692843338375
0.649465412401730946 -0.738119569799126518 0.148725178465746399
0.638611410347213138 -0.744999092743468094 0.148354330950535129
0.630634718282549578 -0.749809966371843606 0.147985152535156927
0.617362340020515488 -0.757374785599396527 0.147617645446993906
0.607503469663776774 -0.762652266940645363 0.147251811903344576
0.596702773908722173 -0.768112965662947400 0.146887654111410415
0.578427863187363833 -0.776620553133413494 0.146525174268282266
0.564612784990567884 -0.782467305453235062 0.146164374560927651
0.549249176560505203 -0.788403586353574104 0.145805257166176955
0.522728774802078022 -0.797310389414137233 0.145447824250710761
0.502263034527831720 -0.803073195704045562 0.145092077971046479
0.479107436749159066 -0.808474339566290445 0.144738020473525603
0.438244579386371957 -0.815217238294140945 0.144385653894300470
0.406037871891516966 -0.818100831565519382 0.144034980359321579
0.369027268345946624 -0.818821700290245480 0.143686001984324796
0.326408814685844928 -0.816227784160681535 0.143338720874818359
0.250218526952750597 -0.802217959189770013 0.142993139126070229
0.190441983073221355 -0.782181007474833656 0.142649258823095815
0.123735528961190444 -0.748962084895266500 0.142307082040644906
0.052123569402629744 -0.697160900107482329 0.141966610843189456
-0.019241324475112287 -0.620531432251441695 0.141627847284910818
-0.102446180393840902 -0.448588960368244027 0.141290793409687837
-0.118221539204191817 -0.298780284398606155 0.140955451251084163
-0.083284304204207377 -0.137907249445200220 0.140621822832335985
0.006505490908317797 0.007474482427539510 0.140289910166339848
0.137232896669856080 0.112153831037766522 0.139959715255640799
0.283367102619399458 0.165260606367812257 0.139631240092419895
0.482825458108213479 0.163099744345468062 0.139304486658482385
0.587168321405591276 0.128046374687407621 0.138979456925245687
0.667491236740723193 0.081095286992497240 0.138656152853727538
0.727367078405168233 0.030477821722970144 0.138334576394534364
0.771192105752688706 -0.019163434008540259 0.138014729487848986
0.802931177130975060 -0.065566733619778106 0.137696614063419348
0.825752789307039325 -0.107856674259942109 0.137380232040546862
0.842049647945773305 -0.145894236657883147 0.137065585328074641
0.853580572852793429 -0.179896754790673741 0.136752675824376058
0.861623722671863934 -0.210230266135929822 0.136441505417343317
0.867105281590404120 -0.237302079485990192 0.136132075984376016
0.870697674723525883 -0.261508623863796197 0.135824389392369904
0.872891326735060757 -0.283212695961374661 0.135518447497705474
0.874046046768607532 -0.302735803526869740 0.135214252146237057
0.874427535044507209 -0.320357903470478600 0.134911805173281107
0.874233291290560266 -0.336320475097570570 0.134611108403605934
0.873611054411301380 -0.350830840397699129 0.134312163651419847
0.872671994144429641 -0.364066696710199478 0.134014972720361059
0.871500209223086131 -0.376180382223157361 0.133719537403486022
0.870159614980770657 -0.387302682082886096 0.133425859483258913
0.868698974998753926 -0.397546126948434830 0.133133940731541361
0.867935665673974510 -0.402369154206939750 0.132843782909580932
0.866362116360668733 -0.411472189139984124 0.132555387768000910
0.864746153219013047 -0.419915216684295822 0.132268757046789781
0.863107012945630192 -0.427766281144217275 0.131983892475290826
0.861459443563119320 -0.435084747179227849 0.131700795772191348
0.859814721110164548 -0.441922578229872742 0.131419468645512461
0.858181425865255032 -0.448325407837023016 0.131139912792598762
0.857371157275027773 -0.451376451178751914 0.130862129900108481
0.855766626367329364 -0.457200673143406400 0.130586121644002573
0.854186763995477438 -0.462681843079813471 0.130311889689535138
0.852634594412623903 -0.467849647314301398 0.130039435691243210
0.851869590544897415 -0.470324412091705613 0.129768761292936907
0.850362737352672426 -0.475070825782566208 0.129499868127689266
0.848887652829031225 -0.479564754851942443 0.129232757817826449
0.847445000319875463 -0.483826208258191004 0.128967431974918306
0.846735937815265682 -0.485875448321223979 0.128703892199768077
0.845342375555899750 -0.489821340077921552 0.128442140082403289
0.843981432501260787 -0.493576439425746305 0.128182177202065650
0.843313097627797270 -0.495386843468861859 0.127924005127202034
0.842000422859896513 -0.498881432171805528 0.127667625415454483
0.840719280009793124 -0.502217616012098689 0.127413039613651358
0.840090337157800127 -0.503829758178798937 0.127160249257797620
0.838855275280423918 -0.506948503161039898 0.126909255873065646
0.837650026745910159 -0.509934354758609931 0.126660060973786071
0.837058340967038461 -0.511380187936032238 0.126412666063438650
0.835896347605509238 -0.514182743121727848 0.126167072634643274
0.835325837030013951 -0.515541365716384092 0.125923282169150691
0.834205275834026594 -0.518177756266347211 0.125681296137833798
0.833111309157995361 -0.520711857583194271 0.125441116000678810
0.832574042295332051 -0.521942493379000449 0.125202743206776296
0.831518432428069998 -0.524334553093946054 0.124966179194312452
0.830999887818985483 -0.525497338982638396 0.124731425390560466
0.829980821747136943 -0.527759631083441705 0.124498483211871971
0.829480104288605302 -0.528860347146427823 0.124267354063668414
0.828495818969156694 -0.531003773953526270 0.124038039340432532
0.828012062112854830 -0.532047562960513698 0.123810540425700069
0.827060857139985117 -0.534081840370515870 0.123584858692051325
0.826593227870267233 -0.535073292775907983 0.123360995501102993
0.826130795590093836 -0.536048234856170147 0.123138952203499741
0.825221174873516539 -0.537950332392039599 0.122918730138906251
0.824773816392097681 -0.538878321952484640 0.122700330635999083
0.823893588658648257 -0.540690160565407751 0.122483755012458659
0.823460557833648688 -0.541574760388121357 0.122269004574961190
0.822608268868475045 -0.543303103766670237 0.122056080619171087
0.822188857548304952 -0.544147524898494828 0.121844984429732739
0.821773835179977263 -0.544979212120439760 0.121635717280263234
0.820956665982430556 -0.546605621101783123 0.121428280433344166
0.820554376840810340 -0.547400936171358543 0.121222675140514505
0.820156191991446182 -0.548184704746013551 0.121018902642262602
0.819371864889492985 -0.549718688167473490 0.120816964168019139
0.818985590662760665 -0.550469424779882477 0.120616860936149317
0.818603156740843385 -0.551209659082637859 0.120418594153945749
0.818224500213705408 -0.551939632289379922 0.120222165017621091
0.817478273652877507 -0.553369723904047595 0.120027574712300855
0.817110583687023162 -0.554070289189675158 0.119834824412016289
0.816746431209270707 -0.554761487654903629 0.119643915279697144
0.816385759072653983 -0.555443526519418973 0.119454848467164781
0.815674632657730325 -0.556780924252974319 0.119267625115125314
0.815324069450808819 -0.557436668138101221 0.119082246353162544
0.814976768683594477 -0.558084022871865315 0.118898713299731174
0.814632678450148418 -0.558723167495763562 0.118717027062150135
0.814291747830514834 -0.559354276007490880 0.118537188736595883
0.813619166571054153 -0.560593056519555599 0.118359199408095833
0.813287418847864041 -0.561201052857054794 0.118183060150521657
0.812958636533548051 -0.561801662076840791 0.118008772026582914
0.812632773348337278 -0.562395035479098304 0.117836336087820667
0.812309783882298797 -0.562981320284118736 0.117665753374601195
0.811989623579335573 -0.563560659766618843 0.117497024916109374
0.811672248716795441 -0.564133193392091892 0.117330151730342946
0.811357616389685954 -0.564699056941013300 0.117165134824105996
0.811045684492200825 -0.565258382632227385 0.117001975193003135
0.810736411700773707 -0.565811299242240273 0.116840673821433358
0.810429757458507538 -0.566357932213019333 0.116681231682584041
0.810125681956781474 -0.566898403766052494 0.116523649738425272
0.809824146121807531 -0.567432833001072945 0.116367928939703880
0.809525111596194447 -0.567961336001332362 0.116214070225937813
0.809228540726122714 -0.568484025924459235 0.116062074525410328
0.808934396545449408 -0.569001013098534569 0.115911942755164490
0.808642642760168950 -0.569512405109707576 0.115763675820997711
0.808353243734837634 -0.570018306888663617 0.115617274617456051
0.808066164478235871 -0.570518820792515258 0.115472740027829104
0.807781370631136308 -0.571014046682137844 0.115330072924144461
0.807498828450310513 -0.571504082001721425 0.115189274167162514
0.807218504797252434 -0.571989021850821566 0.115050344606371285
0.806940367125571156 -0.572468959053889614 0.114913285079981331
0.806664383467041279 -0.572943984231285564 0.114778096414920497
0.806390522421343237 -0.573414185860867898 0.114644779426829185
0.806390522421343237 -0.573414185860867898 0.114513334920055415
0.806118753141958466 -0.573879650346630799 0.114383763687649603
0.805849045327120539 -0.574340462074228508 0.114256066511360263
0.805581369206029407 -0.574796703474108828 0.114130244161628980
0.805315695530379405 -0.575248455074554466 0.114006297397585929
0.805051995561002154 -0.575695795560086654 0.113884226967045130
0.805051995561002154 -0.575695795560086654 0.113764033606500142
0.804790241059376132 -0.576138801821422963 0.113645718041119337
0.804530404276283750 -0.576577549007371015 0.113529280984741868
0.804272457943176589 -0.577012110573055126 0.113414723139873122
0.804272457943176589 -0.577012110573055126 0.113302045197680529
0.804016375259727245 -0.577442558330444000 0.113191247837989437
0.803762129888000776 -0.577868962489323401 0.113082331729278909
0.803762129888000776 -0.577868962489323401 0.112975297528677909
0.803509695940753277 -0.578291391704618296 0.112870145881961009
0.803259047972706641 -0.578709913118674479 0.112766877423544909
0.803259047972706641 -0.578709913118674479 0.112665492776484119
0.803010160973033571 -0.579124592401633387 0.112565992552467672
0.802763010355301287 -0.579535493791974665 0.112468377351815099
0.802763010355301287 -0.579535493791974665 0.112372647763472971
0.802517571949753261 -0.579942680134654887 0.112278804365011281
0.802273821996607239 -0.580346212916753701 0.112186847722619942
0.802273821996607239 -0.580346212916753701 0.112096778391105545
0.802031737135373679 -0.580746152306766295 0.112008596913887773
0.802031737135373679 -0.580746152306766295 0.111922303822996186
0.801791294399872734 -0.581142557185497011 0.111837899639067123
0.801791294399872734 -0.581142557185497011 0.111755384871340541
0.801552471208901829 -0.581535485182137046 0.111674760017656721
0.801552471208901829 -0.581535485182137046 0.111596025564453569
0.801315245359212502 -0.581924992707096411 0.111519181986763555
0.801315245359212502 -0.581924992707096411 0.111444229748210735
0.801079595020750546 -0.582311134978825029 0.111371169301008127
0.801079595020750546 -0.582311134978825029 0.111300001085954892
0.800845498725278104 -0.582693966061069268 0.111230725532433697
0.800845498725278104 -0.582693966061069268 0.111163343058408165
0.800612935364667266 -0.583073538885594211 0.111097854070420235
0.800612935364667266 -0.583073538885594211 0.111034258963587817
0.800612935364667266 -0.583073538885594211 0.110972558121602394
0.800381884180370262 -0.583449905284997294 0.110912751916726629
0.800381884180370262 -0.583449905284997294 0.110854840709792277
0.800152324759150102 -0.583823116018256538 0.110798824850197819
0.800152324759150102 -0.583823116018256538 0.110744704675906469
0.800152324759150102 -0.583823116018256538 0.110692480513444172
0.799924237026536034 -0.584193220796913826 0.110642152677897440
0.799924237026536034 -0.584193220796913826 0.110593721472911730
0.799924237026536034 -0.584193220796913826 0.110547187190689372
0.799697601240329625 -0.584560268312368181 0.110502550111987896
0.799697601240329625 -0.584560268312368181 0.110459810506118417
0.799697601240329625 -0.584560268312368181 0.110418968630943887
0.799697601240329625 -0.584560268312368181 0.110380024732877557
0.799472397984751670 -0.584924306259785198 0.110342979046881562
0.799472397984751670 -0.584924306259785198 0.110307831796465444
0.799472397984751670 -0.584924306259785198 0.110274583193684828
0.799472397984751670 -0.584924306259785198 0.110243233439140137
0.799472397984751670 -0.584924306259785198 0.110213782721975392
0.799248608165401997 -0.585285381361619894 0.110186231219877029
0.799248608165401997 -0.585285381361619894 0.110160579099072869
0.799248608165401997 -0.585285381361619894 0.110136826514331099
0.799248608165401997 -0.585285381361619894 0.110114973608959388
0.799248608165401997 -0.585285381361619894 0.110095020514803896
0.799248608165401997 -0.585285381361619894 0.110076967352248589
0.799248608165401997 -0.585285381361619894 0.110060814230214563
0.799248608165401997 -0.585285381361619894 0.110046561246159164
0.799026213003314445 -0.585643539391610735 0.110034208486075674
0.799026213003314445 -0.585643539391610735 0.110023756024492547
0.799026213003314445 -0.585643539391610735 0.110015203924473198
0.799026213003314445 -0.585643539391610735 0.110008552237615381
0.799026213003314445 -0.585643539391610735 0.110003801004051049
0.799026213003314445 -0.585643539391610735 0.110000950252446050
0.799026213003314445 -0.585643539391610735 0.110000000000000001
