0.683684278403764334 0.065448859666796255 0.739999999999999991
0.683684278403764334 0.065448859666796255 0.739999049747553928
0.646875883416924369 0.026247874407765881 0.739996198995948928
0.646875883416924369 0.026247874407765881 0.739991447762384680
0.646875883416924369 0.026247874407765881 0.739984796075526807
0.646875883416924369 0.026247874407765881 0.739976243975507431
0.646875883416924369 0.026247874407765881 0.739965791513924276
0.646875883416924369 0.026247874407765881 0.739953438753840897
0.646875883416924369 0.026247874407765881 0.739939185769785457
0.646875883416924369 0.026247874407765881 0.739923032647751389
0.646875883416924369 0.026247874407765881 0.739904979485196068
0.646875883416924369 0.026247874407765881 0.739885026391040590
0.646875883416924369 0.026247874407765881 0.739863173485668879
0.646875883416924369 0.026247874407765881 0.739839420900927136
0.607335614749906050 -0.007771306211256601 0.739813768780122949
0.607335614749906050 -0.007771306211256601 0.739786217278024627
0.607335614749906050 -0.007771306211256601 0.739756766560859869
0.607335614749906050 -0.007771306211256601 0.739725416806315206
0.607335614749906050 -0.007771306211256601 0.739692168203534561
0.565787557893630333 -0.036624331394084109 0.739657020953118471
0.565787557893630333 -0.036624331394084109 0.739619975267122420
0.565787557893630333 -0.036624331394084109 0.739581031369056063
0.565787557893630333 -0.036624331394084109 0.739540189493881561
0.565787557893630333 -0.036624331394084109 0.739497449888012137
0.522913763561027478 -0.060401203441211720 0.739452812809310633
0.522913763561027478 -0.060401203441211720 0.739406278527088290
0.522913763561027478 -0.060401203441211720 0.739357847322102524
0.479346167569930315 -0.079262139225259515 0.739307519486555820
0.479346167569930315 -0.079262139225259515 0.739255295324093509
0.479346167569930315 -0.079262139225259515 0.739201175149802103
0.435658761925744931 -0.093430114821466015 0.739145159290207743
0.435658761925744931 -0.093430114821466015 0.739087248083273307
0.435658761925744931 -0.093430114821466015 0.739027441878397529
0.392361256735523578 -0.103180903000040874 0.738965741036412216
0.392361256735523578 -0.103180903000040874 0.738902145929579812
0.392361256735523578 -0.103180903000040874 0.738836656941591730
0.349894960649293651 -0.108831558735656281 0.738769274467566239
0.349894960649293651 -0.108831558735656281 0.738699998914045142
0.308631169691444884 -0.110728306333638865 0.738628830698991878
0.308631169691444884 -0.110728306333638865 0.738555770251789201
0.308631169691444884 -0.110728306333638865 0.738480818013236395
0.268872010949485818 -0.109234672153273302 0.738403974435546395
0.268872010949485818 -0.109234672153273302 0.738325239982343340
0.230853444783477912 -0.104720531308488518 0.738244615128659576
0.230853444783477912 -0.104720531308488518 0.738162100360932882
0.194749986289696142 -0.097552533271169556 0.738077696177003806
0.194749986289696142 -0.097552533271169556 0.737991403086112219
0.160680647588874626 -0.088086171404552160 0.737903221608894433
0.160680647588874626 -0.088086171404552160 0.737813152277379980
0.128715610362016897 -0.076659586685865339 0.737721195634988725
0.128715610362016897 -0.076659586685865339 0.737627352236526979
0.098883190257333969 -0.063589057976849300 0.737531622648184837
0.071176732951654928 -0.049166034096237342 0.737434007447532291
0.071176732951654928 -0.049166034096237342 0.737334507223515900
0.045561168487708116 -0.033655503702339648 0.737233122576455124
0.045561168487708116 -0.033655503702339648 0.737129854118038996
0.021979035733808175 -0.017295472163315631 0.737024702471322124
0.000355864054324373 -0.000297312237292755 0.736917668270721027
0.000355864054324373 -0.000297312237292755 0.736808752162010583
-0.019395139052507664 0.017153230178873134 0.736697954802319477
-0.037369097941330497 0.034894568998866567 0.736585276860126870
-0.037369097941330497 0.034894568998866567 0.736470719015258179
-0.053666146072456150 0.052787513461987789 0.736354281958880641
-0.068388718536376084 0.070713339626522348 0.736235966393499863
-0.068388718536376084 0.070713339626522348 0.736115773032954834
-0.081639394877818586 0.088571801585680274 0.735993702602414035
-0.093519222475486163 0.106279160443166265 0.735869755838370998
-0.104126450486877797 0.123766286512897464 0.735743933488639756
-0.104126450486877797 0.123766286512897464 0.735616236312350402
-0.113555608077054129 0.140976872115036594 0.735486665079944646
-0.121896866167319748 0.157865777667187068 0.735355220573170709
-0.129235628772664368 0.174397522751040090 0.735221903585079439
-0.129235628772664368 0.174397522751040090 0.735086714920018758
-0.135652307023719748 0.190544925538803367 0.734949655393628665
-0.141222235884998160 0.206287888021692262 0.734810725832837464
-0.146015700083601152 0.221612320515590044 0.734669927075855544
-0.150098041605708860 0.236509196471442779 0.734527259972170943
-0.153529826224653665 0.250973727056635398 0.734382725382543899
-0.153529826224653665 0.250973727056635398 0.734236324179002309
-0.156367050975585675 0.265004644424479852 0.734088057244835501
-0.158661378257268698 0.278603582615625789 0.733937925474589692
-0.160460385340981948 0.291774545266934582 0.733785929774062096
-0.161807820694837429 0.304523450047353372 0.733632071060296154
-0.162743860592276385 0.316857740353845840 0.733476350261574761
-0.163305361216865841 0.328786055783165332 0.733318768317415937
-0.163526102796366868 0.340317953569608755 0.733159326178566717
-0.163437023386720337 0.351463674194065545 0.732998024806996828
-0.163066440761363174 0.362233944993113899 0.732834865175894024
-0.162440261486409387 0.372639816415336889 0.732669848269657087
-0.161582176788146403 0.382692526237378261 0.732502975083890617
-0.160513845136948163 0.392403387637917933 0.732334246625398921
-0.159255061791424513 0.401783697576006515 0.732163663912179352
-0.157823915689025152 0.410844662412793549 0.731991227973417091
-0.156236934238831615 0.419597338120925090 0.731816939849478376
-0.154509216629271501 0.428052582811775439 0.731640800591904172
-0.152654556335564462 0.436221019626501616 0.731462811263404067
-0.150685553504294967 0.444113008337471360 0.731282972937849940
-0.148613717930844019 0.451738624205995587 0.731101286700268749
-0.146449563300506791 0.459107642919507009 0.730917753646837420
-0.144202693358917167 0.466229530536269920 0.730732374884874636
-0.141881880658724341 0.473113437596566100 0.730545151532835280
-0.139495138454805850 0.479768196629777377 0.730356084720302889
-0.137049786341032404 0.486202322448916258 0.730165175587983772
-0.134552510134867215 0.492424014683448652 0.729972425287699123
-0.129426082844297408 0.504261348458382552 0.729777834982378915
-0.126807602629922411 0.509891859187454610 0.729581405846054243
-0.124158626963163460 0.515339689300101100 0.729383139063850661
-0.121483402335818530 0.520611551627819691 0.729183035831980852
-0.118785805116888160 0.525713885620972432 0.728981097357737307
-0.113337333788521510 0.535434414143892479 0.728777324859485542
-0.110592631432521821 0.540064203071841886 0.728571719566655895
-0.107837950099958113 0.544547671053204008 0.728364282719736744
-0.105075735930402120 0.548890028641248473 0.728155015570267294
-0.102308216988853007 0.553096268162182603 0.727943919380828919
-0.096765194421448264 0.561119324227977723 0.727730995425038829
-0.093993212797699788 0.564945113081591344 0.727516244987541416
-0.091222999537789035 0.568652745083011224 0.727299669364000922
-0.088455936204110686 0.572246249947017782 0.727081269861093782
-0.082936147664079807 0.579106161517101814 0.726861047796500293
-0.080185578738329155 0.582379813759838494 0.726639004498896957
-0.077442490991883273 0.585553843750704295 0.726415141307948709
-0.071981998088200438 0.591615931288314467 0.726189459574299923
-0.069266007613272673 0.594510105056302862 0.725961960659567529
-0.066560340854560973 0.597316900624753511 0.725732645936331688
-0.061182042799044933 0.602679256008554765 0.725501516788128020
-0.058510297433357117 0.605239988797154238 0.725268574609439609
-0.053203438439010986 0.610132717793527846 0.725033820805687568
-0.050568915634579548 0.612469282403097948 0.724797256793223710
-0.047947322517955027 0.614735539745573933 0.724558883999321224
-0.042743680827421193 0.619065292672647538 0.724318703862166235
-0.040161928281558068 0.621132665180151644 0.724076717830849370
-0.035039081144650930 0.625081520617585928 0.723832927365356760
-0.032498117035461627 0.626966434468508749 0.723587333936561383
-0.029970840844536328 0.628793846283163482 0.723339939026213963
-0.024957372387803989 0.632282299827267913 0.723090744126934415
-0.022471143697661233 0.633946257682011738 0.722839750742202303
-0.017539481000482915 0.637120494428608075 0.722586960386348620
-0.015093915324453144 0.638633353265158021 0.722332374584545467
-0.010242885747113906 0.641516616186698307 0.722075994872797944
-0.007837213584172054 0.642889299269227665 0.721817822797934383
-0.003064951799986781 0.645502118748301879 0.721557859917596800
0.001656119639127263 0.647944829191062555 0.721296107800231900
0.003997838157657529 0.649104718624061605 0.721032568025081755
0.008644473706729716 0.651305864598919149 0.720767242182173473
0.010949748083686539 0.652348724743709973 0.720500131872310767
0.015525161697281464 0.654322748258468811 0.720231238707063071
0.017795704555369718 0.655255293864580812 0.719960564308756767
0.022303528988506349 0.657014640858498256 0.719688110310464868
0.026768519061100615 0.658636835717705704 0.719413878355997460
0.028985549882775963 0.659397809848193850 0.719137870099891496
0.033389957621821953 0.660821821049015101 0.718860087207401133
0.035577873156349582 0.661485674738904184 0.718580531354487628
0.039926553927101482 0.662718844398232920 0.718299204227808685
0.044241075985606948 0.663827872302630517 0.718016107524709124
0.046386344325874851 0.664336397521532063 0.717731242953210224
0.050654667030069989 0.665262221542360921 0.717444612231999179
0.054895950919847669 0.666066858696497288 0.717156217090419101
0.059113605837513461 0.666750104230722895 0.716866059268458589
0.061214754352501288 0.667045880682925363 0.716574140516741065
0.065404341409949440 0.667544488898242472 0.716280462596514012
0.069580979551124134 0.667916552463334590 0.715985027279638975
0.071666124087445160 0.668053789682237054 0.715687836348580131
0.075833947390167744 0.668226996011673124 0.715388891596394072
0.080004540779978983 0.668258622446618489 0.715088194826718926
0.084186529273155064 0.668138299182230222 0.714785747853762921
0.088390554900699081 0.667851969316379912 0.714481552502294504
0.090504880583815395 0.667640843554585528 0.714175610607630129
0.094768184871108496 0.667067746861568889 0.713867924015623934
0.099094559633942259 0.666267247067062307 0.713558494582656633
0.103510076443156740 0.665197097723723596 0.713247324175623976
0.108050308611107926 0.663797394431360877 0.712934414671925309
0.112765283823210716 0.661980913344962674 0.712619767959453143
0.115209838207216198 0.660877750854779400 0.712303385936580713
0.120334502470415661 0.658168108113727390 0.711985270512151103
0.125894991564961367 0.654554842648740420 0.711665423605465697
0.132120076360928596 0.649583017975057464 0.711343847146272412
0.139414561786419033 0.642399919783738893 0.711020543074754374
0.148565330443489324 0.631203417435943770 0.710695513341517593
0.161304846761998910 0.611429119611439420 0.710368759907580083
0.182023267581553211 0.567338523766734770 0.710040284744359096
0.211786086437864063 0.392527967943732070 0.709710089833660129
-0.394340724975248469 0.886969078943350087 0.709378177167664048
0.024351191028967323 0.798785303959999027 0.709044548748915870
0.079947540900313974 0.752117701264900074 0.708709206590312113
0.102204547469388896 0.731115385698406728 0.708372152715089243
0.115138626357857377 0.719116656739628102 0.708033389156810689
0.124202397014007038 0.711238432737083315 0.707692917959355072
0.131291335105553242 0.705568388622180631 0.707350741176904108
0.137234163787763597 0.701208461540410388 0.707006860873929721
0.142450015370096661 0.697682120759178348 0.706661279125181618
0.147173504758221663 0.694713333791799559 0.706313998015675182
0.151546197284601281 0.692131286127052769 0.705965019640678482
0.155658609277741666 0.689824675198858595 0.705614346105699508
0.159571354105729923 0.687717905235903482 0.705261979526474403
0.163326584772440053 0.685757851232333238 0.704907922028953582
0.166954556372204965 0.683906096963446730 0.704552175749289300
0.170477574445393520 0.682134177142121212 0.704194742833822995
0.173912468000472720 0.680420549907743588 0.703835625439072410
0.177272192417920027 0.678748607690918937 0.703474825731717712
0.180566899511196977 0.677105333542499688 0.703112345888589618
0.185404293739746373 0.674672082242372628 0.702748188096655402
0.188568510053760741 0.673059418014417710 0.702382354553006127
0.191689955824275921 0.671446937551088752 0.702014847464843106
0.194772658426171363 0.669829488141614582 0.701645669049464793
0.197819999161388649 0.668202735879507070 0.701274821534253578
0.200834842243359180 0.666562995152021220 0.700902307156661686
0.205301428588043677 0.664072215383960884 0.700528128164198294
0.208244995917850173 0.662387026753918251 0.700152286814415881
0.211163255624823992 0.660679404765091682 0.699774785374896457
0.214057689932941581 0.658947317499836593 0.699395626123237801
0.218357469093560991 0.656299347955457857 0.699014811347040133
0.221197692821461067 0.654498418878052268 0.698632343343891682
0.224018007068456981 0.652667245766293425 0.698248224421355368
0.226819254274146342 0.650804436251320784 0.697862456896954697
0.230986985701887859 0.647948038770050028 0.697475043098159664
0.233743652546850922 0.646000500457765137 0.697085985362372984
0.236483517816196920 0.644016943771850259 0.696695286036915662
0.240562863374134378 0.640971527037387911 0.696302947479013001
0.243262730112083631 0.638892857649168922 0.695908972055780284
0.245947252582044168 0.636774149134891609 0.695513362144208891
0.248616729045942675 0.634614265152190105 0.695116120131151316
0.252593270459031016 0.631294730964598316 0.694717248413307176
0.255226135283571964 0.629026877286857911 0.694316749397208888
0.259148546170157201 0.625539887070080791 0.693914625499206461
0.261745696167273334 0.623156644601534859 0.693510879145453840
0.264328667472510825 0.620725074295400692 0.693105512771893584
0.268176530118968470 0.616984262271527251 0.692698528824242432
0.270723969749938287 0.614426119574614460 0.692289929757976541
0.274518173001999766 0.610488989209544197 0.691879718038316605
0.277029446569817650 0.607795478546541368 0.691467896140213090
0.279525927108068006 0.605045168659147592 0.691054466548331137
0.283242342635814492 0.600809666747913029 0.690639431757035682
0.285700625611136183 0.597910166088748696 0.690222794270376361
0.289358117651036029 0.593442682310096004 0.689804556602072627
0.291775843897784326 0.590382768127827862 0.689384721275498102
0.295370241725794180 0.585665468844486892 0.688963290823665919
0.297744181260452989 0.582432523070827490 0.688540267789212845
0.301269909644180323 0.577445267010761487 0.688115654724384629
0.303595821119255871 0.574024972702820491 0.687689454191019900
0.307045656801144484 0.568744792599918947 0.687261668760535072
0.309318100554056286 0.565120736766191123 0.686832301013909019
0.312682848851889905 0.559521145082853000 0.686401353541667092
0.314894938172313621 0.555674274168038607 0.685968828943865794
0.318163000334313828 0.549724287611098261 0.685534729830076905
0.320306065931642348 0.545632123142680170 0.685099058819371831
0.323462848516892443 0.539294819288474558 0.684661818540305611
0.326544310812138860 0.532704122679958814 0.684223011630901601
0.328553054231239150 0.528160520275172685 0.683782640738634817
0.331491432181883594 0.521104897536483036 0.683340708520416507
0.333396289692434289 0.516230640881198966 0.682897217642577936
0.336164168975944089 0.508642824776785130 0.682452170780854406
0.338813063864412678 0.500693402497083828 0.682005570620368706
0.340505295832077504 0.495172803975443721 0.681557419855615576
0.342919329758032299 0.486522215311033901 0.681107721190444715
0.345163683180766734 0.477367632979897816 0.680656477338045240
0.346551380899200623 0.470939987134038507 0.680203691020928702
0.348441458884336863 0.460715725453581415 0.679749364970912762
0.350052533915259201 0.449616134780393528 0.679293501929105314
0.350930873716597591 0.441577356968523516 0.678836104645886729
0.351849513944780479 0.428152536538749962 0.678377175880894634
0.352031812842693970 0.412091736833922140 0.677916718403006269
0.351417681872303544 0.398709926394899050 0.677454734990322271
0.347705392575304639 0.369061188015062824 0.676991228430149805
0.324572696136973093 0.289582326954731739 0.676526201518985459
0.304168763503717243 0.715869451058323780 0.676059657062499042
0.365386897507913533 0.487684717553361291 0.675591597875515815
0.364472771606975499 0.424610312355393649 0.675122026782000395
0.362342637659038624 0.395298422988385190 0.674650946615038660
0.360097650689733706 0.373580092112939965 0.674178360216821981
0.358412331042706644 0.360664534808644965 0.673704270438628683
0.355451246475374516 0.342245470025497878 0.673228680140807945
0.351826568691149200 0.324215536742454513 0.672751592192761816
0.347391087395825193 0.306121831256581101 0.672273009472928451
0.341997338020868458 0.287711789549871477 0.671792934868764235
0.335487143096248552 0.268831846261779861 0.671311371276726909
0.330440681738234598 0.255934531902715756 0.670828321602257471
0.321666351057912581 0.236074548526223504 0.670343788759763304
0.311248039649623665 0.215565081180496554 0.669857775672599853
0.298928579980942521 0.194394901723315167 0.669370285273053756
0.284404156815995901 0.172581364568071771 0.668881320502324628
0.267309209834776351 0.150173708508480636 0.668390884310507527
0.247191156054814870 0.127258201392545262 0.667898979656575076
0.231817529044961834 0.111761019095820119 0.667405609508359698
0.205245599940191925 0.088310994837811185 0.666910776842535635
0.173441807843515289 0.064812185672862371 0.666414484644600846
0.134399361640764381 0.041555246728512109 0.665916735908859470
0.083391926720854798 0.019075414511367732 0.665417533638403169
0.003662189953637685 0.000375754665565343 0.664916880845093483
-0.225572344465068436 0.080721776091800035 0.664414780549543171
0.179561067493382409 0.122434253397157911 0.663911235781098785
0.040199303155839146 0.012106242017043887 0.663406249577821461
-0.045016050879821953 -0.007753548850315248 0.662899824986468933
-0.118727467824867150 -0.009409206788696015 0.662391965062477772
-0.189244649810648619 0.000751629760845723 0.661882672869943733
-0.257965876334628585 0.021939134783055966 0.661371951481604547
-0.324113243051943667 0.054217377952500478 0.660859803978820493
-0.385956422192396564 0.097485951175792646 0.660346233451555964
-0.441358621860038491 0.151106168837123134 0.659831242998361267
-0.488171266512057889 0.213759833601751104 0.659314835726353410
-0.524574643948810038 0.283472407050784359 0.658797014751197674
-0.549347907853080408 0.357776003850626800 0.658277783197088628
-0.562027123162502695 0.433970061201296942 0.657757144196731369
-0.562926858872663916 0.509415539740008638 0.657235100891322421
-0.553035320950050924 0.581794740721311654 0.656711656430531421
-0.533823967677371392 0.649287386748233608 0.656186813972481464
-0.496718505276571576 0.729599195968772207 0.655660576683730012
-0.462576174101135829 0.781781969953979194 0.655132947739250349
-0.424850224810569721 0.826931487374217955 0.654603930322411820
-0.384951256061825786 0.865292024553145911 0.654073527624961182
-0.344035656427056358 0.897325318040819719 0.653541742847002838
-0.303007825445658519 0.923616718135686021 0.653008579196979855
-0.262543747271996919 0.944803039522239096 0.652474039891654756
-0.223124812689205920 0.961521789852788134 0.651938128156089536
-0.172732144353560380 0.977903564332098574 0.651400847223626678
-0.136798969949489313 0.986464489051034343 0.650862200335869279
-0.102557484962042200 0.992366410069356997 0.650322190742662065
-0.070025616542704894 0.996024456286998650 0.649780821702071409
-0.039177633780950183 0.997796307847197195 0.649238096480365567
-0.000567780564558695 0.997745342652012979 0.648694018351995028
0.026598241985159088 0.996222958050602569 0.648148590599572971
0.052326075434696306 0.993659874219275041 0.647601816513855399
0.076708271137213624 0.990227543096948715 0.647053699393721038
0.099838222812943411 0.986068627992231717 0.646504242546151686
0.128888638217399043 0.979594321648910693 0.645953449286212344
0.149448698844665051 0.974164021971410277 0.645401322937030675
0.169049579925975912 0.968325416498652558 0.644847866829777683
0.187770282093031760 0.962138677674838405 0.644293084303647068
0.211489972149932648 0.953429607015661595 0.643736978705835461
0.228438430607878606 0.946599410957663423 0.643179553391521885
0.244737472782259824 0.939542790788320259 0.642620811723847774
0.265563029974373921 0.929811836503195543 0.642060757073896426
0.280575245208411372 0.922284922705431942 0.641499392820673031
0.295126092723017264 0.914565360347210810 0.640936722351083898
0.309265811722806094 0.906649561222723332 0.640372749059916258
0.327562314048397252 0.895772231056508828 0.639807476349817827
0.340927585043185766 0.887349758756862506 0.639240907631276056
0.354037303536679282 0.878673028806830847 0.638673046322597582
0.371197505536636330 0.866649273128989650 0.638103895849887803
0.383887327768292375 0.857232167543199197 0.637533459647030010
0.400656390266971363 0.844031042248744034 0.636961741155665062
0.413184697091448117 0.833545647234304576 0.636388743825169967
0.425730683361691176 0.822447328330424998 0.635814471112637336
0.442587218453518672 0.806463475089395532 0.635238926482855071
0.455409626684489588 0.793353996451783172 0.634662113408284490
0.468465613047710505 0.779014310213693828 0.634084035369040122
0.486372432555063794 0.757387199919806631 0.633504695852868616
0.500281785275699775 0.738651848972225911 0.632924098355127196
0.519597474044285801 0.708904663292760917 0.632342246378763129
0.534678327846356605 0.681501699947471562 0.631759143434292514
0.555232077975885363 0.634458135462005690 0.631174793039778748
0.569976551300281353 0.586859465437156058 0.630589198720811650
0.581398610145876571 0.521955665072696418 0.630002364010486038
0.576089153399097165 0.388374923789673310 0.629414292449380408
0.516402287617488409 0.229388297566051974 0.628824987585535511
0.155628868961753208 -0.005699664697373194 0.628234452974433477
-0.329428148938936460 0.233780621731356997 0.627642692178975614
-0.245859630956671071 0.843792464612012738 0.627049708769460978
-0.016621428870562838 0.970614200036813646 0.626455506323565503
0.174829057149986478 0.981453759611290444 0.625860088426319683
0.261153267227217267 0.963096922352368323 0.625263458670087813
0.337455474989695747 0.934310082362903360 0.624665620654545006
0.378252537467798911 0.913805725648945910 0.624066577986656545
0.420094613511244386 0.888959406057569845 0.623466334280656009
0.445449537821589359 0.872027559466176272 0.622864893158023070
0.474088908302769174 0.851244755847249790 0.622262258247461841
0.498762802316444542 0.831981337457624037 0.621658433184878789
0.515490757424002632 0.818230524153207517 0.621053421613361412
0.536152630141598197 0.800487501412629143 0.620447227183155481
0.550771515516349730 0.787422666733296084 0.619839853551643394
0.569482388080137847 0.770056473503459293 0.619231304383322301
0.583137054181682268 0.756894815341981664 0.618621583349781567
0.601087862526722527 0.738897006090477926 0.618010694129680793
0.618988412667386689 0.720053030625853241 0.617398640408728050
0.632522448648434210 0.705113401171043708 0.616785425879656679
0.650884901818760797 0.683708562696589195 0.616171054242203975
0.665002673805196509 0.666189804083158310 0.615555529203088425
0.684426314465798713 0.640206034923574197 0.614938854475987173
0.704643968746274552 0.610165471134980542 0.614321033781514036
0.720331504829806346 0.584012724935323746 0.613702070847196968
0.741732711184789228 0.542446315721298200 0.613081969407454963
0.762853117700461603 0.490028566411132904 0.612460733203576524
0.777146205823031511 0.440489435221757097 0.611838365983696564
0.789605315846074962 0.354572413102180628 0.611214871502773316
0.781678770571088033 0.236229251277341346 0.610590253522566684
0.743366929727263814 0.120735554204317475 0.609964515811614816
0.596940208385518423 -0.053858390908241627 0.609337662145211567
0.284987683292110938 -0.138291283330449211 0.608709696305383963
0.020241558252280238 -0.019882852482948316 0.608080622080868771
-0.125441270754352435 0.305726793610916481 0.607450443267090412
-0.051189402523969890 0.559865900331351085 0.606819163666137418
0.075545616592426978 0.686276632904439077 0.606186787086739787
0.161220839443756092 0.729949050402060151 0.605553317344246333
0.253881531268771554 0.753747887803938088 0.604918758260600598
0.325610339721474407 0.757817427125764720 0.604283113664319305
0.369097694223384898 0.754348911773699338 0.603646387390467831
0.417045210513999010 0.745101112063586424 0.603008583280637778
0.456577290962769999 0.732835098446224298 0.602369705182924098
0.490044476957205655 0.718756073401498163 0.601729756951901340
0.519075965365836112 0.703364578096553617 0.601088742448600111
0.538646032236602457 0.691034169003549859 0.600446665540484759
0.562500657071641541 0.673436199040345684 0.599803530101429061
0.584406371410187808 0.654175791766709702 0.599159340011693797
0.604882324343117617 0.632593914947388369 0.598514099157902213
0.619542016111225724 0.614229785306254272 0.597867811433017704
0.638369325865404735 0.585366883126960391 0.597220480736319392
0.656350038932449142 0.548462094797262156 0.596572110973379255
0.672518686745709249 0.496902802619503980 0.595922706056038476
0.681646478415982027 0.414966174375381913 0.595272269902383133
0.652316047550664857 0.258585385076276264 0.594620806436721661
0.476345200652097511 0.038088458618218968 0.593968319589560312
-0.282276132370147315 0.496646571440984841 0.593314813297580179
0.278205572840711235 0.938789269749121802 0.592660291503612213
0.500867570367959036 0.857242096065637615 0.592004758156615130
0.586521007897208291 0.790597084826159424 0.591348217211650096
0.632497780911367213 0.744294328837683539 0.590690672629857860
0.662825553370967824 0.709702640629122805 0.590032128378433995
0.680362503632358062 0.688428450800722569 0.589372588430605804
0.699722945010620268 0.664053527738986293 0.588712056765608116
0.716160662910710899 0.642739587805821411 0.588050537368658643
0.730691658514945108 0.623467297792113961 0.587388034230934886
0.743900200292861968 0.605590388960449921 0.586724551349549261
0.756145592888335494 0.588677686337369277 0.586060092727525461
0.767660752518280476 0.572428183585425132 0.585394662373774133
0.778603108852707448 0.556622844206638878 0.584728264303068901
0.789082636481592381 0.541095883673125777 0.584060902536021609
0.799178125370826664 0.525716884656055816 0.583392581099058893
0.808947040128087935 0.510379180973647206 0.582723304024396649
0.818431703301295443 0.494991984299731957 0.582053075350017379
0.825377744216214460 0.483370416537010628 0.581381899119644441
0.834434710388203715 0.467706687827916856 0.580709779382718061
0.843273505666500722 0.451784671671263238 0.580036720194371247
0.851905338976087001 0.435532742721463695 0.579362725615404806
0.860335986470830760 0.418876927555889012 0.578687799712263029
0.868565992708682511 0.401738009685524422 0.578011946557009382
0.876590436218232849 0.384028293873752924 0.577335170227301964
0.884398197460071867 0.365647717524080762 0.576657474806368309
0.891970577558551803 0.346478901774995851 0.575978864382981293
0.899278983150536781 0.326380564422502850 0.575299343051434375
0.906281172195692819 0.305178427447677258 0.574618914911516843
0.912915164714254268 0.282652261921607140 0.573937584068489048
0.919089193188027842 0.258516869615042499 0.573255354633057546
0.924664639876995986 0.232393311184212026 0.572572230721350661
0.929425968732279895 0.203763981038749376 0.571888216454893183
0.933025252037545161 0.171900039980127872 0.571203315960581826
0.934873976547577978 0.135739881612915947 0.570517533370660246
0.933917315448860363 0.093678015823976390 0.569830872822694068
0.928122792421320453 0.043187223172060030 0.569143338459545789
0.913198685706931079 -0.019855681146573434 0.568454934429350356
0.864868901229573828 -0.126862848997438771 0.567765664885489074
0.762210675656278980 -0.244796577187385234 0.567075533986565739
0.488653488968415317 -0.351493023573731633 0.566384545896380986
0.008201715953572469 -0.026700748353699583 0.565692704783906763
0.307698153053941936 0.585208789251381756 0.565000014823262009
0.711760389341549393 0.550181096577559314 0.564306480193686899
0.876930096188253350 0.406079662739363689 0.563612105079517756
0.950639272145576086 0.276122676590280836 0.562916893670161955
0.987462853994543144 0.150217465930554350 0.562220850160072394
0.996265936796628226 0.000106718320537491 0.561523978748722397
0.929653233819158320 -0.228466904482619859 0.560826283640580292
0.448990132506339734 -0.486943797905732167 0.560127769045084101
0.270689861823968259 0.435714903020887334 0.559428439176616110
0.658036169883769118 0.450404018412324469 0.558728298254477340
0.801709019537550693 0.358671341733628191 0.558027350502862229
0.866808631435088461 0.282522602020918945 0.557325600150833100
0.902119982683218025 0.221119950541968480 0.556623051432294513
0.923365686257117568 0.169213859793688137 0.555919708585968286
0.936776669611019797 0.123362946429886600 0.555215575855366850
0.945224033463320179 0.081456067163126866 0.554510657488768932
0.950965402053345454 0.032620819996270201 0.553804957739192694
0.952611249999524290 -0.004658526645801742 0.553098480864371078
0.952062100126549904 -0.040999405281196832 0.552391231126725279
0.949504238971093262 -0.076850453815365871 0.551683212793339983
0.944994711404373744 -0.112576517640418927 0.550974430135936832
0.938487669813007797 -0.148495355428747089 0.550264887430848670
0.927317552216064822 -0.194116919481623074 0.549554588958994228
0.915628722458045052 -0.231555729392630749 0.548843539005852032
0.901042387975611758 -0.270175854399855309 0.548131741861434318
0.882928676263335266 -0.310329872809024077 0.547419201820261936
0.860351712408084612 -0.352408975243522438 0.546705923181337261
0.823628871385219563 -0.408342730613121430 0.545991910248119217
0.784594159356036047 -0.456167014866968756 0.545277167328497070
0.732781298619564980 -0.506660190229449414 0.544561698734763899
0.661637795498354109 -0.558382416535582404 0.543845508783591502
0.560409227341431726 -0.605821517714870694 0.543128601796003752
0.367503057723812587 -0.630255615005485437 0.542410982097350503
0.152733463780551110 -0.556757149379029315 0.541692654017281949
-0.029901416893437449 -0.306331351913171401 0.540973621889721756
0.028937474557474637 0.049025706840474609 0.540253890052841745
0.367183313641186504 0.230477715409244555 0.539533462849035028
0.575155453430491792 0.174719103306528512 0.538812344624890471
0.686850740769860413 0.074829392179704579 0.538090539731165718
0.738997360347834920 -0.020776861108875222 0.537368052522761430
0.760469218746623987 -0.120535270944117479 0.536644887358695422
0.759142053779698234 -0.185784180021636547 0.535921048602074901
0.748588406385498395 -0.240826953531046106 0.535196540620071826
0.732186553404298834 -0.287830512092691115 0.534471367783895701
0.706248731202680835 -0.337697930779030875 0.533745534468767047
0.682419084162186218 -0.371841674018641211 0.533019045053891527
0.656527808777447097 -0.401711460661493103 0.532291903922433307
0.628970491495484452 -0.427838972338086543 0.531564115461488407
0.592594172107444472 -0.455791307252998823 0.530835684062058610
0.562194054469953519 -0.474687066601155339 0.530106614119024488
0.530814453781495055 -0.490675406276435966 0.529376910031119641
0.490427863576168355 -0.506717300619942690 0.528646576200903162
0.457352630961019357 -0.516457952790060792 0.527915617034733886
0.423742777548740679 -0.523469179433798337 0.527184036942743628
0.381194307981756131 -0.528385194193844665 0.526451840338810095
0.346911648335017808 -0.529212215139706177 0.525719031640530909
0.312591038442930458 -0.527242958875129952 0.524985615269196515
0.278413249810044894 -0.522439166508935626 0.524251595649763980
0.236194421723863457 -0.512389092720783257 0.523516977210829459
0.203087987258385422 -0.501069979913288277 0.522781764384602554
0.170835012871868752 -0.486807149183986598 0.522045961606878439
0.132119130089040498 -0.464819815736215280 0.521309573317012220
0.102774682419436908 -0.443910586816011254 0.520572603957891289
0.075211737088932168 -0.420084396001471128 0.519835057975908787
0.043768907818559522 -0.386297633111288397 0.519096939820936853
0.021452420981980858 -0.356190746847345641 0.518358253946300196
0.002058120795383700 -0.323510537841980805 0.517619004808748007
-0.017494750904101186 -0.279358440685621212 0.516879196868428425
-0.028915909636360121 -0.241726364365789398 0.516138834588860784
-0.037296385918403216 -0.192368587650464884 0.515397922436909073
-0.038850505696422351 -0.151553363492834020 0.514656464882754738
-0.035482363265430895 -0.110113807425572197 0.513914466399869707
-0.023960369273456267 -0.058355550608910373 0.513171931464990072
-0.008680769507129937 -0.017814969310996961 0.512428864558087671
0.012062493927699824 0.021139187659970360 0.511685270162344774
0.045572361145461135 0.066368333962027529 0.510941152764125550
0.078179667134752120 0.098763034449585826 0.510196516852949977
0.125543778010753448 0.133165388905822468 0.509451366921466198
0.168019505261445518 0.154871580465231085 0.508705707465423762
0.213769572341035025 0.170672107890603303 0.507959542983646317
0.274201972420088591 0.181305567379073218 0.507212877978004517
0.323920788752621924 0.182084054189252692 0.506465716953388712
0.373700080681064584 0.175827290357772004 0.505718064417682078
0.434356238155179930 0.158230562054673091 0.504969924881733090
0.480356201887270406 0.136687747674177767 0.504221302859328868
0.533154329520038495 0.101242460236625892 0.503472202867166985
0.570661336527352514 0.066883882660514871 0.502722629424828926
0.610618256680080407 0.017719932687043971 0.501972587054753117
0.636525911772586106 -0.025546350570611331 0.501222080282206495
0.656786531730013001 -0.071372883634194584 0.500471113635258535
0.674072560536649545 -0.130984708812421413 0.499719691644752828
0.681566229638023713 -0.179598100354617096 0.498967818844280431
0.683343614567178625 -0.240411928675513670 0.498215499770152170
0.679045330443374895 -0.288415269123935669 0.497462738961371664
0.670030495523926906 -0.335359029532636355 0.496709540959607176
0.652681217469843977 -0.392061099350715203 0.495955910309165471
0.634370243871442918 -0.435597991689781749 0.495201851556962724
0.606464555782319170 -0.487626347427022044 0.494447369252498770
0.580429699420384027 -0.527422429767407275 0.493692467947828284
0.543466077259985081 -0.575271693780955218 0.492937152197534589
0.510289730271745845 -0.612584027644393236 0.492181426558700674
0.463657096470007968 -0.659288145352078025 0.491425295590883215
0.420915052842307680 -0.698306325626977809 0.490668763856084045
0.370651997922399890 -0.741221409700188683 0.489911835918723060
0.287343870266917656 -0.806585493603954595 0.489154516345610635
0.181235683690704530 -0.876408439170160314 0.488396809705919865
-0.127289056748661200 -0.969203980674370857 0.487638720571159257
-0.671269845219467309 -0.562654032154510042 0.486880253515145078
0.030543758034393409 -0.016130532349995452 0.486121413113973777
0.211024024810256616 -0.230755520147896631 0.485362203945993942
0.220437826076227639 -0.369154648944929109 0.484602630591779604
0.196855009087494176 -0.424339528273763367 0.483842697634101593
0.159490309861725188 -0.461012137969906199 0.483082409657900780
0.128308517269568406 -0.475416540014363731 0.482321771250259546
0.089793988605580521 -0.481420812338107740 0.481560787000374912
0.059958185298537331 -0.479091742314186886 0.480799461499530345
0.024349461903922620 -0.469074997917407588 0.480037799341068050
-0.002503807749897308 -0.456140464463370809 0.479275805120361664
-0.027638289508242930 -0.439241908856381758 0.478513483434788112
-0.056198223736155017 -0.412894998888108378 0.477750838883700013
-0.076334350191757466 -0.387828673596722240 0.476987876068398153
-0.097414760753669838 -0.351719969642141139 0.476224599592103282
-0.110378335898511773 -0.319189039721312628 0.475461014059928577
-0.120701438897641192 -0.274315498104966693 0.474697124078852117
-0.123391771079952139 -0.235449168552838761 0.473932934257688454
-0.118504381589762425 -0.183995176291503915 0.473168449207061581
-0.106989352064544213 -0.141463734880764913 0.472403673539376345
-0.081801700955040482 -0.088368299454953447 0.471638611868791302
-0.052253077200230272 -0.047726387825816438 0.470873268811190182
-0.003085639798255922 -0.002248502256477013 0.470107648984154913
0.045743478717962041 0.027225694809553544 0.469341757006936922
0.117041266333344843 0.051622345619664597 0.468575597500429597
0.180021998316060472 0.058514133857667329 0.467809175087140594
0.261672326338112549 0.048592855505078733 0.467042494391163687
0.325109869551733155 0.024829225817684403 0.466275560038151071
0.395682048504219286 -0.024235082990632595 0.465508376655285161
0.449069467637097430 -0.092368085886351869 0.464740948871250947
0.473172526867505772 -0.157925316183780806 0.463973281316208130
0.465835018170647097 -0.249578849547570730 0.463205378621762642
0.393905017814483061 -0.321887550002270761 0.462437245420939558
0.001355354423426318 0.059241551221218797 0.461668886348154228
0.837891643782860740 -0.122512646341484677 0.460900306039185248
0.717026034182442373 -0.405554637570459175 0.460131509131145422
0.656855574461744141 -0.497534557761659779 0.459362500262455065
0.597439141982416433 -0.578708738854654015 0.458593284072812746
0.554015655469595636 -0.630416084292321988 0.457823865203168145
0.501467642810106140 -0.684126387032205852 0.457054248295693633
0.460111799497651131 -0.720215759854472060 0.456284437993756620
0.409097632712654091 -0.758252614941375191 0.455514438941891142
0.368887061479330813 -0.783838166462242247 0.454744255785770268
0.319501360122253109 -0.810636291599320491 0.453973893172177512
0.280777615446131279 -0.828461485452266166 0.453203355748979131
0.233430032763774331 -0.846829710584361850 0.452432648165096596
0.196427044569705833 -0.858771826912308134 0.451661775070477334
0.151275757967237579 -0.870688852764182508 0.450890741116067750
0.107331123255422878 -0.879659644419867437 0.450119550953784642
0.073017528021522227 -0.884956348220516054 0.449348209236487384
0.031133110371564465 -0.889477396590458991 0.448576720617949509
-0.001606646959695701 -0.891569180802613825 0.447805089752831120
-0.041626084305926792 -0.892450467202172693 0.447033321296650354
-0.072958151072205490 -0.891874512714649459 0.446261419905755630
-0.111322062119608489 -0.889669724330432565 0.445489390237297223
-0.141409494716766060 -0.886787873850392483 0.444717236949199513
-0.178310170334384899 -0.881862976995426484 0.443944964700132727
-0.207294366977328948 -0.876908443263514359 0.443172578149484575
-0.242889842287100977 -0.869491411784488522 0.442400081957332769
-0.270880529538105097 -0.862602660414242273 0.441627480784416215
-0.305285343058856573 -0.852819682956961755 0.440854779292107424
-0.339060367903613380 -0.841748338801403539 0.440081982142383921
-0.365634969742471561 -0.831967627572625545 0.439309093997800659
-0.398299206902254455 -0.818585506565542520 0.438536119521461376
-0.423984171856379488 -0.806949690458347191 0.437763063376990780
-0.455520761311289546 -0.791231155902809680 0.436989930228506185
-0.480280214505551695 -0.777706625081542202 0.436216724740589701
-0.510615644125612334 -0.759597104491655628 0.435443451578259699
-0.534367346723102044 -0.744132903950630920 0.434670115406943058
-0.563368899296050163 -0.723563251091005499 0.433896720892446575
-0.585982314582248920 -0.706102449386954656 0.433123272700929207
-0.613455879147606464 -0.683003268406506714 0.432349775498873712
-0.639973615473866553 -0.658473638966835972 0.431576233953058608
-0.660439455691835819 -0.637811486221499746 0.430802652730529700
-0.685002631580117205 -0.610680063419810959 0.430029036498572770
-0.703769871989710860 -0.587932140570905482 0.429255389924684039
-0.726025731700975951 -0.558201239901733981 0.428481717676543417
-0.742789018662586509 -0.533391576712347382 0.427708024421985300
-0.762328796649235474 -0.501124106117730173 0.426934314828971262
-0.776741330969145882 -0.474333245359155442 0.426160593565560908
-0.793110064315651009 -0.439672983358225189 0.425386865299884787
-0.807508511646014671 -0.403781956197545644 0.424613134700115247
-0.817506182704875961 -0.374246217435924011 0.423839406434439070
-0.827973840405911043 -0.336393984223925691 0.423065685171028827
-0.834630837243224066 -0.305450208806018586 0.422291975578014622
-0.840684115083746297 -0.266073906323793297 0.421518282323456672
-0.843627168842184694 -0.234126292312452189 0.420744610075315939
-0.844826472426819963 -0.193800700103827606 0.419970963501427319
-0.843733485828021657 -0.161364712331197535 0.419197347269470222
-0.839724478785819795 -0.120802104009959443 0.418423766046941481
-0.834359248623262717 -0.088499363322341706 0.417650224501126266
-0.824917382316176617 -0.048536090545137633 0.416876727299070882
-0.812422256638716256 -0.009303812989201521 0.416103279107553403
-0.800238724779642752 0.021354994449252318 0.415329884593057030
-0.782318415194381167 0.058514010753115409 0.414556548421740223
-0.765883658940253120 0.087119186768309598 0.413783275259410332
-0.742820352957056729 0.121220399624227315 0.413010069771493848
-0.722453053431004077 0.146995346961686035 0.412236936623009365
-0.694761234697208740 0.177099264177202897 0.411463880478538657
-0.670963636096602256 0.199330536009150433 0.410690906002199319
-0.639378333556435363 0.224610350142416676 0.409918017857616057
-0.606017966565243982 0.246915097595402561 0.409145220707892665
-0.578259335754150450 0.262504632367067170 0.408372519215583762
-0.542498210988681895 0.279065690759795149 0.407599918042667209
-0.513250832776348087 0.289917591294038046 0.406827421850515403
-0.476183807026821726 0.300443757373473508 0.406055035299867251
-0.446339999536798315 0.306426848009912878 0.405282763050800465
-0.409084182348534775 0.310881686885633335 0.404510609762702811
-0.379525396420715588 0.312066737883851364 0.403738580094244404
-0.343150097193774761 0.310657862858697342 0.402966678703349568
-0.314694181990304078 0.307300105259066370 0.402194910247168913
-0.280161114012043022 0.300447529685415105 0.401423279382050524
-0.253520557042723804 0.292954761365481875 0.400651790763512761
-0.221640365571224296 0.281244732598613822 0.399880449046215336
-0.191520076037765136 0.267133319811461434 0.399109258883932283
-0.168802654368372301 0.254268868998487441 0.398338224929522700
-0.142244038039656184 0.236417510174376816 0.397567351834903382
-0.122535744780574302 0.220869246568263511 0.396796644251020736
-0.099893266793943461 0.200051207682443916 0.396026106827822577
-0.083409923340320158 0.182438435792512593 0.395255744214229765
-0.064873747093002171 0.159419199872602918 0.394485561058108725
-0.051708210286069492 0.140341346550751311 0.393715562006243303
-0.037326843222742011 0.115847254277765127 0.392945751704306401
-0.027468966921376764 0.095863032893029054 0.392176134796831943
-0.017175509754533913 0.070560411965126801 0.391406715927187232
-0.010533529080476417 0.050175051457924946 0.390637499737544969
-0.004172149424913195 0.024658767268102847 0.389868490868854556
-0.000593212283787163 0.004318122445068203 0.389099693960814785
0.002056458444747918 -0.020892189861146784 0.388331113651845694
0.002768034756499425 -0.040802147532546157 0.387562754579060531
0.001969878105498549 -0.065260068596463119 0.386794621378237391
0.000037320245252284 -0.084409849365672932 0.386026718683791847
-0.003918413792731154 -0.107736082352202972 0.385259051128749030
-0.009497690935801648 -0.130291570348563812 0.384491623344714872
-0.015066478678974454 -0.147720078296388113 0.383724439961849018
-0.023329580708703238 -0.168665706894179701 0.382957505608836291
-0.030922875735840433 -0.184701708440693141 0.382190824912859439
-0.041564411374694271 -0.203784757041051590 0.381424402499570547
-0.050939850292566313 -0.218238306294928075 0.380658242993063167
-0.063660257294225905 -0.235232698269686513 0.379892351015845064
-0.074581347349430033 -0.247928766474391493 0.379126731188809796
-0.089089173115895579 -0.262618029055540603 0.378361388131208842
-0.101325925868198982 -0.273380989852624157 0.377596326460623632
-0.117336918227502404 -0.285535625766464463 0.376831550792938397
-0.130663472663976543 -0.294167642415749109 0.376067065742311524
-0.147894887358705984 -0.303511969627066724 0.375302875921148027
-0.162081975754491736 -0.309759694631120519 0.374538985940071401
-0.180237665750568543 -0.315918143748980529 0.373775400407896752
-0.195034142235533087 -0.319416172922173613 0.373012123931601880
-0.213768460049385045 -0.321817746859308140 0.372249161116299909
-0.228855936908019530 -0.321983444587301992 0.371486516565211977
-0.243929756940215986 -0.320380976250809690 0.370724194879638425
-0.262554573312032191 -0.315495570237866285 0.369962200658932039
-0.277052427688619263 -0.308850849705662844 0.369200538500469633
-0.294190307721375666 -0.296303956402719837 0.368439212999625065
-0.306517401331621031 -0.281994640222551107 0.367678228749740488
-0.318761624190873394 -0.257022727378043880 0.366917590342099198
-0.324001268476482751 -0.229455619058390736 0.366157302365898329
-0.319225823733526759 -0.181786033105293954 0.365397369408220485
-0.297178099452742484 -0.129782201329028180 0.364637796054006091
-0.218111062010573509 -0.048162708102457999 0.363878586886026256
-0.070371385644089984 0.002009313006529165 0.363119746484854844
0.226853168612752509 -0.129882074524461183 0.362361279428840721
0.292209521494220803 -0.465104837418738537 0.361603190294080168
0.057243922169906758 -0.722713899995902187 0.360845483654389343
-0.121953290949024074 -0.753520966704459005 0.360088164081276974
-0.241849539403750591 -0.733810647878975209 0.359331236143916044
-0.338108853005073540 -0.696014412031980001 0.358574704409116762
-0.391116673487684308 -0.667203876010226127 0.357818573441299359
-0.440891118265079207 -0.635715085311567840 0.357062847802465555
-0.472682908922670508 -0.613853119952104453 0.356307532052171694
-0.506156650333075886 -0.589795488920008992 0.355552630747501208
-0.529512106253213211 -0.572553053001617851 0.354798148443037253
-0.555714679864773520 -0.552852404885571413 0.354044089690834618
-0.574881588323989057 -0.538206686729215456 0.353290459040392801
-0.592807251497043386 -0.524303349309262701 0.352537261038628369
-0.613804135061529976 -0.507705893934911279 0.351784500229847863
-0.629663177031262178 -0.494892516358872769 0.351032181155719714
-0.648495325338156903 -0.479292157590882117 0.350280308355247205
-0.662865372046355317 -0.467051826939137493 0.349528886364741498
-0.680055788705972830 -0.451955067835911273 0.348777919717793483
-0.693244946506128779 -0.439985527490640349 0.348027412945247028
-0.705971221248430369 -0.428073560851965851 0.347277370575171052
-0.721269457182273088 -0.413222990650131294 0.346527797132833160
-0.733046862258152854 -0.401348052130935384 0.345778697140671221
-0.747220796490253525 -0.386484459940923841 0.345030075118266999
-0.758139020284361198 -0.374562549301308279 0.344281935582318011
-0.768695958539470925 -0.362602852577066648 0.343534283046611377
-0.781399247253241280 -0.347589608186510746 0.342787122021995572
-0.791177990744404203 -0.335522068066050450 0.342040457016353661
-0.802933663119503649 -0.320361023630895747 0.341294292534576271
-0.811971856708395112 -0.308168476237429045 0.340548633078533836
-0.820690646042238070 -0.295918252049232833 0.339803483147050112
-0.831147842167152429 -0.280524228200307091 0.339058847235874428
-0.839166319486047141 -0.268144720437827278 0.338314729837655315
-0.846880822225543506 -0.255709285283329035 0.337571135441912362
-0.856102642701678462 -0.240088763028324659 0.336828068535010128
-0.863147681706085912 -0.227533724106761925 0.336085533600130215
-0.871544342132113958 -0.211770307622344223 0.335343535117245406
-0.877938115797140650 -0.199106874945351064 0.334602077563091016
-0.884047828877382091 -0.186399436824073894 0.333861165411139194
-0.891290303590540511 -0.170457440991435616 0.333120803131571552
-0.896772262539706544 -0.157661133939108744 0.332380995191252027
-0.901980074898141693 -0.144829983793917372 0.331641746053699893
-0.908108705188033882 -0.128746478170297940 0.330903060179063069
-0.912710124470239248 -0.115847564907994582 0.330164942024091357
-0.917046532001790871 -0.102923241875409910 0.329427396042108855
-0.922098457993219434 -0.086736448977489500 0.328690426682987813
-0.925848335979703063 -0.073765312431281427 0.327954038393121539
-0.929341747622243974 -0.060777841318209624 0.327218235615397535
-0.933351692550060230 -0.044524556667995707 0.326483022789170574
-0.936277195325532108 -0.031509876134364956 0.325748404350236054
-0.938954236527572372 -0.018487125102859381 0.325014384730803463
-0.941954710662323613 -0.002200862560099326 0.324280968359469235
-0.944081208267113059 0.010831744846764080 0.323548159661190049
-0.945966652865986912 0.023865336800027726 0.322815963057256461
-0.947987729141819058 0.040155844804036833 0.322084382965266092
-0.949338507983188196 0.053184972090417337 0.321353423799096927
-0.950454895335168803 0.066209513175854884 0.320623089968880448
-0.951338754292611499 0.079228111621086839 0.319893385880975489
-0.952119254679861360 0.095491239490631985 0.319164315937941478
-0.952486182353356581 0.108492492764442172 0.318435884538511682
-0.952625862674945978 0.121484743496650172 0.317708096077566726
-0.952482923673320547 0.137711685226285963 0.316980954946108506
-0.952115953436949436 0.150682283542235562 0.316254465531233042
-0.951525480785469058 0.163643210070234912 0.315528632216104443
-0.950712258646741248 0.176594816409407274 0.314803459379928152
-0.949383269190167467 0.192772228195371875 0.314078951397925132
-0.948070402568460757 0.205705695976782843 0.313355112641304667
-0.946535535633505232 0.218633111214411646 0.312631947477238548
-0.944778265638645864 0.231556216521538905 0.311909460268834315
-0.942267721739783681 0.247707331758965033 0.311187655375109562
-0.940006628023844604 0.260629202258659154 0.310466537150965005
-0.937519086091224252 0.273555318169785178 0.309746109947158288
-0.934802815327156034 0.286489340768198042 0.309026378110278277
-0.931081372138434782 0.302674484442698899 0.308307345982718140
-0.927838872259283631 0.315642703111550849 0.307589017902649531
-0.924355627077533715 0.328634940805800080 0.306871398203996282
-0.920626152367455042 0.341657705955031421 0.306154491216408586
-0.916643897302144683 0.354718388887333314 0.305438301265236245
-0.911298610928299113 0.371110440649147832 0.304722832671503130
-0.906716918687753948 0.384288816432526714 0.304008089751880761
-0.901851503406114974 0.397536704535205732 0.303294076818662772
-0.896688921564674390 0.410866755230110514 0.302580798179738097
-0.891213270823061010 0.424293366500825664 0.301868258138565604
-0.883899418233701439 0.441237659214612998 0.301156460994148056
-0.877644988172872509 0.454945217586594897 0.300445411041005861
-0.871002091233622489 0.468811977689116421 0.299735112569151418
-0.863937232970333868 0.482863662847578312 0.299025569864063145
-0.856410009493819180 0.497130034906033802 0.298316787206659995
-0.846275033694642964 0.515318115566061996 0.297608768873274754
-0.837511124238505045 0.530202862493807547 0.296901519135629122
-0.828080508419426708 0.545437592003521710 0.296195042260807340
-0.817885486834026398 0.561080336699669613 0.295489342511231157
-0.806802600738843245 0.577199748455509365 0.294784424144633184
-0.794673848464067856 0.593877280164199384 0.294080291414031747
-0.781294122146557468 0.611209690999865218 0.293376948567705464
-0.762389811233958659 0.633972812035358158 0.292674399849167044
-0.745061216312851493 0.653229140927874097 0.291972649497137970
-0.725197613796491392 0.673587845235101401 0.291271701745522582
-0.702037099220046423 0.695223655633061766 0.290571560823383868
-0.674477353879400887 0.718302884023389487 0.289872230954915933
-0.640877601987135170 0.742921197424867730 0.289173716359419908
-0.598720792228507159 0.768941121922750770 0.288476021251277581
-0.544031064488044613 0.795569454755609917 0.287779149839927695
-0.470400001543604562 0.820233341327599397 0.287083106329838189
-0.335794944122770445 0.835940555613336023 0.286387894920482278
-0.177392038523125073 0.807146894474416232 0.285693519806313190
0.021895413609593017 0.674089546910340398 0.284999985176738024
0.147643908600802232 0.351096119169732046 0.284307295216093381
-0.029593812930443227 -0.026290800914245051 0.283615454103619102
-0.384253662070370261 -0.132260245052137515 0.282924466013434350
-0.627279652003261523 -0.034372309804435730 0.282234335114511015
-0.743092107167603100 0.096453441971762255 0.281545065570649733
-0.791169984943087545 0.206810814897507356 0.280856661540454244
-0.807598872242296650 0.292908186944162763 0.280169127177306077
-0.809094846125769762 0.360211165045834558 0.279482466629339732
-0.803248202212506257 0.414020191899964862 0.278796684039418097
-0.793626588881276129 0.458189796090938739 0.278111783545106850
-0.781978191882162665 0.495367841755207650 0.277427769278649428
-0.769189493625182297 0.527368048457468541 0.276744645366942488
-0.755719282908458911 0.555450152774493056 0.276062415931510929
-0.741804879304392983 0.580505829535997386 0.275381085088483135
-0.727564589620407820 0.603178710624897363 0.274700656948565658
-0.713050626849769942 0.623942050958190553 0.274021135617018741
-0.698277328969947320 0.643149660012140800 0.273342525193631669
-0.683236566714986004 0.661069872120883417 0.272664829772698014
-0.667906263874984307 0.677908601223648488 0.271988053442990652
-0.652255086658379279 0.693825241302203022 0.271312200287737060
-0.636244926081527384 0.708943781177878929 0.270637274384595228
-0.619832054920314235 0.723360646001401375 0.269963279805628786
-0.602967442163293676 0.737150242316657267 0.269290220617281972
-0.585596485452212656 0.750368841322276103 0.268618100880355593
-0.567658291923715308 0.763057209155384220 0.267946924649982543
-0.549084555969183263 0.775242237372159138 0.267276695975603384
-0.529798025373758530 0.786937711171270093 0.266607418900941251
-0.509710500590313309 0.798144257244980282 0.265939097463978480
-0.488720267185040913 0.808848420743927154 0.265271735696931188
-0.466708811722660988 0.819020716017224926 0.264605337626225900
-0.443536611181457374 0.828612358804793336 0.263939907272474572
-0.425297069722110066 0.835382141311679538 0.263275448650450827
-0.399674433336500656 0.843762710433964114 0.262611965769065092
-0.372348809600811292 0.851277562561440160 0.261949462631341390
-0.343038761279292059 0.857734119237411941 0.261287943234391862
-0.311397475490299835 0.862859644109331025 0.260627411569394229
-0.276994700062004828 0.866263669485299759 0.259967871621566038
-0.239294860138132892 0.867378285340773880 0.259309327370142229
-0.197633332245286897 0.865361089408174466 0.258651782788349882
-0.151198740650838326 0.858933765965159579 0.257995241843384959
-0.112674681233979945 0.850061311284706411 0.257339708496387765
-0.055588635159112276 0.830446341170034685 0.256685186702419799
0.008700962432865611 0.797638128139985803 0.256031680410439610
0.079765912589106813 0.744153411161856293 0.255379193563278428
0.153329229039978032 0.657978906440967570 0.254727730097616900
0.214349787787884022 0.522015916653179146 0.254077293943961557
0.229324547605903845 0.378141371929516745 0.253427889026620723
0.151923676666434471 0.144314044674384440 0.252779519263680752
-0.088838229031156082 -0.040895591882593840 0.252132188566982385
-0.410521973824019448 -0.035031266745780332 0.251485900842097765
-0.635356321513991462 0.141379699359944044 0.250840659988306292
-0.707447747911858382 0.301329521308852932 0.250196469898570972
-0.717916149168451256 0.484428353026477077 0.249553334459515330
-0.681234162689867140 0.619602831103527651 0.248911257551399867
-0.627977331279750417 0.715934169972375800 0.248270243048098749
-0.585289693329559491 0.769849251324023487 0.247630294817075935
-0.528993890368262387 0.824619812652156448 0.246991416719362256
-0.475089273812674795 0.865553277993355907 0.246353612609532258
-0.423977177806135974 0.896810092686954663 0.245716886335680784
-0.387368779321727308 0.915560288893815577 0.245081241739399380
-0.340563806471573305 0.935788465593775154 0.244446682655753811
-0.295684742591752425 0.951721461959060377 0.243813212913260191
-0.252358166093898162 0.964236381906008022 0.243180836333862671
-0.220685068077541291 0.971747643043884946 0.242549556732909621
-0.179327153944113582 0.979608420973543614 0.241919377919131262
-0.138754547953911123 0.985286338226131653 0.241290303694616182
-0.108724344028415354 0.988244025584844810 0.240662337854788411
-0.069090569160548621 0.990574722588726808 0.240035484188385162
-0.029806123667064199 0.991155246703785298 0.239409746477433349
0.009227705080399107 0.990049872153587085 0.238785128497226773
0.038383695879125546 0.988135876968590621 0.238161634016303414
0.077142433067909411 0.984148236893583661 0.237539266796423398
0.115800836223463322 0.978516997642035480 0.236918030592545070
0.144740193782155468 0.973205769423734601 0.236297929152803232
0.183255765216394473 0.964653485575577285 0.235678966218485830
0.212083703334274676 0.957118695331538483 0.235061145524012804
0.250423090187399666 0.945548486147708589 0.234444470796911636
0.288615845702947627 0.932199782989374892 0.233828945757796114
0.317134044326321862 0.920995996953900553 0.233214574120343354
0.354939595402314623 0.904434554357080644 0.232601359591271956
0.383089353295940793 0.890774294793919896 0.231989305870319185
0.420282028616464909 0.870878716953096710 0.231378416650218466
0.456998305379940684 0.849031404484544061 0.230768695616677788
0.484159771420065166 0.831349154326013418 0.230160146448356639
0.519782396904173605 0.806028605626995409 0.229552772816844636
0.545988038612307269 0.785724206643125367 0.228946578386638622
0.580143555840582525 0.756898727972949215 0.228341566815121244
0.613277490935857039 0.726079108207752011 0.227737741752538220
0.637373393103077279 0.701668687201931207 0.227135106841976964
0.668380316066479518 0.667421647656207595 0.226533665719343968
0.690715573526025972 0.640487506242988891 0.225933422013343488
0.719153106676806875 0.602958971580558001 0.225334379345455083
0.739395736408685167 0.573640974730269093 0.224736541329912165
0.764826130009841787 0.533058653075478062 0.224139911573680239
0.782655079868075032 0.501558470276792789 0.223544493676434614
0.804665201325874824 0.458231670204194308 0.222950291230539055
0.819785325882738336 0.424810570907303064 0.222357307821024419
0.838006143474534726 0.379124486532740335 0.221765547025566445
0.850162129674979505 0.344097023473697805 0.221175012414464467
0.864285899309655159 0.296501777664378574 0.220585707550619681
0.873273827247214141 0.260225851311473078 0.219997635989513968
0.880856152163938422 0.223532547410358384 0.219410801279188383
0.888742844722391623 0.174085624225076396 0.218825206960221313
0.892970243118459073 0.136705162014432446 0.218240856565707519
0.896338087892567970 0.086613863706280769 0.217657753621236849
0.897157427339043245 0.048955008468063832 0.217075901644872893
0.895977985276109834 -0.001235050847770147 0.216495304147131529
0.893399025471196429 -0.038765584683035592 0.215915964630959911
0.889381366947675223 -0.076119579471508658 0.215337886591715516
0.881816349501323815 -0.125528219247657558 0.214761073517145018
0.874514515086841415 -0.162198272609929917 0.214185528887362697
0.862657429420088384 -0.210450759867592374 0.213611256174830066
0.852212634283693538 -0.246077278003314082 0.213038258844334860
0.840474881067136859 -0.281153951871225938 0.212466540352969940
0.822877306245596074 -0.326968027566565123 0.211896104150112174
0.808270550289914569 -0.360541719683467154 0.211326953677402479
0.792503909699299847 -0.393383758719048293 0.210759092368723977
0.769755904430782456 -0.435951988462088713 0.210192523650182150
0.751462285895747373 -0.466904275697575977 0.209627250940083665
0.732167330578453956 -0.496975804860207759 0.209063277648916135
0.704972315979802699 -0.535635948309724053 0.208500607179326947
0.683543731135695887 -0.563510313096448945 0.207939242926103607
0.661290951632445223 -0.590390024033218608 0.207379188276152232
0.630434966857345236 -0.624636256282607660 0.206820446608478120
0.606477275018636797 -0.649096072780241506 0.206263021294164489
0.581884134128739294 -0.672484595632322768 0.205706915696352854
0.556713293248394470 -0.694786304873459937 0.205152133170222351
0.522353547993134715 -0.722810990160894340 0.204598677062969414
0.496059596019000404 -0.742535912208638016 0.204046550713787689
0.469380051509466323 -0.761147240798972335 0.203495757453848236
0.442371533854133470 -0.778644289556788549 0.202946300606278940
0.405944627620088205 -0.800245287410000117 0.202398183486144662
0.378383336525016434 -0.815157854842729179 0.201851409400427062
0.350674214792539907 -0.828976859490743734 0.201305981648004950
0.322868512081946668 -0.841714935081210869 0.200761903519634410
0.295015709662602599 -0.853387401669299162 0.200219178297928596
0.257887256040257640 -0.867324222015218638 0.199677809257337857
0.230105842174653907 -0.876583551951209072 0.199137799664130727
0.202427506245229316 -0.884845320384573975 0.198599152776373439
0.174892398159488593 -0.892134243871699706 0.198061871843910497
0.147538244052577538 -0.898476639507906460 0.197525960108345194
0.120400289097517266 -0.903900203187229301 0.196991420803020012
0.093511260619432157 -0.908433788156498445 0.196458257152997223
0.058098259573380051 -0.913145756633363836 0.195926472375038851
0.031903092343257833 -0.915719800957206065 0.195396069677588241
0.006047662752569682 -0.917505625087382537 0.194867052260749796
-0.019446198129281722 -0.918534631380966360 0.194339423316269994
-0.044559085147360511 -0.918838277046819085 0.193813186027518514
-0.069273961262735662 -0.918447890479173967 0.193288343569468529
-0.093576091951223850 -0.917394495503276897 0.192764899108677640
-0.117452974160495549 -0.915708642859013322 0.192242855803268775
-0.140894262097172318 -0.913420247729747281 0.191722216802911405
-0.163891692431202662 -0.910558431513617927 0.191202985248802360
-0.186439011494633211 -0.907151365340297611 0.190685164273646623
-0.208531907369146619 -0.903226111955585997 0.190168757001638655
-0.237278286409471406 -0.897230742229175204 0.189653766548444014
-0.258304577161490800 -0.892194148130772913 0.189140196021179541
-0.278875426913687496 -0.886719355441946355 0.188628048518395514
-0.298994437385476153 -0.880826505401331339 0.188117327130056300
-0.318667039892347292 -0.874533489477796966 0.187608034937522289
-0.337900571869180266 -0.867855582363034950 0.187100175013531100
-0.350483540380315151 -0.863195977124283087 0.186593750422178684
-0.369007235288860147 -0.855901852172521127 0.186088764218901248
-0.387122051038938653 -0.848246640323032652 0.185585219450456806
-0.404844207800317601 -0.840230528834310597 0.185083119154906633
-0.422193466927923144 -0.831846860018544243 0.184582466361596864
-0.439194082290651711 -0.823079939177635667 0.184083264091140619
-0.455876221681419502 -0.813901774128696465 0.183585515355399187
-0.472278123642632330 -0.804267084066170979 0.183089223157464454
-0.488449442030792436 -0.794105404126627112 0.182594390491640279
-0.504456578442550541 -0.783308109171525380 0.182101020343424957
-0.520391479029055803 -0.771706099131397427 0.181609115689492451
-0.536386753484898282 -0.759029269071659796 0.181118679497675406
-0.552642951550485817 -0.744827762310369845 0.180629714726946222
-0.563776121492183147 -0.734143233501454384 0.180142224327400208
-0.581283630692466247 -0.715296195362681853 0.179656211240236729
-0.600510207334116641 -0.690682668671834810 0.179171678397742395
-0.622975614808148670 -0.654024120217857274 0.178688628723273041
-0.651020849012796887 -0.584942992711976584 0.178207065131235742
-0.661779279517040964 -0.371677086472087359 0.177726990527071554
-0.071225397103913263 0.021001206738272181 0.177248407807238162
-0.334542481591257990 -0.941110840029294238 0.176771319859192089
-0.509876948149370679 -0.846321086228166930 0.176295729561371350
-0.564368246574202592 -0.798176865210715292 0.175821639783178052
-0.593976814788283569 -0.768503090463941052 0.175349053384961262
-0.608322902702002954 -0.753549052315504619 0.174877973217999694
-0.625731569191046444 -0.735109754949231586 0.174408402124484219
-0.640203749431892399 -0.719614264827105665 0.173940342937500991
-0.652854090576916235 -0.705950021765698876 0.173473798481014518
-0.660572160154592414 -0.697544890024394348 0.173008771569850284
-0.671339505217863231 -0.685705765706780990 0.172545265009677762
-0.681336211752287313 -0.674564574141311879 0.172083281596993737
-0.690714513354227955 -0.663949858850502395 0.171622824119105372
-0.696675512975103106 -0.657106860187419373 0.171163895354113277
-0.705237245089908482 -0.647128784275674995 0.170706498070894802
-0.713394776871634773 -0.637437591668552406 0.170250635029087161
-0.718631251171777174 -0.631111585695212751 0.169796308979071303
-0.726210126039649406 -0.621796110619528442 0.169343522661954737
-0.733484354450503306 -0.612661471523805123 0.168892278809555235
-0.738176967200580680 -0.606659517556350947 0.168442580144384513
-0.744996295468525527 -0.597772398000561922 0.167994429379631272
-0.751568398770791291 -0.589007784760968045 0.167547829219145628
-0.755820485049070068 -0.583224540215699694 0.167102782357422014
-0.762015366067805733 -0.574628070630589405 0.166659291479583554
-0.766028822806413490 -0.568943024768859940 0.166217359261365216
-0.771883330388456801 -0.560473637517954981 0.165776988369098488
-0.777549056379745807 -0.552060924854490653 0.165338181459694394
-0.781226589819227324 -0.546476256515180947 0.164900941180628258
-0.786600966600757512 -0.538122396995541874 0.164465270169923072
-0.790093498320781129 -0.532560438997582208 0.164031171056134129
-0.795203811887682743 -0.524212513854135032 0.163598646458332858
-0.798529131836051342 -0.518633120874530062 0.163167698986090987
-0.803401842209597317 -0.510220914406710691 0.162738331239465017
-0.806577670470391084 -0.504568567627680542 0.162310545808980133
-0.811239910933144515 -0.495991046148243075 0.161884345275615377
-0.814284992166300570 -0.490182809382574303 0.161459732210787160
-0.818766436887315541 -0.481283158955890134 0.161036709176334170
-0.821701984097433447 -0.475185313878483007 0.160615278724501848
-0.826037370447041064 -0.465699929735715612 0.160195443397927406
-0.828888969676796039 -0.459077671558698608 0.159777205729623673
-0.833121002263662369 -0.448519452100768823 0.159360568242964351
-0.835920003028997494 -0.440914108247664804 0.158945533451668869
-0.840097595177716538 -0.428263659215342374 0.158532103859786916
-0.842872360259641962 -0.418637538967607359 0.158120281961683429
-0.845632460636114636 -0.407590589746109622 0.157710070242023437
-0.849667346778889998 -0.386748925808223343 0.157301471175757601
-0.852101890882352775 -0.367970692678110334 0.156894487228106394
-0.853964668997047149 -0.324043505160567014 0.156489120854546221
-0.849818494931003032 -0.269828335714443368 0.156085374500793544
-0.818350996516388096 -0.153857129106036494 0.155683250602791229
0.135758971958746505 -0.407824817947998075 0.155282751586692802
-0.655214987860749609 -0.749719523310923286 0.154883879868848662
-0.781308026800292099 -0.617685508137598038 0.154486637855791142
-0.825524251092341288 -0.536955285571274810 0.154091027944219749
-0.837385714560886951 -0.508899239962999905 0.153697052520987060
-0.844941285222737481 -0.489272472887894827 0.153304713963084344
-0.852629924517485427 -0.468107629467669706 0.152914014637626994
-0.856486757562571865 -0.457199236455926861 0.152524956901840314
-0.859753884271296842 -0.447895005788778777 0.152137543103045308
-0.862617829599384156 -0.439733554615417299 0.151751775578644582
-0.866393192264090506 -0.429010767474293064 0.151367656656108324
-0.868659095622865030 -0.422606165957518265 0.150985188652959929
-0.870773533976349712 -0.416651882535069296 0.150604373876762149
-0.872764795526075998 -0.411061617503878984 0.150225214625103520
-0.875564229702741836 -0.403222156714761415 0.149847713185584097
-0.877326514416716829 -0.398292427159935458 0.149471871835801767
-0.879018031368549724 -0.393559285954919069 0.149097692843338375
-0.880646863630648258 -0.388995965664069243 0.148725178465746399
-0.882219470494640001 -0.384580937675041146 0.148354330950535129
-0.884484168518090863 -0.378198977950141124 0.147985152535156927
-0.885937185656743842 -0.374084613988303061 0.147617645446993906
-0.887348724438254077 -0.370069370626473604 0.147251811903344576
-0.888721593387593378 -0.366144011976765826 0.146887654111410415
-0.890058204274828069 -0.362300694967773729 0.146525174268282266
-0.891360649027530205 -0.358532709113110415 0.146164374560927651
-0.892630759098384297 -0.354834272556529995 0.145805257166176955
-0.894478785050672132 -0.349406231085722996 0.145447824250710761
-0.895674753399709589 -0.345861097649750981 0.145092077971046479
-0.896843331978661618 -0.342370536100145839 0.144738020473525603
-0.897985630859524653 -0.338931356163075570 0.144385653894300470
-0.899102661586423824 -0.335540720819538063 0.144034980359321579
-0.900195351053117876 -0.332196095127834823 0.143686001984324796
-0.901264552948878195 -0.328895203810092573 0.143338720874818359
-0.902311057236774849 -0.325635995869561490 0.142993139126070229
-0.903335598078400359 -0.322416614904704246 0.142649258823095815
-0.904338860471206596 -0.319235374129880733 0.142307082040644906
-0.905321485861380726 -0.316090735190848571 0.141966610843189456
-0.906284076906229696 -0.312981290179178639 0.141627847284910818
-0.907227201542061601 -0.309905746241259050 0.141290793409687837
-0.908151396463061866 -0.306862912425651335 0.140955451251084163
-0.909057170135747716 -0.303851688308948653 0.140621822832335985
-0.909945005394418804 -0.300871054221258927 0.140289910166339848
-0.910815361706686200 -0.297920062749662595 0.139959715255640799
-0.911668677154981011 -0.294997831343573158 0.139631240092419895
-0.912505370167548069 -0.292103535890778032 0.139304486658482385
-0.913325841050879550 -0.289236405077613778 0.138979456925245687
-0.913730113672163613 -0.287812798579376250 0.138656152853727538
-0.914526965590320984 -0.284985071983994143 0.138334576394534364
-0.915308525380308380 -0.282182781736268040 0.138014729487848986
-0.916075139640813108 -0.279405306099652251 0.137696614063419348
-0.916827141877383900 -0.276652058080518681 0.137380232040546862
-0.917564853324631446 -0.273922482587336868 0.137065585328074641
-0.918288583683803283 -0.271216053916580713 0.136752675824376058
-0.918645299748301669 -0.269871362841386686 0.136441505417343317
-0.919348615565081628 -0.267198727559041449 0.136132075984376016
-0.920038678334212712 -0.264548039296973236 0.135824389392369904
-0.920715762285840400 -0.261918859055768782 0.135518447497705474
-0.921380132698852106 -0.259310768837776595 0.135214252146237057
-0.921707630892334318 -0.258014507263579440 0.134911805173281107
-0.922353409918086231 -0.255437310911669380 0.134611108403605934
-0.922987102314226426 -0.252880242762479945 0.134312163651419847
-0.923608945352573985 -0.250342948355015305 0.134014972720361059
-0.923915495539438636 -0.249081609872355170 0.133719537403486022
-0.924519993815335672 -0.246573345742926164 0.133425859483258913
-0.925113205205436273 -0.244084036370308621 0.133133940731541361
-0.925695343214596456 -0.241613378884903696 0.132843782909580932
-0.925982324732914197 -0.240384953544088731 0.132555387768000910
-0.926548239614723990 -0.237941734403388727 0.132268757046789781
-0.927103588542223744 -0.235516465719538159 0.131983892475290826
-0.927377361320765314 -0.234310481159836270 0.131700795772191348
-0.927917221675984782 -0.231911654413363866 0.131419468645512461
-0.928446988886805213 -0.229530149057578237 0.131139912792598762
-0.928708144063426055 -0.228345818658707678 0.130862129900108481
-0.929223107911343771 -0.225989861401686531 0.130586121644002573
-0.929728420145494949 -0.223650661210283097 0.130311889689535138
-0.929977509744000952 -0.222487279327759191 0.130039435691243210
-0.930468659174018886 -0.220172825574189657 0.129768761292936907
-0.930710759516118147 -0.219021704779449211 0.129499868127689266
-0.931188110796321578 -0.216731557039106182 0.129232757817826449
-0.931423400718518368 -0.215592484321306510 0.128967431974918306
-0.931887304758747814 -0.213326230552473461 0.128703892199768077
-0.932342432485063322 -0.211075690518332082 0.128442140082403289
-0.932566751156887808 -0.209956261751639506 0.128182177202065650
-0.933008988025478825 -0.207728987982341795 0.127924005127202034
-0.933226941540535759 -0.206621104830761571 0.127667625415454483
-0.933656605462101941 -0.204416753906507653 0.127413039613651358
-0.933868349951145316 -0.203320250581589201 0.127160249257797620
-0.934285747715380532 -0.201138502440243228 0.126909255873065646
-0.934491433907375990 -0.200053224535318375 0.126660060973786071
-0.934695133273118706 -0.198971656008078313 0.126412666063438650
-0.935096635337259841 -0.196819585213315718 0.126167072634643274
-0.935294469499762915 -0.195749052953198777 0.125923282169150691
-0.935684381459752412 -0.193618922474192989 0.125681296137833798
-0.935876489705159464 -0.192559296441795758 0.125441116000678810
-0.936255085630015471 -0.190450855886079462 0.125202743206776296
-0.936441602799279238 -0.189402015616679076 0.124966179194312452
-0.936626285510935963 -0.188356745409328175 0.124731425390560466
-0.936990204880767452 -0.186276867292541060 0.124498483211871971
-0.937169469837129121 -0.185242236223647883 0.124267354063668414
-0.937346956937585851 -0.184211128888754461 0.124038039340432532
-0.937696652635605643 -0.182159442440362918 0.123810540425700069
-0.937868888431939385 -0.181138842564784130 0.123584858692051325
-0.938039400776251142 -0.180121724881257383 0.123360995501102993
-0.938375308093700955 -0.178097897652645942 0.123138952203499741
-0.938540729253320327 -0.177091169550518790 0.122918730138906251
-0.938704479337934772 -0.176087886520040260 0.122700330635999083
-0.939027017355753113 -0.174091621385001505 0.122483755012458659
-0.939185830542588085 -0.173098622749944142 0.122269004574961190
-0.939343023167342750 -0.172109036107869928 0.122056080619171087
-0.939498607583262535 -0.171122853786913998 0.121844984429732739
-0.939805000687517156 -0.169160672486299957 0.121635717280263234
-0.939955833568034249 -0.168184659252574309 0.121428280433344166
-0.940105106629971266 -0.167212021810445033 0.121222675140514505
-0.940252831725314042 -0.166242753541672117 0.121018902642262602
-0.940399020610261482 -0.165276848033144630 0.120816964168019139
-0.940686836314468700 -0.163355100585272306 0.120616860936149317
-0.940828486192401447 -0.162399246745593306 0.120418594153945749
-0.940968645980338025 -0.161446731858419124 0.120222165017621091
-0.941107326990756610 -0.160497550411469569 0.120027574712300855
-0.941244540454164502 -0.159551697047414065 0.119834824412016289
-0.941380297518004672 -0.158609166576928640 0.119643915279697144
-0.941514609250747925 -0.157669953957448150 0.119454848467164781
-0.941647486642513631 -0.156734054294561387 0.119267625115125314
-0.941908981981055993 -0.154872174973148646 0.119082246353162544
-0.942037621530871450 -0.153946186216498360 0.118898713299731174
-0.942164869948716510 -0.153023492210611567 0.118717027062150135
-0.942290737857123473 -0.152104088715693586 0.118537188736595883
-0.942415235808446217 -0.151187971614947514 0.118359199408095833
-0.942538374288137026 -0.150275136894915395 0.118183060150521657
-0.942660163714824639 -0.149365580649633900 0.118008772026582914
-0.942780614441779408 -0.148459299074437279 0.117836336087820667
-0.942899736759033824 -0.147556288454986584 0.117665753374601195
-0.943017540893633988 -0.146656545167300201 0.117497024916109374
-0.943134037009742965 -0.145760065683260998 0.117330151730342946
-0.943249235214101311 -0.144866846531772397 0.117165134824105996
-0.943363145551394222 -0.143976884338626876 0.117001975193003135
-0.943475778009340571 -0.143090175788235963 0.116840673821433358
-0.943587142518899746 -0.142206717628209967 0.116681231682584041
-0.943697248954086465 -0.141326506672168783 0.116523649738425272
-0.943806107134491423 -0.140449539782979249 0.116367928939703880
-0.943806107134491423 -0.140449539782979249 0.116214070225937813
-0.943913726825421184 -0.139575813874438737 0.116062074525410328
-0.944020117738517905 -0.138705325908948685 0.115911942755164490
-0.944125289533422674 -0.137838072886144081 0.115763675820997711
-0.944229251817681803 -0.136974051846280698 0.115617274617456051
-0.944332014148910215 -0.136113259854167001 0.115472740027829104
-0.944433586034215899 -0.135255694006019278 0.115330072924144461
-0.944433586034215899 -0.135255694006019278 0.115189274167162514
-0.944533976932116270 -0.134401351415321280 0.115050344606371285
-0.944633196251652651 -0.133550229221112149 0.114913285079981331
-0.944731253354551548 -0.132702324571959851 0.114778096414920497
-0.944828157555606452 -0.131857634623700204 0.114644779426829185
-0.944828157555606452 -0.131857634623700204 0.114513334920055415
-0.944923918123208195 -0.131016156536021222 0.114383763687649603
-0.945018544279041084 -0.130177887475630860 0.114256066511360263
-0.945112045200445006 -0.129342824596905825 0.114130244161628980
-0.945112045200445006 -0.129342824596905825 0.114006297397585929
-0.945204430019101149 -0.128510965053800774 0.113884226967045130
-0.945295707823013753 -0.127682305983099265 0.113764033606500142
-0.945385887656196466 -0.126856844507077460 0.113645718041119337
-0.945385887656196466 -0.126856844507077460 0.113529280984741868
-0.945474978518880516 -0.126034577732494268 0.113414723139873122
-0.945562989368826767 -0.125215502738151074 0.113302045197680529
-0.945562989368826767 -0.125215502738151074 0.113191247837989437
-0.945649929121474164 -0.124399616573874661 0.113082331729278909
-0.945735806649734334 -0.123586916261958002 0.112975297528677909
-0.945735806649734334 -0.123586916261958002 0.112870145881961009
-0.945820630784971694 -0.122777398787919101 0.112766877423544909
-0.945820630784971694 -0.122777398787919101 0.112665492776484119
-0.945904410317223165 -0.121971061097063238 0.112565992552467672
-0.945904410317223165 -0.121971061097063238 0.112468377351815099
-0.945987153994986452 -0.121167900099338643 0.112372647763472971
-0.946068870526577954 -0.120367912649461728 0.112278804365011281
-0.946068870526577954 -0.120367912649461728 0.112186847722619942
-0.946149568579106814 -0.119571095561744389 0.112096778391105545
-0.946149568579106814 -0.119571095561744389 0.112008596913887773
-0.946229256780187544 -0.118777445589801356 0.111922303822996186
-0.946229256780187544 -0.118777445589801356 0.111837899639067123
-0.946307943716080069 -0.117986959444421058 0.111755384871340541
-0.946307943716080069 -0.117986959444421058 0.111674760017656721
-0.946385637934494484 -0.117199633764298927 0.111596025564453569
-0.946385637934494484 -0.117199633764298927 0.111519181986763555
-0.946462347942844895 -0.116415465132506502 0.111444229748210735
-0.946462347942844895 -0.116415465132506502 0.111371169301008127
-0.946462347942844895 -0.116415465132506502 0.111300001085954892
-0.946538082209118614 -0.115634450066397110 0.111230725532433697
-0.946538082209118614 -0.115634450066397110 0.111163343058408165
-0.946612849161697412 -0.114856585016733570 0.111097854070420235
-0.946612849161697412 -0.114856585016733570 0.111034258963587817
-0.946612849161697412 -0.114856585016733570 0.110972558121602394
-0.946686657190010994 -0.114081866361761097 0.110912751916726629
-0.946686657190010994 -0.114081866361761097 0.110854840709792277
-0.946686657190010994 -0.114081866361761097 0.110798824850197819
-0.946759514644334832 -0.113310290405679692 0.110744704675906469
-0.946759514644334832 -0.113310290405679692 0.110692480513444172
-0.946759514644334832 -0.113310290405679692 0.110642152677897440
-0.946831429835745197 -0.112541853377607193 0.110593721472911730
-0.946831429835745197 -0.112541853377607193 0.110547187190689372
-0.946831429835745197 -0.112541853377607193 0.110502550111987896
-0.946831429835745197 -0.112541853377607193 0.110459810506118417
-0.946902411036329550 -0.111776551428218907 0.110418968630943887
-0.946902411036329550 -0.111776551428218907 0.110380024732877557
-0.946902411036329550 -0.111776551428218907 0.110342979046881562
-0.946902411036329550 -0.111776551428218907 0.110307831796465444
-0.946902411036329550 -0.111776551428218907 0.110274583193684828
-0.946972466479258035 -0.111014380626465070 0.110243233439140137
-0.946972466479258035 -0.111014380626465070 0.110213782721975392
-0.946972466479258035 -0.111014380626465070 0.110186231219877029
-0.946972466479258035 -0.111014380626465070 0.110160579099072869
-0.946972466479258035 -0.111014380626465070 0.110136826514331099
-0.946972466479258035 -0.111014380626465070 0.110114973608959388
-0.946972466479258035 -0.111014380626465070 0.110095020514803896
-0.947041604359306621 -0.110255336951840199 0.110076967352248589
-0.947041604359306621 -0.110255336951840199 0.110060814230214563
-0.947041604359306621 -0.110255336951840199 0.110046561246159164
-0.947041604359306621 -0.110255336951840199 0.110034208486075674
-0.947041604359306621 -0.110255336951840199 0.110023756024492547
-0.947041604359306621 -0.110255336951840199 0.110015203924473198
-0.947041604359306621 -0.110255336951840199 0.110008552237615381
-0.947041604359306621 -0.110255336951840199 0.110003801004051049
-0.947041604359306621 -0.110255336951840199 0.110000950252446050
-0.947041604359306621 -0.110255336951840199 0.110000000000000001
