0.282713634462867902 0.727295464140406023 0.739999999999999991
0.282713634462867902 0.727295464140406023 0.739999049747553928
0.282713634462867902 0.727295464140406023 0.739996198995948928
0.282713634462867902 0.727295464140406023 0.739991447762384680
0.282713634462867902 0.727295464140406023 0.739984796075526807
0.282713634462867902 0.727295464140406023 0.739976243975507431
0.285406079137808799 0.724438058317832034 0.739965791513924276
0.285406079137808799 0.724438058317832034 0.739953438753840897
0.285406079137808799 0.724438058317832034 0.739939185769785457
0.285406079137808799 0.724438058317832034 0.739923032647751389
0.285406079137808799 0.724438058317832034 0.739904979485196068
0.285406079137808799 0.724438058317832034 0.739885026391040590
0.285406079137808799 0.724438058317832034 0.739863173485668879
0.285406079137808799 0.724438058317832034 0.739839420900927136
0.285406079137808799 0.724438058317832034 0.739813768780122949
0.288112735378242835 0.721499312805916171 0.739786217278024627
0.288112735378242835 0.721499312805916171 0.739756766560859869
0.288112735378242835 0.721499312805916171 0.739725416806315206
0.288112735378242835 0.721499312805916171 0.739692168203534561
0.290834869753396452 0.718473495918989791 0.739657020953118471
0.290834869753396452 0.718473495918989791 0.739619975267122420
0.290834869753396452 0.718473495918989791 0.739581031369056063
0.290834869753396452 0.718473495918989791 0.739540189493881561
0.293573811128345130 0.715354308146339157 0.739497449888012137
0.293573811128345130 0.715354308146339157 0.739452812809310633
0.293573811128345130 0.715354308146339157 0.739406278527088290
0.293573811128345130 0.715354308146339157 0.739357847322102524
0.296330952534851977 0.712134811847396465 0.739307519486555820
0.296330952534851977 0.712134811847396465 0.739255295324093509
0.296330952534851977 0.712134811847396465 0.739201175149802103
0.299107752270970473 0.708807350334359487 0.739145159290207743
0.299107752270970473 0.708807350334359487 0.739087248083273307
0.301905733920687869 0.705363454419796865 0.739027441878397529
0.301905733920687869 0.705363454419796865 0.738965741036412216
0.301905733920687869 0.705363454419796865 0.738902145929579812
0.304726484849194179 0.701793734147640347 0.738836656941591730
0.304726484849194179 0.701793734147640347 0.738769274467566239
0.307571652631646486 0.698087752894807290 0.738699998914045142
0.307571652631646486 0.698087752894807290 0.738628830698991878
0.310442938636824095 0.694233880444203533 0.738555770251789201
0.310442938636824095 0.694233880444203533 0.738480818013236395
0.313342087746661724 0.690219120869524305 0.738403974435546395
0.313342087746661724 0.690219120869524305 0.738325239982343340
0.316270872847861928 0.686028910091300181 0.738244615128659576
0.316270872847861928 0.686028910091300181 0.738162100360932882
0.319231072241579927 0.681646876778489563 0.738077696177003806
0.319231072241579927 0.681646876778489563 0.737991403086112219
0.322224437479496029 0.677054558700772580 0.737903221608894433
0.322224437479496029 0.677054558700772580 0.737813152277379980
0.325252648222330520 0.672231064718775695 0.737721195634988725
0.328317249487466822 0.667152670037725826 0.737627352236526979
0.328317249487466822 0.667152670037725826 0.737531622648184837
0.331419564931272836 0.661792329111059785 0.737434007447532291
0.334560577367492007 0.656119086358243786 0.737334507223515900
0.334560577367492007 0.656119086358243786 0.737233122576455124
0.337740764308895769 0.650097359314484757 0.737129854118038996
0.340959871388559210 0.643686061591343339 0.737024702471322124
0.340959871388559210 0.643686061591343339 0.736917668270721027
0.344216599484573005 0.636837523344366607 0.736808752162010583
0.347508171067866745 0.629496154158357690 0.736697954802319477
0.347508171067866745 0.629496154158357690 0.736585276860126870
0.350829726138440212 0.621596776106748017 0.736470719015258179
0.354173475645666369 0.613062531581382242 0.736354281958880641
0.357527506347919299 0.603802239247958283 0.736235966393499863
0.360874079326914399 0.593707029194960656 0.736115773032954834
0.360874079326914399 0.593707029194960656 0.735993702602414035
0.364187184341558667 0.582646030916042612 0.735869755838370998
0.367428986607408303 0.570460810430723497 0.735743933488639756
0.370544602280884372 0.556958149885865672 0.735616236312350402
0.373454314519431785 0.541900629629894492 0.735486665079944646
0.373454314519431785 0.541900629629894492 0.735355220573170709
0.376041807429667085 0.524994309777292778 0.735221903585079439
0.378136099354842270 0.505872635742827814 0.735086714920018758
0.379483330273322816 0.484075581464321503 0.734949655393628665
0.379701916075426582 0.459023207349501194 0.734810725832837464
0.378209956729856911 0.429983816050229617 0.734669927075855544
0.374105653466354937 0.396040231936666098 0.734527259972170943
0.365967378934692555 0.356067268296021033 0.734382725382543899
0.351516823106825360 0.308759092853350459 0.734236324179002309
0.327056486729231988 0.252811958709867168 0.734088057244835501
0.286575771346065933 0.187535146067003805 0.733937925474589692
0.220550302825668676 0.114548277930637293 0.733785929774062096
0.115254109939527991 0.041905750171752396 0.733632071060296154
-0.043746878291533585 -0.007922544848759001 0.733476350261574761
-0.254890355575389360 0.009319242104273068 0.733318768317415937
-0.469054258341183083 0.141557532094686023 0.733159326178566717
-0.594651690156206114 0.376751400894094757 0.732998024806996828
-0.587101668153037437 0.623754810021799888 0.732834865175894024
-0.490826239472421155 0.805417461986892902 0.732669848269657087
-0.369217117378416448 0.911166871640874509 0.732502975083890617
-0.256606580265255901 0.963049482768313814 0.732334246625398921
-0.162944157345743579 0.983431700224018712 0.732163663912179352
-0.087783898814435601 0.986917511819482396 0.731991227973417091
-0.027839555013069728 0.981790162701374758 0.731816939849478376
0.059370419081439252 0.961475214359231667 0.731640800591904172
0.091547974476367422 0.949901687757400803 0.731462811263404067
0.118399512215448421 0.938440559601102509 0.731282972937849940
0.141100325441322394 0.927409803013093725 0.731101286700268749
0.160527177626506812 0.916952626474124899 0.730917753646837420
0.177340258447289956 0.907118120672493866 0.730732374884874636
0.205020280163584645 0.889288155972635774 0.730545151532835280
0.216576177623909905 0.881227923904512433 0.730356084720302889
0.226947745000690981 0.873681850548913452 0.730165175587983772
0.236324462574565131 0.866606624110090151 0.729972425287699123
0.252674908976435852 0.853704986280001465 0.729777834982378915
0.259874374704772926 0.847803924122599306 0.729581405846054243
0.266541520159498280 0.842224858764473616 0.729383139063850661
0.278549565582413561 0.831917323764497674 0.729183035831980852
0.284000514137585869 0.827137876282773465 0.728981097357737307
0.289143243087282620 0.822577882056654053 0.728777324859485542
0.294015828467341367 0.818217223444309805 0.728571719566655895
0.303082530638099701 0.810020965210649257 0.728364282719736744
0.307335814233737792 0.806151566153983756 0.728155015570267294
0.315422137050489881 0.798788933307536531 0.727943919380828919
0.319314419076472622 0.795261601834522880 0.727730995425038829
0.323153279922468673 0.791810557202810572 0.727516244987541416
0.330886458923903948 0.785022242890923927 0.727299669364000922
0.334967334482922929 0.781588518909624219 0.727081269861093782
0.344802066153465148 0.774005201467074411 0.726861047796500293
0.352373505701718104 0.768903063488253768 0.726639004498896957
0.368001423396615124 0.759394777371692919 0.726415141307948709
0.304322513749257006 0.784899904681766625 0.726189459574299923
0.329014442541651742 0.774214158320734036 0.725961960659567529
0.343357200774318638 0.765535913077371566 0.725732645936331688
0.347463670131185065 0.762492903076946282 0.725501516788128020
0.353932840433906271 0.757233130161131252 0.725268574609439609
0.356708520782182403 0.754839445530891995 0.725033820805687568
0.361750662070396189 0.750342851077179906 0.724797256793223710
0.366343529679921343 0.746126792192134625 0.724558883999321224
0.368519201436063482 0.744100619541457453 0.724318703862166235
0.372682656008942959 0.740184013820417097 0.724076717830849370
0.374684662926344947 0.738285713323613479 0.723832927365356760
0.378554566901920908 0.734594287659695255 0.723587333936561383
0.380429950878124923 0.732796519092857590 0.723339939026213963
0.384076061170490202 0.729287405288616575 0.723090744126934415
0.387597450929535237 0.725883260094844829 0.722839750742202303
0.389315924787274281 0.724217257091207323 0.722586960386348620
0.392675806739033684 0.720951791665526587 0.722332374584545467
0.395941101382662086 0.717768588582982314 0.722075994872797944
0.397540926719379684 0.716205674585263852 0.721817822797934383
0.400679463224581867 0.713133403085495110 0.721557859917596800
0.403741750159850699 0.710127999665860599 0.721296107800231900
0.405246051466599755 0.708648821495533099 0.721032568025081755
0.408204059911906780 0.705734711474236498 0.720767242182173473
0.411098275145865943 0.702876207941694808 0.720500131872310767
0.413932639190917773 0.700069603118545936 0.720231238707063071
0.415328485890453902 0.698684703103135463 0.719960564308756767
0.418079516526712602 0.695949762185285925 0.719688110310464868
0.420778766412076011 0.693258909905809406 0.719413878355997460
0.423428908170541907 0.690609495199615342 0.719137870099891496
0.426032363832036132 0.687999088138050885 0.718860087207401133
0.427317281122681081 0.686707807155898076 0.718580531354487628
0.429854781953946719 0.684151776594227545 0.718299204227808685
0.432350761970334729 0.681629486006075647 0.718016107524709124
0.434806995849308431 0.679139099215402275 0.717731242953210224
0.437225120837111625 0.676678910547658385 0.717444612231999179
0.439606652213126337 0.674247331491924284 0.717156217090419101
0.440784138782749135 0.673041803283392914 0.716866059268458589
0.443113386342622317 0.670650388019033317 0.716574140516741065
0.445409377685594410 0.668284050258268314 0.716280462596514012
0.447673294615358763 0.665941528098532243 0.715985027279638975
0.449906244237252895 0.663621633927146348 0.715687836348580131
0.452109266060527815 0.661323247637496503 0.715388891596394072
0.454283338242192303 0.659045310566679698 0.715088194826718926
0.456429383100278807 0.656786820060233145 0.714785747853762921
0.458548271991903511 0.654546824591050624 0.714481552502294504
0.460640829652099626 0.652324419354624929 0.714175610607630129
0.462707838049236098 0.650118742295946239 0.713867924015623934
0.464750039835231554 0.647928970504560664 0.713558494582656633
0.466768141426396110 0.645754316947210416 0.713247324175623976
0.468762815769747543 0.643594027493304077 0.712934414671925309
0.470734704828046135 0.641447378199771157 0.712619767959453143
0.472684421815539602 0.639313672832122148 0.712303385936580713
0.474612553225812528 0.637192240583008163 0.711985270512151103
0.476519660645574272 0.635082433991464246 0.711665423605465697
0.478406282413830319 0.632983627012584593 0.711343847146272412
0.480272935119546163 0.630895213238912844 0.711020543074754374
0.483036552348028281 0.627780797224187559 0.710695513341517593
0.484855411674354420 0.625715827772434174 0.710368759907580083
0.486655957268300354 0.623659261014756661 0.710040284744359096
0.488438623004931183 0.621610560128340150 0.709710089833660129
0.490203827128617764 0.619569200161113831 0.709378177167664048
0.491951973081257043 0.617534666883597039 0.709044548748915870
0.493683450243748323 0.615506455719173617 0.708709206590312113
0.496250231009222720 0.612474910171029063 0.708372152715089243
0.497941653486042024 0.610460351003563328 0.708033389156810689
0.499617668659569469 0.608450409580170493 0.707692917959355072
0.501278610324577878 0.606444612728772037 0.707350741176904108
0.503742463353819336 0.603442664390612338 0.707006860873929721
0.505367110832011912 0.601445186499467210 0.706661279125181618
0.506977769604749717 0.599450227294879068 0.706313998015675182
0.508574727321609021 0.597457327509865022 0.705965019640678482
0.510945080803942409 0.594470836553602222 0.705614346105699508
0.512508983916552197 0.592481079802692046 0.705261979526474403
0.514060121174952145 0.590491776682220637 0.704907922028953582
0.515598740340974526 0.588502465541082431 0.704552175749289300
0.517883719347197014 0.585517466864626690 0.704194742833822995
0.519392073412865196 0.583526095539537715 0.703835625439072410
0.520888712521295982 0.581533072738734003 0.703474825731717712
0.523112166746836915 0.578539387521384008 0.703112345888589618
0.524580428107903063 0.576540115268237452 0.702748188096655402
0.526762239688358891 0.573534731957766719 0.702382354553006127
0.528203327704578895 0.571526078266485715 0.702014847464843106
0.529633857240714656 0.569512759202961627 0.701645669049464793
0.531760216208372549 0.566482846919752925 0.701274821534253578
0.533165060735650620 0.564455467685895385 0.700902307156661686
0.535253603577061088 0.561401791493439495 0.700528128164198294
0.536633683441203102 0.559356720887794534 0.700152286814415881
0.538004087720492130 0.557303486958789174 0.699774785374896457
0.540041811394881055 0.554206884876077499 0.699395626123237801
0.541388530813531221 0.552130305960769285 0.699014811347040133
0.543391210189160700 0.548995338024074631 0.698632343343891682
0.544714855982112223 0.546890822353498729 0.698248224421355368
0.546683299659619371 0.543710158179204761 0.697862456896954697
0.547984334904972892 0.541572480825977420 0.697475043098159664
0.549919115519355017 0.538337688019332239 0.697085985362372984
0.551197834959343047 0.536160768773293772 0.696695286036915662
0.553099252162715049 0.532861909463569372 0.696302947479013001
0.554980661496742078 0.529518995301897943 0.695908972055780284
0.556223776682401971 0.527263508399499536 0.695513362144208891
0.558071583956503248 0.523835856473371053 0.695116120131151316
0.559292096126148941 0.521518416802398077 0.694717248413307176
0.561105544885157959 0.517988371511025059 0.694316749397208888
0.562897742405247259 0.514386016462437312 0.693914625499206461
0.564080392771830419 0.511939247762685623 0.693510879145453840
0.565835462707258707 0.508192065047262553 0.693105512771893584
0.566992389193462287 0.505636004910465786 0.692698528824242432
0.568706943516881336 0.501700898779207649 0.692289929757976541
0.570394614116551901 0.497622397537563821 0.691879718038316605
0.571503389055827760 0.494807595327326877 0.691467896140213090
0.573139050732304423 0.490408068767373861 0.691054466548331137
0.574736382991013706 0.485737268521405308 0.690639431757035682
0.575775559758438860 0.482425370043839841 0.690222794270376361
0.577284822802776265 0.477047270846751192 0.689804556602072627
0.578710940576413702 0.470942693980190175 0.689384721275498102
0.579998994001757029 0.463606865548170377 0.688963290823665919
0.580718322725173985 0.457506334378889212 0.688540267789212845
0.581306230066541474 0.444486281634973779 0.688115654724384629
0.579617016531198126 0.417301820034003845 0.687689454191019900
0.514190750513567996 0.232522625317417492 0.687261668760535072
0.569775430070409206 0.626249595730371089 0.686832301013909019
0.589579397839859465 0.505963718738405066 0.686401353541667092
0.591360611723027674 0.481601574012402889 0.685968828943865794
0.592639803099364038 0.468781900610475644 0.685534729830076905
0.593848675860043085 0.459549895271331610 0.685099058819371831
0.595023255672642692 0.451829614441310978 0.684661818540305611
0.595786015761665899 0.447113296322948828 0.684223011630901601
0.596893601687559228 0.440384185548764573 0.683782640738634817
0.597949234476257252 0.433867014025042574 0.683340708520416507
0.598943598390998533 0.427419550973834772 0.682897217642577936
0.599866971342949973 0.420948852505501792 0.682452170780854406
0.600708877549193776 0.414388096488797486 0.682005570620368706
0.601457713831520691 0.407684798639389612 0.681557419855615576
0.602100362661249111 0.400794289394997061 0.681107721190444715
0.602621772263808086 0.393675806988385668 0.680656477338045240
0.603004477372845016 0.386289961001318571 0.680203691020928702
0.603172601353814342 0.381197927405396597 0.679749364970912762
0.603276913637526890 0.373277143647079701 0.679293501929105314
0.603179417844015742 0.364978164448836573 0.678836104645886729
0.602847859606270964 0.356253677042565442 0.678377175880894634
0.602243500765063056 0.347051468687001652 0.677916718403006269
0.601319503872492334 0.337313258966652707 0.677454734990322271
0.600018846080069057 0.326973436571857290 0.676991228430149805
0.598271600472640830 0.315957664872476673 0.676526201518985459
0.595991360287288385 0.304181334990172414 0.676059657062499042
0.593070491544475886 0.291547867680260864 0.675591597875515815
0.587940736252403728 0.273176968191548186 0.675122026782000395
0.582935003427900056 0.258087195874986297 0.674650946615038660
0.576676149554982698 0.241709316960079496 0.674178360216821981
0.568854516710690095 0.223876630410650757 0.673704270438628683
0.559064238329671892 0.204406775554254794 0.673228680140807945
0.546767716257549163 0.183108591093159606 0.672751592192761816
0.531245542536824100 0.159798353286388445 0.672273009472928451
0.511526101257994026 0.134334089375171356 0.671792934868764235
0.486288038948379908 0.106684387121216445 0.671311371276726909
0.453730264976527020 0.077062533730147903 0.670828321602257471
0.394608203709676308 0.035860791074185300 0.670343788759763304
0.334133467124573369 0.006221289967406729 0.669857775672599853
0.255266966763681324 -0.017644713193869274 0.669370285273053756
0.154118366960669939 -0.027498589855303394 0.668881320502324628
0.029926992459139608 -0.009547194184487068 0.668390884310507527
-0.108819747034984510 0.055226139571910929 0.667898979656575076
-0.269797123035331543 0.240329653130996329 0.667405609508359698
-0.319665800977133152 0.440017895515068203 0.666910776842535635
-0.282361516576328297 0.642632516055679615 0.666414484644600846
-0.176805748002547475 0.800327030060447253 0.665916735908859470
0.001245005648664477 0.914457310490667363 0.665417533638403169
0.125299550493576439 0.942993343393062400 0.664916880845093483
0.229044708232803262 0.942430051977641847 0.664414780549543171
0.312166255845756857 0.926258482033430641 0.663911235781098785
0.396415121185109021 0.894266654293443986 0.663406249577821461
0.444352358705108863 0.867961023397510689 0.662899824986468933
0.482601768096903028 0.841981433952706526 0.662391965062477772
0.513479846071402291 0.817245588449385219 0.661882672869943733
0.546126536781769811 0.786802323931926173 0.661371951481604547
0.565822369593292240 0.765959317580181986 0.660859803978820493
0.582412313890806610 0.746747630669290396 0.660346233451555964
0.600812973307699005 0.723455377117111276 0.659831242998361267
0.612442531441098725 0.707549082868474843 0.659314835726353410
0.625720290145307834 0.688167105810890689 0.658797014751197674
0.634344556270448279 0.674839502487758147 0.658277783197088628
0.642047316061181372 0.662424605076774253 0.657757144196731369
0.651147401793924496 0.647123503153951285 0.657235100891322421
0.657249960127768373 0.636476784586445299 0.656711656430531421
0.662838730724146341 0.626458626921167494 0.656186813972481464
0.669620440089782165 0.613968893673404681 0.655660576683730012
0.674282619107485881 0.605180648575496916 0.655132947739250349
0.680025704446394097 0.594144169469846384 0.654603930322411820
0.684029059501411463 0.586324112697262034 0.654073527624961182
0.689022554431003131 0.576438907943264911 0.653541742847002838
0.692543598206589062 0.569390699463223515 0.653008579196979855
0.696981064245114412 0.560428840033772691 0.652474039891654756
0.700139802050031901 0.554003286839146014 0.651938128156089536
0.704154670352769352 0.545790363704583892 0.651400847223626678
0.707034934174932905 0.539872473127485986 0.650862200335869279
0.710721567846797408 0.532273072102810829 0.650322190742662065
0.713383351112101938 0.526772889834654978 0.649780821702071409
0.716810031882352705 0.519680280283678075 0.649238096480365567
0.719297216542132856 0.514526352415591193 0.648694018351995028
0.722514401071632228 0.507855077514499764 0.648148590599572971
0.724859741682012948 0.502989710679809576 0.647601816513855399
0.727905460419968064 0.496670156932314866 0.647053699393721038
0.730133888360394168 0.492045897150825529 0.646504242546151686
0.733037373534949466 0.486020190468692825 0.645953449286212344
0.735870206959245543 0.480139792396278020 0.645401322937030675
0.737952446301946674 0.475815841835924291 0.644847866829777683
0.740676996187203063 0.470154364362665833 0.644293084303647068
0.742684521896946559 0.465978664882773175 0.643736978705835461
0.745317336297122379 0.460494268982305610 0.643179553391521885
0.747904191569786936 0.455092741351492025 0.642620811723847774
0.749816783881344984 0.451087716060291744 0.642060757073896426
0.752333547680343995 0.445797380918979191 0.641499392820673031
0.754198402901087417 0.441857982017510698 0.640936722351083898
0.756658102952503242 0.436628045150519728 0.640372749059916258
0.759091636772131095 0.431402349832222087 0.639807476349817827
0.761504722323120942 0.426149714205113772 0.639240907631276056
0.763305497813555500 0.422166174883517931 0.638673046322597582
0.765702611974678593 0.416742738180483074 0.638103895849887803
0.768109533485608176 0.411090685957031909 0.637533459647030010
0.769936517038794954 0.406587085436904139 0.636961741155665062
0.772440624390054009 0.399919044365846521 0.636388743825169967
0.775123384297430107 0.391620417747960969 0.635814471112637336
0.777422815615926854 0.382640244305822719 0.635238926482855071
0.781660530907374418 0.354140209661213512 0.634662113408284490
0.723866793823692789 0.550190180346943003 0.634084035369040122
0.775908597530770461 0.416714223422037677 0.633504695852868616
0.780622506625866963 0.399610241804572885 0.632924098355127196
0.782903955976890442 0.392449868159597148 0.632342246378763129
0.785475273973299526 0.385227712748857920 0.631759143434292514
0.787808507123009871 0.379199760241761108 0.631174793039778748
0.790018732712945204 0.373772478245092910 0.630589198720811650
0.791625246358142132 0.369937938972215496 0.630002364010486038
0.793718984652960535 0.365030594201631142 0.629414292449380408
0.795770453640195496 0.360286142546379251 0.628824987585535511
0.797788331708174314 0.355655792844155161 0.628234452974433477
0.799778124882988051 0.351108335650859138 0.627642692178975614
0.801743531704290024 0.346622667841778309 0.627049708769460978
0.803687153712719149 0.342183843733498583 0.626455506323565503
0.805131735993695807 0.338878735800298758 0.625860088426319683
0.807041517416818621 0.334497001917031078 0.625263458670087813
0.808933696110539446 0.330137627408795487 0.624665620654545006
0.810809191259310280 0.325795017652875385 0.624066577986656545
0.812668732997527954 0.321464583716022545 0.623466334280656009
0.814512907125479746 0.317142482792826086 0.622864893158023070
0.816342186024997751 0.312825438117586230 0.622262258247461841
0.818156950532451410 0.308510611220100373 0.621658433184878789
0.819957505722781810 0.304195509532491193 0.621053421613361412
0.821744092505990453 0.299877918383541109 0.620447227183155481
0.823074979257970796 0.296636888226275819 0.619839853551643394
0.824837537861764392 0.292310272271252614 0.619231304383322301
0.826586523332411893 0.287976136124369897 0.618621583349781567
0.828321998043360708 0.283632942991905779 0.618010694129680793
0.830043986849474558 0.279279277783269442 0.617398640408728050
0.831752479710230475 0.274913831870863101 0.616785425879656679
0.833447433813083283 0.270535390886471716 0.616171054242203975
0.835128775307752313 0.266142824873043138 0.615555529203088425
0.836796400753162972 0.261735080246426000 0.614938854475987173
0.838450178323555839 0.257311173214576971 0.614321033781514036
0.840089948856610036 0.252870184287574185 0.613702070847196968
0.841715526756175780 0.248411253702457951 0.613081969407454963
0.843326700802953466 0.243933577531645740 0.612460733203576524
0.844923234885674335 0.239436404355689247 0.611838365983696564
0.846504868674051947 0.234919032378405584 0.611214871502773316
0.848460522652225380 0.229242919705515164 0.610590253522566684
0.850007557777808120 0.224677774622530163 0.609964515811614816
0.851538686779379939 0.220090463495484279 0.609337662145211567
0.853053553197953507 0.215480469788691092 0.608709696305383963
0.854551779471180661 0.210847315459038093 0.608080622080868771
0.856032967491234476 0.206190559217077629 0.607450443267090412
0.857496699171796495 0.201509794784997309 0.606819163666137418
0.858942537003440476 0.196804649171978374 0.606186787086739787
0.860370024610750628 0.192074780923262717 0.605553317344246333
0.861778687304644686 0.187319878318094046 0.604918758260600598
0.863168032622242287 0.182539657524908638 0.604283113664319305
0.864876771101753206 0.176528387290832534 0.603646387390467831
0.866220763260195259 0.171690294027919410 0.603008583280637778
0.867543721048250727 0.166826128874841884 0.602369705182924098
0.868845082095647925 0.161935704005260084 0.601729756951901340
0.870124268748639684 0.157018848358440100 0.601088742448600111
0.871380688417646265 0.152075405223873139 0.600446665540484759
0.872918270475545932 0.145858492805444107 0.599803530101429061
0.874121222280734633 0.140854711692230794 0.599159340011693797
0.875299381076107386 0.135823901402991998 0.598514099157902213
0.876452093136944388 0.130765936533338734 0.597867811433017704
0.877578690425579344 0.125680691478820605 0.597220480736319392
0.878949171909826910 0.119285575447404868 0.596572110973379255
0.880014492736977960 0.114138468447092245 0.595922706056038476
0.881051425504722374 0.108963633524002568 0.595272269902383133
0.882059237456728096 0.103760908454059553 0.594620806436721661
0.883037178856596716 0.098530113476130221 0.593968319589560312
0.884216428706995017 0.091951838077397208 0.593314813297580179
0.885124324793327588 0.086657113110339745 0.592660291503612213
0.885999782451700191 0.081333568858128091 0.592004758156615130
0.886841965598434645 0.075980909883966996 0.591348217211650096
0.887846587973316170 0.069248632686506439 0.590690672629857860
0.888610713573133038 0.063829185198313820 0.590032128378433995
0.889338662620507536 0.058379383403658447 0.589372588430605804
0.890196260054871180 0.051523704341527976 0.588712056765608116
0.890839245927469658 0.046003754294968280 0.588050537368658643
0.891442794629859980 0.040451670054559796 0.587388034230934886
0.892005811259782511 0.034866770923202450 0.586724551349549261
0.892650832540904382 0.027838348230810661 0.586060092727525461
0.893118374904873114 0.022176748811178260 0.585394662373774133
0.893541444358277426 0.016479601675191025 0.584728264303068901
0.894005672655683425 0.009306612484065002 0.584060902536021609
0.894323610805673797 0.003525598383369910 0.583392581099058893
0.894592378585714831 -0.002294647952715945 0.582723304024396649
0.894856682623073496 -0.009627211006031644 0.582053075350017379
0.895008649903921039 -0.015540890905817506 0.581381899119644441
0.895121138659398796 -0.022995227702662824 0.580709779382718061
0.895146640589269849 -0.029010687987944317 0.580036720194371247
0.895112405220834129 -0.035074497218530065 0.579362725615404806
0.894981909689803734 -0.042725540124334715 0.578687799712263029
0.894804139124882436 -0.048906269692919002 0.578011946557009382
0.894558035289299558 -0.055143020596950809 0.577335170227301964
0.894149505514374443 -0.063022025190094255 0.576657474806368309
0.893737748533625975 -0.069395421628570431 0.575978864382981293
0.893110618577121818 -0.077455431549130482 0.575299343051434375
0.892513808399181596 -0.083982555308297402 0.574618914911516843
0.891641189617889185 -0.092247019714151390 0.573937584068489048
0.890835410736505962 -0.098948486820632620 0.573255354633057546
0.889927587127608444 -0.105735168585495753 0.572572230721350661
0.888639317108985916 -0.114346592150677995 0.571888216454893183
0.887476960139630622 -0.121345435431234938 0.571203315960581826
0.885845707592190834 -0.130241930156015873 0.570517533370660246
0.884386562693077805 -0.137486392980444294 0.569830872822694068
0.882352294184040931 -0.146714411607791473 0.569143338459545789
0.880541583310506137 -0.154245844858148184 0.568454934429350356
0.878025782088611262 -0.163863072310035274 0.567765664885489074
0.875791196714381881 -0.171733080302085284 0.567075533986565739
0.872689183478664088 -0.181811880152914773 0.566384545896380986
0.869933309393544851 -0.190085541561252958 0.565692704783906763
0.866102458769819172 -0.200717665588272032 0.565000014823262009
0.862690979651420498 -0.209477934112949682 0.564306480193686899
0.857932075226048863 -0.220780939286293887 0.563612105079517756
0.853674793515371011 -0.230134602625682250 0.562916893670161955
0.847701480961871257 -0.242260435317968481 0.562220850160072394
0.842320627384008924 -0.252345924156583801 0.561523978748722397
0.834707338743268412 -0.265491767078297358 0.560826283640580292
0.827782359436234350 -0.276488429399427749 0.560127769045084101
0.817871395381032928 -0.290908126799343247 0.559428439176616110
0.808737951226761509 -0.303043783270513289 0.558728298254477340
0.795464805519281781 -0.319051331084048817 0.558027350502862229
0.783019454116938740 -0.332594510338163785 0.557325600150833100
0.764564518339010180 -0.350525804813116904 0.556623051432294513
0.746863023249984215 -0.365710002166420578 0.555919708585968286
0.719912024526421224 -0.385711644515691510 0.555215575855366850
0.685764982379808874 -0.406608963800414558 0.554510657488768932
0.651378727871207763 -0.423490481616862535 0.553804957739192694
0.596093724306418271 -0.443308369963964055 0.553098480864371078
0.538352318388500506 -0.455680194476418388 0.552391231126725279
0.442635075672946132 -0.459501318272061865 0.551683212793339983
0.313069372284212721 -0.432214257077050523 0.550974430135936832
0.185813152459537889 -0.362022084304512715 0.550264887430848670
0.035469454670272509 -0.164199329921636050 0.549554588958994228
0.005280056113642247 0.091955347138600055 0.548843539005852032
0.184294885370417161 0.399487866036231098 0.548131741861434318
0.487817884897147391 0.505564419545825094 0.547419201820261936
0.685912659846177220 0.464967571377328082 0.546705923181337261
0.840055925112756396 0.360988161892108250 0.545991910248119217
0.921539001682300518 0.256412548647706351 0.545277167328497070
0.956851673327244634 0.184484137589206842 0.544561698734763899
0.980548886475594017 0.109956909832536032 0.543845508783591502
0.991627967533616816 0.049581950131496355 0.543128601796003752
0.995398946425553377 0.009201882352329105 0.542410982097350503
0.996440094053649750 -0.033691952453689555 0.541692654017281949
0.995066975354846117 -0.070107470009423412 0.540973621889721756
0.992936606383157949 -0.095627680344567811 0.540253890052841745
0.989499336758670189 -0.123984080045749401 0.539533462849035028
0.985543791542979553 -0.149207227425907973 0.538812344624890471
0.982159123810084300 -0.167572699406631442 0.538090539731165718
0.977769123682946106 -0.188685313777639585 0.537368052522761430
0.973280703945747616 -0.208111309166425562 0.536644887358695422
0.969653866621012495 -0.222644582518687684 0.535921048602074901
0.965100335516656416 -0.239756316917679957 0.535196540620071826
0.960539679942815416 -0.255877968977526238 0.534471367783895701
0.956891204715800470 -0.268169617670127924 0.533745534468767047
0.952332263902242349 -0.282886529094509009 0.533019045053891527
0.947773464821797917 -0.296984196995196958 0.532291903922433307
0.943210623269245874 -0.310552276480124456 0.531564115461488407
0.939553596568171168 -0.321076082823797015 0.530835684062058610
0.934968247701030930 -0.333871279044241964 0.530106614119024488
0.930360429574973891 -0.346318218229673125 0.529376910031119641
0.925722372897893275 -0.358464546370670822 0.528646576200903162
0.921984700785745792 -0.367993246888977943 0.527915617034733886
0.917271484359879596 -0.379699860395299182 0.527184036942743628
0.912504351462288588 -0.391210776890013823 0.526451840338810095
0.907674041658631081 -0.402556723554498508 0.525719031640530909
0.903757691850533451 -0.411533991491090101 0.524985615269196515
0.898788213511805378 -0.422654228298441570 0.524251595649763980
0.893725616975759807 -0.433686853072129341 0.523516977210829459
0.888556942447834341 -0.444658737167752283 0.522781764384602554
0.884335753970882821 -0.453411113375006503 0.522045961606878439
0.878937207554685296 -0.464344815587088511 0.521309573317012220
0.873384411248779635 -0.475300869064298859 0.520572603957891289
0.867653438180568726 -0.486315192493104120 0.519835057975908787
0.861714764591750892 -0.497429520369353173 0.519096939820936853
0.856789610567541104 -0.506426172202673941 0.518358253946300196
0.850376266425980409 -0.517853829057608683 0.517619004808748007
0.843621092673156769 -0.529553174498869517 0.516879196868428425
0.836443877084279142 -0.541619455559769314 0.516138834588860784
0.828733731743801272 -0.554179017196277490 0.515397922436909073
0.822077837961290747 -0.564695661994744080 0.514656464882754738
0.812960307546518490 -0.578624187048607963 0.513914466399869707
0.802642343085326115 -0.593733991182458731 0.513171931464990072
0.790592006566690486 -0.610520142933397514 0.512428864558087671
0.775895851885473720 -0.629764808988209190 0.511685270162344774
0.756850427173769047 -0.652772870488208978 0.510941152764125550
0.736218503628766063 -0.675388709680063148 0.510196516852949977
0.697232957095314188 -0.712306177020081810 0.509451366921466198
0.623409673852673651 -0.765398461506424321 0.508705707465423762
0.430989076999071408 -0.832165048265643081 0.507959542983646317
-0.124750629399567436 -0.427357889311419714 0.507212877978004517
0.708338301427649197 0.020758828839147814 0.506465716953388712
0.851903826937860820 -0.243602391997626289 0.505718064417682078
0.857600542731873250 -0.390016176253908609 0.504969924881733090
0.843985439787072078 -0.462071610296306390 0.504221302859328868
0.829922961060184705 -0.505961051216870406 0.503472202867166985
0.817267943213406567 -0.536610884996189808 0.502722629424828926
0.805908689921714383 -0.560049607249097692 0.501972587054753117
0.795533238639618556 -0.579138214744039703 0.501222080282206495
0.785878108346278470 -0.595399556296977495 0.500471113635258535
0.778539480490409885 -0.606978670323563341 0.499719691644752828
0.769725523693600477 -0.620142315860744198 0.498967818844280431
0.761210073830110856 -0.632201316459969020 0.498215499770152170
0.752912139873584407 -0.643415046475785735 0.497462738961371664
0.744770979077653550 -0.653964342411026189 0.496709540959607176
0.736740241445091870 -0.663979046392794814 0.495955910309165471
0.728783964630047465 -0.673554725742093519 0.495201851556962724
0.720873803743411479 -0.682763219475183925 0.494447369252498770
0.712987087532662489 -0.691659513514725321 0.493692467947828284
0.706682124615353735 -0.698580814214770807 0.492937152197534589
0.698793519803568963 -0.707016689484335825 0.492181426558700674
0.690884670163948389 -0.715238715790116553 0.491425295590883215
0.682944671468812214 -0.723269430942677372 0.490668763856084045
0.674964284899175482 -0.731127093459060684 0.489911835918723060
0.666935604963794670 -0.738826600286268342 0.489154516345610635
0.658851803582081841 -0.746380175394780965 0.488396809705919865
0.650706930556962937 -0.753797893492640037 0.487638720571159257
0.642495756274682361 -0.761088083298822826 0.486880253515145078
0.634213646188952596 -0.768257641749255260 0.486121413113973777
0.625856459588524761 -0.775312281365047151 0.485362203945993942
0.617420466816051672 -0.782256727073409097 0.484602630591779604
0.610612646035834539 -0.787735586167754964 0.483842697634101593
0.602026459899034472 -0.794491023977847988 0.483082409657900780
0.593352668618998713 -0.801145477910763182 0.482321771250259546
0.584588563561779351 -0.807701130116212362 0.481560787000374912
0.575731598584036774 -0.814159710235588863 0.480799461499530345
0.566779355155462516 -0.820522557287050924 0.480037799341068050
0.557729510244271420 -0.826790671619793249 0.479275805120361664
0.548579806059737107 -0.832964758776602476 0.478513483434788112
0.539328020949137121 -0.839045266649175114 0.477750838883700013
0.529971940737063552 -0.845032417074424114 0.476987876068398153
0.520509329963503964 -0.850926232702729934 0.476224599592103282
0.510937902457371917 -0.856726559816666566 0.475461014059928577
0.501255290731288605 -0.862433087605543491 0.474697124078852117
0.491459013680092316 -0.868045364276308296 0.473932934257688454
0.481546442041256129 -0.873562810273965762 0.473168449207061581
0.471514761040641162 -0.878984728795784265 0.472403673539376345
0.461360929616881965 -0.884310313677686644 0.471638611868791302
0.451081635452137308 -0.889538654707341725 0.470873268811190182
0.440673245087235876 -0.894668740241568394 0.470107648984154913
0.430131748024628169 -0.899699457064031649 0.469341757006936922
0.419452693805600019 -0.904629587173844008 0.468575597500429597
0.408631120602613640 -0.909457801216706274 0.467809175087140594
0.397661473719678582 -0.914182648063831316 0.467042494391163687
0.386537511944241241 -0.918802539934648221 0.466275560038151071
0.375252199319407398 -0.923315732219934793 0.465508376655285161
0.363797579232162493 -0.927720296946842993 0.464740948871250947
0.354505957406362648 -0.931164303383900216 0.463973281316208130
0.342723014133245296 -0.935367757388421373 0.463205378621762642
0.330742228807752947 -0.939455879441894681 0.462437245420939558
0.318550555836769334 -0.943425639814622796 0.461668886348154228
0.306133025927226132 -0.947273548617052152 0.460900306039185248
0.293472403538582394 -0.950995544829113748 0.460131509131145422
0.280548770519359336 -0.954586853672821478 0.459362500262455065
0.267339016495163395 -0.958041802132701847 0.458593284072812746
0.253816210481230986 -0.961353578571939482 0.457823865203168145
0.239948819977710393 -0.964513916865126664 0.457054248295693633
0.225699732708314227 -0.967512677380995556 0.456284437993756620
0.211025020561411314 -0.970337285330755916 0.455514438941891142
0.195872363659848892 -0.972971969258947689 0.454744255785770268
0.180179021779825255 -0.975396715623771948 0.453973893172177512
0.163869196455277533 -0.977585813931170833 0.453203355748979131
0.146850563570719794 -0.979505801708966617 0.452432648165096596
0.129009663337174174 -0.981112514031792227 0.451661775070477334
0.110205696750235560 -0.982346770903759769 0.450890741116067750
0.090262072115891545 -0.983127947924630208 0.450119550953784642
0.068954735887923779 -0.983344179526968398 0.449348209236487384
0.045995856140806313 -0.982837064211399714 0.448576720617949509
0.021010734706816636 -0.981377130856919910 0.447805089752831120
-0.006495166689778842 -0.978623275443345930 0.447033321296650354
-0.037183459040419142 -0.974053381666729612 0.446261419905755630
-0.079492727159325371 -0.964975216084849596 0.445489390237297223
-0.120798185900614585 -0.952724009030984975 0.444717236949199513
-0.169433416197609210 -0.933486863818058454 0.443944964700132727
-0.227577137992632350 -0.902501597710664072 0.443172578149484575
-0.297257276997480946 -0.850666377871457602 0.442400081957332769
-0.377196529183140672 -0.760046426405691755 0.441627480784416215
-0.449472080884987746 -0.597231054421799579 0.440854779292107424
-0.436232356155874024 -0.325549418692536341 0.440081982142383921
-0.172545498803477387 -0.039945338262779524 0.439309093997800659
0.258469322893788100 -0.062131343351648466 0.438536119521461376
0.478204017081523047 -0.328936320632545409 0.437763063376990780
0.496554871742321102 -0.559082707982776150 0.436989930228506185
0.448506053980893327 -0.703258926259831996 0.436216724740589701
0.389984625432881371 -0.790655390003291880 0.435443451578259699
0.335718356481995828 -0.845566956032902994 0.434670115406943058
0.288206926149356835 -0.881701213214645119 0.433896720892446575
0.246887607871896481 -0.906491603392654888 0.433123272700929207
0.210640784153227900 -0.924086307231721249 0.432349775498873712
0.178423846975285794 -0.936902796423357942 0.431576233953058608
0.149393749803854337 -0.946412845761197774 0.430802652730529700
0.122896729293539619 -0.953549038824246020 0.430029036498572770
0.098430961729313204 -0.958923622469233794 0.429255389924684039
0.075610430119090244 -0.962951226658458004 0.428481717676543417
0.054136029443844436 -0.965920384825908696 0.427708024421985300
0.033773825138713132 -0.968036714199522308 0.426934314828971262
0.014339026266059485 -0.969449831018512453 0.426160593565560908
-0.004315781420598241 -0.970270615724743823 0.425386865299884787
-0.022309305095234599 -0.970582577422196668 0.424613134700115247
-0.039737978267338492 -0.970449510211180977 0.423839406434439070
-0.056680777070026056 -0.969920760798560266 0.423065685171028827
-0.073202860360372324 -0.969034922338610993 0.422291975578014622
-0.089358347597762067 -0.967822469980729183 0.421518282323456672
-0.105192459048407072 -0.966307671343744179 0.420744610075315939
-0.120743179991526062 -0.964509991651817611 0.419970963501427319
-0.136042566338672122 -0.962445141099938839 0.419197347269470222
-0.151117777627453764 -0.960125865239475518 0.418423766046941481
-0.165991901018636812 -0.957562548273103165 0.417650224501126266
-0.180684613567288377 -0.954763678471748811 0.416876727299070882
-0.195212718538130270 -0.951736210754779988 0.416103279107553403
-0.209590582653683022 -0.948485851788472778 0.415329884593057030
-0.223830495070585722 -0.945017286054513184 0.414556548421740223
-0.237942963952700037 -0.941334356546661644 0.413783275259410332
-0.251936962928885899 -0.937440210290560350 0.413010069771493848
-0.265820137235093679 -0.933337416297124189 0.412236936623009365
-0.279598977012431804 -0.929028061800169391 0.411463880478538657
-0.293278963813218163 -0.924513831215335813 0.410690906002199319
-0.306864695133384213 -0.919796071244877833 0.409918017857616057
-0.320359990717819954 -0.914875844828025420 0.409145220707892665
-0.333767983798389234 -0.909753976003610632 0.408372519215583762
-0.349745853205507218 -0.903342429722475915 0.407599918042667209
-0.362969914175235386 -0.897778901399852947 0.406827421850515403
-0.376112936148501109 -0.892015160714673239 0.406055035299867251
-0.389175914351060970 -0.886051372409150884 0.405282763050800465
-0.402159468071311421 -0.879887601309784051 0.404510609762702811
-0.415063879131492841 -0.873523827363734129 0.403738580094244404
-0.427889125636254697 -0.866959958292821575 0.402966678703349568
-0.440634911697157516 -0.860195840192673922 0.402194910247168913
-0.453300693613388206 -0.853231266401844657 0.401423279382050524
-0.465885702904813570 -0.846065984922783620 0.400651790763512761
-0.478388966634516466 -0.838699704575764926 0.399880449046215336
-0.490809325230982862 -0.831132100131832696 0.399109258883932283
-0.503145448173761833 -0.823362816530514685 0.398338224929522700
-0.515395847687314279 -0.815391472372165360 0.397567351834903382
-0.527558890679768799 -0.807217662785192802 0.396796644251020736
-0.539632809095989430 -0.798840961774409108 0.396026106827822577
-0.551615708800367255 -0.790260924171548473 0.395255744214229765
-0.563505577163371796 -0.781477087240532109 0.394485561058108725
-0.575300289445059509 -0.772488972030306975 0.393715562006243303
-0.586997614058881179 -0.763296084558488519 0.392945751704306401
-0.598595216848532674 -0.753897916856011707 0.392176134796831943
-0.610090664441628405 -0.744293947943291956 0.391406715927187232
-0.621481426745321808 -0.734483644796097623 0.390637499737544969
-0.632764878663697794 -0.724466463341003619 0.389868490868854556
-0.643938301118078593 -0.714241849504397397 0.389099693960814785
-0.654998881382583442 -0.703809240396255476 0.388331113651845694
-0.665943712841219115 -0.693168065619401252 0.387562754579060531
-0.676769794177704664 -0.682317748772782395 0.386794621378237391
-0.687474028067895482 -0.671257709163443517 0.386026718683791847
-0.698053219417140935 -0.659987363754920509 0.385259051128749030
-0.708504073158827574 -0.648506129416691834 0.384491623344714872
-0.718823191702480768 -0.636813425447997683 0.383724439961849018
-0.729007072033325376 -0.624908676446701561 0.382957505608836291
-0.737054381500716227 -0.615231823505923647 0.382190824912859439
-0.746985656516761520 -0.602943972959366414 0.381424402499570547
-0.756771295808288391 -0.590442523442245126 0.380658242993063167
-0.766407364503781552 -0.577726952537971572 0.379892351015845064
-0.775889804911195968 -0.564796762377301698 0.379126731188809796
-0.785214432415700658 -0.551651484972369488 0.378361388131208842
-0.794376931330813663 -0.538290688023948527 0.377596326460623632
-0.803372850692056217 -0.524713981300946264 0.376831550792938397
-0.812197600093668259 -0.510921023531811680 0.376067065742311524
-0.820846445576490891 -0.496911529885118552 0.375302875921148027
-0.829314505636905674 -0.482685280022055296 0.374538985940071401
-0.837596747410098819 -0.468242126732157704 0.373775400407896752
-0.845687983065956161 -0.453582005188606585 0.373012123931601880
-0.853582866503584614 -0.438704942775778262 0.372249161116299909
-0.861275890383952913 -0.423611069526344197 0.371486516565211977
-0.868761383581837299 -0.408300629121966407 0.370724194879638425
-0.876033509114950371 -0.392773990452098543 0.369962200658932039
-0.883086262627884588 -0.377031659687066700 0.369200538500469633
-0.889913471501309727 -0.361074292814208109 0.368439212999625065
-0.896508794655047403 -0.344902708591947160 0.367678228749740488
-0.902865723141408227 -0.328517901783732746 0.366917590342099198
-0.908977581568174653 -0.311921056651858319 0.366157302365898329
-0.914837530464040039 -0.295113560478820480 0.365397369408220485
-0.919339415877859945 -0.281516964902073563 0.364637796054006091
-0.924728181893762602 -0.264334492193523729 0.363878586886026256
-0.929845047582065209 -0.246946446079848003 0.363119746484854844
-0.934682589787184215 -0.229355104364171891 0.362361279428840721
-0.939233247506240709 -0.211563007163819983 0.361603190294080168
-0.943489330778276125 -0.193572965884669490 0.360845483654389343
-0.947443030805337760 -0.175388069818287362 0.360088164081276974
-0.951086431267418320 -0.157011689564731161 0.359331236143916044
-0.954411520783612688 -0.138447476100484246 0.358574704409116762
-0.957410206382854678 -0.119699354071063191 0.357818573441299359
-0.960074327813262296 -0.100771507154684359 0.357062847802465555
-0.962395672386596512 -0.081668352626784069 0.356307532052171694
-0.964000405471198363 -0.066262700688969334 0.355552630747501208
-0.965683945239887098 -0.046855702005440814 0.354798148443037253
-0.967001557993579564 -0.027286576105782057 0.354044089690834618
-0.967944958828124036 -0.007560040623403375 0.353290459040392801
-0.968505865657460996 0.012319440594929842 0.352537261038628369
-0.968675995464670203 0.032347941956914927 0.351784500229847863
-0.968447045162166065 0.052522513838954843 0.351032181155719714
-0.967810645703333305 0.072841873963105874 0.350280308355247205
-0.966758268426012202 0.093307536930974155 0.349528886364741498
-0.965610920609995649 0.109789361134271568 0.348777919717793483
-0.963786978525694504 0.130539394556796251 0.348027412945247028
-0.961519991734280932 0.151478050710991130 0.347277370575171052
-0.958796759444695779 0.172655653229368322 0.346527797132833160
-0.955598337341145077 0.194174036890502000 0.345778697140671221
-0.951891449195239270 0.216255743372614051 0.345030075118266999
-0.947599613141553387 0.239463799903636088 0.344281935582318011
-0.943590101772385115 0.259970816384211212 0.343534283046611377
-0.936746633254249228 0.295090503487813294 0.342787122021995572
-0.725257221715658540 -0.168660401522728542 0.342040457016353661
-0.931057998903982442 0.281734544313977653 0.341294292534576271
-0.924117128357417772 0.314948757513653366 0.340548633078533836
-0.917095001053820691 0.339748903320329643 0.339803483147050112
-0.909740845465104364 0.362313933618040596 0.339058847235874428
-0.903563167816767709 0.379644889680565145 0.338314729837655315
-0.895445456082813562 0.400787227394277856 0.337571135441912362
-0.886873874124237904 0.421529912625488057 0.336828068535010128
-0.877840891816594193 0.441964470928160047 0.336085533600130215
-0.868343280304178178 0.462133808022264780 0.335343535117245406
-0.860410132384063830 0.478091557361030761 0.334602077563091016
-0.850075620103447505 0.497822454717652685 0.333861165411139194
-0.839278590928359325 0.517312595777059459 0.333120803131571552
-0.828022248475309031 0.536556946731778783 0.332380995191252027
-0.816310758332654984 0.555547422468477992 0.331641746053699893
-0.806617216217296540 0.570550328246248961 0.330903060179063069
-0.794099694684108126 0.589057751990742839 0.330164942024091357
-0.781143131915172928 0.607280494910133806 0.329427396042108855
-0.767754720998260476 0.625206191469710459 0.328690426682987813
-0.753942359059848188 0.642822227631390741 0.327954038393121539
-0.742592963810756568 0.656683576623982468 0.327218235615397535
-0.728039531018942254 0.673710303581294800 0.326483022789170574
-0.713087769352531264 0.690392098119427811 0.325748404350236054
-0.697748001233238324 0.706716719067060573 0.325014384730803463
-0.685204125914786077 0.719511224629881596 0.324280968359469235
-0.669193771535089965 0.735163132647283279 0.323548159661190049
-0.652827272440272055 0.750425460959412094 0.322815963057256461
-0.636116974842668381 0.765287463906584198 0.322084382965266092
-0.622509792942877227 0.776881930702072232 0.321353423799096927
-0.605213218174882828 0.790997893607910729 0.320623089968880448
-0.587609758503825685 0.804686218607759352 0.319893385880975489
-0.569713335451416891 0.817938230920755349 0.319164315937941478
-0.555194833333991333 0.828220252100237198 0.318435884538511682
-0.536807205837139922 0.840666984609264256 0.317708096077566726
-0.518167268280207316 0.852656390144904686 0.316980954946108506
-0.499290033183722504 0.864182179219631141 0.316254465531233042
-0.484027610946100084 0.873065199397768610 0.315528632216104443
-0.464761703905722079 0.883742731308677198 0.314803459379928152
-0.445301515382415136 0.893942552530844536 0.314078951397925132
-0.429603969210113179 0.901755906224755988 0.313355112641304667
-0.409833465063178193 0.911086815039963249 0.312631947477238548
-0.389912561078629205 0.919931164507256094 0.311909460268834315
-0.369857002509488164 0.928287063384713340 0.311187655375109562
-0.353726178517396961 0.934619249265457697 0.310466537150965005
-0.333467863346616156 0.942093276527820267 0.309746109947158288
-0.313118822763754689 0.949077050852751736 0.309026378110278277
-0.296784717122994701 0.954311455786317930 0.308307345982718140
-0.276311459984076468 0.960414653929811402 0.307589017902649531
-0.255790676115862203 0.966030789069567630 0.306871398203996282
-0.239350008939185122 0.970174537643111012 0.306154491216408586
-0.218781696651850821 0.974920151833260085 0.305438301265236245
-0.202322283928873914 0.978371475604719931 0.304722832671503130
-0.181754299338157399 0.982257407512995284 0.304008089751880761
-0.161206663971107722 0.985671615492833220 0.303294076818662772
-0.144792668960606052 0.988066597064074181 0.302580798179738097
-0.124316912560485882 0.990644321266611838 0.301868258138565604
-0.103900141955999281 0.992765232626806382 0.301156460994148056
-0.087618078879084738 0.994137240163611380 0.300445411041005861
-0.067340525027875742 0.995451940557720905 0.299735112569151418
-0.051186350269295300 0.996187853216778052 0.299025569864063145
-0.031088753661473290 0.996719171596780473 0.298316787206659995
-0.011107938936638584 0.996826024074363159 0.297608768873274754
0.004784882664158108 0.996611360162145798 0.296901519135629122
0.024526761485022253 0.995974967702855207 0.296195042260807340
0.040214226266656161 0.995176879767843192 0.295489342511231157
0.059682285816420821 0.993825659537655559 0.294784424144633184
0.078984070261313322 0.992090248067821090 0.294080291414031747
0.094299347188502469 0.990431733410264692 0.293376948567705464
0.113278074532660422 0.988029093825378402 0.292674399849167044
0.128323313079007906 0.985849627701255393 0.291972649497137970
0.146950698692585091 0.982812155902726081 0.291271701745522582
0.161704352722993883 0.980138120873491614 0.290571560823383868
0.179954830794995246 0.976499308999460469 0.289872230954915933
0.194397550341217362 0.973357858854071445 0.289173716359419908
0.212248321443274435 0.969152030254426089 0.288476021251277581
0.226362982490505127 0.965570877255167104 0.287779149839927695
0.243794040088565644 0.960832920226175391 0.287083106329838189
0.260984308850417235 0.955814532607686895 0.286387894920482278
0.274559891915304111 0.951605225024769075 0.285693519806313190
0.291304879985623599 0.946109479430788713 0.284999985176738024
0.304518793305249391 0.941532364673579369 0.284307295216093381
0.320805596539438853 0.935594399737024629 0.283615454103619102
0.333648604457554732 0.930677473455739479 0.282924466013434350
0.346324360954243460 0.925618414434589587 0.282234335114511015
0.361932018562066693 0.919102958472418630 0.281545065570649733
0.374227273787425818 0.913743813770784730 0.280856661540454244
0.389356408028490530 0.906870082810981915 0.280169127177306077
0.401267002094759406 0.901237611045960785 0.279482466629339732
0.415913629401726048 0.894038579607427053 0.278796684039418097
0.427437322637793660 0.888158744905830355 0.278111783545106850
0.441599790099679479 0.880666302678013158 0.277427769278649428
0.452736148131918537 0.874564132482493983 0.276744645366942488
0.466414981100440607 0.866808918651033711 0.276062415931510929
0.477165246539496546 0.860508381205793316 0.275381085088483135
0.487744721613610377 0.854127073615375210 0.274700656948565658
0.500729934335524041 0.846043547081661629 0.274021135617018741
0.510927788430616925 0.839496422106751461 0.273342525193631669
0.523438750289898835 0.831218941159926783 0.272664829772698014
0.533259724370869548 0.824526994064090135 0.271988053442990652
0.542915029852883979 0.817777077227962335 0.271312200287737060
0.554753122523995001 0.809263892135226759 0.270637274384595228
0.564040423139415825 0.802397143792886514 0.269963279805628786
0.575422961331166993 0.793749202851416480 0.269290220617281972
0.584349590199257474 0.786783349799626386 0.268618100880355593
0.593118489124106141 0.779778785450645273 0.267946924649982543
0.603860354118325171 0.770973377126817461 0.267276695975603384
0.612280549751086256 0.763892924098298787 0.266607418900941251
0.620548637187135488 0.756783456966814705 0.265939097463978480
0.630672637658230006 0.747859982356527286 0.265271735696931188
0.638605235220539247 0.740695072223926276 0.264605337626225900
0.646391810074949724 0.733509635812164440 0.263939907272474572
0.655922641498122294 0.724502586734423581 0.263275448650450827
0.663387792845295143 0.717279496051306587 0.262611965769065092
0.670713305476363986 0.710043219059198871 0.261949462631341390
0.677901180644582602 0.702795795204606444 0.261287943234391862
0.686695537312743465 0.693723787653486967 0.260627411569394229
0.693581093421453687 0.686458233611495827 0.259967871621566038
0.700335569473440778 0.679187493943733123 0.259309327370142229
0.708597411905277808 0.670094266435667718 0.258651782788349882
0.715064341142977677 0.662817721974952256 0.257995241843384959
0.721406739853098666 0.655541008623200971 0.257339708496387765
0.727626605642747282 0.648265496049339474 0.256685186702419799
0.735232148016772280 0.639174757233354818 0.256031680410439610
0.741183547462529124 0.631906564112870717 0.255379193563278428
0.747018804436242689 0.624643512836335346 0.254727730097616900
0.752739845566510635 0.617386671193233094 0.254077293943961557
0.759733429987575981 0.608325877519762859 0.253427889026620723
0.765204411906826865 0.601086594222773218 0.252779519263680752
0.770567277275275408 0.593856577826875176 0.252132188566982385
0.775823846824167607 0.586636654506326627 0.251485900842097765
0.780975912458722887 0.579427602495465988 0.250840659988306292
0.787271717032165141 0.570432689014842675 0.250196469898570972
0.792195043238234198 0.563250717588225980 0.249553334459515330
0.797019476457445863 0.556081856567572808 0.248911257551399867
0.801746674186238684 0.548926718144609693 0.248270243048098749
0.806378260193518326 0.541785884198496381 0.247630294817075935
0.810915823970670524 0.534659909574452197 0.246991416719362256
0.815360920322742766 0.527549325283428905 0.246353612609532258
0.820789570441158189 0.518683513335976842 0.245716886335680784
0.825032118333223430 0.511609396734811650 0.245081241739399380
0.829187009567382671 0.504552269341519311 0.244446682655753811
0.833255649661042597 0.497512595184962714 0.243813212913260191
0.837239409215664421 0.490490830133628708 0.243180836333862671
0.841139624249966245 0.483487424549674805 0.242549556732909621
0.844957596626067065 0.476502825850852629 0.241919377919131262
0.848694594597196539 0.469537480913824079 0.241290303694616182
0.852351853449831331 0.462591838351656626 0.240662337854788411
0.855930576269014476 0.455666350593766256 0.240035484188385162
0.860295320628519211 0.447038532335218730 0.239409746477433349
0.863701575235057306 0.440160079832186468 0.238785128497226773
0.867032992273817582 0.433303301201761526 0.238161634016303414
0.870290648507369480 0.426468684567205714 0.237539266796423398
0.873475593928082383 0.419656729953396535 0.236918030592545070
0.876588853023079650 0.412867950215001889 0.236297929152803232
0.879631426123854032 0.406102871692503475 0.235678966218485830
0.882604290770535815 0.399362034726983617 0.235061145524012804
0.885508403157418078 0.392645993865282705 0.234444470796911636
0.888344699581400277 0.385955317907458961 0.233828945757796114
0.891114097933366156 0.379290589686598900 0.233214574120343354
0.893817499203146903 0.372652405624720906 0.232601359591271956
0.896455788966983858 0.366041375122561741 0.231989305870319185
0.899029838903834255 0.359458119649433416 0.231378416650218466
0.901540508269495278 0.352903271689063658 0.230768695616677788
0.903988645356422760 0.346377473456604745 0.230160146448356639
0.906375088912731997 0.339881375439129885 0.229552772816844636
0.908124935116571108 0.335029187785458427 0.228946578386638622
0.910405409414863476 0.328586649282206267 0.228341566815121244
0.912626458569112731 0.322175628452522678 0.227737741752538220
0.914788897319630534 0.315796790842425568 0.227135106841976964
0.916893536840814094 0.309450801111722296 0.226533665719343968
0.918941185782617520 0.303138320748237433 0.225933422013343488
0.920932651218104303 0.296860005705958607 0.225334379345455083
0.922868739500302460 0.290616503960221650 0.224736541329912165
0.924750257010149790 0.284408453042051979 0.224139911573680239
0.926578010800470975 0.278236477548056027 0.223544493676434614
0.927914029865027579 0.273631537523659318 0.222950291230539055
0.929649643003783055 0.267524149130206890 0.222357307821024419
0.931333719285150519 0.261454466789367013 0.221765547025566445
0.932967072173473078 0.255423044595505966 0.221175012414464467
0.934550517383859747 0.249430412188036493 0.220585707550619681
0.936084872895503795 0.243477072557037100 0.219997635989513968
0.937203917717878809 0.239038140124360504 0.219410801279188383
0.938654340992690406 0.233154685504503023 0.218825206960221313
0.940057934676414853 0.227311752655594890 0.218240856565707519
0.941415523720295466 0.221509726914851268 0.217657753621236849
0.942727934109395704 0.215748958204302177 0.217075901644872893
0.943683090604535146 0.211455646385428631 0.216495304147131529
0.944918427147438345 0.205767808128175966 0.215915964630959911
0.946110857466549549 0.200121995993060853 0.215337886591715516
0.947261206399735101 0.194518416335990540 0.214761073517145018
0.948096847323513292 0.190343548094439430 0.214185528887362697
0.949175532413591205 0.184814250407567826 0.213611256174830066
0.950214392247511697 0.179327543716285398 0.213038258844334860
0.950967891433171508 0.175240497785809635 0.212466540352969940
0.951939011985260541 0.169828429460980035 0.211896104150112174
0.952872532503624692 0.164459000824510315 0.211326953677402479
0.953769251134830909 0.159132153408985733 0.210759092368723977
0.954418114966173015 0.155164904127538028 0.210192523650182150
0.955252328709229492 0.149912313822160803 0.209627250940083665
0.956051895876826485 0.144701940991298961 0.209063277648916135
0.956629296189713152 0.140821745594130465 0.208500607179326947
0.957370071269765921 0.135684742061863484 0.207939242926103607
0.958078284022796933 0.130589310312444029 0.207379188276152232
0.958588518527678235 0.126794838922470621 0.206820446608478120
0.959241514051602628 0.121771417129498516 0.206263021294164489
0.959711164271614403 0.118030561569590076 0.205706915696352854
0.960311134267998301 0.113078062883240460 0.205152133170222351
0.960881760763773629 0.108165543744220827 0.204598677062969414
0.961290882646180789 0.104507132159859184 0.204046550713787689
0.961811781923322839 0.099663523506795582 0.203495757453848236
0.962184366049505302 0.096056263284950816 0.202946300606278940
0.962657537609919678 0.091280116941303668 0.202398183486144662
0.962995053385963473 0.087722879451873959 0.201851409400427062
0.963422415418542344 0.083012638782019366 0.201305981648004950
0.963726270305423016 0.079504221069592262 0.200761903519634410
0.964109657353003580 0.074858239840295715 0.200219178297928596
0.964468706796049458 0.070248211232329327 0.199677809257337857
0.964722356954160976 0.066813940366050484 0.199137799664130727
0.965040142070166862 0.062265449139590257 0.198599152776373439
0.965263457941858416 0.058876663465464663 0.198061871843910497
0.965474138085127498 0.055506958489619285 0.197525960108345194
0.965735754313168715 0.051043268224136018 0.196991420803020012
0.965917765248106019 0.047717113512003972 0.196458257152997223
0.966141891822412502 0.043310582212137572 0.195926472375038851
0.966296322706976740 0.040026616385896940 0.195396069677588241
0.966484370755735789 0.035675433118629141 0.194867052260749796
0.966612249555235170 0.032432304254723821 0.194339423316269994
0.966765549905839294 0.028134679273166707 0.193813186027518514
0.966867845438305173 0.024931057604627105 0.193288343569468529
0.966959459151282896 0.021743968582625839 0.192764899108677640
0.967065276069581814 0.017519828782292579 0.192242855803268775
0.967132592952215875 0.014370409479956436 0.191722216802911405
0.967206579693010715 0.010195669068565616 0.191202985248802360
0.967250436041578565 0.007082692350976805 0.190685164273646623
0.967284481597524337 0.003984972882150661 0.190168757001638655
0.967314857431611275 -0.000121946810583973 0.189653766548444014
0.967326552931452088 -0.003184869378277222 0.189140196021179541
0.967328893732826489 -0.006233209285920638 0.188628048518395514
0.967317686623677897 -0.010275304536438767 0.188117327130056300
0.967298698528075596 -0.013290342881558281 0.187608034937522289
0.967270776006030175 -0.016291403538144122 0.187100175013531100
0.967234038918541206 -0.019278653021837622 0.186593750422178684
0.967171546873500043 -0.023240442367394698 0.186088764218901248
0.967114694161760546 -0.026196071909822038 0.185585219450456806
0.967049408333826355 -0.029138391484477222 0.185083119154906633
0.966949431476583410 -0.033041009477906724 0.184582466361596864
0.966864891080873035 -0.035952777816650128 0.184083264091140619
0.966772275346926779 -0.038851649811571631 0.183585515355399187
0.966671687805820579 -0.041737731752144791 0.183089223157464454
0.966563230493519221 -0.044611121546427268 0.182594390491640279
0.966406552724442980 -0.048422718020110389 0.182101020343424957
0.966280122098724270 -0.051266826081715733 0.181609115689492451
0.966146152865060559 -0.054098507203408919 0.181118679497675406
0.966004742227007496 -0.056917822508446403 0.180629714726946222
0.965855986639178266 -0.059724824662214904 0.180142224327400208
0.965646385954816555 -0.063448415591602525 0.179656211240236729
0.965480864036373343 -0.066226844487061509 0.179171678397742395
0.965308314950827029 -0.068993075161302153 0.178688628723273041
0.965128833386847407 -0.071747124279774366 0.178207065131235742
0.964942513943255253 -0.074489000479796397 0.177726990527071554
0.964749451234268141 -0.077218704571517194 0.177248407807238162
0.964549739995513855 -0.079936229669010206 0.176771319859192089
0.964343475178323084 -0.082641561422524601 0.176295729561371350
0.964130752041467143 -0.085334678222671323 0.175821639783178052
0.963911666235167996 -0.088015551438158424 0.175349053384961262
0.963609820547995821 -0.091570941376917570 0.174877973217999694
0.963376263246103592 -0.094223097448440485 0.174408402124484219
0.963136665869526842 -0.096862867287741405 0.173940342937500991
0.962891126559985322 -0.099490195096654188 0.173473798481014518
0.962639744175694423 -0.102105019654944784 0.173008771569850284
0.962382618326141470 -0.104707274688499719 0.172545265009677762
0.962119849400845495 -0.107296889229279158 0.172083281596993737
0.961851538588036403 -0.109873788004606288 0.171622824119105372
0.961577787885360857 -0.112437891840207083 0.171163895354113277
0.961298700103201620 -0.114989118059099948 0.170706498070894802
0.961014378856939300 -0.117527380916646884 0.170250635029087161
0.960724928552706192 -0.120052592027023508 0.169796308979071303
0.960529164112859268 -0.121728770477650516 0.169343522661954737
0.960231399462436741 -0.124232026487497538 0.168892278809555235
0.959928787834551489 -0.126721985492722844 0.168442580144384513
0.959621436275035822 -0.129198553213234424 0.167994429379631272
0.959309452443478206 -0.131661634814732864 0.167547829219145628
0.958992944553577087 -0.134111135360677147 0.167102782357422014
0.958672021307026112 -0.136546960258235206 0.166659291479583554
0.958346791819828292 -0.138969015709573485 0.166217359261365216
0.958017365541336430 -0.141377209162611761 0.165776988369098488
0.957795470636987334 -0.142974925387857998 0.165338181459694394
0.957459293566072844 -0.145359814551465127 0.164900941180628258
0.957119212539928377 -0.147730604227861495 0.164465270169923072
0.956775337468277920 -0.150087210030184159 0.164031171056134129
0.956427778151117014 -0.152429550780499468 0.163598646458332858
0.956076644180395840 -0.154757548839873138 0.163167698986090987
0.955840622926120709 -0.156301542810330485 0.162738331239465017
0.955483773820406723 -0.158605474664108403 0.162310545808980133
0.955123640444440536 -0.160894876903959205 0.161884345275615377
0.954760330677098867 -0.163169687906702887 0.161459732210787160
0.954516412449874840 -0.164678094202669434 0.161036709176334170
0.954148046395086435 -0.166928463500696733 0.160615278724501848
0.953776787753383593 -0.169164102867962962 0.160195443397927406
0.953402741181133329 -0.171384970614723409 0.159777205729623673
0.953151879119742196 -0.172857324767714593 0.159360568242964351
0.952773415425067993 -0.175053496826580501 0.158945533451668869
0.952392437030257333 -0.177234815792603695 0.158532103859786916
0.952137103806032670 -0.178680767094182902 0.158120281961683429
0.951752155646972908 -0.180837292033870667 0.157710070242023437
0.951364955951943037 -0.182978927909572375 0.157301471175757601
0.951105619305895988 -0.184398412527959965 0.156894487228106394
0.950714878884522996 -0.186515233663402724 0.156489120854546221
0.950322138216078249 -0.188617177154898119 0.156085374500793544
0.950059244795497970 -0.190010215415119421 0.155683250602791229
0.949663371288518299 -0.192087403203310636 0.155282751586692802
0.949398471184930148 -0.193463960739358620 0.154883879868848662
0.948999707939975234 -0.195516470368377659 0.154486637855791142
0.948599323525460392 -0.197554223185649636 0.154091027944219749
0.948331540446134769 -0.198904549114236218 0.153697052520987060
0.947928634898253852 -0.200917811875160779 0.153304713963084344
0.947659244345721907 -0.202251860655772886 0.152914014637626994
0.947254034705893977 -0.204240789905477060 0.152524956901840314
0.946983177851224989 -0.205558675642417144 0.152137543103045308
0.946575870532439634 -0.207523456822014618 0.151751775578644582
0.946303681387741902 -0.208825312489770210 0.151367656656108324
0.945894471963595329 -0.210766158762290878 0.150985188652959929
0.945621077259668041 -0.212052135398509700 0.150604373876762149
0.945210150324338194 -0.213969286327693631 0.150225214625103520
0.944935669442391157 -0.215239552099676379 0.149847713185584097
0.944523198537164488 -0.217133272214879269 0.149471871835801767
0.944247743487423907 -0.218388011402282867 0.149097692843338375
0.943971928485886069 -0.219636594957246245 0.148725178465746399
0.943557566550544458 -0.221498000511150539 0.148354330950535129
0.943280921858929533 -0.222731340487318907 0.147985152535156927
0.942865387508499020 -0.224570042280271165 0.147617645446993906
0.942588007606689371 -0.225788357154358355 0.147251811903344576
0.942310358469102605 -0.227000725960081362 0.146887654111410415
0.941893409402490445 -0.228808212880413864 0.146525174268282266
0.941615145355801486 -0.230005882844405207 0.146164374560927651
0.941336657448858194 -0.231197741605222884 0.145805257166176955
0.940918531927665169 -0.232974721411752073 0.145447824250710761
0.940639535815726680 -0.234152228491950609 0.145092077971046479
0.940360355876324938 -0.235324066951877520 0.144738020473525603
0.939941264111836761 -0.237071287962173194 0.144385653894300470
0.939661669570505009 -0.238229139644802912 0.144034980359321579
0.939381926102441867 -0.239381471775645116 0.143686001984324796
0.939102042771961409 -0.240528327958982269 0.143338720874818359
0.938681974387983509 -0.242238441234130020 0.142993139126070229
0.938401778478367254 -0.243371800950140549 0.142649258823095815
0.938121471366484938 -0.244499840364091836 0.142307082040644906
0.937841060392746728 -0.245622604696020708 0.141966610843189456
0.937560552530813718 -0.246740139457901853 0.141627847284910818
0.937139623449519732 -0.248406736337843714 0.141290793409687837
0.936858901542118039 -0.249511397929998380 0.140955451251084163
0.936578104371518894 -0.250610991144840589 0.140621822832335985
0.936297237349420053 -0.251705562479037637 0.140289910166339848
0.936016305553123651 -0.252795158605386094 0.139959715255640799
0.935735313738666141 -0.253879826326840197 0.139631240092419895
0.935313723111355744 -0.255497689803036554 0.139304486658482385
0.935032599999396252 -0.256570241978272162 0.138979456925245687
0.934751431067955441 -0.257638030328598222 0.138656152853727538
0.934470219700602400 -0.258701102019273710 0.138334576394534364
0.934188968995950830 -0.259759504235793082 0.138014729487848986
0.933907681771678710 -0.260813284175029303 0.137696614063419348
0.933626360575587455 -0.261862489011069788 0.137380232040546862
0.933345007689280859 -0.262907165888147387 0.137065585328074641
0.933063625134993968 -0.263947361903804689 0.136752675824376058
0.932782214681019406 -0.264983124094280487 0.136441505417343317
0.932500777858267682 -0.266014499384295000 0.136132075984376016
0.932219315953901284 -0.267041534616933640 0.135824389392369904
0.931937830027546932 -0.268064276503613474 0.135518447497705474
0.931656320915678848 -0.269082771616789951 0.135214252146237057
0.931374789239660217 -0.270097066370033223 0.134911805173281107
0.931093235412855158 -0.271107207001612560 0.134611108403605934
0.930811659649395384 -0.272113239552554509 0.134312163651419847
0.930530061970245570 -0.273115209854843166 0.134014972720361059
0.930248442210496851 -0.274113163515253777 0.133719537403486022
0.929966800030497254 -0.275107145886258897 0.133425859483258913
0.929685134920934741 -0.276097202058454283 0.133133940731541361
0.929544293563082880 -0.276590771838026050 0.132843782909580932
0.929262592754076522 -0.277575022636490920 0.132555387768000910
0.928980867058074145 -0.278555458683364565 0.132268757046789781
0.928699115442702561 -0.279532123990339887 0.131983892475290826
0.928417336742448862 -0.280505062229187085 0.131700795772191348
0.928135529673030368 -0.281474316694132032 0.131419468645512461
0.927853692835679755 -0.282439930298780451 0.131139912792598762
0.927712762789205669 -0.282921385075608711 0.130862129900108481
0.927430878461255270 -0.283881616932721792 0.130586121644002573
0.927148960443603065 -0.284838313369036034 0.130311889689535138
0.926867007024263723 -0.285791515764927451 0.130039435691243210
0.926726016482565917 -0.286266819506229175 0.129768761292936907
0.926444006598185932 -0.287214857391089873 0.129499868127689266
0.926161956749670612 -0.288159502555232927 0.129232757817826449
0.925879865029813232 -0.289100794606038269 0.128967431974918306
0.925738802865051058 -0.289570195433559718 0.128703892199768077
0.925456644699386599 -0.290506530843314237 0.128442140082403289
0.925174439785898972 -0.291439609654863430 0.128182177202065650
0.925033319184404901 -0.291904939594421320 0.127924005127202034
0.924751040465044083 -0.292833203715783308 0.127667625415454483
0.924468710103878433 -0.293758303903544016 0.127413039613651358
0.924327524956956470 -0.294219678765913872 0.127160249257797620
0.924045113544102570 -0.295140100150657447 0.126909255873065646
0.923762645767325363 -0.296057446029277083 0.126660060973786071
0.923621390177848833 -0.296514976339861236 0.126412666063438650
0.923338834504735639 -0.297427772661944478 0.126167072634643274
0.923197533997424769 -0.297883046915648930 0.125923282169150691
0.922914886632283604 -0.298791367813383058 0.125681296137833798
0.922632176187017095 -0.299696744928197867 0.125441116000678810
0.922490796854947392 -0.300148339258044183 0.125202743206776296
0.922207989131209827 -0.301049358368294440 0.124966179194312452
0.922066560427789894 -0.301498790546599615 0.124731425390560466
0.921783652624539429 -0.302395518224364168 0.124498483211871971
0.921642173267549936 -0.302842820782871280 0.124267354063668414
0.921359163080502475 -0.303735320534230580 0.124038039340432532
0.921217632056029578 -0.304180524431798049 0.123810540425700069
0.920934517743069891 -0.305068856582336068 0.123584858692051325
0.920792934332939295 -0.305511991164736152 0.123360995501102993
0.920651333358892821 -0.305954442204510901 0.123138952203499741
0.920368078618099439 -0.306837305617923273 0.122918730138906251
0.920226424832016776 -0.307277723820582493 0.122700330635999083
0.919943064496694385 -0.308156547270174330 0.122483755012458659
0.919801358018719650 -0.308594957940600156 0.122269004574961190
0.919517892737890419 -0.309469790221585550 0.122056080619171087
0.919376134102401821 -0.309906216844110460 0.121844984429732739
0.919234358277809305 -0.310341987009096432 0.121635717280263234
0.918950755582677248 -0.311211567223195984 0.121428280433344166
0.918808929020575871 -0.311645381713711145 0.121222675140514505
0.918667085884323109 -0.312078548635690567 0.121018902642262602
0.918383350711641899 -0.312942947861290899 0.120816964168019139
0.918241459136521998 -0.313374184019386715 0.120616860936149317
0.918099551909148381 -0.313804780322019639 0.120418594153945749
0.917957629309591683 -0.314234738513228751 0.120222165017621091
0.917673739230254970 -0.315092747126566042 0.120027574712300855
0.917531772417222058 -0.315520800655070321 0.119834824412016289
0.917389791572605029 -0.315948222266032974 0.119643915279697144
0.917247797087666017 -0.316375013312025111 0.119454848467164781
0.916963768865473372 -0.317226708762255893 0.119267625115125314
0.916821736025659417 -0.317651615481906457 0.119082246353162544
0.916679691336780955 -0.318075896279844728 0.118898713299731174
0.916537635308781962 -0.318499552111469464 0.118717027062150135
0.916395568470878885 -0.318922583867716491 0.118537188736595883
0.916111404624049386 -0.319766778266742935 0.118359199408095833
0.915969308806364291 -0.320187942267623538 0.118183060150521657
0.915827204560797581 -0.320608484912867309 0.118008772026582914
0.915685092547620094 -0.321028406678818601 0.117836336087820667
0.915542973453992048 -0.321447707958937956 0.117665753374601195
0.915400847988135924 -0.321866389081448379 0.117497024916109374
0.915258716893016411 -0.322284450269932132 0.117330151730342946
0.915116580933657220 -0.322701891680991670 0.117165134824105996
0.914974440900823138 -0.323118713394091650 0.117001975193003135
0.914832297618393908 -0.323534915390910005 0.116840673821433358
0.914690151931947248 -0.323950497588949227 0.116681231682584041
0.914548004717475882 -0.324365459816857216 0.116523649738425272
0.914405856879961787 -0.324779801819456593 0.116367928939703880
0.914263709350747966 -0.325193523265641271 0.116214070225937813
0.914121563089813849 -0.325606623742547230 0.116062074525410328
0.913979419085948708 -0.326019102755763734 0.115911942755164490
0.913837278356045446 -0.326430959731647152 0.115763675820997711
0.913695141946342604 -0.326842194014831500 0.115617274617456051
0.913553010931084097 -0.327252804872250003 0.115472740027829104
0.913410886412013956 -0.327662791495345829 0.115330072924144461
0.913268769524762769 -0.328072152982240628 0.115189274167162514
0.913126661427520747 -0.328480888371513291 0.115050344606371285
0.912984563312560615 -0.328888996608030448 0.114913285079981331
0.912842476399106317 -0.329296476565837160 0.114778096414920497
0.912700401933611127 -0.329703327046860672 0.114644779426829185
0.912700401933611127 -0.329703327046860672 0.114513334920055415
0.912558341195182865 -0.330109546766169215 0.114383763687649603
0.912416295490390494 -0.330515134367402097 0.114256066511360263
0.912274266156666069 -0.330920088413793168 0.114130244161628980
0.912132254554771760 -0.331324407409624710 0.114006297397585929
0.911990262082122305 -0.331728089763481393 0.113884226967045130
0.911990262082122305 -0.331728089763481393 0.113764033606500142
0.911848290158317032 -0.332131133829316083 0.113645718041119337
0.911706340236297930 -0.332533537875809637 0.113529280984741868
0.911564413797097961 -0.332935300101360965 0.113414723139873122
0.911564413797097961 -0.332935300101360965 0.113302045197680529
0.911422512348465608 -0.333336418638818022 0.113191247837989437
0.911280637427995144 -0.333736891546268177 0.113082331729278909
0.911280637427995144 -0.333736891546268177 0.112975297528677909
0.911138790602101567 -0.334136716812043322 0.112870145881961009
0.910996973464230808 -0.334535892358500175 0.112766877423544909
0.910996973464230808 -0.334535892358500175 0.112665492776484119
0.910855187635444596 -0.334934416042012462 0.112565992552467672
0.910713434767807417 -0.335332285643084427 0.112468377351815099
0.910713434767807417 -0.335332285643084427 0.112372647763472971
0.910571716537696974 -0.335729498886071065 0.112278804365011281
0.910430034649147402 -0.336126053430207350 0.112186847722619942
0.910430034649147402 -0.336126053430207350 0.112096778391105545
0.910288390836670014 -0.336521946861711774 0.112008596913887773
0.910288390836670014 -0.336521946861711774 0.111922303822996186
0.910146786858291534 -0.336917176714415567 0.111837899639067123
0.910146786858291534 -0.336917176714415567 0.111755384871340541
0.910005224500343379 -0.337311740455958631 0.111674760017656721
0.910005224500343379 -0.337311740455958631 0.111596025564453569
0.909863705573009440 -0.337705635500976653 0.111519181986763555
0.909863705573009440 -0.337705635500976653 0.111444229748210735
0.909722231916724633 -0.338098859193825763 0.111371169301008127
0.909722231916724633 -0.338098859193825763 0.111300001085954892
0.909580805398511272 -0.338491408818833828 0.111230725532433697
0.909580805398511272 -0.338491408818833828 0.111163343058408165
0.909439427903298681 -0.338883281624757560 0.111097854070420235
0.909439427903298681 -0.338883281624757560 0.111034258963587817
0.909439427903298681 -0.338883281624757560 0.110972558121602394
0.909298101349417687 -0.339274474782408797 0.110912751916726629
0.909298101349417687 -0.339274474782408797 0.110854840709792277
0.909156827675079438 -0.339664985422167720 0.110798824850197819
0.909156827675079438 -0.339664985422167720 0.110744704675906469
0.909156827675079438 -0.339664985422167720 0.110692480513444172
0.909015608845932688 -0.340054810613546088 0.110642152677897440
0.909015608845932688 -0.340054810613546088 0.110593721472911730
0.909015608845932688 -0.340054810613546088 0.110547187190689372
0.908874446850325701 -0.340443947378516909 0.110502550111987896
0.908874446850325701 -0.340443947378516909 0.110459810506118417
0.908874446850325701 -0.340443947378516909 0.110418968630943887
0.908874446850325701 -0.340443947378516909 0.110380024732877557
0.908733343700966367 -0.340832392687236918 0.110342979046881562
0.908733343700966367 -0.340832392687236918 0.110307831796465444
0.908733343700966367 -0.340832392687236918 0.110274583193684828
0.908733343700966367 -0.340832392687236918 0.110243233439140137
0.908733343700966367 -0.340832392687236918 0.110213782721975392
0.908592301431804916 -0.341220143466856585 0.110186231219877029
0.908592301431804916 -0.341220143466856585 0.110160579099072869
0.908592301431804916 -0.341220143466856585 0.110136826514331099
0.908592301431804916 -0.341220143466856585 0.110114973608959388
0.908592301431804916 -0.341220143466856585 0.110095020514803896
0.908592301431804916 -0.341220143466856585 0.110076967352248589
0.908592301431804916 -0.341220143466856585 0.110060814230214563
0.908592301431804916 -0.341220143466856585 0.110046561246159164
0.908451322101815562 -0.341607196591510509 0.110034208486075674
0.908451322101815562 -0.341607196591510509 0.110023756024492547
0.908451322101815562 -0.341607196591510509 0.110015203924473198
0.908451322101815562 -0.341607196591510509 0.110008552237615381
0.908451322101815562 -0.341607196591510509 0.110003801004051049
0.908451322101815562 -0.341607196591510509 0.110000950252446050
0.908451322101815562 -0.341607196591510509 0.110000000000000001
