-0.708899161538111389 -0.415655481919748659 0.739999999999999991
-0.708899161538111389 -0.415655481919748659 0.739999049747553928
-0.708899161538111389 -0.415655481919748659 0.739996198995948928
-0.708899161538111389 -0.415655481919748659 0.739991447762384680
-0.708899161538111389 -0.415655481919748659 0.739984796075526807
-0.708899161538111389 -0.415655481919748659 0.739976243975507431
-0.710749399778801139 -0.410613439690989346 0.739965791513924276
-0.710749399778801139 -0.410613439690989346 0.739953438753840897
-0.710749399778801139 -0.410613439690989346 0.739939185769785457
-0.710749399778801139 -0.410613439690989346 0.739923032647751389
-0.710749399778801139 -0.410613439690989346 0.739904979485196068
-0.710749399778801139 -0.410613439690989346 0.739885026391040590
-0.710749399778801139 -0.410613439690989346 0.739863173485668879
-0.710749399778801139 -0.410613439690989346 0.739839420900927136
-0.710749399778801139 -0.410613439690989346 0.739813768780122949
-0.712613369963323362 -0.405402101417210003 0.739786217278024627
-0.712613369963323362 -0.405402101417210003 0.739756766560859869
-0.712613369963323362 -0.405402101417210003 0.739725416806315206
-0.712613369963323362 -0.405402101417210003 0.739692168203534561
-0.714490617015049678 -0.400006766810823977 0.739657020953118471
-0.714490617015049678 -0.400006766810823977 0.739619975267122420
-0.714490617015049678 -0.400006766810823977 0.739581031369056063
-0.714490617015049678 -0.400006766810823977 0.739540189493881561
-0.716380371381698189 -0.394411031775243615 0.739497449888012137
-0.716380371381698189 -0.394411031775243615 0.739452812809310633
-0.716380371381698189 -0.394411031775243615 0.739406278527088290
-0.716380371381698189 -0.394411031775243615 0.739357847322102524
-0.718281462366364032 -0.388596540342204200 0.739307519486555820
-0.718281462366364032 -0.388596540342204200 0.739255295324093509
-0.718281462366364032 -0.388596540342204200 0.739201175149802103
-0.720192208082666041 -0.382542692980495369 0.739145159290207743
-0.720192208082666041 -0.382542692980495369 0.739087248083273307
-0.722110275205132268 -0.376226302349856712 0.739027441878397529
-0.722110275205132268 -0.376226302349856712 0.738965741036412216
-0.722110275205132268 -0.376226302349856712 0.738902145929579812
-0.724032499514287053 -0.369621185438334721 0.738836656941591730
-0.724032499514287053 -0.369621185438334721 0.738769274467566239
-0.725954655238757685 -0.362697678439831861 0.738699998914045142
-0.725954655238757685 -0.362697678439831861 0.738628830698991878
-0.727871157107935818 -0.355422057447157547 0.738555770251789201
-0.727871157107935818 -0.355422057447157547 0.738480818013236395
-0.729774673425931608 -0.347755843843448542 0.738403974435546395
-0.729774673425931608 -0.347755843843448542 0.738325239982343340
-0.731655620622645331 -0.339654968113937694 0.738244615128659576
-0.731655620622645331 -0.339654968113937694 0.738162100360932882
-0.733501498772747174 -0.331068759210240982 0.738077696177003806
-0.733501498772747174 -0.331068759210240982 0.737991403086112219
-0.735296012020985046 -0.321938718408527114 0.737903221608894433
-0.735296012020985046 -0.321938718408527114 0.737813152277379980
-0.737017895614194618 -0.312197026481814799 0.737721195634988725
-0.738639339152936447 -0.301764720606004344 0.737627352236526979
-0.738639339152936447 -0.301764720606004344 0.737531622648184837
-0.740123848804491447 -0.290549462900629496 0.737434007447532291
-0.741423322103551885 -0.278442806206152471 0.737334507223515900
-0.741423322103551885 -0.278442806206152471 0.737233122576455124
-0.742474005813987370 -0.265316846676801943 0.737129854118038996
-0.743190851691866272 -0.251020141668160890 0.737024702471322124
-0.743190851691866272 -0.251020141668160890 0.736917668270721027
-0.743459547449439540 -0.235372776004799111 0.736808752162010583
-0.743125133824003914 -0.218160503450209181 0.736697954802319477
-0.743125133824003914 -0.218160503450209181 0.736585276860126870
-0.741975548009329522 -0.199128022427312062 0.736470719015258179
-0.739717538567316701 -0.177971770273283314 0.736354281958880641
-0.735940988772410210 -0.154333357914881397 0.736235966393499863
-0.730065482720434145 -0.127796381820205834 0.736115773032954834
-0.730065482720434145 -0.127796381820205834 0.735993702602414035
-0.721259579389497807 -0.097892831595305541 0.735869755838370998
-0.708318405529266504 -0.064132774292171291 0.735743933488639756
-0.689479248293689118 -0.026086937657272546 0.735616236312350402
-0.662151428369470496 0.016414441906184185 0.735486665079944646
-0.662151428369470496 0.016414441906184185 0.735355220573170709
-0.622550778114966286 0.062833695658944144 0.735221903585079439
-0.565311149747750541 0.110963788690606274 0.735086714920018758
-0.483444873030464073 0.154988927390632802 0.734949655393628665
-0.369892661996206351 0.182051175569511281 0.734810725832837464
-0.223721671467033478 0.168012766346269743 0.734669927075855544
-0.065039393622402603 0.078512954088070561 0.734527259972170943
0.046790642100699970 -0.109361085997263768 0.734382725382543899
0.022387360980549692 -0.360843908954190606 0.734236324179002309
-0.205632135487934520 -0.550045304468809282 0.734088057244835501
-0.577250376079225913 -0.402182709355079049 0.733937925474589692
-0.374994398383113936 0.114315776714936340 0.733785929774062096
0.061784005587306866 -0.101811142560697662 0.733632071060296154
0.062225388526734926 -0.386538036695059262 0.733476350261574761
-0.034027307554136077 -0.528780648098041484 0.733318768317415937
-0.128743388049807145 -0.595812960875249820 0.733159326178566717
-0.207847783902227717 -0.626470810424547775 0.732998024806996828
-0.272050463377943641 -0.638653089143847996 0.732834865175894024
-0.324203603258673256 -0.641028995929680323 0.732669848269657087
-0.366957423236299651 -0.638069147329959896 0.732502975083890617
-0.402407442946699945 -0.632197529163194716 0.732334246625398921
-0.432144899484655953 -0.624777824035422369 0.732163663912179352
-0.457369082870594468 -0.616596979592552996 0.731991227973417091
-0.478987668474790462 -0.608115982750745743 0.731816939849478376
-0.514021574941988302 -0.591225029167698035 0.731640800591904172
-0.528388377521412433 -0.583062562270709295 0.731462811263404067
-0.541122632057645436 -0.575166030450218635 0.731282972937849940
-0.552485996391867018 -0.567556999399862483 0.731101286700268749
-0.562688863594367206 -0.560241140886994171 0.730917753646837420
-0.571901958549987821 -0.553214483574563709 0.730732374884874636
-0.587893291139469421 -0.539986930345611515 0.730545151532835280
-0.594882627835434219 -0.533758746443195098 0.730356084720302889
-0.601313227605818068 -0.527767789599677739 0.730165175587983772
-0.607252672497881063 -0.521999084246167366 0.729972425287699123
-0.617878831313624199 -0.511070891427536256 0.729777834982378915
-0.622656278308263866 -0.505884381292831087 0.729581405846054243
-0.627126684443784388 -0.500866246389477410 0.729383139063850661
-0.635267282435212688 -0.491289997188768535 0.729183035831980852
-0.638988384885704530 -0.486711318998418907 0.728981097357737307
-0.642505418558662500 -0.482259809745634427 0.728777324859485542
-0.645836710674952408 -0.477926988428303889 0.728571719566655895
-0.652005014463230226 -0.469586603678680992 0.728364282719736744
-0.654869163375232710 -0.465565051584002521 0.728155015570267294
-0.660214658652140796 -0.457788022005586437 0.727943919380828919
-0.662715389582026360 -0.454021392424552361 0.727730995425038829
-0.665112763708354482 -0.450329234972869363 0.727516244987541416
-0.669626612379160435 -0.443150036690368065 0.727299669364000922
-0.671756010764545941 -0.439654594385015807 0.727081269861093782
-0.675787902272492524 -0.432832975834990474 0.726861047796500293
-0.677700268363670588 -0.429499856833629567 0.726639004498896957
-0.679549528271839787 -0.426214223449107865 0.726415141307948709
-0.683074714513272396 -0.419773453227787419 0.726189459574299923
-0.684758029911771815 -0.416612656991344255 0.725961960659567529
-0.687983289884469551 -0.410396789556902453 0.725732645936331688
-0.689531829082522862 -0.407336488582385026 0.725501516788128020
-0.692517399828317837 -0.401297958234679786 0.725268574609439609
-0.693961638769226896 -0.398314136625830817 0.725033820805687568
-0.696774680097110410 -0.392401273977271481 0.724797256793223710
-0.699529318315513793 -0.386532177252406572 0.724558883999321224
-0.700910347722990323 -0.383597303807468260 0.724318703862166235
-0.703792290653168617 -0.377657286846754647 0.724076717830849370
-0.705401967284585152 -0.374586478635966447 0.723832927365356760
-0.710035170124974857 -0.367596774718959018 0.723587333936561383
-0.716097592358637902 -0.361817082559953873 0.723339939026213963
-0.698396173729010306 -0.367796031672666945 0.723090744126934415
-0.706725412549102594 -0.358788670320979830 0.722839750742202303
-0.708450322927148823 -0.355629797812632931 0.722586960386348620
-0.711021515958043526 -0.349788843015809148 0.722332374584545467
-0.713099107189491987 -0.344194980059005395 0.722075994872797944
-0.714038381190410743 -0.341440010889408063 0.721817822797934383
-0.715781110001280307 -0.335973733550250342 0.721557859917596800
-0.717382365747852857 -0.330537246043460353 0.721296107800231900
-0.718138562118074808 -0.327822997502747293 0.721032568025081755
-0.719571906040443965 -0.322392173306464858 0.720767242182173473
-0.720907788757781165 -0.316947106289982183 0.720500131872310767
-0.722152124051544608 -0.311476041608950760 0.720231238707063071
-0.722741053097968100 -0.308727360433307396 0.719960564308756767
-0.723853572182098004 -0.303197137734105782 0.719688110310464868
-0.724879434855199012 -0.297614409541966385 0.719413878355997460
-0.725818153516438969 -0.291968602748920281 0.719137870099891496
-0.726668185517593046 -0.286248793499135512 0.718860087207401133
-0.727059191472665622 -0.283357584647881411 0.718580531354487628
-0.727771143662498843 -0.277505093292787497 0.718299204227808685
-0.728386229662611684 -0.271548635659687121 0.718016107524709124
-0.728899370176343653 -0.265474746077728807 0.717731242953210224
-0.729304322322144705 -0.259268863631354263 0.717444612231999179
-0.729593538568314104 -0.252915146514859746 0.717156217090419101
-0.729691986081055455 -0.249677498657764063 0.716866059268458589
-0.729790128043811270 -0.243069007267457116 0.716574140516741065
-0.729746625157066897 -0.236266042700542911 0.716280462596514012
-0.729547563025683798 -0.229246450618644015 0.715985027279638975
-0.729176428700460955 -0.221985602368936052 0.715687836348580131
-0.728613598150795738 -0.214456008304861112 0.715388891596394072
-0.727835692907994214 -0.206626867580854551 0.715088194826718926
-0.726814768555002821 -0.198463542993037284 0.714785747853762921
-0.725517285064343542 -0.189926948158733844 0.714481552502294504
-0.723902791582743954 -0.180972833246843684 0.714175610607630129
-0.721922234070382252 -0.171550955426732876 0.713867924015623934
-0.719515760257124048 -0.161604122047599469 0.713558494582656633
-0.716609848363706115 -0.151067100324532633 0.713247324175623976
-0.713113517346322889 -0.139865400343955171 0.712934414671925309
-0.708913277546860288 -0.127913964926466395 0.712619767959453143
-0.703866336881108445 -0.115115851780197509 0.712303385936580713
-0.697791367643142091 -0.101361091459934077 0.711985270512151103
-0.690455830654807756 -0.086526088373758664 0.711665423605465697
-0.681558401137805525 -0.070474274431377770 0.711343847146272412
-0.670704382498991558 -0.053059364875346293 0.711020543074754374
-0.649564624111921063 -0.024062178197022888 0.710695513341517593
-0.631126760502998096 -0.002640637420155190 0.710368759907580083
-0.607969763737163271 0.020494427569278273 0.710040284744359096
-0.578588099563637770 0.045178104711390416 0.709710089833660129
-0.540930611483047774 0.070857037531874389 0.709378177167664048
-0.492247423421172892 0.096210429947423654 0.709044548748915870
-0.429021483796662384 0.118449289215850018 0.708709206590312113
-0.298410151509791999 0.132821858972472395 0.708372152715089243
-0.184618253577037650 0.113028276940691702 0.708033389156810689
-0.056686518559863688 0.048809694539197146 0.707692917959355072
0.060738007406091185 -0.077335197001355951 0.707350741176904108
0.125341568954925375 -0.365147783101372414 0.707006860873929721
0.058627664614149450 -0.554996582241284675 0.706661279125181618
-0.067914281601675675 -0.686836158028079180 0.706313998015675182
-0.208747435040011697 -0.751939210642445177 0.705965019640678482
-0.388660021284343182 -0.763869271378344039 0.705614346105699508
-0.478497527041627291 -0.743066067118425710 0.705261979526474403
-0.547558698979601854 -0.713575025020347753 0.704907922028953582
-0.600622306472089695 -0.681484876725577671 0.704552175749289300
-0.659203787271453678 -0.634369490404830261 0.704194742833822995
-0.688768507365608684 -0.605050150335115222 0.703835625439072410
-0.713419608619053514 -0.577534730609874702 0.703474825731717712
-0.745122765259297770 -0.538742181243586860 0.703112345888589618
-0.765395145042336855 -0.513213735174150143 0.702748188096655402
-0.802018194439027998 -0.469454189695290180 0.702382354553006127
-0.843556957421388698 -0.422670364363374296 0.702014847464843106
-0.948343615927611849 -0.266743512080053091 0.701645669049464793
-0.524823900697669710 -0.537314847571576881 0.701274821534253578
-0.663062539697429121 -0.501080612140513804 0.700902307156661686
-0.717226461114211955 -0.466325128285865920 0.700528128164198294
-0.733878130911855164 -0.450312919768537878 0.700152286814415881
-0.745115080467155244 -0.437030688223893682 0.699774785374896457
-0.756858974438656018 -0.420204413705138058 0.699395626123237801
-0.762718547060360019 -0.410387855307015437 0.699014811347040133
-0.769719537909401175 -0.397155503063648163 0.698632343343891682
-0.773556377775256876 -0.389116810648543032 0.698248224421355368
-0.778436998821686377 -0.377991634375902441 0.697862456896954697
-0.781245341836831919 -0.371097467892063937 0.697475043098159664
-0.784950035495211584 -0.361413089337070448 0.697085985362372984
-0.787147120528810085 -0.355337539547091519 0.696695286036915662
-0.790116431983642231 -0.346717043681269876 0.696302947479013001
-0.792766890974471949 -0.338612926329530106 0.695908972055780284
-0.794387880318431328 -0.333462447297208475 0.695513362144208891
-0.796636234494657258 -0.326072139142599748 0.695116120131151316
-0.798029750109051861 -0.321347497955873806 0.694717248413307176
-0.799985173243558334 -0.314532303662923174 0.694316749397208888
-0.801801210939492526 -0.308010769003061124 0.693914625499206461
-0.802944803527379736 -0.303810444253873824 0.693510879145453840
-0.804572289518485695 -0.297710431736643744 0.693105512771893584
-0.805604950788771812 -0.293766782904756441 0.692698528824242432
-0.807084597948765636 -0.288019636820823044 0.692289929757976541
-0.808490288168330684 -0.282457282882396687 0.691879718038316605
-0.809390757575228381 -0.278843130814491802 0.691467896140213090
-0.810692147399157292 -0.273551554722026191 0.691054466548331137
-0.811940207459909358 -0.268403229744516247 0.690639431757035682
-0.812745462372585159 -0.265044379931429042 0.690222794270376361
-0.813916865061969474 -0.260107746870788858 0.689804556602072627
-0.815048360456412824 -0.255283953179069101 0.689384721275498102
-0.816143759785969092 -0.250563672807579019 0.688963290823665919
-0.816855625502120097 -0.247470135696766014 0.688540267789212845
-0.817898009423623895 -0.242904066954600317 0.688115654724384629
-0.818912217401327136 -0.238420780228361717 0.687689454191019900
-0.819900568740262070 -0.234013768405536532 0.687261668760535072
-0.820546123822949447 -0.231115180799275649 0.686832301013909019
-0.821495801513238977 -0.226822344609763554 0.686401353541667092
-0.822424557253898958 -0.222591033533934113 0.685968828943865794
-0.823333867765318805 -0.218416529582247082 0.685534729830076905
-0.824225046192968325 -0.214294485818362246 0.685099058819371831
-0.825099262368341968 -0.210220888118130916 0.684661818540305611
-0.825673169825866582 -0.207530224917145428 0.684223011630901601
-0.826521379356913721 -0.203529249916777288 0.683782640738634817
-0.827355168404720676 -0.199567401692995833 0.683340708520416507
-0.828175310339808624 -0.195641629105499815 0.682897217642577936
-0.828982496623276166 -0.191749088305840198 0.682452170780854406
-0.829777345172886482 -0.187887123995159389 0.682005570620368706
-0.830560407596387829 -0.184053252735090739 0.681557419855615576
-0.831332175457232148 -0.180245148051159848 0.681107721190444715
-0.832093085711096414 -0.176460627117616592 0.680656477338045240
-0.832843525439805776 -0.172697638780937440 0.680203691020928702
-0.833338171960208540 -0.170199984568629337 0.679749364970912762
-0.834071898358074826 -0.166468649777135769 0.679293501929105314
-0.834795972298874145 -0.162753943027468262 0.678836104645886729
-0.835510629434974339 -0.159054211466723605 0.678377175880894634
-0.836216070746709450 -0.155367891702595795 0.677916718403006269
-0.836912464710341530 -0.151693502930735524 0.677454734990322271
-0.837599949182081027 -0.148029640602882984 0.676991228430149805
-0.838278633021665720 -0.144374970585932905 0.676526201518985459
-0.838948597485751568 -0.140728223716191481 0.676059657062499042
-0.839609897403212235 -0.137088190717008729 0.675591597875515815
-0.840478199658971636 -0.132243269625089699 0.675122026782000395
-0.841119354026777843 -0.128614500398112175 0.674650946615038660
-0.841751846904878032 -0.124988786465225599 0.674178360216821981
-0.842375627517358394 -0.121365124974941452 0.673704270438628683
-0.842990621737639945 -0.117742549201348412 0.673228680140807945
-0.843596732067449784 -0.114120124277236279 0.672751592192761816
-0.844193837404766834 -0.110496942820198951 0.672273009472928451
-0.844781792575696411 -0.106872120373196156 0.671792934868764235
-0.845360427594389230 -0.103244790582583179 0.671311371276726909
-0.845929546612763095 -0.099614099982894388 0.670828321602257471
-0.846673179485571747 -0.094766488744618183 0.670343788759763304
-0.847219176039869737 -0.091124665300454988 0.669857775672599853
-0.847754795171989928 -0.087476650087199626 0.669370285273053756
-0.848279705973774334 -0.083821568757988352 0.668881320502324628
-0.848793537371961726 -0.080158518190964922 0.668390884310507527
-0.849295872657359396 -0.076486553742758034 0.667898979656575076
-0.849946950293572145 -0.071574993165235634 0.667405609508359698
-0.850420527851697083 -0.067878198638516907 0.666910776842535635
-0.850880784269101742 -0.064168811096077361 0.666414484644600846
-0.851326992751763045 -0.060445467569287759 0.665916735908859470
-0.851898606147815429 -0.055456584993407887 0.665417533638403169
-0.852308495050738024 -0.051694207653837920 0.664916880845093483
-0.852700879328717409 -0.047911603278659509 0.664414780549543171
-0.853074238725664458 -0.044106037556038313 0.663911235781098785
-0.853539144463913324 -0.038990258067313599 0.663406249577821461
-0.853859940270497053 -0.035116348272781595 0.662899824986468933
-0.854153204449860537 -0.031204037951267305 0.662391965062477772
-0.854414488493270952 -0.027245166832508882 0.661882672869943733
-0.854702199422453401 -0.021874104794427029 0.661371951481604547
-0.854860372026953752 -0.017753967868493703 0.660859803978820493
-0.854953074074637609 -0.013525276820282428 0.660346233451555964
-0.854931592057742162 -0.007638059115502249 0.659831242998361267
-0.854747885923867079 -0.002927481779778252 0.659314835726353410
-0.854091511814289772 0.004090362658873192 0.658797014751197674
-0.852958481845705885 0.010503745140057197 0.658277783197088628
-0.850350296232487146 0.019520044628993094 0.657757144196731369
-0.831828508712419090 0.055518635977158115 0.657235100891322421
-0.895141250972549263 -0.079972756351260610 0.656711656430531421
-0.870583677838468017 -0.006571256741230158 0.656186813972481464
-0.865401727982340718 0.010339763387864020 0.655660576683730012
-0.864004017262140378 0.017456155897515147 0.655132947739250349
-0.863048796640628169 0.024986260160491047 0.654603930322411820
-0.862626676494651301 0.029993998996807880 0.654073527624961182
-0.862244172950172860 0.036261024654450524 0.653541742847002838
-0.862027350197484887 0.040787472574211892 0.653008579196979855
-0.861780842424370475 0.046693360469155676 0.652474039891654756
-0.861607654534517931 0.051065697803624632 0.651938128156089536
-0.861373179367326047 0.056856186978114842 0.651400847223626678
-0.861185616639134066 0.061186372467912475 0.650862200335869279
-0.860910010536755088 0.066960695113273128 0.650322190742662065
-0.860678776098537934 0.071301106757172772 0.649780821702071409
-0.860331030293786769 0.077111962631844222 0.649238096480365567
-0.860036523709520773 0.081494035413612387 0.648694018351995028
-0.859593201597740109 0.087376811032084500 0.648148590599572971
-0.859218889496982330 0.091824042212238721 0.647601816513855399
-0.858658317741754828 0.097807848948780252 0.647053699393721038
-0.858187691720238899 0.102341299941606068 0.646504242546151686
-0.857486871644401516 0.108454182899516971 0.645953449286212344
-0.856694284129229766 0.114654111451682417 0.645401322937030675
-0.856033861874736623 0.119367494449410638 0.644847866829777683
-0.855056713636603183 0.125745752022853041 0.644293084303647068
-0.854244820739894051 0.130606597309977202 0.643736978705835461
-0.853045966835974223 0.137201688367399655 0.643179553391521885
-0.851699738798300410 0.143941265679916997 0.642620811723847774
-0.850582471769756543 0.149101258554617644 0.642060757073896426
-0.848932351612754821 0.156137604220797532 0.641499392820673031
-0.847560955053477061 0.161544485686167916 0.640936722351083898
-0.845530788312159221 0.168947226605848544 0.640372749059916258
-0.843238380687082234 0.176598740300796753 0.639807476349817827
-0.840641785970092759 0.184534234303971978 0.639240907631276056
-0.838463968910863500 0.190697165274474001 0.638673046322597582
-0.835202541434834744 0.199235640745115627 0.638103895849887803
-0.831460362822938892 0.208195243338231140 0.637533459647030010
-0.828279564474630581 0.215233496870039565 0.636961741155665062
-0.823439660020362174 0.225110880161621230 0.636388743825169967
-0.817767012526259940 0.235647384845122987 0.635814471112637336
-0.812839953917045888 0.244058689089056868 0.635238926482855071
-0.805147974349645468 0.256078861087248422 0.634662113408284490
-0.795818298679862091 0.269199988626066700 0.634084035369040122
-0.784304435785158960 0.283669460739818524 0.633504695852868616
-0.769793587980597382 0.299799786049718187 0.632924098355127196
-0.756212856428161495 0.313215771595956094 0.632342246378763129
-0.732990904668844090 0.333205462729457669 0.631759143434292514
-0.701090078249530402 0.355941736574590495 0.631174793039778748
-0.655172979777986830 0.381351137599690970 0.630589198720811650
-0.605785891105082630 0.401087353167767668 0.630002364010486038
-0.505698198759402029 0.421713068937494828 0.629414292449380408
-0.338102844036193118 0.405626409227183682 0.628824987585535511
-0.090836204600256515 0.234155288647484860 0.628234452974433477
-0.046791734966802431 -0.259009775163226652 0.627642692178975614
-0.498785686747602153 -0.524589671400487179 0.627049708769460978
-0.811333920871544101 -0.389431558873273742 0.626455506323565503
-0.903840246392182967 -0.266950711658197948 0.625860088426319683
-0.949773944629574540 -0.145340131299178887 0.625263458670087813
-0.962611694575939536 -0.062158698805687751 0.624665620654545006
-0.963922912878754423 -0.003069737026672903 0.624066577986656545
-0.961069503850938922 0.041053778054480239 0.623466334280656009
-0.956776031328731125 0.075539105270164608 0.622864893158023070
-0.952110847800425208 0.103559642884382019 0.622262258247461841
-0.947499932888656304 0.127083000293941706 0.621658433184878789
-0.943104357650610847 0.147380541184459146 0.621053421613361412
-0.938971825564549167 0.165305609578199120 0.620447227183155481
-0.936045247328801233 0.177555956687812877 0.619839853551643394
-0.932357337421406474 0.192651819725251083 0.619231304383322301
-0.928888263794590774 0.206635213514557547 0.618621583349781567
-0.925607464172176986 0.219759157937174043 0.618010694129680793
-0.922484791866337472 0.232218723201202015 0.617398640408728050
-0.919491710757664338 0.244168172212736789 0.616785425879656679
-0.916601573770361444 0.255732720920775369 0.616171054242203975
-0.913789456547134948 0.267016850616611456 0.615555529203088425
-0.911031770061784485 0.278110376740508813 0.614938854475987173
-0.908305752227641872 0.289093049739399421 0.614321033781514036
-0.905588873366748315 0.300038207187976858 0.613702070847196968
-0.902858152449065088 0.311015842480450555 0.613081969407454963
-0.900089354097953653 0.322095365752864571 0.612460733203576524
-0.897256011104138995 0.333348286280068906 0.611838365983696564
-0.894328186431600947 0.344851031731020274 0.611214871502773316
-0.890481509841045682 0.359710633501798271 0.610590253522566684
-0.887201580568213410 0.372103188307660981 0.609964515811614816
-0.883681696739591960 0.385071466829195963 0.609337662145211567
-0.879849493008060479 0.398758908392624734 0.608709696305383963
-0.875608848660054173 0.413343395764995125 0.608080622080868771
-0.870828478944514428 0.429050411926028441 0.607450443267090412
-0.865323812504779299 0.446171937682679931 0.606819163666137418
-0.858827205024089935 0.465094186226162776 0.606186787086739787
-0.850937069224178111 0.486339102954670088 0.605553317344246333
-0.841027118227472670 0.510627396408628309 0.604918758260600598
-0.828076104292750137 0.538974641112156982 0.604283113664319305
-0.804816607390846706 0.582387056066593467 0.603646387390467831
-0.776262118718814564 0.626145126819037112 0.603008583280637778
-0.730961214175712803 0.681065237200879636 0.602369705182924098
-0.652507223426852523 0.749293281591901339 0.601729756951901340
-0.503543012686518909 0.821813581638424218 0.601088742448600111
-0.215670355185002327 0.821641617100121069 0.600446665540484759
0.139127578547164288 0.324562612668230721 0.599803530101429061
-0.161434017270761676 -0.110946356915172406 0.599159340011693797
-0.497335297771217932 -0.129208693269724478 0.598514099157902213
-0.664918269289279218 -0.039661397256664677 0.597867811433017704
-0.744669634559675275 0.043698988716885878 0.597220480736319392
-0.792383435662286639 0.122460625677105306 0.596572110973379255
-0.811854072897141621 0.169786736612076550 0.595922706056038476
-0.823134954592723789 0.207547637363605486 0.595272269902383133
-0.829744870797099354 0.238535489374350929 0.594620806436721661
-0.833516968318648077 0.264628105793564494 0.593968319589560312
-0.835752450008124592 0.292258587230649958 0.593314813297580179
-0.836249059438019415 0.311404243737183450 0.592660291503612213
-0.835966446838655175 0.328555303574948943 0.592004758156615130
-0.835117243975111334 0.344128710950119876 0.591348217211650096
-0.833470319535837056 0.361841138705445986 0.590690672629857860
-0.831797850045893128 0.374884343966831568 0.590032128378433995
-0.829879126574348147 0.387112502458710150 0.589372588430605804
-0.827201477302489940 0.401450814672522027 0.588712056765608116
-0.824874453167081190 0.412288907568073626 0.588050537368658643
-0.822407981238941321 0.422652868649738611 0.587388034230934886
-0.819819011695644195 0.432607993203573904 0.586724551349549261
-0.816429853077871970 0.444557827902527403 0.586060092727525461
-0.813607817466929895 0.453775496860573502 0.585394662373774133
-0.810695222808628824 0.462727998074674240 0.584728264303068901
-0.806935400067642639 0.473591008334333319 0.584060902536021609
-0.803837322301879986 0.482049778135571816 0.583392581099058893
-0.800662455298241982 0.490325553643132683 0.582723304024396649
-0.796589437552749358 0.500440116836659454 0.582053075350017379
-0.793249585967466642 0.508366276773887238 0.581381899119644441
-0.788974989738289612 0.518088542974851629 0.580709779382718061
-0.785476493040823120 0.525731674332894139 0.580036720194371247
-0.781908493896687373 0.533265655818415674 0.579362725615404806
-0.777351134180387371 0.542542522346993183 0.578687799712263029
-0.773627401208007326 0.549860568863598131 0.578011946557009382
-0.769834315432248895 0.557093737305157211 0.577335170227301964
-0.764994959712987255 0.566024561319116493 0.576657474806368309
-0.761044534594462307 0.573086894424952864 0.575978864382981293
-0.756006889960776030 0.581819246759677666 0.575299343051434375
-0.751896247883648061 0.588733500639278984 0.574618914911516843
-0.746655991330782309 0.597292537933282852 0.573937584068489048
-0.742381142167500618 0.604076537906995337 0.573255354633057546
-0.738031777636946051 0.610807350234719770 0.572572230721350661
-0.732488669333424935 0.619149842781406834 0.571888216454893183
-0.727967670875960038 0.625769719855637119 0.571203315960581826
-0.722206276270835001 0.633980151807562731 0.570517533370660246
-0.717507452591911399 0.640499095535792762 0.569830872822694068
-0.711519512017908751 0.648588559929859088 0.569143338459545789
-0.706635839338445315 0.655014419889650479 0.568454934429350356
-0.700412048960681211 0.662991564358411001 0.567765664885489074
-0.695335658836700343 0.669330400207551524 0.567075533986565739
-0.688865639404835362 0.677201808664660621 0.566384545896380986
-0.683587781931477956 0.683458145908092507 0.565692704783906763
-0.676860018952453291 0.691228604559093851 0.565000014823262009
-0.671371004222041989 0.697405609457966369 0.564306480193686899
-0.664372761586674354 0.705078283679861251 0.563612105079517756
-0.658661879918711723 0.711177874751011796 0.562916893670161955
-0.651379086460003531 0.718754414590212165 0.562220850160072394
-0.645434506153920284 0.724777322064166896 0.561523978748722397
-0.637851612495043518 0.732257907656163498 0.560826283640580292
-0.631660252136915012 0.738203687890125471 0.560127769045084101
-0.623760053109381984 0.745587021154588414 0.559428439176616110
-0.617307423806627287 0.751454029349400199 0.558728298254477340
-0.609070839543169873 0.758737274105047876 0.558027350502862229
-0.602340850609223488 0.764522595440178976 0.557325600150833100
-0.593746656833440745 0.771701264154882494 0.556623051432294513
-0.586721376190172950 0.777400600276894616 0.555919708585968286
-0.577745871246000187 0.784468381365619583 0.555215575855366850
-0.568547241216341259 0.791471082404600956 0.554510657488768932
-0.561021821521609398 0.797024400054720750 0.553804957739192694
-0.551399083064398443 0.803902168740522005 0.553098480864371078
-0.543521938176132147 0.809350919904430421 0.552391231126725279
-0.533442939245048486 0.816091462386881350 0.551683212793339983
-0.523094960159899425 0.822749321036462367 0.550974430135936832
-0.514614767186000521 0.828012480479955570 0.550264887430848670
-0.503751309641335521 0.834507467904962108 0.549554588958994228
-0.494841231820461969 0.839632094874879775 0.548843539005852032
-0.483416835899300346 0.845942363068047154 0.548131741861434318
-0.471658545907071458 0.852138605249345260 0.547419201820261936
-0.461999664762546225 0.857007128538732177 0.546705923181337261
-0.449594653614017958 0.862973197356399990 0.545991910248119217
-0.436801917738283807 0.868795072866614504 0.545277167328497070
-0.426273313371641704 0.873339562713668416 0.544561698734763899
-0.412723675005144119 0.878865833067411950 0.543845508783591502
-0.398716523580501692 0.884204012841888209 0.543128601796003752
-0.387161382822418187 0.888325532485749636 0.542410982097350503
-0.372253150659720866 0.893271601977801977 0.541692654017281949
-0.356795286625410768 0.897963883932641149 0.540973621889721756
-0.344006571996876120 0.901514202020140099 0.540253890052841745
-0.327455753143587769 0.905667474428205943 0.539533462849035028
-0.310231840122911384 0.909465189902282756 0.538812344624890471
-0.295932052563593118 0.912214391328310281 0.538090539731165718
-0.277356570536314462 0.915241039132160039 0.537368052522761430
-0.257940990138887938 0.917748171936511925 0.536644887358695422
-0.241754892370244806 0.919325301917923166 0.535921048602074901
-0.220637867381054453 0.920679360134224467 0.535196540620071826
-0.198455738563359851 0.921238223084495655 0.534471367783895701
-0.179878448627903920 0.921018532510702759 0.533745534468767047
-0.155529448073072563 0.919767187266079755 0.533019045053891527
-0.129822994127852143 0.917235937224308406 0.532291903922433307
-0.102640983947896003 0.913168373953897494 0.531564115461488407
-0.079751987969081062 0.908595676795505680 0.530835684062058610
-0.049613552641544989 0.900902393377763788 0.530106614119024488
-0.017683169966449641 0.890557209689449847 0.529376910031119641
0.016108217060573971 0.876952630117425302 0.528646576200903162
0.044487053437468282 0.863213965201208300 0.527915617034733886
0.081561167145464464 0.841682786919322079 0.527184036942743628
0.120157846305055271 0.814228223822006214 0.526451840338810095
0.159716292050882835 0.779442490243055341 0.525719031640530909
0.191381773659253018 0.745216756593270802 0.524985615269196515
0.229580997636638529 0.692862598845498057 0.524251595649763980
0.263769908418454824 0.628076974284110356 0.523516977210829459
0.289968814363268379 0.549265626829191111 0.522781764384602554
0.301422810163518073 0.475725079974725906 0.522045961606878439
0.297853619460482832 0.371991318842148144 0.521309573317012220
0.267062452537094597 0.259939355932649996 0.520572603957891289
0.202598303835266946 0.149435628498809814 0.519835057975908787
0.103014622981481466 0.054812168850673089 0.519096939820936853
0.002328995784504499 0.000896055655466827 0.518358253946300196
-0.137789092768184185 -0.029973807018548425 0.517619004808748007
-0.276825267018624421 -0.018129451655325091 0.516879196868428425
-0.398957514897959831 0.029712979231705100 0.516138834588860784
-0.495162328581081279 0.101401707022041515 0.515397922436909073
-0.552038299379523201 0.167481659536408478 0.514656464882754738
-0.600242921743015634 0.252662047413552138 0.513914466399869707
-0.627486860378254963 0.334692536778706806 0.513171931464990072
-0.638873814228511416 0.410083871114913012 0.512428864558087671
-0.638869026120044259 0.477497884389014637 0.511685270162344774
-0.630982019256391857 0.536852412832763082 0.510941152764125550
-0.620768372596573470 0.578892672030962618 0.510196516852949977
-0.604729246547140331 0.625308870741664191 0.509451366921466198
-0.586325776333226023 0.665714999528211004 0.508705707465423762
-0.566514369070796775 0.700939896804380957 0.507959542983646317
-0.545944765521165443 0.731730055979939786 0.507212877978004517
-0.525052941702927933 0.758734386479573142 0.506465716953388712
-0.508304891552555427 0.777986739804907401 0.505718064417682078
-0.487490022133061807 0.799511755958618231 0.504969924881733090
-0.466925847322504584 0.818588919512815760 0.504221302859328868
-0.446689888495273524 0.835557699030386347 0.503472202867166985
-0.426824606582587973 0.850702400994582386 0.502722629424828926
-0.407348631771576319 0.864261526974487326 0.501972587054753117
-0.388264476635038824 0.876435701228675423 0.501222080282206495
-0.369563820665189890 0.887394274672488548 0.500471113635258535
-0.354869139689279245 0.895383100474290483 0.499719691644752828
-0.336816295464390458 0.904500809249622284 0.498967818844280431
-0.319092368537366111 0.912753496861497426 0.498215499770152170
-0.301671937484867980 0.920233738228232290 0.497462738961371664
-0.284527822561173926 0.927021483841721450 0.496709540959607176
-0.267631350658201594 0.933186200485217943 0.495955910309165471
-0.250952319278042735 0.938788657114670078 0.495201851556962724
-0.234458683414848268 0.943882430971081821 0.494447369252498770
-0.218115953637658677 0.948515197366570750 0.493692467947828284
-0.205125116083944126 0.951918449286949464 0.492937152197534589
-0.188955425950283584 0.955826959494639028 0.492181426558700674
-0.172817249733382305 0.959385767954450741 0.491425295590883215
-0.156653704372951064 0.962629662829652344 0.490668763856084045
-0.140394894268326076 0.965592368272472523 0.489911835918723060
-0.123951860904861322 0.968307629048296814 0.489154516345610635
-0.107207135914028973 0.970810483113291545 0.488396809705919865
-0.089999438762412232 0.973138816403012030 0.487638720571159257
-0.072097785513043466 0.975335267631863068 0.486880253515145078
-0.053155337332067953 0.977449361045078513 0.486121413113973777
-0.032621741629871304 0.979538914765484714 0.485362203945993942
-0.009562905976778946 0.981666374067282188 0.484602630591779604
0.011816274171581376 0.983425052109187736 0.483842697634101593
0.044953084473405513 0.985621900450594834 0.483082409657900780
0.092231838247468723 0.987079762048204579 0.482321771250259546
0.175571283016926205 0.982369607807679124 0.481560787000374912
0.392258308917273091 0.906636079741824141 0.480799461499530345
-0.075432607869539717 0.027438440062382035 0.480037799341068050
-0.257791186816968443 0.782920306461462490 0.479275805120361664
-0.140895698506625144 0.886458023951012475 0.478513483434788112
-0.081829141198872246 0.916234044926685698 0.477750838883700013
-0.044091478281877816 0.928966367337232701 0.476987876068398153
-0.016105689170112458 0.935381543639981938 0.476224599592103282
0.006636336187956560 0.938777772081741180 0.475461014059928577
0.026226296526521975 0.940477241453571811 0.474697124078852117
0.043762231298098031 0.941107097625307087 0.473932934257688454
0.059874814985623248 0.941001759700797358 0.473168449207061581
0.074951856418680074 0.940355717567372795 0.472403673539376345
0.089244922878448152 0.939289959557074838 0.471638611868791302
0.102924385186633605 0.937883935974228811 0.470873268811190182
0.116109790733403884 0.936192207299917256 0.470107648984154913
0.128887558973526273 0.934253685452379079 0.469341757006936922
0.141321768019454952 0.932097039159502594 0.468575597500429597
0.153460986273123989 0.929743997226135654 0.467809175087140594
0.165342743501054046 0.927211443691683956 0.467042494391163687
0.176996541395474216 0.924512789907520949 0.466275560038151071
0.188445931848518433 0.921658898356676692 0.465508376655285161
0.199709983490319765 0.918658719954371650 0.464740948871250947
0.208598385710592638 0.916158323369526073 0.463973281316208130
0.219566437020316030 0.912912925164362177 0.463205378621762642
0.230386643385759760 0.909539495964962419 0.462437245420939558
0.241068562676420572 0.906042884802648163 0.461668886348154228
0.251620377363719783 0.902427318980353221 0.460900306039185248
0.262049163696972787 0.898696509403663302 0.460131509131145422
0.272361101381909554 0.894853731381670570 0.459362500262455065
0.282561638460595899 0.890901887216575483 0.458593284072812746
0.292655622070055077 0.886843555108217219 0.457823865203168145
0.302647402872581961 0.882681027668440699 0.457054248295693633
0.312540919032400000 0.878416342459072741 0.456284437993756620
0.322339764109141114 0.874051306344418633 0.455514438941891142
0.332047242223763084 0.869587515006982059 0.454744255785770268
0.341666413036266325 0.865026368653841082 0.453973893172177512
0.351200128591250993 0.860369084664985739 0.453203355748979131
0.360651063493048485 0.855616707821382105 0.452432648165096596
0.370021739728694066 0.850770118527175434 0.451661775070477334
0.379314547068294317 0.845830039418561386 0.450890741116067750
0.388531759840957558 0.840797040607240920 0.450119550953784642
0.397675550697006441 0.835671543796453697 0.449348209236487384
0.406748001907182799 0.830453825407127866 0.448576720617949509
0.415751114555294621 0.825144018869103379 0.447805089752831120
0.424686816026197123 0.819742116142204047 0.447033321296650354
0.433556966017886847 0.814247968559622448 0.446261419905755630
0.444117143742895348 0.807532811307097087 0.445489390237297223
0.452849322118584974 0.801834509096066239 0.444717236949199513
0.461521494497482365 0.796042539785185688 0.443944964700132727
0.470135277345871239 0.790156159312566331 0.443172578149484575
0.478692234551746254 0.784174477531824565 0.442400081957332769
0.487193878148930448 0.778096455304476020 0.441627480784416215
0.495641668546050185 0.771920900934192078 0.440854779292107424
0.504037014272450623 0.765646465927208419 0.440081982142383921
0.512381271328002930 0.759271639991415781 0.439309093997800659
0.520675742089752980 0.752794745248979602 0.438536119521461376
0.528921673871915798 0.746213929553083188 0.437763063376990780
0.537120257061616924 0.739527158841572607 0.436989930228506185
0.545272622886493696 0.732732208407998797 0.436216724740589701
0.553379840780064414 0.725826652964784103 0.435443451578259699
0.561442915321912261 0.718807855353883252 0.434670115406943058
0.569462782721007921 0.711672953735587699 0.433896720892446575
0.577440306824088534 0.704418847036534013 0.433123272700929207
0.585376274559911924 0.697042178439011950 0.432349775498873712
0.593271390808122634 0.689539316605459085 0.431576233953058608
0.601126272561450681 0.681906334333135966 0.430802652730529700
0.608941442305022007 0.674138984226883675 0.430029036498572770
0.616717320500924648 0.666232670938788907 0.429255389924684039
0.624454217022614833 0.658182419404682362 0.428481717676543417
0.632152321306110654 0.649982838473867286 0.427708024421985300
0.639811691061179744 0.641628079090051706 0.426934314828971262
0.647432239172079260 0.633111786136366206 0.426160593565560908
0.655013718462371219 0.624427042821126710 0.425386865299884787
0.662555703823765940 0.615566306248945150 0.424613134700115247
0.670057571152450793 0.606521332559412762 0.423839406434439070
0.677518472304401653 0.597283089656991728 0.423065685171028827
0.684937305113694106 0.587841655152825382 0.422291975578014622
0.692312677261923692 0.578186096533323202 0.421518282323456672
0.699642862383772712 0.568304329983550294 0.420744610075315939
0.706925746360215657 0.558182953347047817 0.419970963501427319
0.714158761090932681 0.547807047704816918 0.419197347269470222
0.721338802270057200 0.537159940555639981 0.418423766046941481
0.728462126408714994 0.526222921915085462 0.417650224501126266
0.735524221008530543 0.514974902187731454 0.416876727299070882
0.742519639476446502 0.503391997727702600 0.416103279107553403
0.749441789513194845 0.491447025991507191 0.415329884593057030
0.756282659593579099 0.479108886828801039 0.414556548421740223
0.763032462223628416 0.466341799490488040 0.413783275259410332
0.769679164293539775 0.453104355366521216 0.413010069771493848
0.776207862639842872 0.439348333578434558 0.412236936623009365
0.782599944892790944 0.425017208980906669 0.411463880478538657
0.788831948930004856 0.410044257798155620 0.410690906002199319
0.794873993474358942 0.394350132473770265 0.409918017857616057
0.800687589784483955 0.377839730227185977 0.409145220707892665
0.806222545975022631 0.360398113736277670 0.408372519215583762
0.812401776998191494 0.338039486153852764 0.407599918042667209
0.817057663490811770 0.318009806852271926 0.406827421850515403
0.821128898715693833 0.296473174267703810 0.406055035299867251
0.824435241862647161 0.273147933353139805 0.405282763050800465
0.826720482829970682 0.247676477935851208 0.404510609762702811
0.827612215920386918 0.219600666166570146 0.403738580094244404
0.826555579832203624 0.188329503640862345 0.402966678703349568
0.822700852702345831 0.153099061322247598 0.402194910247168913
0.814706812432694827 0.112930527697669703 0.401423279382050524
0.800386270189750837 0.066612422383260594 0.400651790763512761
0.776051620185019830 0.012797577539633620 0.399880449046215336
0.735301840671032103 -0.049489916475977669 0.399109258883932283
0.666904187193251952 -0.119003702432294189 0.398338224929522700
0.552117910013297575 -0.186314415904205111 0.397567351834903382
0.367490092011667213 -0.217625551919906374 0.396796644251020736
0.121122135843570358 -0.131528964911007795 0.396026106827822577
-0.056988791821649815 0.144264621759167488 0.395255744214229765
-0.000993646659124409 0.475235972263844952 0.394485561058108725
0.205213540330302924 0.659481584214148264 0.393715562006243303
0.403126537833326526 0.702277161504303971 0.392945751704306401
0.546902171247284130 0.680174777268201525 0.392176134796831943
0.645418768317927327 0.637348771072108411 0.391406715927187232
0.713738718400408478 0.590985493256216632 0.390637499737544969
0.762690383702400720 0.546722222013231618 0.389868490868854556
0.799059389935415698 0.505989701200202924 0.389099693960814785
0.827017546582080709 0.468794385332418184 0.388331113651845694
0.849169215394997789 0.434717231974856344 0.387562754579060531
0.867182519963239695 0.403262809973682412 0.386794621378237391
0.882155879416787303 0.373973541607612314 0.386026718683791847
0.894832005327425462 0.346459392573938207 0.385259051128749030
0.905725395653454224 0.320398169217495310 0.384491623344714872
0.915200217792317861 0.295526811874707918 0.383724439961849018
0.923519131041812269 0.271631092166543908 0.382957505608836291
0.929473178222289587 0.253098394064523169 0.382190824912859439
0.936162877761343659 0.230539770850290926 0.381424402499570547
0.942120562521510441 0.208542633290069779 0.380658242993063167
0.947432235769813946 0.187005588161234582 0.379892351015845064
0.952163346413431366 0.165844306450608936 0.379126731188809796
0.956363853458205293 0.144988295189085015 0.378361388131208842
0.960071873267482556 0.124378361507456014 0.377596326460623632
0.963316345570195853 0.103964614164314684 0.376831550792938397
0.966119009499233683 0.083704882280410176 0.376067065742311524
0.968495887563120661 0.063563458587775234 0.375302875921148027
0.970458414135321967 0.043510096093826223 0.374538985940071401
0.972014304100387472 0.023519203552904377 0.373775400407896752
0.973168229542956009 0.003569197761474352 0.373012123931601880
0.973922353300448629 -0.016358019840391758 0.372249161116299909
0.974276754890087138 -0.036277487516981233 0.371486516565211977
0.974229774946684279 -0.056201528264561373 0.370724194879638425
0.973778297609746879 -0.076140031016091236 0.369962200658932039
0.972917985451527856 -0.096100680416903117 0.369200538500469633
0.971643478004402761 -0.116089144946323108 0.368439212999625065
0.969948562337463072 -0.136109231312394607 0.367678228749740488
0.967826322178593879 -0.156163011546196995 0.366917590342099198
0.965269270605929153 -0.176250928069713708 0.366157302365898329
0.962269470217575140 -0.196371881053826247 0.365397369408220485
0.959545297220790294 -0.212490751195902494 0.364637796054006091
0.955727528297526163 -0.232663749369072581 0.363878586886026256
0.951443305131985051 -0.252859083126177664 0.363119746484854844
0.946683933791688359 -0.273070376644552915 0.362361279428840721
0.941440749850252168 -0.293289984032292450 0.361603190294080168
0.935705207949016460 -0.313509030569318392 0.360845483654389343
0.929468969577647464 -0.333717452526385183 0.360088164081276974
0.922723989384972465 -0.353904036877690731 0.359331236143916044
0.915462600136971005 -0.374056462058595274 0.358574704409116762
0.907677596291777578 -0.394161340732073817 0.357818573441299359
0.899362316004287177 -0.414204265424181983 0.357062847802465555
0.890510721252690485 -0.434169857746846577 0.356307532052171694
0.883039687498833437 -0.450075730808259078 0.355552630747501208
0.873209798628991951 -0.469860479414887622 0.354798148443037253
0.862830659188589255 -0.489520143026843324 0.354044089690834618
0.851899285700727038 -0.509036180881187850 0.353290459040392801
0.840413661671485679 -0.528389381722025653 0.352537261038628369
0.828372796367823128 -0.547559941135326134 0.351784500229847863
0.815776777671605835 -0.566527543811164769 0.351032181155719714
0.802626818228818761 -0.585271450539506688 0.350280308355247205
0.788925294243984832 -0.603770589435760341 0.349528886364741498
0.777569307210077221 -0.618379353181513713 0.348777919717793483
0.762884781492868980 -0.636384112712955252 0.348027412945247028
0.747661762491847570 -0.654084153299752002 0.347277370575171052
0.731907251729080777 -0.671458028720537170 0.346527797132833160
0.715629477444996054 -0.688484437710289887 0.345778697140671221
0.698837878514171118 -0.705142326398573549 0.345030075118266999
0.681543077245520545 -0.721410989590075435 0.344281935582318011
0.667352800749975050 -0.734132047278187261 0.343534283046611377
0.649182625372738742 -0.749649417987784839 0.342787122021995572
0.630544910423097238 -0.764722273660101926 0.342040457016353661
0.611454318806764041 -0.779332105276375198 0.341294292534576271
0.591926397823296702 -0.793461188376014204 0.340548633078533836
0.571977477549611923 -0.807092655902442169 0.339803483147050112
0.551624552899570686 -0.820210562130969656 0.339058847235874428
0.535063091679696345 -0.830325028753736483 0.338314729837655315
0.514027371046493764 -0.842481480637864211 0.337571135441912362
0.492637515254418012 -0.854085034980674007 0.336828068535010128
0.470911583652733279 -0.865123628337293282 0.336085533600130215
0.448867378549221874 -0.875586250090413021 0.335343535117245406
0.431014457110584392 -0.883534905401988979 0.334602077563091016
0.408440085552768617 -0.892936273322969543 0.333861165411139194
0.385592730719625632 -0.901736096205119186 0.333120803131571552
0.362485212337816165 -0.909926824791068567 0.332380995191252027
0.339127113056518437 -0.917501443059524968 0.331641746053699893
0.320263635303644323 -0.923112953144291204 0.330903060179063069
0.296461706994549767 -0.929561123875350281 0.330164942024091357
0.272401467221632276 -0.935372469851890598 0.329427396042108855
0.248054946185194664 -0.940536223408682481 0.328690426682987813
0.223365745289149098 -0.945036245183597301 0.327954038393121539
0.203297902525433505 -0.948140770251403864 0.327218235615397535
0.177654644613174983 -0.951362655479780939 0.326483022789170574
0.151032293114984284 -0.953765205502162372 0.325748404350236054
0.122579571676966814 -0.955132444705258488 0.325014384730803463
0.097035367403983497 -0.955083237338519409 0.324280968359469235
0.055107956588557661 -0.951582033475863343 0.323548159661190049
-0.059627497065656232 -0.916064207485482340 0.322815963057256461
0.184156888815034003 -0.970812536209130661 0.322084382965266092
0.086801258074558019 -0.970372822165442961 0.321353423799096927
0.041176810802399155 -0.967298864160296645 0.320623089968880448
0.009090177375631281 -0.964805492688774358 0.319893385880975489
-0.018768840091768713 -0.962270812598971181 0.319164315937941478
-0.039621125139212676 -0.960046990298161984 0.318435884538511682
-0.064648894827909364 -0.956934046966679497 0.317708096077566726
-0.088909821722565341 -0.953405803950756470 0.316980954946108506
-0.112619025368488390 -0.949439572749279370 0.316254465531233042
-0.131269342346022833 -0.945944898528213618 0.315528632216104443
-0.154244901079582220 -0.941172549638039202 0.314803459379928152
-0.176885697327972491 -0.935953069992142339 0.314078951397925132
-0.194775727402800691 -0.931458450267616866 0.313355112641304667
-0.216874407999310292 -0.925446371074247986 0.312631947477238548
-0.238689832230788768 -0.919003240222592499 0.311909460268834315
-0.260228367219211776 -0.912136689293184477 0.311187655375109562
-0.277262172854267352 -0.906343996459527346 0.310466537150965005
-0.298309433072576680 -0.898735788084717435 0.309746109947158288
-0.319084646332377764 -0.890727293295640710 0.309026378110278277
-0.335508466885246270 -0.884037993196187699 0.308307345982718140
-0.355791647615544715 -0.875330363270964917 0.307589017902649531
-0.375799108669317483 -0.866246159930123771 0.306871398203996282
-0.391605101622044760 -0.858713290003517815 0.306154491216408586
-0.411110593617925013 -0.848972275516935992 0.305438301265236245
-0.426511772793952526 -0.840924631048584947 0.304722832671503130
-0.445506945060855697 -0.830553327850008682 0.304008089751880761
-0.464214699678698439 -0.819843088439592971 0.303294076818662772
-0.478972007567794122 -0.811036162175151509 0.302580798179738097
-0.497155016106188286 -0.799735630671059461 0.301868258138565604
-0.515042259608522901 -0.788117988331213715 0.301156460994148056
-0.529137014717907972 -0.778600687811430880 0.300445411041005861
-0.546483998800697202 -0.766431446307592856 0.299735112569151418
-0.560142408684306536 -0.756482665146626321 0.299025569864063145
-0.576938700643464530 -0.743786265966684956 0.298316787206659995
-0.593424422370805615 -0.730807513199688952 0.297608768873274754
-0.606387123318442911 -0.720226265461849424 0.296901519135629122
-0.622305283252275299 -0.706758232500471317 0.296195042260807340
-0.634809481775188478 -0.695795358745403214 0.295489342511231157
-0.650148888509557432 -0.681862625612277395 0.294784424144633184
-0.665161859300495317 -0.667682496569203199 0.294080291414031747
-0.676934831524427794 -0.656165516487511868 0.293376948567705464
-0.691351324888266006 -0.641559848105255903 0.292674399849167044
-0.702642543894625882 -0.629712774110286810 0.291972649497137970
-0.716451157976174979 -0.614707617353054347 0.291271701745522582
-0.727251560554611265 -0.602551623053888652 0.290571560823383868
-0.740441088782497148 -0.587173894221145298 0.289872230954915933
-0.750741847322339728 -0.574730892700203833 0.289173716359419908
-0.763301483963983562 -0.559008480098822980 0.288476021251277581
-0.773094181146044335 -0.546301191189216717 0.287779149839927695
-0.785013750430871182 -0.530263015212413036 0.287083106329838189
-0.796573641229508023 -0.514062296082150150 0.286387894920482278
-0.805560769305837088 -0.500991015993517363 0.285693519806313190
-0.816466591994835400 -0.484521576986575386 0.284999985176738024
-0.824927342207756653 -0.471247818426906995 0.284307295216093381
-0.835171645775222515 -0.454541136355207487 0.283615454103619102
-0.843100631002676848 -0.441090427687688080 0.282924466013434350
-0.850791876272983805 -0.427569431046572024 0.282234335114511015
-0.860070572133284195 -0.410577278947677815 0.281545065570649733
-0.867224576614566534 -0.396917228529318267 0.280856661540454244
-0.875830247896439373 -0.379767918280086103 0.280169127177306077
-0.882445031088855525 -0.365995536622877093 0.279482466629339732
-0.890376199179656158 -0.348722616356197390 0.278796684039418097
-0.896451399937758575 -0.334864809886182946 0.278111783545106850
-0.903708667304370494 -0.317501930373280117 0.277427769278649428
-0.909245626151717778 -0.303585582586810010 0.276744645366942488
-0.915831756313670642 -0.286166231521369052 0.276062415931510929
-0.920833560674273022 -0.272217986643661036 0.275381085088483135
-0.925598969120443482 -0.258264005985097800 0.274700656948565658
-0.931225002661246193 -0.240821261236212947 0.274021135617018741
-0.935462806912135236 -0.226873006762259410 0.273342525193631669
-0.940433655962409576 -0.209453271423537479 0.272664829772698014
-0.944151170616551183 -0.195535899186368767 0.271988053442990652
-0.947640221310963149 -0.181640085004052265 0.271312200287737060
-0.951683168848010075 -0.164307766966236612 0.270637274384595228
-0.954665333184828047 -0.150477447744383153 0.269963279805628786
-0.958081392063182768 -0.133241273994329723 0.269290220617281972
-0.960567756742551015 -0.119498986875850477 0.268618100880355593
-0.962837675991983888 -0.105802717169837135 0.267946924649982543
-0.965374607818583752 -0.088753277486068261 0.267276695975603384
-0.967167035784741280 -0.075175226930778660 0.266607418900941251
-0.968751693992162655 -0.061655945320597039 0.265939097463978480
-0.970444707938157736 -0.044845025446740461 0.265271735696931188
-0.971572467417351149 -0.031471089943203745 0.264605337626225900
-0.972502036749022247 -0.018167267368088102 0.263939907272474572
-0.973390012964684415 -0.001640943727126365 0.263275448650450827
-0.973885054656207449 0.011493645122654383 0.262611965769065092
-0.974192162541823725 0.024548237355902669 0.261949462631341390
-0.974314593836636877 0.037520087203596231 0.261287943234391862
-0.974212952536839927 0.053614583168656749 0.260627411569394229
-0.973931950860669637 0.066390935794062800 0.259967871621566038
-0.973477080720007271 0.079076567822582211 0.259309327370142229
-0.972669129108428621 0.094802738654792051 0.258651782788349882
-0.971835402822890826 0.107276513583600186 0.257995241843384959
-0.970838804996563054 0.119652987697927204 0.257339708496387765
-0.969682729547991840 0.131930404252362077 0.256685186702419799
-0.968018534516898566 0.147135394003073960 0.256031680410439610
-0.966516019387450687 0.159184127319760227 0.255379193563278428
-0.964865012544158129 0.171128908676433322 0.254727730097616900
-0.963068866237757559 0.182968469136836676 0.254077293943961557
-0.960624656737147697 0.197618188689548779 0.253427889026620723
-0.958514099590813684 0.209216897670786051 0.252779519263680752
-0.956269151232245762 0.220706962322811395 0.252132188566982385
-0.953893064255803891 0.232087528869704962 0.251485900842097765
-0.951389061984708961 0.243357829723390817 0.250840659988306292
-0.948084038753325142 0.257289607194706949 0.250196469898570972
-0.945303850516152178 0.268309419725542897 0.249553334459515330
-0.942406003599991937 0.279217012974579348 0.248911257551399867
-0.939393582899298085 0.290011935709281188 0.248270243048098749
-0.936269638990720798 0.300693799520654170 0.247630294817075935
-0.933037188016850982 0.311262274538927297 0.246991416719362256
-0.929699211803359349 0.321717085266918779 0.246353612609532258
-0.925382834347903582 0.334625419679725700 0.245716886335680784
-0.921818153575561849 0.344823732760893453 0.245081241739399380
-0.918157406996101932 0.354907813688860208 0.244446682655753811
-0.914403436736750952 0.364877574705620378 0.243813212913260191
-0.910559054446099414 0.374732962962827321 0.243180836333862671
-0.906627042466283561 0.384473957456710980 0.242549556732909621
-0.902610155130014080 0.394100566112133122 0.241919377919131262
-0.898511120093112403 0.403612823185793834 0.241290303694616182
-0.894332639740200275 0.413010786852345935 0.240662337854788411
-0.890077392595614247 0.422294537082503085 0.240035484188385162
-0.884654424709518938 0.433738766167589107 0.239409746477433349
-0.880236131620890982 0.442765929154969762 0.238785128497226773
-0.875749629037124278 0.451679268277275836 0.238161634016303414
-0.871197509376840040 0.460478938430250284 0.237539266796423398
-0.866582348046014195 0.469165109426449345 0.236918030592545070
-0.861906704464015627 0.477737965496171313 0.236297929152803232
-0.857173122939741683 0.486197705054361828 0.235678966218485830
-0.852384133403885080 0.494544540683651057 0.235061145524012804
-0.847542251950561765 0.502778699373932492 0.234444470796911636
-0.842649981203906773 0.510900422955092748 0.233828945757796114
-0.837709810477948458 0.518909968740833505 0.233214574120343354
-0.832724215733865458 0.526807610344143584 0.232601359591271956
-0.827695659307859710 0.534593638675814775 0.231989305870319185
-0.822626589433371080 0.542268363064997816 0.231378416650218466
-0.817519439523248681 0.549832112521864924 0.230768695616677788
-0.812376627240912974 0.557285237090414443 0.230160146448356639
-0.807200553344706528 0.564628109283476842 0.229552772816844636
-0.803298103934567798 0.570063147862900355 0.228946578386638622
-0.798069543191626041 0.577214047682667042 0.228341566815121244
-0.792814223848666622 0.584255847661573124 0.227737741752538220
-0.787534469447344954 0.591189018006104905 0.227135106841976964
-0.782232578371537146 0.598014058579330432 0.226533665719343968
-0.776910821651180861 0.604731500289251267 0.225933422013343488
-0.771571440568254330 0.611341906485508790 0.225334379345455083
-0.766216644208185027 0.617845874184467014 0.224736541329912165
-0.760848606873472999 0.624244035240382078 0.224139911573680239
-0.755469465458711520 0.630537057348293573 0.223544493676434614
-0.751429085298634947 0.635188248826771384 0.222950291230539055
-0.746035531592506240 0.641298995195122790 0.222357307821024419
-0.740636535528598872 0.647306630029305552 0.221765547025566445
-0.735234069872616969 0.653211961754773696 0.221175012414464467
-0.729830057333602622 0.659015837224319778 0.220585707550619681
-0.724426368040270052 0.664719141724288920 0.219997635989513968
-0.720374907233140793 0.668931174545441154 0.219410801279188383
-0.714976116827107822 0.674460724933459099 0.218825206960221313
-0.709582501969808765 0.679892334905810358 0.218240856565707519
-0.704195715008175904 0.685227030673258741 0.217657753621236849
-0.698817345397657719 0.690465874291516624 0.217075901644872893
-0.694790011865075718 0.694332762554934257 0.216495304147131529
-0.689430002200934311 0.699406524296612431 0.215915964630959911
-0.684082443634770998 0.704387529837307014 0.215337886591715516
-0.678748676508745152 0.709276964566899482 0.214761073517145018
-0.674758169225075255 0.712884676870870204 0.214185528887362697
-0.669451554510705038 0.717616801846196917 0.213611256174830066
-0.664162059775046720 0.722260760915149014 0.213038258844334860
-0.660206825524835450 0.725686643648767449 0.212466540352969940
-0.654949845281898368 0.730179418208874331 0.211896104150112174
-0.649712784140866639 0.734587612544055357 0.211326953677402479
-0.644496529217706504 0.738912566732608966 0.210759092368723977
-0.640598486911861720 0.742102471115501428 0.210192523650182150
-0.635420570917615279 0.746285025677912550 0.209627250940083665
-0.630265548509524653 0.750388099565665101 0.209063277648916135
-0.626414689509486422 0.753414080001523212 0.208500607179326947
-0.621301217818156615 0.757381405040803313 0.207939242926103607
-0.616212229233927600 0.761273079861477742 0.207379188276152232
-0.612411834217140405 0.764143033328646304 0.206820446608478120
-0.607366763541465127 0.767905692279764462 0.206263021294164489
-0.603599748015902327 0.770680493495229046 0.205706915696352854
-0.598599691174985571 0.774318426289594908 0.205152133170222351
-0.593625733776805498 0.777887006026906969 0.204598677062969414
-0.589912520921404671 0.780518763090471857 0.204046550713787689
-0.584984709720156038 0.783969309511786228 0.203495757453848236
-0.581306273180099309 0.786514122255872250 0.202946300606278940
-0.576424987253467913 0.789850835203670054 0.202398183486144662
-0.572781519877868517 0.792311830168174303 0.201851409400427062
-0.567946900751128081 0.795538843002248641 0.201305981648004950
-0.564338426381204683 0.797919090926368590 0.200761903519634410
-0.559550402626964205 0.801040455091374226 0.200219178297928596
-0.554788899399363045 0.804103231275303032 0.199677809257337857
-0.551235107112741707 0.806362631117637174 0.199137799664130727
-0.546519717225632418 0.809325926962870756 0.198599152776373439
-0.543000334498803805 0.811512146215222385 0.198061871843910497
-0.539495573552055019 0.813667862000535758 0.197525960108345194
-0.534845155362705826 0.816495571891204475 0.196991420803020012
-0.531374168818652626 0.818582064198483894 0.196458257152997223
-0.526768434328687141 0.821319259761364884 0.195926472375038851
-0.523330683228474869 0.823339179958063383 0.195396069677588241
-0.518768872984784801 0.825989328068322148 0.194867052260749796
-0.515363761356618766 0.827945224047221817 0.194339423316269994
-0.510845051657509597 0.830511650871831208 0.193813186027518514
-0.507471943989522445 0.832405963213722289 0.193288343569468529
-0.504112351542444492 0.834274602478065397 0.192764899108677640
-0.499653707729189156 0.836726909024180454 0.192242855803268775
-0.496325175878227332 0.838537259752207276 0.191722216802911405
-0.491907502833083932 0.840913313073170410 0.191202985248802360
-0.488609368296017810 0.842667545658966954 0.190685164273646623
-0.485324061223795511 0.844398364074958718 0.190168757001638655
-0.480963403048596083 0.846670336530413570 0.189653766548444014
-0.477707574335417662 0.848347941854141419 0.189140196021179541
-0.474464191729382978 0.850003328916004830 0.188628048518395514
-0.470158856356208021 0.852176535937979596 0.188117327130056300
-0.466944101871086092 0.853781386757649918 0.187608034937522289
-0.463741449308643805 0.855365118316515072 0.187100175013531100
-0.460550804788650681 0.856928041804780882 0.186593750422178684
-0.456315138302417711 0.858980093863052852 0.186088764218901248
-0.453152175803092749 0.860495628506754096 0.185585219450456806
-0.450000945840834443 0.861991332486252038 0.185083119154906633
-0.445817435892085223 0.863955232162115006 0.184582466361596864
-0.442693319179323586 0.865405723255548986 0.184083264091140619
-0.439580725088437152 0.866837272447515850 0.183585515355399187
-0.436479604743112037 0.868250129871354748 0.183089223157464454
-0.433389916137037312 0.869644538319737981 0.182594390491640279
-0.429288054553034426 0.871475457441759804 0.182101020343424957
-0.426224916237307849 0.872827722595960087 0.181609115689492451
-0.423173120951121862 0.874162297384436848 0.181118679497675406
-0.420132657904106532 0.875479394886903739 0.180629714726946222
-0.417103523715922408 0.876779221843247747 0.180142224327400208
-0.413082308939158649 0.878485805003864417 0.179656211240236729
-0.410079637540312680 0.879746103881910768 0.179171678397742395
-0.407088337593721206 0.880989778162399317 0.178688628723273041
-0.404108437946482602 0.882217009501885197 0.178207065131235742
-0.401139974743588312 0.883427974355865953 0.177726990527071554
-0.398182991341945403 0.884622844198705294 0.177248407807238162
-0.395237538166418656 0.885801785759795512 0.176771319859192089
-0.392303672574290108 0.886964961248786987 0.176295729561371350
-0.389381458673314196 0.888112528590968675 0.175821639783178052
-0.386470967112870323 0.889244641665237534 0.175349053384961262
-0.382608680390244982 0.890730344636519789 0.174877973217999694
-0.379725850797503539 0.891826975173571013 0.174408402124484219
-0.376855023309008441 0.892908638138494637 0.173940342937500991
-0.373996294079498637 0.893975472573053098 0.173473798481014518
-0.371149764331540954 0.895027614727287979 0.173008771569850284
-0.368315540058547719 0.896065198272101848 0.172545265009677762
-0.365493731631199692 0.897088354538331689 0.172083281596993737
-0.362684453424638953 0.898097212737857364 0.171622824119105372
-0.359887823430265152 0.899091900179792569 0.171163895354113277
-0.357103962848354384 0.900072542483666971 0.170706498070894802
-0.354332995653789951 0.901039263792034362 0.170250635029087161
-0.351575048146289870 0.901992186978050392 0.169796308979071303
-0.349743712890915937 0.902619863656966559 0.169343522661954737
-0.347007750515335889 0.903550060162310098 0.168892278809555235
-0.344285152689027318 0.904466781428284738 0.168442580144384513
-0.341576050407899401 0.905370147278431903 0.167994429379631272
-0.338880574879476371 0.906260277107337919 0.167547829219145628
-0.336198857003186746 0.907137290056348689 0.167102782357422014
-0.333531026937834818 0.908001305149806259 0.166659291479583554
-0.330877213604486631 0.908852441444880310 0.166217359261365216
-0.328237544228186240 0.909690818159303638 0.165776988369098488
-0.326485684262987741 0.910242706309426608 0.165338181459694394
-0.323869864790529371 0.911060082802588656 0.164900941180628258
-0.321268516754731226 0.911865019301695501 0.164465270169923072
-0.318681757263087451 0.912657636570800346 0.164031171056134129
-0.316109699644012587 0.913438056010717703 0.163598646458332858
-0.313552453054398383 0.914206399724698415 0.163167698986090987
-0.311855902184267841 0.914711980775385403 0.162738331239465017
-0.309323570596718778 0.915460471729645509 0.162310545808980133
-0.306806317722131960 0.916197216448198737 0.161884345275615377
-0.304304234137937779 0.916922340062297225 0.161459732210787160
-0.302644647895860375 0.917399361831751192 0.161036709176334170
-0.300168031732669149 0.918105397439829440 0.160615278724501848
-0.297706796992666334 0.918800150029241314 0.160195443397927406
-0.295261011402389417 0.919483748042570048 0.159777205729623673
-0.293639100888720694 0.919933346899056703 0.159360568242964351
-0.291219195714690127 0.920598641795324246 0.158945533451668869
-0.288814886325760412 0.921253128922798648 0.158532103859786916
-0.287220698639554683 0.921683514301138818 0.158120281961683429
-0.284842471278779097 0.922320281249333851 0.157710070242023437
-0.282479934342372174 0.922946592972638813 0.157301471175757601
-0.280913637599044086 0.923358391564093273 0.156894487228106394
-0.278577295566271810 0.923967574885365628 0.156489120854546221
-0.276256684423060783 0.924566660314541044 0.156085374500793544
-0.274718350523459720 0.924960507301016310 0.155683250602791229
-0.272423955911550886 0.925543063089217299 0.155282751586692802
-0.270903091844437283 0.925926015768807620 0.154883879868848662
-0.268634880682465604 0.926492418681450491 0.154486637855791142
-0.266382348925595425 0.927049311241112339 0.154091027944219749
-0.264889356235758433 0.927415356686929981 0.153697052520987060
-0.262662881383560365 0.927956701415119989 0.153304713963084344
-0.261187221632670274 0.928312507822910415 0.152914014637626994
-0.258986679647532136 0.928838683204647575 0.152524956901840314
-0.257528258910296071 0.929184502765747711 0.152137543103045308
-0.255353492341707344 0.929695886704713148 0.151751775578644582
-0.253912194808045277 0.930031970987437506 0.151367656656108324
-0.251763014023734133 0.930528940098300561 0.150985188652959929
-0.250338702885689823 0.930855539576961100 0.150604373876762149
-0.248214887508732884 0.931338468478908776 0.150225214625103520
-0.246807405974984323 0.931655832066672462 0.149847713185584097
-0.244708706451756575 0.932125092698500968 0.149471871835801767
-0.243317878841093460 0.932433467297200558 0.149097692843338375
-0.241933659595924194 0.932738314900086185 0.148725178465746399
-0.239869651066792700 0.933189058318723674 0.148354330950535129
-0.238501810312524543 0.933485258392389938 0.147985152535156927
-0.236462210111010152 0.933923211340478510 0.147617645446993906
-0.235110531729102179 0.934211004232993525 0.147251811903344576
-0.233765254447983795 0.934495500803190771 0.146887654111410415
-0.231759257619797876 0.934916147421100074 0.146525174268282266
-0.230429815749864320 0.935192567524784968 0.146164374560927651
-0.229106638943171903 0.935465822128453528 0.145805257166176955
-0.227133531581480252 0.935869849161622747 0.145447824250710761
-0.225825837952777941 0.936135350452301673 0.145092077971046479
-0.224524263945191371 0.936397813873506624 0.144738020473525603
-0.222583282795850101 0.936785891314950159 0.144385653894300470
-0.221296817975113524 0.937040916212784070 0.144034980359321579
-0.220016319319074338 0.937293027384156874 0.143686001984324796
-0.218741741696344250 0.937542259623289187 0.143338720874818359
-0.216840877230260687 0.937910785329660102 0.142993139126070229
-0.215580901456897567 0.938152970414160459 0.142649258823095815
-0.214326684915309595 0.938392395873387075 0.142307082040644906
-0.213078180391996386 0.938629095072749831 0.141966610843189456
-0.211835340297873542 0.938863101047834769 0.141627847284910818
-0.209981595966514667 0.939209131668822472 0.141290793409687837
-0.208752706435683777 0.939436546939319328 0.140955451251084163
-0.207529312114066444 0.939661381987703770 0.140621822832335985
-0.206311364021171673 0.939883668336744194 0.140289910166339848
-0.205098812920022466 0.940103437170249467 0.139959715255640799
-0.203891609371597837 0.940320719325549614 0.139631240092419895
-0.202090722082848506 0.940642046646220198 0.139304486658482385
-0.200896669908104675 0.940853244752987372 0.138979456925245687
-0.199707790891658132 0.941062061386011117 0.138656152853727538
-0.198524034917385128 0.941268525820115332 0.138334576394534364
-0.197345351786243906 0.941472666979592976 0.138014729487848986
-0.196171691226047773 0.941674513440342809 0.137696614063419348
-0.195003002938175352 0.941874093424903913 0.137380232040546862
-0.193839236580425900 0.942071434809480523 0.137065585328074641
-0.192680341828871948 0.942266565116506749 0.136752675824376058
-0.191526268368358177 0.942459511520446047 0.136441505417343317
-0.190376965924182295 0.942650300846170852 0.136132075984376016
-0.189232384297024103 0.942838959566640433 0.135824389392369904
-0.188092473344349975 0.943025513810653027 0.135518447497705474
-0.186957183045444286 0.943209989355317302 0.135214252146237057
-0.185826463494866811 0.943392411631810757 0.134911805173281107
-0.184700264926871915 0.943572805725188646 0.134611108403605934
-0.183578537742486170 0.943751196374286838 0.134312163651419847
-0.182461232518794869 0.943927607974493155 0.134014972720361059
-0.181348300037022347 0.944102064577472033 0.133719537403486022
-0.180239691312226169 0.944274589890723548 0.133425859483258913
-0.179135357582988375 0.944445207283896138 0.133133940731541361
-0.178584778685004830 0.944529807718864300 0.132843782909580932
-0.177486766640204963 0.944697606300711090 0.132555387768000910
-0.176392908932166692 0.944863553894598862 0.132268757046789781
-0.175303157821016631 0.945027672684799147 0.131983892475290826
-0.174217465920268821 0.945189984517598614 0.131700795772191348
-0.173135786206313425 0.945350510904669150 0.131419468645512461
-0.172058072026747222 0.945509273026674535 0.131139912792598762
-0.171520687548188000 0.945587999015822800 0.130862129900108481
-0.170448835108018393 0.945744153726238324 0.130586121644002573
-0.169380833432240197 0.945898595669963815 0.130311889689535138
-0.168316637393372492 0.946051344872656297 0.130039435691243210
-0.167785952526225468 0.946127090863592257 0.129768761292936907
-0.166727381433822486 0.946277337783997474 0.129499868127689266
-0.165672505382879753 0.946425940596282600 0.129232757817826449
-0.164621281092678817 0.946572918184443335 0.128967431974918306
-0.164097024981440465 0.946645803333970637 0.128703892199768077
-0.163051198423235344 0.946790377794188842 0.128442140082403289
-0.162008917971461996 0.946933372841104237 0.128182177202065650
-0.161489094647570386 0.947004283648939849 0.127924005127202034
-0.160452056406799715 0.947144942786577904 0.127667625415454483
-0.159418462665448291 0.947284066330357222 0.127413039613651358
-0.158902945132691265 0.947353057572276169 0.127160249257797620
-0.157874444450947171 0.947489909459779733 0.126909255873065646
-0.156849291105795763 0.947625267611173938 0.126660060973786071
-0.156337957936973804 0.947692391608823348 0.126412666063438650
-0.155317755516786782 0.947825539430649178 0.126167072634643274
-0.154808877197228856 0.947891567188515749 0.125923282169150691
-0.153793544056733344 0.948022540090836086 0.125681296137833798
-0.152781413181205361 0.948152082209861913 0.125441116000678810
-0.152276537910102927 0.948216321416855301 0.125202743206776296
-0.151269146794880183 0.948343745350129108 0.124966179194312452
-0.150766622788032434 0.948406933706968158 0.124731425390560466
-0.149763897890837883 0.948532272142674215 0.124498483211871971
-0.149263689194661653 0.948594425742411707 0.124267354063668414
-0.148265560265438689 0.948717710370478917 0.124038039340432532
-0.147767632615382838 0.948778844809208932 0.123810540425700069
-0.146774032869482651 0.948900106329848114 0.123584858692051325
-0.146278353754628998 0.948960236714041172 0.123360995501102993
-0.145783417239951585 0.949020035686791164 0.123138952203499741
-0.144795758739235891 0.949138645805883807 0.122918730138906251
-0.144303030281614120 0.949197460113844316 0.122700330635999083
-0.143319759332370567 0.949314114996982594 0.122483755012458659
-0.142829210814528096 0.949371958628033696 0.122269004574961190
-0.141850273156729156 0.949486685783620832 0.122056080619171087
-0.141361878441994049 0.949543572261250302 0.121844984429732739
-0.140874196212903313 0.949600142612929354 0.121635717280263234
-0.139900958888926452 0.949712340662885790 0.121428280433344166
-0.139415398837501869 0.949767971181010862 0.121222675140514505
-0.138930541358406601 0.949823291213334975 0.121018902642262602
-0.137962925071573983 0.949933005282670662 0.120816964168019139
-0.137480161952775515 0.949987402009611293 0.120616860936149317
-0.136998092773220836 0.950041493632401868 0.120418594153945749
-0.136516715589957538 0.950095281455771712 0.120222165017621091
-0.135556029840195491 0.950201950847779364 0.120027574712300855
-0.135076717791522083 0.950254834950797656 0.119834824412016289
-0.134598090787828473 0.950307420321919394 0.119643915279697144
-0.134120147301585058 0.950359708190630648 0.119454848467164781
-0.133166305216718184 0.950463396263191207 0.119267625115125314
-0.132690404010878227 0.950514798850889520 0.119082246353162544
-0.132215181096578815 0.950565908705532925 0.118898713299731174
-0.131740635390252880 0.950616726983292915 0.118717027062150135
-0.131266765888990611 0.950667254827165187 0.118537188736595883
-0.130321051975776370 0.950767443711424409 0.118359199408095833
-0.129849206007182694 0.950817106968890990 0.118183060150521657
-0.129378033156431926 0.950866484224057062 0.118008772026582914
-0.128907532864003971 0.950915576552942010 0.117836336087820667
-0.128437704685722576 0.950964385015538261 0.117665753374601195
-0.127968548226924161 0.951012910664114641 0.117497024916109374
-0.127500063239699035 0.951061154531680164 0.117330151730342946
-0.127032249518129525 0.951109117644493463 0.117165134824105996
-0.126565106973207497 0.951156801013489872 0.117001975193003135
-0.126098635599250886 0.951204205638963685 0.116840673821433358
-0.125632835484080552 0.951251332508370240 0.116681231682584041
-0.125167706802654655 0.951298182598479314 0.116523649738425272
-0.124703249818106321 0.951344756874818676 0.116367928939703880
-0.124239464898928564 0.951391056290100345 0.116214070225937813
-0.123776352485896635 0.951437081788093275 0.116062074525410328
-0.123313913119819318 0.951482834300722335 0.115911942755164490
-0.122852147439085735 0.951528314748550041 0.115763675820997711
-0.122391056154214140 0.951573524043779040 0.115617274617456051
-0.121930640077609842 0.951618463087127386 0.115472740027829104
-0.121470900106570245 0.951663132769933195 0.115330072924144461
-0.121011837230308117 0.951707533973539466 0.115189274167162514
-0.120553452527968175 0.951751667569688764 0.115050344606371285
-0.120095747160917310 0.951795534421568168 0.114913285079981331
-0.119638722387544028 0.951839135382344770 0.114778096414920497
-0.119182379540673122 0.951882471297841759 0.114644779426829185
-0.119182379540673122 0.951882471297841759 0.114513334920055415
-0.118726720053740631 0.951925543003796726 0.114383763687649603
-0.118271745437395825 0.951968351328661422 0.114256066511360263
-0.117817457292002770 0.952010897092346098 0.114130244161628980
-0.117363857297638374 0.952053181107487489 0.114006297397585929
-0.116910947223286932 0.952095204178604493 0.113884226967045130
-0.116910947223286932 0.952095204178604493 0.113764033606500142
-0.116458728923292565 0.952136967102689691 0.113645718041119337
-0.116007204329812541 0.952178470670099419 0.113529280984741868
-0.115556375461565775 0.952219715663851662 0.113414723139873122
-0.115556375461565775 0.952219715663851662 0.113302045197680529
-0.115106244410756675 0.952260702861067343 0.113191247837989437
-0.114656813358724574 0.952301433031580324 0.113082331729278909
-0.114656813358724574 0.952301433031580324 0.112975297528677909
-0.114208084565335322 0.952341906939117466 0.112870145881961009
-0.113760060358001125 0.952382125342585262 0.112766877423544909
-0.113760060358001125 0.952382125342585262 0.112665492776484119
-0.113312743155929541 0.952422088993740923 0.112565992552467672
-0.112866135444710469 0.952461798639902768 0.112468377351815099
-0.112866135444710469 0.952461798639902768 0.112372647763472971
-0.112420239793419474 0.952501255022369930 0.112278804365011281
-0.111975058829130669 0.952540458879085339 0.112186847722619942
-0.111975058829130669 0.952540458879085339 0.112096778391105545
-0.111530595276781996 0.952579410940924354 0.112008596913887773
-0.111530595276781996 0.952579410940924354 0.111922303822996186
-0.111086851914287688 0.952618111935705336 0.111837899639067123
-0.111086851914287688 0.952618111935705336 0.111755384871340541
-0.110643831592823982 0.952656562587400058 0.111674760017656721
-0.110643831592823982 0.952656562587400058 0.111596025564453569
-0.110201537232696434 0.952694763615601126 0.111519181986763555
-0.110201537232696434 0.952694763615601126 0.111444229748210735
-0.109759971837808723 0.952732715734689206 0.111371169301008127
-0.109759971837808723 0.952732715734689206 0.111300001085954892
-0.109319138458565890 0.952770419657542389 0.111230725532433697
-0.109319138458565890 0.952770419657542389 0.111163343058408165
-0.108879040222586765 0.952807876092593653 0.111097854070420235
-0.108879040222586765 0.952807876092593653 0.111034258963587817
-0.108879040222586765 0.952807876092593653 0.110972558121602394
-0.108439680311313236 0.952845085746226839 0.110912751916726629
-0.108439680311313236 0.952845085746226839 0.110854840709792277
-0.108001061983912294 0.952882049320556423 0.110798824850197819
-0.108001061983912294 0.952882049320556423 0.110744704675906469
-0.108001061983912294 0.952882049320556423 0.110692480513444172
-0.107563188545505672 0.952918767516582998 0.110642152677897440
-0.107563188545505672 0.952918767516582998 0.110593721472911730
-0.107563188545505672 0.952918767516582998 0.110547187190689372
-0.107126063371477842 0.952955241031935074 0.110502550111987896
-0.107126063371477842 0.952955241031935074 0.110459810506118417
-0.107126063371477842 0.952955241031935074 0.110418968630943887
-0.107126063371477842 0.952955241031935074 0.110380024732877557
-0.106689689893450124 0.952991470562383203 0.110342979046881562
-0.106689689893450124 0.952991470562383203 0.110307831796465444
-0.106689689893450124 0.952991470562383203 0.110274583193684828
-0.106689689893450124 0.952991470562383203 0.110243233439140137
-0.106689689893450124 0.952991470562383203 0.110213782721975392
-0.106254071595139610 0.953027456802138406 0.110186231219877029
-0.106254071595139610 0.953027456802138406 0.110160579099072869
-0.106254071595139610 0.953027456802138406 0.110136826514331099
-0.106254071595139610 0.953027456802138406 0.110114973608959388
-0.106254071595139610 0.953027456802138406 0.110095020514803896
-0.106254071595139610 0.953027456802138406 0.110076967352248589
-0.106254071595139610 0.953027456802138406 0.110060814230214563
-0.106254071595139610 0.953027456802138406 0.110046561246159164
-0.105819212017165321 0.953063200443642788 0.110034208486075674
-0.105819212017165321 0.953063200443642788 0.110023756024492547
-0.105819212017165321 0.953063200443642788 0.110015203924473198
-0.105819212017165321 0.953063200443642788 0.110008552237615381
-0.105819212017165321 0.953063200443642788 0.110003801004051049
-0.105819212017165321 0.953063200443642788 0.110000950252446050
-0.105819212017165321 0.953063200443642788 0.110000000000000001
