-0.412586220332838260 -0.076573034050141958 0.739999999999999991
-0.412586220332838260 -0.076573034050141958 0.739999049747553928
-0.411144417352796943 -0.074951739862152061 0.739996198995948928
-0.411144417352796943 -0.074951739862152061 0.739991447762384680
-0.411144417352796943 -0.074951739862152061 0.739984796075526807
-0.411144417352796943 -0.074951739862152061 0.739976243975507431
-0.411144417352796943 -0.074951739862152061 0.739965791513924276
-0.411144417352796943 -0.074951739862152061 0.739953438753840897
-0.411144417352796943 -0.074951739862152061 0.739939185769785457
-0.411144417352796943 -0.074951739862152061 0.739923032647751389
-0.411144417352796943 -0.074951739862152061 0.739904979485196068
-0.411144417352796943 -0.074951739862152061 0.739885026391040590
-0.411144417352796943 -0.074951739862152061 0.739863173485668879
-0.411144417352796943 -0.074951739862152061 0.739839420900927136
-0.409645536025013079 -0.073305807694806741 0.739813768780122949
-0.409645536025013079 -0.073305807694806741 0.739786217278024627
-0.409645536025013079 -0.073305807694806741 0.739756766560859869
-0.409645536025013079 -0.073305807694806741 0.739725416806315206
-0.409645536025013079 -0.073305807694806741 0.739692168203534561
-0.408085247166382392 -0.071633255251990741 0.739657020953118471
-0.408085247166382392 -0.071633255251990741 0.739619975267122420
-0.408085247166382392 -0.071633255251990741 0.739581031369056063
-0.408085247166382392 -0.071633255251990741 0.739540189493881561
-0.408085247166382392 -0.071633255251990741 0.739497449888012137
-0.406458685744139125 -0.069931878156492766 0.739452812809310633
-0.406458685744139125 -0.069931878156492766 0.739406278527088290
-0.406458685744139125 -0.069931878156492766 0.739357847322102524
-0.404760363860578287 -0.068199217006664092 0.739307519486555820
-0.404760363860578287 -0.068199217006664092 0.739255295324093509
-0.404760363860578287 -0.068199217006664092 0.739201175149802103
-0.402984066130298135 -0.066432518529698364 0.739145159290207743
-0.402984066130298135 -0.066432518529698364 0.739087248083273307
-0.402984066130298135 -0.066432518529698364 0.739027441878397529
-0.401122723164862749 -0.064628689587892835 0.738965741036412216
-0.401122723164862749 -0.064628689587892835 0.738902145929579812
-0.401122723164862749 -0.064628689587892835 0.738836656941591730
-0.399168257628851331 -0.062784242465265094 0.738769274467566239
-0.399168257628851331 -0.062784242465265094 0.738699998914045142
-0.397111395698856451 -0.060895229495729314 0.738628830698991878
-0.397111395698856451 -0.060895229495729314 0.738555770251789201
-0.397111395698856451 -0.060895229495729314 0.738480818013236395
-0.394941434503474631 -0.058957164569789472 0.738403974435546395
-0.394941434503474631 -0.058957164569789472 0.738325239982343340
-0.392645953116246282 -0.056964928426147199 0.738244615128659576
-0.392645953116246282 -0.056964928426147199 0.738162100360932882
-0.390210450460437008 -0.054912653791036048 0.738077696177003806
-0.390210450460437008 -0.054912653791036048 0.737991403086112219
-0.387617887708465836 -0.052793585375541408 0.737903221608894433
-0.387617887708465836 -0.052793585375541408 0.737813152277379980
-0.384848104478073216 -0.050599908319276438 0.737721195634988725
-0.384848104478073216 -0.050599908319276438 0.737627352236526979
-0.381877066435999057 -0.048322536907853236 0.737531622648184837
-0.378675884809496377 -0.045950853084342130 0.737434007447532291
-0.378675884809496377 -0.045950853084342130 0.737334507223515900
-0.375209523187028937 -0.043472381399539850 0.737233122576455124
-0.375209523187028937 -0.043472381399539850 0.737129854118038996
-0.371435069202623036 -0.040872383504202553 0.737024702471322124
-0.367299391008631959 -0.038133351250179442 0.736917668270721027
-0.367299391008631959 -0.038133351250179442 0.736808752162010583
-0.362735908363473025 -0.035234373478436859 0.736697954802319477
-0.357660064263084942 -0.032150349230959108 0.736585276860126870
-0.357660064263084942 -0.032150349230959108 0.736470719015258179
-0.351962847575789217 -0.028851023879065490 0.736354281958880641
-0.345501320447643478 -0.025299845006157368 0.736235966393499863
-0.345501320447643478 -0.025299845006157368 0.736115773032954834
-0.338084415536348049 -0.021452698418400168 0.735993702602414035
-0.329451029130980622 -0.017256756846719401 0.735869755838370998
-0.319235119016775037 -0.012650123583621942 0.735743933488639756
-0.319235119016775037 -0.012650123583621942 0.735616236312350402
-0.306907984929771449 -0.007564130833197624 0.735486665079944646
-0.291678594117061540 -0.001933329133839062 0.735355220573170709
-0.272312547871316202 0.004272779209212096 0.735221903585079439
-0.272312547871316202 0.004272779209212096 0.735086714920018758
-0.246783345847779806 0.010954710755607694 0.734949655393628665
-0.211553629132434029 0.017590878391618575 0.734810725832837464
-0.159983050175992625 0.022264624439025632 0.734669927075855544
-0.078620010709687271 0.017977145963147985 0.734527259972170943
0.060172208232015634 -0.023915208830770588 0.734382725382543899
0.060172208232015634 -0.023915208830770588 0.734236324179002309
0.277439275191448731 -0.234525062634408837 0.734088057244835501
0.140122577638530310 -0.836024905944404484 0.733937925474589692
-0.498802161555265466 -0.777547418999556483 0.733785929774062096
-0.624871355409293061 -0.477051201841480310 0.733632071060296154
-0.607795336723227830 -0.323544096926835834 0.733476350261574761
-0.577515611844637511 -0.243191852479792997 0.733318768317415937
-0.551330320026465537 -0.195707801575237234 0.733159326178566717
-0.530313369253642031 -0.164741491196120388 0.732998024806996828
-0.513428979671063268 -0.142997709415448454 0.732834865175894024
-0.499633787109946104 -0.126848168065982841 0.732669848269657087
-0.488138766887083686 -0.114317737005652703 0.732502975083890617
-0.478377487905775944 -0.104250524627847840 0.732334246625398921
-0.469944307840851172 -0.095929523767804392 0.732163663912179352
-0.462545172517549452 -0.088888349554905766 0.731991227973417091
-0.455963371732091505 -0.082811488517078619 0.731816939849478376
-0.450036421018751853 -0.077478347833360883 0.731640800591904172
-0.444640454028585874 -0.072730326968648923 0.731462811263404067
-0.439679569093615719 -0.068450627722233065 0.731282972937849940
-0.435078447800580026 -0.064551430019752998 0.731101286700268749
-0.430777157698872259 -0.060965492490202555 0.730917753646837420
-0.426727433925659538 -0.057640501180915155 0.730732374884874636
-0.422889977865339994 -0.054535175900078281 0.730545151532835280
-0.419232466139116022 -0.051616530302434571 0.730356084720302889
-0.415728063211225407 -0.048857907086521019 0.730165175587983772
-0.412354296195558079 -0.046237544883113935 0.729972425287699123
-0.405925619456344977 -0.041342933069811766 0.729777834982378915
-0.402840751801659958 -0.039041334780175629 0.729581405846054243
-0.399825672733923609 -0.036822226938234670 0.729383139063850661
-0.396870041133121965 -0.034676715508281442 0.729183035831980852
-0.393964830509235919 -0.032597222187609548 0.728981097357737307
-0.388274906840834488 -0.028611244098835531 0.728777324859485542
-0.385476994773412129 -0.026694363043106906 0.728571719566655895
-0.382702847498411880 -0.024822443706082192 0.728364282719736744
-0.379947506813527680 -0.022991863166552773 0.728155015570267294
-0.377206508860332745 -0.021199467621068169 0.727943919380828919
-0.371751761706178685 -0.017718578989949718 0.727730995425038829
-0.369030998252072806 -0.016025586151661914 0.727516244987541416
-0.366310459564031909 -0.014361694850398371 0.727299669364000922
-0.363587324104005183 -0.012725304306105079 0.727081269861093782
-0.358123024870103612 -0.009529625170245970 0.726861047796500293
-0.355377191898908151 -0.007968071436551760 0.726639004498896957
-0.352619381938776288 -0.006429451351920579 0.726415141307948709
-0.347060049946920635 -0.003418026754829190 0.726189459574299923
-0.344254913046817990 -0.001944013800306843 0.725961960659567529
-0.341430545221071025 -0.000490497480404722 0.725732645936331688
-0.335717854686855832 0.002356414032853221 0.725501516788128020
-0.332826574455583724 0.003750292572034297 0.725268574609439609
-0.326967195597603455 0.006479558407483405 0.725033820805687568
-0.323996470074448095 0.007815012052844794 0.724797256793223710
-0.320996708440868472 0.009130955319392453 0.724558883999321224
-0.314905265119575561 0.011703796968391189 0.724318703862166235
-0.311811257953948484 0.012960304866040800 0.724076717830849370
-0.305521066874588909 0.015412137844260043 0.723832927365356760
-0.302322712468472032 0.016606774193432289 0.723587333936561383
-0.299087439629163343 0.017780019606218000 0.723339939026213963
-0.292502008905727418 0.020060449996065433 0.723090744126934415
-0.289149825310396513 0.021166578545711801 0.722839750742202303
-0.282321560656667248 0.023307686784712373 0.722586960386348620
-0.278843531804025768 0.024341342943107858 0.722332374584545467
-0.271754892431889550 0.026331216264664753 0.722075994872797944
-0.268142396001708638 0.027285841397131846 0.721817822797934383
-0.260776403036155568 0.029110146435028419 0.721557859917596800
-0.253216315470760123 0.030814885184197865 0.721296107800231900
-0.249361232720639092 0.031619873571125445 0.721032568025081755
-0.241496558184130627 0.033129571734372823 0.720767242182173473
-0.237485221249814138 0.033831922993885016 0.720500131872310767
-0.229300258823347036 0.035125340909592129 0.720231238707063071
-0.225124949711085293 0.035713729955905466 0.719960564308756767
-0.216604556331999765 0.036766753895399337 0.719688110310464868
-0.207852461661798160 0.037644607307007055 0.719413878355997460
-0.203387583815992617 0.038013806258862678 0.719137870099891496
-0.194276436651275530 0.038604120388100183 0.718860087207401133
-0.189628735864617926 0.038821587933143095 0.718580531354487628
-0.180145675138226741 0.039091514613827108 0.718299204227808685
-0.170408172471100294 0.039127766066818698 0.718016107524709124
-0.165442533016760818 0.039052864306881901 0.717731242953210224
-0.155314835659276174 0.038705541139752282 0.717444612231999179
-0.144922189901843523 0.038078648465691894 0.717156217090419101
-0.134261570412984588 0.037151583981718923 0.716866059268458589
-0.128830052063407030 0.036568678395178314 0.716574140516741065
-0.117763679650158895 0.035149737471933659 0.716280462596514012
-0.106425755036801559 0.033373063618370308 0.715985027279638975
-0.100655079232272293 0.032342647382762484 0.715687836348580131
-0.088911273927879342 0.029980979686254856 0.715388891596394072
-0.076899934123947938 0.027194857460195478 0.715088194826718926
-0.064625435022516414 0.023954936194970938 0.714785747853762921
-0.052094058694711412 0.020230347952032459 0.714481552502294504
-0.045734585899857211 0.018176245551032325 0.714175610607630129
-0.032834450867383222 0.013663503304574871 0.713867924015623934
-0.019703141972026699 0.008582452200150494 0.713558494582656633
-0.006355675575246978 0.002897216573888831 0.713247324175623976
0.007189765806936884 -0.003429298195595422 0.712934414671925309
0.020911502741707038 -0.010435242773152447 0.712619767959453143
0.027830666506137851 -0.014205161451161838 0.712303385936580713
0.041767698449260156 -0.022303563152802984 0.711985270512151103
0.055809246595025654 -0.031179878657188763 0.711665423605465697
0.069918632777924677 -0.040873930804384576 0.711343847146272412
0.084054099084479014 -0.051425185788399358 0.711020543074754374
0.098168476642764596 -0.062872249272867969 0.710695513341517593
0.112208884502839959 -0.075252280880060571 0.710368759907580083
0.126116472906330768 -0.088600323139129744 0.710040284744359096
0.139826227616124843 -0.102948543014584726 0.709710089833660129
0.153266854002746616 -0.118325386645011757 0.709378177167664048
0.166360761529887768 -0.134754651285625859 0.709044548748915870
0.179024170674192518 -0.152254482473441033 0.708709206590312113
0.191167365198431971 -0.170836309417882581 0.708372152715089243
0.202695112339380257 -0.190503736925507761 0.708033389156810689
0.213507272335513920 -0.211251418584763012 0.707692917959355072
0.223499615627376552 -0.233063942065959651 0.707350741176904108
0.232564861613307056 -0.255914764024958830 0.707006860873929721
0.240593946272864428 -0.279765238001619898 0.706661279125181618
0.247477517446247630 -0.304563783607045779 0.706313998015675182
0.253107646197425595 -0.330245248708155359 0.705965019640678482
0.257379730645900084 -0.356730517352852050 0.705614346105699508
0.260194555496794488 -0.383926414259728788 0.705261979526474403
0.261460456978641620 -0.411725951466372642 0.704907922028953582
0.261095529935810811 -0.440008953671685299 0.704552175749289300
0.259029802503817852 -0.468643085825210970 0.704194742833822995
0.255207295424380032 -0.497485290225174015 0.703835625439072410
0.249587878620254888 -0.526383621051876416 0.703474825731717712
0.242148838300857316 -0.555179443384921978 0.703112345888589618
0.227574800150371376 -0.597824345438966231 0.702748188096655402
0.215611225101755954 -0.625649232735797978 0.702382354553006127
0.201898873066106932 -0.652801822595282411 0.702014847464843106
0.186501483489165953 -0.679126990561695010 0.701645669049464793
0.169500834760143576 -0.704478243950010796 0.701274821534253578
0.150995233304113907 -0.728720289268563692 0.700902307156661686
0.120665448101850536 -0.762741193640960047 0.700528128164198294
0.098917649525553375 -0.783710996682168037 0.700152286814415881
0.076108334354020979 -0.803214976440536299 0.699774785374896457
0.052382116527803446 -0.821189874008990905 0.699395626123237801
0.015396705564990565 -0.845191182161953991 0.699014811347040133
-0.009975721162137074 -0.859184298943474589 0.698632343343891682
-0.035751922614670584 -0.871566243423752329 0.698248224421355368
-0.061793036922670130 -0.882350202875819445 0.697862456896954697
-0.101065195176355316 -0.895592654003214195 0.697475043098159664
-0.127210276273983680 -0.902526739558808799 0.697085985362372984
-0.153197662960143033 -0.908007789627678696 0.696695286036915662
-0.191670486238659121 -0.913643489126393371 0.696302947479013001
-0.216856158782479769 -0.915778730094774840 0.695908972055780284
-0.241586417301249634 -0.916703486614020457 0.695513362144208891
-0.265800103395411436 -0.916495184367638771 0.695116120131151316
-0.301042778709968983 -0.914230008152515650 0.694717248413307176
-0.323761756162236236 -0.911532198839789531 0.694316749397208888
-0.356603893893425006 -0.905895448215744081 0.693914625499206461
-0.377646264846763557 -0.901185295924736396 0.693510879145453840
-0.397993015618346768 -0.895795693680361160 0.693105512771893584
-0.427199092865811036 -0.886582700519128020 0.692698528824242432
-0.445795432219441679 -0.879779232373472331 0.692289929757976541
-0.472394252340581855 -0.868725709811929647 0.691879718038316605
-0.489278537321681140 -0.860867974588774065 0.691467896140213090
-0.505500277318312152 -0.852675632291334029 0.691054466548331137
-0.528626713281033389 -0.839855063241566113 0.690639431757035682
-0.543267027300368799 -0.831010883542104284 0.690222794270376361
-0.564111327669031049 -0.817386759208204694 0.689804556602072627
-0.577294013910000681 -0.808110719603719940 0.689384721275498102
-0.596051828278060802 -0.793974842024086525 0.688963290823665919
-0.607911557955148507 -0.784437628557864031 0.688540267789212845
-0.624787878975099131 -0.770013042771660050 0.688115654724384629
-0.635461721024040860 -0.760342971724909500 0.687689454191019900
-0.650660621341303980 -0.745794237430945750 0.687261668760535072
-0.660282646212562940 -0.736083866460424230 0.686832301013909019
-0.674001051541824214 -0.721526411345369656 0.686401353541667092
-0.682699264396610661 -0.711838310395346285 0.685968828943865794
-0.695123735217840655 -0.697346278193334279 0.685534729830076905
-0.703018727473881166 -0.687717674766950560 0.685099058819371831
-0.714324451534391280 -0.673329948189034133 0.684661818540305611
-0.725038487508781082 -0.659010354170534218 0.684223011630901601
-0.731880758086739025 -0.649500250689674097 0.683782640738634817
-0.741734808655239108 -0.635282878496401859 0.683340708520416507
-0.748054862484562877 -0.625830258822397067 0.682897217642577936
-0.757200856885372198 -0.611674851533030473 0.682452170780854406
-0.765993512961637646 -0.597523647493590659 0.682005570620368706
-0.771685525325199961 -0.588075022907641465 0.681557419855615576
-0.780009435796072514 -0.573848453274122039 0.681107721190444715
-0.788126747170077135 -0.559509549894052771 0.680656477338045240
-0.793452810436769074 -0.549855211616312678 0.680203691020928702
-0.801360840570064514 -0.535169618604553810 0.679749364970912762
-0.809233645486988951 -0.520145653050424261 0.679293501929105314
-0.814500823978770327 -0.509876673000103420 0.678836104645886729
-0.822495112211810375 -0.493967030389271589 0.678377175880894634
-0.830693647020618764 -0.477248502824567378 0.677916718403006269
-0.836332754913131415 -0.465506203993863998 0.677454734990322271
-0.845160302802754004 -0.446692078849575624 0.676991228430149805
-0.854589965018435316 -0.425912209856419532 0.676526201518985459
-0.864839685755671383 -0.402287638873163544 0.676059657062499042
-0.872254176443800433 -0.384291338914078406 0.675591597875515815
-0.884438631164261913 -0.352306342128309635 0.675122026782000395
-0.897988689643828941 -0.310953645261745681 0.674650946615038660
-0.912190312786601121 -0.253030891612692155 0.674178360216821981
-0.920099956954161136 -0.198048422521485690 0.673704270438628683
-0.915774708708370633 -0.067239462899098434 0.673228680140807945
-0.801047103731272192 0.175524139519651345 0.672751592192761816
-0.199111277783834945 0.263193045592324593 0.672273009472928451
-0.097450342600948564 -0.437030307074819102 0.671792934868764235
-0.411318491821430099 -0.589623568797549513 0.671311371276726909
-0.527563663074109290 -0.580573708951205747 0.670828321602257471
-0.627360170991972499 -0.545215532519653046 0.670343788759763304
-0.685451142120783730 -0.508575219649386123 0.669857775672599853
-0.724579251460487184 -0.473348445985694699 0.669370285273053756
-0.754634304662814892 -0.436663246141887451 0.668881320502324628
-0.780990770067161777 -0.392129602595572502 0.668390884310507527
-0.806832486245822933 -0.322570401393593997 0.667898979656575076
-0.820075978258906213 -0.232798897561963758 0.667405609508359698
-0.551684635410347401 0.185357364069874769 0.666910776842535635
-0.399174532135576743 -0.662277164598628953 0.666414484644600846
-0.647718805117764029 -0.574883984919160707 0.665916735908859470
-0.710351200879601130 -0.519070345391166366 0.665417533638403169
-0.739267403099099440 -0.485114178989915545 0.664916880845093483
-0.756745030669074614 -0.461063487627550339 0.664414780549543171
-0.768939369085336888 -0.442274675603469503 0.663911235781098785
-0.778212492020756152 -0.426644120547990946 0.663406249577821461
-0.785669829419318178 -0.413083991981110454 0.662899824986468933
-0.791902692553825727 -0.400972796625107986 0.662391965062477772
-0.797259337039990190 -0.389927384084957529 0.661882672869943733
-0.801960282037531558 -0.379697021663663647 0.661371951481604547
-0.806153250951699429 -0.370109582547670735 0.660859803978820493
-0.809941739787561454 -0.361042174642658864 0.660346233451555964
-0.813400946307400785 -0.352404139640593583 0.659831242998361267
-0.816587173105149278 -0.344126719074441423 0.659314835726353410
-0.819543648117213142 -0.336156507700311136 0.658797014751197674
-0.822304274899885446 -0.328451156636768493 0.658277783197088628
-0.824896133273806065 -0.320976465167150837 0.657757144196731369
-0.827341196850126193 -0.313704358651095361 0.657235100891322421
-0.829657543528037555 -0.306611448492425609 0.656711656430531421
-0.831860228222660147 -0.299677984259756003 0.656186813972481464
-0.834641957892825248 -0.290652536167176734 0.655660576683730012
-0.836625488625519109 -0.284029288971141380 0.655132947739250349
-0.838530833383672070 -0.277517255807642416 0.654603930322411820
-0.840365613199272277 -0.271105524118479879 0.654073527624961182
-0.842136480133516385 -0.264784278453440325 0.653541742847002838
-0.843849278716951479 -0.258544581271332841 0.653008579196979855
-0.845509174841870825 -0.252378186234283097 0.652474039891654756
-0.847120759006355195 -0.246277372840957631 0.651938128156089536
-0.849201405262947739 -0.238232303881055874 0.651400847223626678
-0.850715462577160797 -0.232256290711246927 0.650862200335869279
-0.852193279588811192 -0.226321927088657227 0.650322190742662065
-0.853637680278765743 -0.220421905503459914 0.649780821702071409
-0.855051144014118747 -0.214548440407632934 0.649238096480365567
-0.856891202772667393 -0.206743331831605481 0.648694018351995028
-0.858239804267131978 -0.200895599460554630 0.648148590599572971
-0.859562255083393567 -0.195038246745627863 0.647601816513855399
-0.860857890159843153 -0.189152664464167009 0.647053699393721038
-0.862123560133801869 -0.183210959126486217 0.646504242546151686
-0.863748428821968783 -0.175114923106682918 0.645953449286212344
-0.864886588856965677 -0.168773719393405297 0.645401322937030675
-0.865864501247890717 -0.161873727658271294 0.644847866829777683
-0.866302536123168876 -0.153157819824771668 0.644293084303647068
-0.887782177570034303 -0.333813579690299234 0.643736978705835461
-0.873783648946887759 -0.154354658000766698 0.643179553391521885
-0.874063988132462333 -0.144288506155442586 0.642620811723847774
-0.875528296323628830 -0.134363159969993651 0.642060757073896426
-0.876891727531450949 -0.127363718134988479 0.641499392820673031
-0.878412408770577580 -0.120318499955101632 0.640936722351083898
-0.880099333444018028 -0.113025976388447302 0.640372749059916258
-0.882686631388121645 -0.102565786869199926 0.639807476349817827
-0.884996709695809791 -0.093788864669936300 0.639240907631276056
-0.887805470875600689 -0.083648649841386369 0.638673046322597582
-0.892908526407026004 -0.066097446657478687 0.638103895849887803
-0.898711817309666539 -0.046311379291013755 0.637533459647030010
-0.912786515322416836 0.010313420836386922 0.636961741155665062
-0.912252415331709532 0.207690547453472929 0.636388743825169967
-0.615009139449761322 -0.326940368724570607 0.635814471112637336
-0.830146136822793368 -0.162106359102235587 0.635238926482855071
-0.850850702839078155 -0.128490329507275125 0.634662113408284490
-0.860281617701143198 -0.109426521714032943 0.634084035369040122
-0.867250934249399141 -0.092330048295547196 0.633504695852868616
-0.870657730337261349 -0.082417907981984173 0.632924098355127196
-0.874004291567687330 -0.071198449703392841 0.632342246378763129
-0.875977715785273059 -0.063694926864163337 0.631759143434292514
-0.878162254255679064 -0.054449048289979984 0.631174793039778748
-0.879567167843509745 -0.047905324108307390 0.630589198720811650
-0.880826030447420472 -0.041598765689297212 0.630002364010486038
-0.882330657592590328 -0.033459862052930056 0.629414292449380408
-0.883356082424939348 -0.027505923690637091 0.628824987585535511
-0.884613513387487060 -0.019713447260196748 0.628234452974433477
-0.885487502641962188 -0.013951689514756171 0.627642692178975614
-0.886574817222248179 -0.006349626611082626 0.627049708769460978
-0.887338881116449762 -0.000692569375955632 0.626455506323565503
-0.888296849234185393 0.006809143194568046 0.625860088426319683
-0.888973739574752120 0.012414750799762120 0.625263458670087813
-0.889825276847661772 0.019873591057729512 0.624665620654545006
-0.890428004065226042 0.025463300947743572 0.624066577986656545
-0.891186305082423136 0.032919267069646541 0.623466334280656009
-0.891722332240655335 0.038518829819868705 0.622864893158023070
-0.892394824805101461 0.046001995868473533 0.622262258247461841
-0.893020140654104955 0.053511854042756879 0.621658433184878789
-0.893458599882956617 0.059166099798117766 0.621053421613361412
-0.894002762045685184 0.066739610451923836 0.620447227183155481
-0.894380540920244327 0.072449109150757196 0.619839853551643394
-0.894843550353427108 0.080105828808398560 0.619231304383322301
-0.895159979407185280 0.085884654909726466 0.618621583349781567
-0.895540137224262178 0.093642812071032311 0.618010694129680793
-0.895871623178337684 0.101466898859246979 0.617398640408728050
-0.896087533867092167 0.107381707950587435 0.616785425879656679
-0.896330606445242983 0.115335128709975865 0.616171054242203975
-0.896478365770243979 0.121353698763906337 0.615555529203088425
-0.896627764509402514 0.129454678578206694 0.614938854475987173
-0.896720748939112688 0.137648531885416592 0.614321033781514036
-0.896752010784632292 0.143858796692732327 0.613702070847196968
-0.896740235530243179 0.152231132425572901 0.613081969407454963
-0.896664636265959381 0.160715196286692785 0.612460733203576524
-0.896564084955890794 0.167156144044489863 0.611838365983696564
-0.896368649356494296 0.175854451420477342 0.611214871502773316
-0.896099419635155714 0.184686888902885371 0.610590253522566684
-0.895846430931451221 0.191404867183301408 0.609964515811614816
-0.895437125862170280 0.200495184617380584 0.609337662145211567
-0.894940601488605658 0.209747690457890656 0.608709696305383963
-0.894507378594650682 0.216800800394089221 0.608080622080868771
-0.893843287273914822 0.226367350161032987 0.607450443267090412
-0.893073508865546817 0.236133213948807374 0.606819163666137418
-0.892189570842594870 0.246115192954591000 0.606186787086739787
-0.891445911833111837 0.253754935589550812 0.605553317344246333
-0.890337930135622790 0.264162996869879041 0.604918758260600598
-0.889085237637271542 0.274847366554519801 0.604283113664319305
-0.888041952293811887 0.283059258153631144 0.603646387390467831
-0.886498764331761668 0.294300318938820360 0.603008583280637778
-0.884762959681610894 0.305911665650621389 0.602369705182924098
-0.882809874798931249 0.317941490129567295 0.601729756951901340
-0.880608902143594108 0.330449320563834636 0.601088742448600111
-0.878772578375217606 0.340188159330305273 0.600446665540484759
-0.876037857942262965 0.353724834176094904 0.599803530101429061
-0.872918191130111376 0.368000767864389455 0.599159340011693797
-0.869329239724879632 0.383171871485506910 0.598514099157902213
-0.866259895917744105 0.395263199533840426 0.597867811433017704
-0.861531562976790566 0.412566287583928881 0.597220480736319392
-0.855851095403942663 0.431595274013680530 0.596572110973379255
-0.848831555794724801 0.452959043319330901 0.595922706056038476
-0.839803692298589199 0.477630654063439797 0.595272269902383133
-0.827500343041648323 0.507267704051810098 0.594620806436721661
-0.814602041981590586 0.534502035536759568 0.593968319589560312
-0.787812073332647134 0.581951033207835922 0.593314813297580179
-0.734542563536133009 0.652791929198855980 0.592660291503612213
-0.585358213421576346 0.767455711598598600 0.592004758156615130
0.019185735717751007 0.637868402274148316 0.591348217211650096
-0.558094728672009710 -0.117719143114648761 0.590690672629857860
-0.815637122445795226 0.153158803497804752 0.590032128378433995
-0.842741359275274160 0.260673520762640276 0.589372588430605804
-0.846067215173821552 0.345463491416899360 0.588712056765608116
-0.839753141375623402 0.401409651052149707 0.588050537368658643
-0.830230045888427748 0.444170107719224105 0.587388034230934886
-0.818928780932401179 0.480214714690770261 0.586724551349549261
-0.806079702725974512 0.512696344970234419 0.586060092727525461
-0.791510250841878871 0.543365489439753158 0.585394662373774133
-0.774838463897893792 0.573304963543173063 0.584728264303068901
-0.755501705217437647 0.603246153001714691 0.584060902536021609
-0.732719539777676787 0.633709659183262941 0.583392581099058893
-0.705409946594929615 0.665052348718043751 0.582723304024396649
-0.672051781068243592 0.697437581639171911 0.582053075350017379
-0.641789789014274303 0.722330994306030094 0.581381899119644441
-0.592056807346955316 0.755765461141737815 0.580709779382718061
-0.527747717366518154 0.787766822605698636 0.580036720194371247
-0.443110616209879182 0.814035597608724792 0.579362725615404806
-0.331010557402414418 0.824904703903506564 0.578687799712263029
-0.186181262359604360 0.800080920513259408 0.578011946557009382
-0.018123421361110947 0.703171719770199877 0.577335170227301964
0.119569845829882421 0.494626863356058155 0.576657474806368309
0.122340068386059583 0.199868038593396163 0.575978864382981293
-0.051450061543657569 -0.043704637151885058 0.575299343051434375
-0.294567900681269257 -0.134984086618961219 0.574618914911516843
-0.496680334081571251 -0.108566312593524478 0.573937584068489048
-0.632006853712088645 -0.033442656353820432 0.573255354633057546
-0.715256349916831291 0.051035104382590846 0.572572230721350661
-0.764667256832063158 0.130253845969141080 0.571888216454893183
-0.793038178096594382 0.200618907875344532 0.571203315960581826
-0.808236006185554912 0.262378839777823003 0.570517533370660246
-0.814948891153675858 0.316833384126903372 0.569830872822694068
-0.815976435812015399 0.365383452726544822 0.569143338459545789
-0.813008361382415945 0.409255188471264020 0.568454934429350356
-0.805202415672851446 0.459026628171421480 0.567765664885489074
-0.796391760919371361 0.495745035474817852 0.567075533986565739
-0.785647502528278308 0.530379734455796781 0.566384545896380986
-0.773113960030242464 0.563423294973140698 0.565692704783906763
-0.758814416335151454 0.595277851808535985 0.565000014823262009
-0.742672324494783931 0.626275032717638069 0.564306480193686899
-0.724518695059875983 0.656689394849873986 0.563612105079517756
-0.704088726076980365 0.686745600369192521 0.562916893670161955
-0.681008629200639426 0.716618697100775082 0.562220850160072394
-0.654772084009093924 0.746425478169157830 0.561523978748722397
-0.624704544998714639 0.776202630006895489 0.560826283640580292
-0.589912770412465037 0.805863515178092960 0.560127769045084101
-0.537948358289273454 0.842305170506695400 0.559428439176616110
-0.487639591004345285 0.870097395220442382 0.558728298254477340
-0.427281710075883114 0.895164379895996176 0.558027350502862229
-0.354234028710197102 0.914857860634676445 0.557325600150833100
-0.265569175328181972 0.924458021261686524 0.556623051432294513
-0.158977894044267543 0.915838272892766425 0.555919708585968286
-0.035341922679112847 0.875916640977707051 0.555215575855366850
0.095547236512119438 0.786637395198636735 0.554510657488768932
0.225777198817861235 0.582474212044087447 0.553804957739192694
0.246102546592563753 0.358004482111842381 0.553098480864371078
0.157334200547062070 0.138975725744242190 0.552391231126725279
-0.014159663958463553 -0.007531508633632018 0.551683212793339983
-0.205438756834849801 -0.059552208557009823 0.550974430135936832
-0.369545487632347291 -0.040657276280771149 0.550264887430848670
-0.516201808645133431 0.032120623242262586 0.549554588958994228
-0.592750383803605119 0.102559791748890794 0.548843539005852032
-0.642968166532648322 0.172108292070246666 0.548131741861434318
-0.674720553877848461 0.236635039263004165 0.547419201820261936
-0.693727384124689594 0.294976770874251504 0.546705923181337261
-0.705418572091955687 0.359434290812187418 0.545991910248119217
-0.708202671678011098 0.404968466950714312 0.545277167328497070
-0.706950198256382945 0.445907381745656473 0.544561698734763899
-0.702761778540480719 0.482914463858646226 0.543845508783591502
-0.696394121231218910 0.516569619247211675 0.543128601796003752
-0.686155624681554777 0.554665972620295711 0.542410982097350503
-0.676573836647194060 0.582454884295040443 0.541692654017281949
-0.666021153192021265 0.608212218513726199 0.540973621889721756
-0.654666847151626374 0.632209532999750023 0.540253890052841745
-0.639523636200823420 0.660073144796030631 0.539533462849035028
-0.626742593083438604 0.680885260275011617 0.538812344624890471
-0.613419648244669991 0.700552819142777783 0.538090539731165718
-0.599576325748056527 0.719209129452775930 0.537368052522761430
-0.581538359703930086 0.741283290147934926 0.536644887358695422
-0.566490530504679790 0.758070263895168184 0.535921048602074901
-0.550836881555811231 0.774183135399535094 0.535196540620071826
-0.534488572525530614 0.789711283654395246 0.534471367783895701
-0.512859385990726446 0.808437554341720044 0.533745534468767047
-0.494324277673968027 0.822992423827062503 0.533019045053891527
-0.474292307970188287 0.837296066912382786 0.532291903922433307
-0.452128051646397910 0.851499734770567285 0.531564115461488407
-0.419606734424761818 0.869429015727264276 0.530835684062058610
-0.386700815110066820 0.884245986259536099 0.530106614119024488
-0.341085841816484270 0.899677677770430173 0.529376910031119641
-0.233355591583353339 0.915577860398229415 0.528646576200903162
0.035723061059917016 0.839471388832477294 0.527915617034733886
-0.641050129294888027 0.166600502154113678 0.527184036942743628
-0.580710383921846485 0.777035975241410992 0.526451840338810095
-0.500298082803797062 0.846688184557805923 0.525719031640530909
-0.452225216714348122 0.877914055086611245 0.524985615269196515
-0.417257009285224467 0.897356843182555153 0.524251595649763980
-0.382150934359606564 0.914709157075656698 0.523516977210829459
-0.357723265938672874 0.925667453005810437 0.522781764384602554
-0.335175496597114764 0.935024840560643389 0.522045961606878439
-0.308632314783508499 0.945139314564592770 0.521309573317012220
-0.288236981664382663 0.952262293072565491 0.520572603957891289
-0.268321854143921512 0.958681530581444563 0.519835057975908787
-0.243858296434467270 0.965851428273945767 0.519096939820936853
-0.224492222452788770 0.970975045574998363 0.518358253946300196
-0.205214774116034726 0.975596452598662012 0.517619004808748007
-0.181138183231833672 0.980705254731862319 0.516879196868428425
-0.161820567416811500 0.984277244440330934 0.516138834588860784
-0.137511492793786494 0.988111626237885066 0.515397922436909073
-0.117864872647530872 0.990675989336725848 0.514656464882754738
-0.097972616126159262 0.992787073309367663 0.513914466399869707
-0.072647269858708174 0.994767477806321021 0.513171931464990072
-0.051904761986713344 0.995795930872448443 0.512428864558087671
-0.030601597421457294 0.996289163474086692 0.511685270162344774
-0.002928205516070870 0.996060660313067059 0.510941152764125550
0.020334521674563399 0.995085676817349274 0.510196516852949977
0.051401258146222761 0.992615917695684691 0.509451366921466198
0.078525414013126793 0.989302036386187744 0.508705707465423762
0.108644440577007617 0.984258948273582845 0.507959542983646317
0.152959313384983919 0.973960858934703522 0.507212877978004517
0.197441722669379982 0.959727944533689037 0.506465716953388712
0.256737096506794882 0.933630495449250586 0.505718064417682078
0.374242951433617743 0.849429022428443092 0.504969924881733090
0.515483999580454433 0.592555182606918196 0.504221302859328868
-0.382755064963382130 0.222202807674263897 0.503472202867166985
-0.311510963553310538 0.852171479225822592 0.502722629424828926
-0.104423356938447232 0.972073425030332672 0.501972587054753117
-0.018514122120162624 0.989774014326292972 0.501222080282206495
0.038791606013464819 0.993799011735881033 0.500471113635258535
0.091192253248231159 0.992630701278981231 0.499719691644752828
0.124769089521646004 0.989664269402327657 0.498967818844280431
0.160710511215492624 0.984723562621280690 0.498215499770152170
0.186327830377565395 0.980153666447689864 0.497462738961371664
0.210035766485821673 0.975181691448235743 0.496709540959607176
0.237735505821031534 0.968495472393747781 0.495955910309165471
0.258742114556470948 0.962806743207091920 0.495201851556962724
0.283915771630240288 0.955294598269791351 0.494447369252498770
0.303370977515161955 0.948971028744571621 0.493692467947828284
0.327013294341990224 0.940676393101430364 0.492937152197534589
0.345483119681591622 0.933726839816590326 0.492181426558700674
0.368114356756917560 0.924642468722300714 0.491425295590883215
0.385911111737852419 0.917051705535011696 0.490668763856084045
0.403473860813928054 0.909167839308602010 0.489911835918723060
0.425143005373761707 0.898891378238747318 0.489154516345610635
0.442280161286279783 0.890324358237273183 0.488396809705919865
0.463486087790940249 0.879170336794508067 0.487638720571159257
0.480298086416383496 0.869880209824775985 0.486880253515145078
0.501144085652672100 0.857792905581483245 0.486121413113973777
0.517699178834240548 0.847730187749432096 0.485362203945993942
0.538255895408769724 0.834641139682639754 0.484602630591779604
0.554600602366769224 0.823745370432296009 0.483842697634101593
0.574915306542129412 0.809571278329540900 0.483082409657900780
0.591079517846165192 0.797769142723875335 0.482321771250259546
0.611180250908807121 0.782409298739472403 0.481560787000374912
0.627179084766238404 0.769612404280599960 0.480799461499530345
0.647075444102443886 0.752945708735826447 0.480037799341068050
0.662908778737688831 0.739048036746716819 0.479275805120361664
0.678664023665461302 0.724621854041969771 0.478513483434788112
0.698240043904590602 0.705804672458036464 0.477750838883700013
0.713797199410525107 0.690087623782584481 0.476987876068398153
0.733097310613510023 0.669559897154298977 0.476224599592103282
0.748404180408308028 0.652390460596533051 0.475461014059928577
0.767343690719939242 0.629933239108854015 0.474697124078852117
0.782314559790648012 0.611121940856307999 0.473932934257688454
0.800760026918314383 0.586479714550755649 0.473168449207061581
0.815263728962932865 0.565806795461387568 0.472403673539376345
0.833015343814590192 0.538685440141751348 0.471638611868791302
0.846858720054469716 0.515900231772193685 0.470873268811190182
0.863626150166566964 0.485968092642843574 0.470107648984154913
0.876531614806046022 0.460791950795673588 0.469341757006936922
0.891901645947940080 0.427687102986943679 0.468575597500429597
0.903477566554095279 0.399823058040213120 0.467809175087140594
0.916872152270065133 0.363171832151692020 0.467042494391163687
0.926575314894173108 0.332326130665938857 0.466275560038151071
0.937200004877601578 0.291781028075628779 0.465508376655285161
0.945844072683233339 0.248953599269961023 0.464740948871250947
0.951077679034883716 0.213013725964068812 0.463973281316208130
0.955151584991092539 0.165982579874592251 0.463205378621762642
0.956130395318189663 0.126699281510377348 0.462437245420939558
0.954046857139424609 0.075617661458158847 0.461668886348154228
0.949364590236879913 0.033297888592503710 0.460900306039185248
0.939212189389327490 -0.021152535704447362 0.460131509131145422
0.927243173602525728 -0.065668859458309914 0.459362500262455065
0.906929169782855982 -0.121989841633734664 0.458593284072812746
0.886018029667378748 -0.167087317155946324 0.457823865203168145
0.853623266005494430 -0.222672496391193353 0.457054248295693633
0.822477137014509196 -0.265766463164754718 0.456284437993756620
0.776888813720432836 -0.316764241488425524 0.455514438941891142
0.735187454153619413 -0.354326367977463086 0.454744255785770268
0.676947115501498775 -0.395915574028494643 0.453973893172177512
0.626027867114955727 -0.423938765856317679 0.453203355748979131
0.558072968591470486 -0.451252941709362587 0.452432648165096596
0.501318929109571210 -0.466254674142353609 0.451661775070477334
0.429054745603388465 -0.475879672777895724 0.450890741116067750
0.357333343717114948 -0.475233983260394066 0.450119550953784642
0.301795923662967425 -0.467598325140942572 0.449348209236487384
0.236336028085487482 -0.449969722048408016 0.448576720617949509
0.188173500665999582 -0.430288146287417295 0.447805089752831120
0.134261418334917948 -0.400188151851245899 0.447033321296650354
0.096630561706485596 -0.372927663922403285 0.446261419905755630
0.056679842310599693 -0.336561224054797437 0.445489390237297223
0.030263008540912267 -0.306848326352122225 0.444717236949199513
0.003667938481810101 -0.270438835524367926 0.443944964700132727
-0.013047600705802048 -0.242890184612106041 0.443172578149484575
-0.029248289378419029 -0.211580233432616227 0.442400081957332769
-0.039345895750664411 -0.189754090868882036 0.441627480784416215
-0.049778874474773555 -0.167303282670947157 0.440854779292107424
-0.059585111508300204 -0.150936466043944340 0.440081982142383921
-0.068523741985930003 -0.142611953428517013 0.439309093997800659
-0.083476242643475557 -0.138425218465143579 0.438536119521461376
-0.100762956106954196 -0.139958900075716930 0.437763063376990780
-0.133127703152852023 -0.147075342892454553 0.436989930228506185
-0.171652182164346578 -0.155072778689014590 0.436216724740589701
-0.242364979546039444 -0.162168639022492123 0.435443451578259699
-0.322078193376902078 -0.156695022181192245 0.434670115406943058
-0.452396744323615596 -0.114338217577724555 0.433896720892446575
-0.569882403059620235 -0.029434374882995773 0.433123272700929207
-0.686970743606960754 0.161078442836425750 0.432349775498873712
-0.701849442875813745 0.413442865500045387 0.431576233953058608
-0.624791548678508057 0.599389700460853270 0.430802652730529700
-0.464398746965224651 0.755564329286972147 0.430029036498572770
-0.327971327041941652 0.818175798683859368 0.429255389924684039
-0.178100267686718827 0.843824560282223080 0.428481717676543417
-0.080043297446839412 0.840562664431373063 0.427708024421985300
0.018168491800285180 0.822578999569404612 0.426934314828971262
0.081254023595847824 0.803447667201604432 0.426160593565560908
0.145669626535210428 0.777915491279595583 0.425386865299884787
0.198218611960956081 0.752734176416173906 0.424613134700115247
0.233920170422075135 0.733495451756049022 0.423839406434439070
0.272576711582147690 0.710828447683027220 0.423065685171028827
0.299770140650086003 0.693801300484574890 0.422291975578014622
0.330121272424094836 0.673796866543415085 0.421518282323456672
0.352049058854432273 0.658710830054054730 0.420744610075315939
0.377079976521996152 0.640851314004996397 0.419970963501427319
0.395517633175762828 0.627257665546963494 0.419197347269470222
0.416907637399402009 0.611006619674650975 0.418423766046941481
0.432882716715976446 0.598516255757136850 0.417650224501126266
0.451630873597909377 0.583445586820643847 0.416876727299070882
0.469198436434640431 0.568886939916033230 0.416103279107553403
0.482504750860363263 0.557553003891495758 0.415329884593057030
0.498306339446599633 0.543717967391739831 0.414556548421740223
0.510346007107799093 0.532878550306836840 0.413783275259410332
0.524714907604889480 0.519572127091439073 0.413010069771493848
0.535710089475258666 0.509093974209092082 0.412236936623009365
0.548880172811703093 0.496173466491888260 0.411463880478538657
0.558989563223840080 0.485958638465904258 0.410690906002199319
0.571130615322048674 0.473318630172731292 0.409918017857616057
0.582756939219780890 0.460799045854362099 0.409145220707892665
0.591710044920705780 0.450856083623280668 0.408372519215583762
0.602491153744480035 0.438503132294100761 0.407599918042667209
0.610803979412429365 0.428671552501357522 0.406827421850515403
0.620824197712209314 0.416433968387624143 0.406055035299867251
0.628556433977155105 0.406677854579254650 0.405282763050800465
0.637882060640045490 0.394516193284001004 0.404510609762702811
0.645080949391880432 0.384807777761029701 0.403738580094244404
0.653764744497654315 0.372691415002458726 0.402966678703349568
0.660468051575513360 0.363009059858669436 0.402194910247168913
0.668552339137692631 0.350914062052757159 0.401423279382050524
0.674790437492329920 0.341240819909608584 0.400651790763512761
0.682309307416674393 0.329148418325105441 0.399880449046215336
0.689526292481962289 0.317050878965601857 0.399109258883932283
0.695087582719170816 0.307366479097522294 0.398338224929522700
0.701779444771877037 0.295250097168426762 0.397567351834903382
0.706928858767000179 0.285546378109571675 0.396796644251020736
0.713114989824656043 0.273401212936061455 0.396026106827822577
0.717866315867768612 0.263671211862412158 0.395255744214229765
0.723561970598085136 0.251489677084489438 0.394485561058108725
0.727925942895997546 0.241728139433642714 0.393715562006243303
0.733142838609492142 0.229504589376348961 0.392945751704306401
0.737127559934529053 0.219707672384218150 0.392176134796831943
0.741874341959589678 0.207438066827673462 0.391406715927187232
0.745485610860480818 0.197603094848276845 0.390637499737544969
0.749768210903647203 0.185284717209542482 0.389868490868854556
0.753009771256315852 0.175409972227231481 0.389099693960814785
0.756831676519665542 0.163041184137593498 0.388331113651845694
0.759705400639694606 0.153125720470994764 0.387562754579060531
0.763067844605057166 0.140705741709215293 0.386794621378237391
0.765573856536960307 0.130749217987173760 0.386026718683791847
0.768475937444022983 0.118277925325276034 0.385259051128749030
0.771121103419768250 0.105778252467230716 0.384491623344714872
0.773051409101778386 0.095758192051430657 0.383724439961849018
0.775230656638996818 0.083207888274099751 0.382957505608836291
0.776785934599855787 0.073147609301585537 0.382190824912859439
0.778492959409329055 0.060547426797906256 0.381424402499570547
0.779667268881446218 0.050447574756969260 0.380658242993063167
0.780893477454906670 0.037798341794379742 0.379892351015845064
0.781678967465130992 0.027659574241894469 0.379126731188809796
0.782413257757152314 0.014962080481578932 0.378361388131208842
0.782799956438651634 0.004784987288816545 0.377596326460623632
0.783028407775137270 -0.007960098901652668 0.376831550792938397
0.783003934583039518 -0.018175046434442899 0.376067065742311524
0.782709394678714143 -0.030967219888641151 0.375302875921148027
0.782258584297769288 -0.041219682989959872 0.374538985940071401
0.781420137157004757 -0.054058591385497123 0.373775400407896752
0.780524560076900631 -0.064348330407495991 0.373012123931601880
0.779116853067677750 -0.077233696614124048 0.372249161116299909
0.777754212773641873 -0.087560476302134871 0.371486516565211977
0.776175655326233782 -0.097903607130280623 0.370724194879638425
0.773889993963157163 -0.110855347146025296 0.369962200658932039
0.771803773383652136 -0.121234807789950716 0.369200538500469633
0.768862466120389221 -0.134231343488768695 0.368439212999625065
0.766233276599939339 -0.144645944327087494 0.367678228749740488
0.762587819774890430 -0.157685170749635284 0.366917590342099198
0.759373013478175540 -0.168132584884565228 0.366157302365898329
0.754964766306378432 -0.181210547801794908 0.365397369408220485
0.751112728314476619 -0.191686558494537029 0.364637796054006091
0.745870632360778663 -0.204796318021152890 0.363878586886026256
0.741318730947455595 -0.215293722605843452 0.363119746484854844
0.735156426392177709 -0.228423698771049954 0.362361279428840721
0.729828414897245259 -0.238930711174212662 0.361603190294080168
0.722640577044936339 -0.252062267050162936 0.360845483654389343
0.716443286759084197 -0.262560176668370782 0.360088164081276974
0.709824395282609322 -0.273045482005126572 0.359331236143916044
0.700920075612894822 -0.286123773187532682 0.358574704409116762
0.693258644455016171 -0.296553345337304652 0.357818573441299359
0.682959388957374625 -0.309531702372358886 0.357062847802465555
0.674100697834095319 -0.319851671693778261 0.356307532052171694
0.662191297351376718 -0.332646957084273220 0.355552630747501208
0.651943704029552040 -0.342775395228696711 0.354798148443037253
0.638157235346947349 -0.355261277149889088 0.354044089690834618
0.626282837404114723 -0.365073680557661540 0.353290459040392801
0.613594499264597193 -0.374689711998198616 0.352537261038628369
0.596491483975121750 -0.386364651614788390 0.351784500229847863
0.581728459308361701 -0.395361015038602104 0.351032181155719714
0.561794981630592383 -0.406064212157357662 0.350280308355247205
0.544558989210102706 -0.414088928038465531 0.349528886364741498
0.521247379677263312 -0.423273083223103475 0.348777919717793483
0.501060315713495075 -0.429781513018499817 0.348027412945247028
0.479389140209319164 -0.435367230573966757 0.347277370575171052
0.450042366686561390 -0.440740609214694212 0.346527797132833160
0.424622681615097919 -0.443444771576691821 0.345778697140671221
0.390250328134571334 -0.444314363454601624 0.345030075118266999
0.360572468556088932 -0.442522840613460866 0.344281935582318011
0.328905901193113859 -0.437999224955549327 0.343534283046611377
0.286556549459052956 -0.427601393990496792 0.342787122021995572
0.250613653807199799 -0.414623016727012128 0.342040457016353661
0.203583785876012557 -0.391191636851312086 0.341294292534576271
0.164939190236736449 -0.365501189440071927 0.340548633078533836
0.126337640476720053 -0.332504211675964001 0.339803483147050112
0.080209858414973995 -0.279410849766358715 0.339058847235874428
0.047341730178674102 -0.226422789481663889 0.338314729837655315
0.020805530793334207 -0.163645543133723703 0.337571135441912362
0.001292307777302062 -0.072088293873982523 0.336828068535010128
0.000729770915941362 0.009598167257570825 0.336085533600130215
0.023813422787386240 0.116910079344656415 0.335343535117245406
0.063510576519494225 0.201080596941681872 0.334602077563091016
0.121892336563260151 0.277637857161376289 0.333861165411139194
0.217073475456364184 0.354425724011070420 0.333120803131571552
0.305274793965486735 0.395966887916948840 0.332380995191252027
0.398006007368273906 0.418037552664380252 0.331641746053699893
0.511952721707414349 0.419462170133447221 0.330903060179063069
0.596314860921101975 0.402733490060410260 0.330164942024091357
0.671701509542943165 0.373781693541357596 0.329427396042108855
0.751569925827533680 0.325672901133872816 0.328690426682987813
0.803928739819601224 0.281346582865857675 0.327954038393121539
0.846753013283262579 0.234433825028291576 0.327218235615397535
0.888444243062650019 0.174784173161245837 0.326483022789170574
0.913703141434982768 0.127690722852778493 0.325748404350236054
0.932950395445616865 0.081961779048238426 0.325014384730803463
0.950041723691407825 0.027353255633302820 0.324280968359469235
0.959163484608802297 -0.014044299732005994 0.323548159661190049
0.965001169600604669 -0.053341540209192073 0.322815963057256461
0.968550900514871360 -0.099561326109218140 0.322084382965266092
0.968959197930258087 -0.134321098044346221 0.321353423799096927
0.967612187738515317 -0.167236213165799563 0.320623089968880448
0.964810301948172633 -0.198435941862650511 0.319893385880975489
0.959628005735479017 -0.235225800898234694 0.319164315937941478
0.954371351024127179 -0.263049203926058350 0.318435884538511682
0.948291505708457660 -0.289578602915018191 0.317708096077566726
0.939713396864693573 -0.321100089026618463 0.316980954946108506
0.932180138496964239 -0.345139297336229833 0.316254465531233042
0.924126869847774701 -0.368242680680090972 0.315528632216104443
0.915605953599456290 -0.390506194453970390 0.314803459379928152
0.904353461115970703 -0.417292027929009601 0.314078951397925132
0.894898592580073093 -0.437990489229222124 0.313355112641304667
0.885052180874892680 -0.458129820759595296 0.312631947477238548
0.874811409736671042 -0.477792111280440301 0.311909460268834315
0.861430169591943407 -0.501826595040498313 0.311187655375109562
0.850220353317999389 -0.520727201970522913 0.310466537150965005
0.838503276431359246 -0.539442659342559305 0.309746109947158288
0.826197008357095308 -0.558085407564612002 0.309026378110278277
0.809798643187073286 -0.581495430365320476 0.308307345982718140
0.795642069433782018 -0.600523403286162161 0.307589017902649531
0.780253837837368347 -0.620076520584662116 0.306871398203996282
0.763177239922593120 -0.640495559612155096 0.306154491216408586
0.743661035089622446 -0.662283594577175339 0.305438301265236245
0.713724373208162621 -0.692677829377552845 0.304722832671503130
0.681904075060085546 -0.721197646231448997 0.304008089751880761
0.635949258747883661 -0.756055296435781066 0.303294076818662772
0.557067426681425615 -0.800742518067753872 0.302580798179738097
0.376576114233904247 -0.846133319724064914 0.301868258138565604
-0.115929640032435610 -0.176026894573472648 0.301156460994148056
0.779063644138517697 -0.121651669450121291 0.300445411041005861
0.832536172481359804 -0.411324104820002923 0.299735112569151418
0.803911794473814556 -0.526577151536296917 0.299025569864063145
0.775436907608016091 -0.588342855897923234 0.298316787206659995
0.745384257492452185 -0.636990622483923574 0.297608768873274754
0.724543549014540433 -0.665152306177686503 0.296901519135629122
0.705546401602140438 -0.688106434606622575 0.296195042260807340
0.687785866136339852 -0.707753493670609579 0.295489342511231157
0.670860440624288956 -0.725150084538825124 0.294784424144633184
0.654498447374049608 -0.740928908689381771 0.294080291414031747
0.638510452692416242 -0.755491206612654675 0.293376948567705464
0.618847503218728057 -0.772380553907832557 0.292674399849167044
0.603255952229020287 -0.785055599366644596 0.291972649497137970
0.587708582678632241 -0.797119617417143878 0.291271701745522582
0.572149056760664187 -0.808659618578573602 0.290571560823383868
0.556532139382361457 -0.819740020699745164 0.289872230954915933
0.540820711639162677 -0.830409063230106770 0.289173716359419908
0.524983689925303199 -0.840703096098674219 0.288476021251277581
0.508994549095273308 -0.850649518887875877 0.287779149839927695
0.492830257033657460 -0.860268838569242522 0.287083106329838189
0.472347841292877213 -0.871855548367750033 0.286387894920482278
0.455718379858630951 -0.880787462195460114 0.285693519806313190
0.438854893348674502 -0.889426512333070463 0.284999985176738024
0.421742584843890211 -0.897776161780489579 0.284307295216093381
0.404367737857869836 -0.905837399874070304 0.283615454103619102
0.386717542365403399 -0.913609048780000599 0.282924466013434350
0.368779963976488157 -0.921087995966406892 0.282234335114511015
0.350543646865213609 -0.928269370694079221 0.281545065570649733
0.331997843764175682 -0.935146677582367580 0.280856661540454244
0.313132367907782039 -0.941711897015456545 0.280169127177306077
0.293937563315737171 -0.947955559626627919 0.279482466629339732
0.274404290576513277 -0.953866800451527497 0.278796684039418097
0.254523926202068818 -0.959433397000522659 0.278111783545106850
0.234288374025063417 -0.964641794637443928 0.277427769278649428
0.213690087566879905 -0.969477121974182898 0.276744645366942488
0.192722102649445226 -0.973923198479303087 0.276062415931510929
0.171378079726195787 -0.977962536174288521 0.275381085088483135
0.149652355602781173 -0.981576337017958656 0.274700656948565658
0.127540004378075500 -0.984744487415013747 0.274021135617018741
0.105036907519136413 -0.987445551164899737 0.273342525193631669
0.082139833094578507 -0.989656762097172682 0.272664829772698014
0.058846524163631730 -0.991354017619933026 0.271988053442990652
0.035155796498741010 -0.992511874383163462 0.271312200287737060
0.011067645611372023 -0.993103547318605062 0.270637274384595228
-0.013416636767766499 -0.993100913327776169 0.269963279805628786
-0.038294336736286294 -0.992474520970927587 0.269290220617281972
-0.063561182881695988 -0.991193607578708891 0.268618100880355593
-0.089211201583836996 -0.989226125282341551 0.267946924649982543
-0.115236563292224203 -0.986538777554909485 0.267276695975603384
-0.141627420043342500 -0.983097067936480551 0.266607418900941251
-0.168371734835049192 -0.978865362707721842 0.265939097463978480
-0.195455103563556332 -0.973806969342566831 0.265271735696931188
-0.222860570455487350 -0.967884232651337717 0.264605337626225900
-0.250568438291748241 -0.961058650547434778 0.263939907272474572
-0.271534290956569224 -0.955323405714864848 0.263275448650450827
-0.299715025925516465 -0.946823154397680278 0.262611965769065092
-0.328128273316082131 -0.937311016685437814 0.261949462631341390
-0.356742324549534473 -0.926746736939323412 0.261287943234391862
-0.385521812894297489 -0.915090089819834418 0.260627411569394229
-0.414427533791565106 -0.902301145239077895 0.259967871621566038
-0.443416277282882909 -0.888340564380179276 0.259309327370142229
-0.472440676664201975 -0.873169927578551830 0.258651782788349882
-0.501449077915687047 -0.856752094384692242 0.257995241843384959
-0.523161332206016794 -0.843598835315541917 0.257339708496387765
-0.552004190606725009 -0.824914303735228893 0.256685186702419799
-0.580666152772636113 -0.804890346048593441 0.256031680410439610
-0.609078824810627473 -0.783498357644750065 0.255379193563278428
-0.637169347402511632 -0.760713135530676654 0.254727730097616900
-0.664860487093077213 -0.736513396127852160 0.254077293943961557
-0.685317897347964333 -0.717425006908622764 0.253427889026620723
-0.712111680548317638 -0.690712345776373193 0.252779519263680752
-0.738272570360473890 -0.662551224899923685 0.252132188566982385
-0.763708774077342945 -0.632939848827394735 0.251485900842097765
-0.788325415303773980 -0.601882885920322908 0.250840659988306292
-0.806191497771894805 -0.577648219318072198 0.250196469898570972
-0.829138067609937912 -0.544093919048123875 0.249553334459515330
-0.850992400793778692 -0.509144140667854406 0.248911257551399867
-0.871652877233544232 -0.472831902750515565 0.248270243048098749
-0.886303503316404617 -0.444728213039499276 0.247630294817075935
-0.904630067059657095 -0.406136564401075595 0.246991416719362256
-0.921484726701951362 -0.366317263288396644 0.246353612609532258
-0.936769355993972708 -0.325335730539449419 0.245716886335680784
-0.947145124074128542 -0.293881140753288139 0.245081241739399380
-0.959455566987616359 -0.251049227403893849 0.244446682655753811
-0.969944216576723361 -0.207279261188302255 0.243813212913260191
-0.978528721058952056 -0.162667924884209558 0.243180836333862671
-0.983671450963263139 -0.128719550581234188 0.242549556732909621
-0.988744661263816216 -0.082889896251738593 0.241919377919131262
-0.991721443991525176 -0.036519898839960485 0.241290303694616182
-0.992544460147831931 -0.001459627232044125 0.240662337854788411
-0.991723507459793652 0.045565797560941756 0.240035484188385162
-0.988672917047970667 0.092794466248969976 0.239409746477433349
-0.983359663920871929 0.140099938790598844 0.238785128497226773
-0.977874335472165179 0.175553584521605910 0.238161634016303414
-0.968544502522720174 0.222691611949810075 0.237539266796423398
-0.956897499375634286 0.269566821321593764 0.236918030592545070
-0.946634816376218158 0.304481696024446913 0.236297929152803232
-0.930906031884861873 0.350627313096142368 0.235678966218485830
-0.917567970813688571 0.384878150973651023 0.235061145524012804
-0.897710909809730007 0.430001517581438841 0.234444470796911636
-0.875449055676692955 0.474443711911552046 0.233828945757796114
-0.857134951625119879 0.507303328174580015 0.233214574120343354
-0.830468564020194533 0.550479403298239633 0.232601359591271956
-0.808682395910153673 0.582401232150118853 0.231989305870319185
-0.777011162393428267 0.624421199467842358 0.231378416650218466
-0.741872559071018234 0.665983518375680594 0.230768695616677788
-0.712726455540745096 0.697035232233879309 0.230160146448356639
-0.668892983805056351 0.738679351997359679 0.229552772816844636
-0.630719547441503381 0.770523717386344398 0.228946578386638622
-0.568054562674619068 0.814728686732906104 0.228341566815121244
-0.478534598389357080 0.861894093472852063 0.227737741752538220
-0.368842304891829398 0.896189440885334809 0.227135106841976964
-0.035285517108475217 0.850563037359745255 0.226533665719343968
0.106901453911489447 0.090228859865644509 0.225933422013343488
-0.744782021294259522 0.382972173572921681 0.225334379345455083
-0.703264441381247662 0.613630975217941299 0.224736541329912165
-0.623674972918289217 0.739612889467049284 0.224139911573680239
-0.573638032277386745 0.791326185250504688 0.223544493676434614
-0.515922327292262062 0.838065912171099714 0.222950291230539055
-0.476841083890088280 0.864226711178113005 0.222357307821024419
-0.428131305322213329 0.892085415112678359 0.221765547025566445
-0.393254199945094196 0.909307034413515125 0.221175012414464467
-0.348118234145355143 0.928653318481801660 0.220585707550619681
-0.314889463363294153 0.940961325702544316 0.219997635989513968
-0.281915738663364501 0.951660009427874320 0.219410801279188383
-0.237943596479895270 0.963686904366847896 0.218825206960221313
-0.204629606349868876 0.971143314068369512 0.218240856565707519
-0.159151991882318156 0.979045177212585216 0.217657753621236849
-0.123656240876340418 0.983368139544190001 0.217075901644872893
-0.073105017338347233 0.986627980835518947 0.216495304147131529
-0.031172762938052323 0.986587021933723607 0.215915964630959911
0.016666304431760204 0.983218429688027640 0.215337886591715516
0.097740139220122202 0.968326035720740830 0.214761073517145018
0.185312489167153371 0.936744578884975421 0.214185528887362697
0.385974878846490232 0.765569170572664826 0.213611256174830066
0.307320547807653555 0.125763028719568182 0.213038258844334860
-0.512137434258400970 0.534256556399814841 0.212466540352969940
-0.276330440748675910 0.915422194400834943 0.211896104150112174
-0.164372893371674489 0.967240414648451452 0.211326953677402479
-0.091724035789230385 0.985753559250447720 0.210759092368723977
-0.023276683458118896 0.994568030940036651 0.210192523650182150
0.016837932629726382 0.996379182109455530 0.209627250940083665
0.051296746412901661 0.996161405004110434 0.209063277648916135
0.091472790316087793 0.993988454310705150 0.208500607179326947
0.118574943071701744 0.991416315742409071 0.207939242926103607
0.143756570349714230 0.988255373736605325 0.207379188276152232
0.175001300870606225 0.983321346743991742 0.206820446608478120
0.197020802887691138 0.979177628437600811 0.206263021294164489
0.218029405051146929 0.974711732388124474 0.205706915696352854
0.238158265889788667 0.969962111761861534 0.205152133170222351
0.263798255526187908 0.963240002941161855 0.204598677062969414
0.282227286552113266 0.957938289774007745 0.204046550713787689
0.300035644365326482 0.952436574231285693 0.203495757453848236
0.317270800912174078 0.946752712065919932 0.202946300606278940
0.339426555367121463 0.938918144572648661 0.202398183486144662
0.355466998551406177 0.932868478314434757 0.201851409400427062
0.371043838346062915 0.926684132127361115 0.201305981648004950
0.386180581581192117 0.920376830306361748 0.200761903519634410
0.400897912299518266 0.913957442094189165 0.200219178297928596
0.419900120428173207 0.905241299931238474 0.199677809257337857
0.433707173719106553 0.898598607355360679 0.199137799664130727
0.447149398967202016 0.891875110622226686 0.198599152776373439
0.460240089299708666 0.885078968671855537 0.198061871843910497
0.472991503554419657 0.878217862092367740 0.197525960108345194
0.485415017579779784 0.871299030469955937 0.196991420803020012
0.497521246811412743 0.864329304731476067 0.196458257152997223
0.513186453283317801 0.854968266145132993 0.195926472375038851
0.524590076139282657 0.847904262955625709 0.195396069677588241
0.535707465162294505 0.840809525776344713 0.194867052260749796
0.546546893454322169 0.833689405923189186 0.194339423316269994
0.557116242324754429 0.826548967156901848 0.193813186027518514
0.567423039293069142 0.819393002250137448 0.193288343569468529
0.577474490427298370 0.812226048270348500 0.192764899108677640
0.587277508087244327 0.805052400693822223 0.192242855803268775
0.596838734814062910 0.797876126525122742 0.191722216802911405
0.606164564098751191 0.790701076468169672 0.191202985248802360
0.615261158515704731 0.783530896263708754 0.190685164273646623
0.624134465631697277 0.776369037283053953 0.190168757001638655
0.635628111114142191 0.766838457123296569 0.189653766548444014
0.644002438623091811 0.759708417126862545 0.189140196021179541
0.652171920844015651 0.752596921125580298 0.188628048518395514
0.660141718007518419 0.745506684344880655 0.188117327130056300
0.667916835109458429 0.738440273405018832 0.187608034937522289
0.675502129898452153 0.731400113244965677 0.187100175013531100
0.680455871586157834 0.726722393013165435 0.186593750422178684
0.687735213800218514 0.719731008438647457 0.186088764218901248
0.694837021423853840 0.712771696480249739 0.185585219450456806
0.701765670317042067 0.705846415014534379 0.185083119154906633
0.708525418435256293 0.698957007214879633 0.184582466361596864
0.715120410834111375 0.692105206349262536 0.184083264091140619
0.721554684299350657 0.685292640310787515 0.183585515355399187
0.727832171683624130 0.678520835853312243 0.183089223157464454
0.733956705927547692 0.671791222606643035 0.182594390491640279
0.739932023829936392 0.665105136849463596 0.182101020343424957
0.745761769577476530 0.658463825070049413 0.181609115689492451
0.751449498038261554 0.651868447349710500 0.181118679497675406
0.756998677876736359 0.645320080538041019 0.180629714726946222
0.760622834768509004 0.640981115230484844 0.180142224327400208
0.765948583334823185 0.634513276480363375 0.179656211240236729
0.771144633094178134 0.628094936026912798 0.179171678397742395
0.776214160142494447 0.621726890490650552 0.178688628723273041
0.781160266506565448 0.615409866279353679 0.178207065131235742
0.785985982324870602 0.609144522046091375 0.177726990527071554
0.789137707256570842 0.604996632586211169 0.177248407807238162
0.793769316983877316 0.598818708799192190 0.176771319859192089
0.798288280279959683 0.592693907959209398 0.176295729561371350
0.802697380352534240 0.586622659985743922 0.175821639783178052
0.806999337138329054 0.580605337467134053 0.175349053384961262
0.809809099477946548 0.576623906622475646 0.174877973217999694
0.813938361488900641 0.570697138619736144 0.174408402124484219
0.817967435672101839 0.564825024837400491 0.173940342937500991
0.821898822723481137 0.559007744873214141 0.173473798481014518
0.824466686025130402 0.555160088312081967 0.173008771569850284
0.828240664978865282 0.549434467285556227 0.172545265009677762
0.831923351648779397 0.543763928774303351 0.172083281596993737
0.835517044818997912 0.538148484945691452 0.171622824119105372
0.837864510863797540 0.534435451077650781 0.171163895354113277
0.841314847971085356 0.528911746993442677 0.170706498070894802
0.844682068054235624 0.523442972198044032 0.170250635029087161
0.846881750013218415 0.519827575252549301 0.169796308979071303
0.850115109599771990 0.514450040175200018 0.169343522661954737
0.853270874497361054 0.509127007137153531 0.168892278809555235
0.855332590850312102 0.505608489389527849 0.168442580144384513
0.858363415232535121 0.500375786207694073 0.167994429379631272
0.861321830356095663 0.495196927567410461 0.167547829219145628
0.863254800562077929 0.491774121893334637 0.167102782357422014
0.866096647136051390 0.486684324993237882 0.166659291479583554
0.867953578071613330 0.483320586506939154 0.166217359261365216
0.870683821792594292 0.478318898824122651 0.165776988369098488
0.873349404736520896 0.473369573595880277 0.165338181459694394
0.875091366003179938 0.470098915011080920 0.164900941180628258
0.877652881891922809 0.465235952600094593 0.164465270169923072
0.879326969350215926 0.462022472446223298 0.164031171056134129
0.881788881337767005 0.457244659485157745 0.163598646458332858
0.883398008947650415 0.454087520873483363 0.163167698986090987
0.885764597258574704 0.449393562785316003 0.162738331239465017
0.887311558901783926 0.446291878037720191 0.162310545808980133
0.889586926450768090 0.441680408927986823 0.161884345275615377
0.891074399661094252 0.438633245993977017 0.161459732210787160
0.893262477606569627 0.434102838046227901 0.161036709176334170
0.894693027250768269 0.431109226601046502 0.160615278724501848
0.896797580502589287 0.426658398938634775 0.160195443397927406
0.898173662439432419 0.423717336108726861 0.159777205729623673
0.900198295107301982 0.419344563151941074 0.159360568242964351
0.901522259806094572 0.416455018903791108 0.158945533451668869
0.903470420620965942 0.412158738148397430 0.158532103859786916
0.904744516750163541 0.409319660316237566 0.158120281961683429
0.905999272954149837 0.406500470381447876 0.157710070242023437
0.907845882401166704 0.402308598572040710 0.157301471175757601
0.909053753914619067 0.399538373650143552 0.156894487228106394
0.910831566442196205 0.395419135849365611 0.156489120854546221
0.911994572046758711 0.392696789038105176 0.156085374500793544
0.913140176298373407 0.389993287300073266 0.155683250602791229
0.914826616410817306 0.385972985238270394 0.155282751586692802
0.915930030806645812 0.383315827882393434 0.154883879868848662
0.917017080367553250 0.380676900491216774 0.154486637855791142
0.918617590598336031 0.376752305658701658 0.154091027944219749
0.919664959453408537 0.374158183406750777 0.153697052520987060
0.920696935049000076 0.371581675555632429 0.153304713963084344
0.922216616968209335 0.367749556935133504 0.152914014637626994
0.923211263130160109 0.365216317890888709 0.152524956901840314
0.924191426220834611 0.362700080388387192 0.152137543103045308
0.925157355501775691 0.360200670221160146 0.151751775578644582
0.926580094858601266 0.356482726419215024 0.151367656656108324
0.927511499788823190 0.354024625937348403 0.150985188652959929
0.928429507187107705 0.351582747470203461 0.150604373876762149
0.929334345973803488 0.349156919566716351 0.150225214625103520
0.930667403178623842 0.345547899327752428 0.149847713185584097
0.931540293840071865 0.343161452805170852 0.149471871835801767
0.932400783616646689 0.340790463047902170 0.149097692843338375
0.933249082577731870 0.338434762407183010 0.148725178465746399
0.934085396794023581 0.336094184214902281 0.148354330950535129
0.935317837854276135 0.332611309436064595 0.147985152535156927
0.936125066151406227 0.330307814979508563 0.147617645446993906
0.936921000440674834 0.328018867958822291 0.147251811903344576
0.937705829624457143 0.325744306647459847 0.146887654111410415
0.938479738963564181 0.323483970539573507 0.146525174268282266
0.939242910140269616 0.321237700386507785 0.146164374560927651
0.939995521318963911 0.319005338236634906 0.145805257166176955
0.941105019319738889 0.315682530325412880 0.145447824250710761
0.941831987400798321 0.313484256073784773 0.145092077971046479
0.942548992185085366 0.311299347840546192 0.144738020473525603
0.943256196716883544 0.309127654030263321 0.144385653894300470
0.943953760832901612 0.306969024571840499 0.144034980359321579
0.944641841213420763 0.304823310965426308 0.143686001984324796
0.945320591439970048 0.302690366306030967 0.143338720874818359
0.945990162043261584 0.300570045334245417 0.142993139126070229
0.946650700551464053 0.298462204483533833 0.142649258823095815
0.947302351544790588 0.296366701904331953 0.142307082040644906
0.947945256700146732 0.294283397517048240 0.141966610843189456
0.948579554839023009 0.292212153052561985 0.141627847284910818
0.949205381975987472 0.290152832087071044 0.141290793409687837
0.949822871363033561 0.288105300089204375 0.140955451251084163
0.950432153535058610 0.286069424460140498 0.140621822832335985
0.951033356356515758 0.284045074567460254 0.140289910166339848
0.951626605060034603 0.282032121803879043 0.139959715255640799
0.952212022295665372 0.280030439607599768 0.139631240092419895
0.952789728167150130 0.278039903524775478 0.139304486658482385
0.953359840279907500 0.276060391229217827 0.138979456925245687
0.953642084753633990 0.275074731373094461 0.138656152853727538
0.954201021362599433 0.273111530194580288 0.138334576394534364
0.954752647547114752 0.271159056629852457 0.138014729487848986
0.955297072475566056 0.269217196171093132 0.137696614063419348
0.955834402997915333 0.267285836626703743 0.137380232040546862
0.956364743682144525 0.265364868170049339 0.137065585328074641
0.956888196854600803 0.263454183372561046 0.136752675824376058
0.957147371997292939 0.262502664440166456 0.136441505417343317
0.957660680952865717 0.260607209049737998 0.136132075984376016
0.958167348654659579 0.258721779494293092 0.135824389392369904
0.958667469881082424 0.256846277043363325 0.135518447497705474
0.959161137339432646 0.254980605529350701 0.135214252146237057
0.959405579318856394 0.254051427032798871 0.134911805173281107
0.959889735512949427 0.252200327297226856 0.134611108403605934
0.960367660890324881 0.250358829510432646 0.134312163651419847
0.960839441201921662 0.248526846731544904 0.134014972720361059
0.961073053234304808 0.247614397036123424 0.133719537403486022
0.961535772575511039 0.245796529670378738 0.133425859483258913
0.961992552979599180 0.243987971832505868 0.133133940731541361
0.962443473692890850 0.242188646153951359 0.132843782909580932
0.962666760944776545 0.241292421952790992 0.132555387768000910
0.963109036840902322 0.239506805522722577 0.132268757046789781
0.963545643481760639 0.237730240031879758 0.131983892475290826
0.963761843769971538 0.236845330168121981 0.131700795772191348
0.964190083258086306 0.235082215299341424 0.131419468645512461
0.964612833410835924 0.233327987798619907 0.131139912792598762
0.964822171657796934 0.232454187809912505 0.130862129900108481
0.965236816983717549 0.230713178909334904 0.130586121644002573
0.965646142959421416 0.228980911601459836 0.130311889689535138
0.965848831667302954 0.228118039275312767 0.130039435691243210
0.966250300675975948 0.226398785290855331 0.129768761292936907
0.966449096768347116 0.225542391372367812 0.129499868127689266
0.966842850947738697 0.223836040369064626 0.129232757817826449
0.967037824304174620 0.222986072086842235 0.128967431974918306
0.967424001089004615 0.221292523300610777 0.128703892199768077
0.967805200394257437 0.219607458043478476 0.128442140082403289
0.967993951599166680 0.218768094826413961 0.128182177202065650
0.968367792636478431 0.217095684920908139 0.127924005127202034
0.968552896448897638 0.216262629825456465 0.127667625415454483
0.968919505047415086 0.214602799620531748 0.127413039613651358
0.969101023368374670 0.213776017126765194 0.127160249257797620
0.969460521354061022 0.212128700158465799 0.126909255873065646
0.969638514129869789 0.211308159302348753 0.126660060973786071
0.969815344722356976 0.210489692880494739 0.126412666063438650
0.970165544837327198 0.208858972384775521 0.126167072634643274
0.970338926939699031 0.208046713225993163 0.125923282169150691
0.970682286209219924 0.206428385564778716 0.125681296137833798
0.970852275580575186 0.205622312927196071 0.125441116000678810
0.971188903862725383 0.204016340834188237 0.125202743206776296
0.971355554624039774 0.203216438158210000 0.124966179194312452
0.971521104272944247 0.202418589156933504 0.124731425390560466
0.971848923322936042 0.200829047352767409 0.124498483211871971
0.972011204136082219 0.200037352491184317 0.124267354063668414
0.972172406662132227 0.199247707188624890 0.124038039340432532
0.972491599117051408 0.197674562658591513 0.123810540425700069
0.972649600054913965 0.196891062471789058 0.123584858692051325
0.972806544725363098 0.196109609922312078 0.123360995501102993
0.973117286768925283 0.194552847242796700 0.123138952203499741
0.973271094783022872 0.193777537179955439 0.122918730138906251
0.973423867813534183 0.193004274885706040 0.122700330635999083
0.973726329737937712 0.191463895066459000 0.122483755012458659
0.973876028939375304 0.190696778554989177 0.122269004574961190
0.974024713772715600 0.189931711842375062 0.122056080619171087
0.974172389295622887 0.189168695710476675 0.121844984429732739
0.974464732458365290 0.187648818847017729 0.121635717280263234
0.974609410034590340 0.186891960195336215 0.121428280433344166
0.974753098174530153 0.186137156282643768 0.121222675140514505
0.974895801763118408 0.185384408387594291 0.121018902642262602
0.975037525653293713 0.184633717881876325 0.120816964168019139
0.975318053598096535 0.183138514956535603 0.120616860936149317
0.975456867208964518 0.182394005705270701 0.120418594153945749
0.975594720235716473 0.181651560174006854 0.120222165017621091
0.975731617387229022 0.180911180140896299 0.120027574712300855
0.975867563346738631 0.180172867453637808 0.119834824412016289
0.976002562770693971 0.179436624037217107 0.119643915279697144
0.976136620292651580 0.178702451874279855 0.119454848467164781
0.976269740522353713 0.177970353011424220 0.119267625115125314
0.976533187427710558 0.176512383685158536 0.119082246353162544
0.976663523212424778 0.175786517599269942 0.118898713299731174
0.976792939922914494 0.175062733571166529 0.118717027062150135
0.976921442062706591 0.174341033915195232 0.118537188736595883
0.977049034116907800 0.173621420986698360 0.118359199408095833
0.977175720552936999 0.172903897178542154 0.118183060150521657
0.977301505819643035 0.172188464927236329 0.118008772026582914
0.977426394349933170 0.171475126698426905 0.117836336087820667
0.977550390561345406 0.170763884984460934 0.117665753374601195
0.977673498855154088 0.170054742309930729 0.117497024916109374
0.977795723618239077 0.169347701221597258 0.117330151730342946
0.977917069224184088 0.168642764282013580 0.117165134824105996
0.978037540032420827 0.167939934075617803 0.117001975193003135
0.978157140390530699 0.167239213194783520 0.116840673821433358
0.978275874632998033 0.166540604247673529 0.116681231682584041
0.978393747083157073 0.165844109846922549 0.116523649738425272
0.978510762053829586 0.165149732605818389 0.116367928939703880
0.978510762053829586 0.165149732605818389 0.116214070225937813
0.978626923847044861 0.164457475139948350 0.116062074525410328
0.978742236754044814 0.163767340067007050 0.115911942755164490
0.978856705057991938 0.163079329990732658 0.115763675820997711
0.978970333032701090 0.162393447507718225 0.115617274617456051
0.979083124943177729 0.161709695204309556 0.115472740027829104
0.979195085047383618 0.161028075645467672 0.115330072924144461
0.979195085047383618 0.161028075645467672 0.115189274167162514
0.979306217593944428 0.160348591387978912 0.115050344606371285
0.979416526826292433 0.159671244954732894 0.114913285079981331
0.979526016980455827 0.158996038848051080 0.114778096414920497
0.979634692286097897 0.158322975542036226 0.114644779426829185
0.979634692286097897 0.158322975542036226 0.114513334920055415
0.979742556966187061 0.157652057484402308 0.114383763687649603
0.979849615239911986 0.156983287077004041 0.114256066511360263
0.979955871319564631 0.156316666695327622 0.114130244161628980
0.979955871319564631 0.156316666695327622 0.114006297397585929
0.980061329413145943 0.155652198670197750 0.113884226967045130
0.980165993724063433 0.154989885289475215 0.113764033606500142
0.980269868451769444 0.154329728792615639 0.113645718041119337
0.980269868451769444 0.154329728792615639 0.113529280984741868
0.980372957791068145 0.153671731374150078 0.113414723139873122
0.980475265933758333 0.153015895171884242 0.113302045197680529
0.980475265933758333 0.153015895171884242 0.113191247837989437
0.980576797067209904 0.152362222274942005 0.113082331729278909
0.980677555375626619 0.151710714714492878 0.112975297528677909
0.980677555375626619 0.151710714714492878 0.112870145881961009
0.980777545041267018 0.151061374454225628 0.112766877423544909
0.980777545041267018 0.151061374454225628 0.112665492776484119
0.980876770242399165 0.150414203402518432 0.112565992552467672
0.980876770242399165 0.150414203402518432 0.112468377351815099
0.980975235154966763 0.149769203399816142 0.112372647763472971
0.981072943952047138 0.149126376221862478 0.112278804365011281
0.981072943952047138 0.149126376221862478 0.112186847722619942
0.981169900804778949 0.148485723569991290 0.112096778391105545
0.981169900804778949 0.148485723569991290 0.112008596913887773
0.981266109882330206 0.147847247071671073 0.111922303822996186
0.981266109882330206 0.147847247071671073 0.111837899639067123
0.981361575351019644 0.147210948283891585 0.111755384871340541
0.981361575351019644 0.147210948283891585 0.111674760017656721
0.981456301375503548 0.146576828683762483 0.111596025564453569
0.981456301375503548 0.146576828683762483 0.111519181986763555
0.981550292118762102 0.145944889666891175 0.111444229748210735
0.981550292118762102 0.145944889666891175 0.111371169301008127
0.981550292118762102 0.145944889666891175 0.111300001085954892
0.981643551741622433 0.145315132548815784 0.111230725532433697
0.981643551741622433 0.145315132548815784 0.111163343058408165
0.981736084403305398 0.144687558559685292 0.111097854070420235
0.981736084403305398 0.144687558559685292 0.111034258963587817
0.981736084403305398 0.144687558559685292 0.110972558121602394
0.981827894261488421 0.144062168841624538 0.110912751916726629
0.981827894261488421 0.144062168841624538 0.110854840709792277
0.981827894261488421 0.144062168841624538 0.110798824850197819
0.981918985472571393 0.143438964445912864 0.110744704675906469
0.981918985472571393 0.143438964445912864 0.110692480513444172
0.981918985472571393 0.143438964445912864 0.110642152677897440
0.982009362189737445 0.142817946343057112 0.110593721472911730
0.982009362189737445 0.142817946343057112 0.110547187190689372
0.982009362189737445 0.142817946343057112 0.110502550111987896
0.982009362189737445 0.142817946343057112 0.110459810506118417
0.982099028566920773 0.142199115394977871 0.110418968630943887
0.982099028566920773 0.142199115394977871 0.110380024732877557
0.982099028566920773 0.142199115394977871 0.110342979046881562
0.982099028566920773 0.142199115394977871 0.110307831796465444
0.982099028566920773 0.142199115394977871 0.110274583193684828
0.982187988754515739 0.141582472381768742 0.110243233439140137
0.982187988754515739 0.141582472381768742 0.110213782721975392
0.982187988754515739 0.141582472381768742 0.110186231219877029
0.982187988754515739 0.141582472381768742 0.110160579099072869
0.982187988754515739 0.141582472381768742 0.110136826514331099
0.982187988754515739 0.141582472381768742 0.110114973608959388
0.982187988754515739 0.141582472381768742 0.110095020514803896
0.982276246902151984 0.140968017980770799 0.110076967352248589
0.982276246902151984 0.140968017980770799 0.110060814230214563
0.982276246902151984 0.140968017980770799 0.110046561246159164
0.982276246902151984 0.140968017980770799 0.110034208486075674
0.982276246902151984 0.140968017980770799 0.110023756024492547
0.982276246902151984 0.140968017980770799 0.110015203924473198
0.982276246902151984 0.140968017980770799 0.110008552237615381
0.982276246902151984 0.140968017980770799 0.110003801004051049
0.982276246902151984 0.140968017980770799 0.110000950252446050
0.982276246902151984 0.140968017980770799 0.110000000000000001
