-0.940639623521806856 -0.048002172535693499 0.739999999999999991
-0.940639623521806856 -0.048002172535693499 0.739999049747553928
-0.940639623521806856 -0.048002172535693499 0.739996198995948928
-0.940639623521806856 -0.048002172535693499 0.739991447762384680
-0.940639623521806856 -0.048002172535693499 0.739984796075526807
-0.940639623521806856 -0.048002172535693499 0.739976243975507431
-0.940639623521806856 -0.048002172535693499 0.739965791513924276
-0.940639623521806856 -0.048002172535693499 0.739953438753840897
-0.940639623521806856 -0.048002172535693499 0.739939185769785457
-0.940639623521806856 -0.048002172535693499 0.739923032647751389
-0.940639623521806856 -0.048002172535693499 0.739904979485196068
-0.940639623521806856 -0.048002172535693499 0.739885026391040590
-0.940639623521806856 -0.048002172535693499 0.739863173485668879
-0.940639623521806856 -0.048002172535693499 0.739839420900927136
-0.940639623521806856 -0.048002172535693499 0.739813768780122949
-0.940639623521806856 -0.048002172535693499 0.739786217278024627
-0.940639623521806856 -0.048002172535693499 0.739756766560859869
-0.940639623521806856 -0.048002172535693499 0.739725416806315206
-0.940639623521806856 -0.048002172535693499 0.739692168203534561
-0.940639623521806856 -0.048002172535693499 0.739657020953118471
-0.940639623521806856 -0.048002172535693499 0.739619975267122420
-0.940639623521806856 -0.048002172535693499 0.739581031369056063
-0.940639623521806856 -0.048002172535693499 0.739540189493881561
-0.940639623521806856 -0.048002172535693499 0.739497449888012137
-0.940639623521806856 -0.048002172535693499 0.739452812809310633
-0.940639623521806856 -0.048002172535693499 0.739406278527088290
-0.940639623521806856 -0.048002172535693499 0.739357847322102524
-0.940639623521806856 -0.048002172535693499 0.739307519486555820
-0.940639623521806856 -0.048002172535693499 0.739255295324093509
-0.940639623521806856 -0.048002172535693499 0.739201175149802103
-0.940639623521806856 -0.048002172535693499 0.739145159290207743
-0.940639623521806856 -0.048002172535693499 0.739087248083273307
-0.940639623521806856 -0.048002172535693499 0.739027441878397529
-0.940639623521806856 -0.048002172535693499 0.738965741036412216
-0.940639623521806856 -0.048002172535693499 0.738902145929579812
-0.940639623521806856 -0.048002172535693499 0.738836656941591730
-0.940639623521806856 -0.048002172535693499 0.738769274467566239
-0.940639623521806856 -0.048002172535693499 0.738699998914045142
-0.940639623521806856 -0.048002172535693499 0.738628830698991878
-0.940639623521806856 -0.048002172535693499 0.738555770251789201
-0.940639623521806856 -0.048002172535693499 0.738480818013236395
-0.940639623521806856 -0.048002172535693499 0.738403974435546395
-0.940639623521806856 -0.048002172535693499 0.738325239982343340
-0.940639623521806856 -0.048002172535693499 0.738244615128659576
-0.940639623521806856 -0.048002172535693499 0.738162100360932882
-0.940639623521806856 -0.048002172535693499 0.738077696177003806
-0.940639623521806856 -0.048002172535693499 0.737991403086112219
-0.940639623521806856 -0.048002172535693499 0.737903221608894433
-0.940639623521806856 -0.048002172535693499 0.737813152277379980
-0.940639623521806856 -0.048002172535693499 0.737721195634988725
-0.940639623521806856 -0.048002172535693499 0.737627352236526979
-0.940639623521806856 -0.048002172535693499 0.737531622648184837
-0.940639623521806856 -0.048002172535693499 0.737434007447532291
-0.940639623521806856 -0.048002172535693499 0.737334507223515900
-0.940639623521806856 -0.048002172535693499 0.737233122576455124
-0.940639623521806856 -0.048002172535693499 0.737129854118038996
-0.940639623521806856 -0.048002172535693499 0.737024702471322124
-0.940639623521806856 -0.048002172535693499 0.736917668270721027
-0.940639623521806856 -0.048002172535693499 0.736808752162010583
-0.940639623521806856 -0.048002172535693499 0.736697954802319477
-0.940639623521806856 -0.048002172535693499 0.736585276860126870
-0.940639623521806856 -0.048002172535693499 0.736470719015258179
-0.940639623521806856 -0.048002172535693499 0.736354281958880641
-0.940639623521806856 -0.048002172535693499 0.736235966393499863
-0.940639623521806856 -0.048002172535693499 0.736115773032954834
-0.940639623521806856 -0.048002172535693499 0.735993702602414035
-0.940639623521806856 -0.048002172535693499 0.735869755838370998
-0.940639623521806856 -0.048002172535693499 0.735743933488639756
-0.940639623521806856 -0.048002172535693499 0.735616236312350402
-0.940639623521806856 -0.048002172535693499 0.735486665079944646
-0.940639623521806856 -0.048002172535693499 0.735355220573170709
-0.940639623521806856 -0.048002172535693499 0.735221903585079439
-0.940639623521806856 -0.048002172535693499 0.735086714920018758
-0.940639623521806856 -0.048002172535693499 0.734949655393628665
-0.940639623521806856 -0.048002172535693499 0.734810725832837464
-0.940639623521806856 -0.048002172535693499 0.734669927075855544
-0.940639623521806856 -0.048002172535693499 0.734527259972170943
-0.940639623521806856 -0.048002172535693499 0.734382725382543899
-0.940639623521806856 -0.048002172535693499 0.734236324179002309
-0.940639623521806856 -0.048002172535693499 0.734088057244835501
-0.940639623521806856 -0.048002172535693499 0.733937925474589692
-0.940639623521806856 -0.048002172535693499 0.733785929774062096
-0.940639623521806856 -0.048002172535693499 0.733632071060296154
-0.940639623521806856 -0.048002172535693499 0.733476350261574761
-0.940639623521806856 -0.048002172535693499 0.733318768317415937
-0.940639623521806856 -0.048002172535693499 0.733159326178566717
-0.940639623521806856 -0.048002172535693499 0.732998024806996828
-0.940639623521806856 -0.048002172535693499 0.732834865175894024
-0.940639623521806856 -0.048002172535693499 0.732669848269657087
-0.940639623521806856 -0.048002172535693499 0.732502975083890617
-0.940639623521806856 -0.048002172535693499 0.732334246625398921
-0.940639623521806856 -0.048002172535693499 0.732163663912179352
-0.940639623521806856 -0.048002172535693499 0.731991227973417091
-0.940639623521806856 -0.048002172535693499 0.731816939849478376
-0.940639623521806856 -0.048002172535693499 0.731640800591904172
-0.940639623521806856 -0.048002172535693499 0.731462811263404067
-0.940639623521806856 -0.048002172535693499 0.731282972937849940
-0.940639623521806856 -0.048002172535693499 0.731101286700268749
-0.940639623521806856 -0.048002172535693499 0.730917753646837420
-0.940639623521806856 -0.048002172535693499 0.730732374884874636
-0.940639623521806856 -0.048002172535693499 0.730545151532835280
-0.940639623521806856 -0.048002172535693499 0.730356084720302889
-0.940639623521806856 -0.048002172535693499 0.730165175587983772
-0.940771672175809925 -0.045839644483981423 0.729972425287699123
-0.940897958034179749 -0.043671579857595011 0.729777834982378915
-0.941018424678784049 -0.041497854522917210 0.729581405846054243
-0.941241661945729113 -0.037132900334859331 0.729383139063850661
-0.941344306522916341 -0.034941397072167202 0.729183035831980852
-0.941440879422488441 -0.032743683313140259 0.728981097357737307
-0.941615523678160038 -0.028329004087756959 0.728777324859485542
-0.941693442759152455 -0.026111709160484886 0.728571719566655895
-0.941830064067094241 -0.021656319072290375 0.728364282719736744
-0.941888588566974327 -0.019417838049593572 0.728155015570267294
-0.941985582675058497 -0.014918251953189077 0.727943919380828919
-0.942023841986579624 -0.012656685941170587 0.727730995425038829
-0.942079309542288801 -0.008108737844619018 0.727516244987541416
-0.942096264810857953 -0.005821793221518934 0.727299669364000922
-0.942105851278712270 -0.003525791424125291 0.727081269861093782
-0.942102308253140119 0.001094761477797301 0.726861047796500293
-0.942067342255423545 0.005755971260959059 0.726639004498896957
-0.942037597753787925 0.008102924502943309 0.726415141307948709
-0.941952482856938555 0.012832101330241319 0.726189459574299923
-0.941896610071510709 0.015215509060634680 0.725961960659567529
-0.941756789821479590 0.020023400426294524 0.725732645936331688
-0.941672173973089555 0.022449489768477771 0.725501516788128020
-0.941471575500338775 0.027350693969918294 0.725268574609439609
-0.941225985055377579 0.032325015109125166 0.725033820805687568
-0.941084897396336828 0.034843090143571620 0.724797256793223710
-0.940762590404377930 0.039949850712427348 0.724558883999321224
-0.940579633410538740 0.042542854892969439 0.724318703862166235
-0.940164695023244068 0.047821606437725928 0.724076717830849370
-0.939674864569201462 0.053247762615592276 0.723832927365356760
-0.939397257049251255 0.056027589655605281 0.723587333936561383
-0.938763954861367322 0.061752249087561772 0.723339939026213963
-0.938002341706924980 0.067756521503128386 0.723090744126934415
-0.937069091447049196 0.074146030236957317 0.722839750742202303
-0.936517357669257589 0.077535157771063290 0.722586960386348620
-0.935176040730886116 0.084861898779876044 0.722332374584545467
-0.933357968591724152 0.093287311785695992 0.722075994872797944
-0.930682474523575998 0.103655114652634495 0.721817822797934383
-0.928767795279175412 0.110108065028648783 0.721557859917596800
-0.922408736579708233 0.128253519694881912 0.721296107800231900
-0.904986808775809060 0.166352391128684107 0.721032568025081755
-0.697910804088786918 0.368444497877217225 0.720767242182173473
-0.965453928583787757 -0.047802022207951433 0.720500131872310767
-0.959807283062484640 0.014888779107285921 0.720231238707063071
-0.951616666422197222 0.058872095820111547 0.719960564308756767
-0.947261085052641061 0.078507953379026163 0.719688110310464868
-0.944454257198394820 0.091164906005887669 0.719413878355997460
-0.942373548123784821 0.100881232295299494 0.719137870099891496
-0.940677703010861954 0.109091196729347362 0.718860087207401133
-0.939201760562089150 0.116432081808457821 0.718580531354487628
-0.937856507235098613 0.123230087199303118 0.718299204227808685
-0.936589476848133762 0.129669417778272011 0.718016107524709124
-0.935367745286025509 0.135861903671805173 0.717731242953210224
-0.934766766540246041 0.138889061250738188 0.717444612231999179
-0.933574397859742278 0.144838057483239357 0.717156217090419101
-0.932384753507041419 0.150678281745487974 0.716866059268458589
-0.931188639495836301 0.156437925339374895 0.716574140516741065
-0.929979173817859106 0.162137411022796996 0.716280462596514012
-0.928751070254085542 0.167791863883594849 0.715985027279638975
-0.926865108858375031 0.176213317097858702 0.715687836348580131
-0.925573961985408422 0.181799476160147189 0.715388891596394072
-0.924252768520937851 0.187370365933945349 0.715088194826718926
-0.922899439694425783 0.192930723393087367 0.714785747853762921
-0.921512192824860965 0.198484316391556170 0.714481552502294504
-0.920089483621441273 0.204034163551374437 0.714175610607630129
-0.918629955278350785 0.209582698479536422 0.713867924015623934
-0.917132399491438433 0.215131894527975709 0.713558494582656633
-0.915595725993891163 0.220683361310079040 0.713247324175623976
-0.914018938226274669 0.226238420728761214 0.712934414671925309
-0.911576539729417656 0.234580092507181814 0.712619767959453143
-0.909895549721626784 0.240148550960427976 0.712303385936580713
-0.908171433351595447 0.245723753989337435 0.711985270512151103
-0.906403406035142911 0.251306351601797540 0.711665423605465697
-0.904590693594161666 0.256896943628506069 0.711343847146272412
-0.902732519863606475 0.262496108841691778 0.711020543074754374
-0.899858281327868159 0.270912222370590594 0.710695513341517593
-0.897882925814688315 0.276535471097553553 0.710368759907580083
-0.895859178838762427 0.282169567082038497 0.710040284744359096
-0.893786074652259455 0.287815358089114404 0.709710089833660129
-0.890581520672739657 0.296308215413205067 0.709378177167664048
-0.888380106846621609 0.301988069360233535 0.709044548748915870
-0.886125015382535519 0.307684100604922239 0.708709206590312113
-0.882638053625339425 0.316262837281378162 0.708372152715089243
-0.880240937479229935 0.322008762366791490 0.708033389156810689
-0.877783014914391924 0.327779759942470050 0.707692917959355072
-0.873975478213192103 0.336492151700341691 0.707350741176904108
-0.871351186454216720 0.342345191064623022 0.707006860873929721
-0.868652622480307279 0.348241713032933164 0.706661279125181618
-0.864451950352200127 0.357187007635648923 0.706313998015675182
-0.861537910455603906 0.363233977633493188 0.705965019640678482
-0.856969186030673402 0.372467816971888632 0.705614346105699508
-0.853769594786656372 0.378763280841914018 0.705261979526474403
-0.850422893914742573 0.385203669402209570 0.704907922028953582
-0.845060967872917068 0.395225941372419454 0.704552175749289300
-0.841194417041469356 0.402234372459000011 0.704194742833822995
-0.834782318898783959 0.413465670801104079 0.703835625439072410
-0.829930316701229631 0.421647408337598117 0.703474825731717712
-0.821258875547499545 0.435606161277202975 0.703112345888589618
-0.813941582781140149 0.446741399764254421 0.702748188096655402
-0.798202605485508365 0.468819512246430647 0.702382354553006127
-0.780457400923899702 0.490984676113636054 0.702014847464843106
-0.708811551767252856 0.559202472844800402 0.701645669049464793
-0.391609941038590759 0.654349126102832024 0.701274821534253578
-0.890897997867503344 0.194115392674567455 0.700902307156661686
-0.872097701359668576 0.321298285437137010 0.700528128164198294
-0.850009993965571864 0.381500749389241667 0.700152286814415881
-0.836555489689787768 0.409490938716957187 0.699774785374896457
-0.829760339694842308 0.422224795723896873 0.699395626123237801
-0.821263068777632665 0.437184019608380159 0.699014811347040133
-0.816295497670450398 0.445525162746484238 0.698632343343891682
-0.809490716461062298 0.456549827626740012 0.698248224421355368
-0.803198500555172834 0.466386811020689906 0.697862456896954697
-0.799198013332765411 0.472482700582832371 0.697475043098159664
-0.793404695271298754 0.481112349287572183 0.697085985362372984
-0.787794560546812073 0.489262756084950401 0.696695286036915662
-0.784130772701316259 0.494483211134016387 0.696302947479013001
-0.778723203225893945 0.502049206435243978 0.695908972055780284
-0.773399027519871995 0.509344788456252862 0.695513362144208891
-0.769886726877842653 0.514078045639631109 0.695116120131151316
-0.764664014821549776 0.521004410444219856 0.694717248413307176
-0.759487408788788843 0.527742905586402689 0.694316749397208888
-0.754349625433769266 0.534311402499217158 0.693914625499206461
-0.750943365788648287 0.538602934864362837 0.693510879145453840
-0.745859474148374058 0.544917456551338941 0.693105512771893584
-0.740803658620319494 0.551092911041739630 0.692698528824242432
-0.735773893480120567 0.557137021553720913 0.692289929757976541
-0.730768825550248358 0.563056188593485274 0.691879718038316605
-0.727445397385265702 0.566935583795898923 0.691467896140213090
-0.722479789476310641 0.572658103382919670 0.691054466548331137
-0.717537393562120540 0.578268420939948347 0.690639431757035682
-0.712618155680252663 0.583770221970608016 0.690222794270376361
-0.707722187594761798 0.589166789212507536 0.689804556602072627
-0.702849718956257474 0.594461086397224170 0.689384721275498102
-0.698001060009253438 0.599655823002559263 0.688963290823665919
-0.694782025511730961 0.603064913786615309 0.688540267789212845
-0.689973867831633614 0.608099201574181847 0.688115654724384629
-0.685190538294025542 0.613040260614891142 0.687689454191019900
-0.680432436191769296 0.617890223626177848 0.687261668760535072
-0.675699949333250061 0.622651127709522911 0.686832301013909019
-0.670993444647123516 0.627324930891844601 0.686401353541667092
-0.666313260915994077 0.631913525235886064 0.685968828943865794
-0.661659703254584564 0.636418747206932589 0.685534729830076905
-0.657033038992288487 0.640842385868412467 0.685099058819371831
-0.652433494675337844 0.645186189367658924 0.684661818540305611
-0.647861254048124779 0.649451869990025576 0.684223011630901601
-0.643316456767217271 0.653641108130765813 0.683782640738634817
-0.638799197767240257 0.657755555346453247 0.683340708520416507
-0.634309527126490025 0.661796836700629720 0.682897217642577936
-0.629847450363074213 0.665766552519316268 0.682452170780854406
-0.625412929069459000 0.669666279685784627 0.682005570620368706
-0.621005881823955330 0.673497572562305802 0.681557419855615576
-0.616626185320879427 0.677261963619243845 0.681107721190444715
-0.612273675677522111 0.680960963828141641 0.680656477338045240
-0.606512263818522301 0.685793816713791804 0.680203691020928702
-0.602222335918614737 0.689345994819402619 0.679749364970912762
-0.597958774747349597 0.692837665111811329 0.679293501929105314
-0.593721258329334201 0.696270246288896555 0.678836104645886729
-0.589509432634744091 0.699645135447168220 0.678377175880894634
-0.585322913274408663 0.702963707873768606 0.677916718403006269
-0.581161287206123922 0.706227316805795979 0.677454734990322271
-0.575650411115389393 0.710495593798625147 0.676991228430149805
-0.571545114593895232 0.713636091582823373 0.676526201518985459
-0.567463148812981544 0.716725974467972149 0.676059657062499042
-0.563403995435215132 0.719766497537808303 0.675591597875515815
-0.559367115946056925 0.722758892701739986 0.675122026782000395
-0.554018292550267244 0.726675972825610583 0.674650946615038660
-0.550031188533739557 0.729560729067346148 0.674178360216821981
-0.546064435592900077 0.732401294712637929 0.673704270438628683
-0.542117423547814559 0.735198799920865675 0.673228680140807945
-0.536884369558460084 0.738863733102671061 0.672751592192761816
-0.532980974223106307 0.741565026384621628 0.672273009472928451
-0.529095196055424433 0.744226855997050740 0.671792934868764235
-0.525226374879379843 0.746850250032589980 0.671311371276726909
-0.520093166305967802 0.750290053341458263 0.670828321602257471
-0.516261294774158497 0.752827631665869523 0.670343788759763304
-0.512444118694614370 0.755330033647143795 0.669857775672599853
-0.507376209831888914 0.758613451719312382 0.669370285273053756
-0.503590613959184474 0.761037345828273315 0.668881320502324628
-0.499817377639614202 0.763429069858806542 0.668390884310507527
-0.494804390187959353 0.766569465452041410 0.667898979656575076
-0.491057215280654158 0.768889408779714234 0.667405609508359698
-0.486076363097269981 0.771937056508474662 0.666910776842535635
-0.482351317669603041 0.774189594660876335 0.666414484644600846
-0.478634540772669870 0.776414518438973356 0.665916735908859470
-0.473690430744626800 0.779339394691583420 0.665417533638403169
-0.469990085742132635 0.781502707494258542 0.664916880845093483
-0.465065198530538737 0.784347974603339271 0.664414780549543171
-0.461377246088417681 0.786453426140455214 0.663911235781098785
-0.456466168457790866 0.789223921605331058 0.663406249577821461
-0.452786527750822454 0.791275020823576924 0.662899824986468933
-0.447883789792123621 0.793975267888721747 0.662391965062477772
-0.444208335820397815 0.795975293132090811 0.661882672869943733
-0.439308405582522765 0.798609514348723848 0.661371951481604547
-0.435632963830094033 0.800561523515560647 0.660859803978820493
-0.430730238438347734 0.803133654256474427 0.660346233451555964
-0.427050576916105928 0.805040494895317371 0.659831242998361267
-0.422139370241826184 0.807554196749946440 0.659314835726353410
-0.418451188895805237 0.809418516079005057 0.658797014751197674
-0.413525715609002587 0.811877190188628362 0.658277783197088628
-0.409824632962993762 0.813701445090409425 0.657757144196731369
-0.404878988715070831 0.816108245535893895 0.657235100891322421
-0.401160525414645919 0.817894712687885606 0.656711656430531421
-0.396188662626810795 0.820252560189769220 0.656186813972481464
-0.391199037520873538 0.822583661042242453 0.655660576683730012
-0.387443919849500884 0.824314942909143644 0.655132947739250349
-0.382418210544272941 0.826601244167166627 0.654603930322411820
-0.378633592176434997 0.828299840801456799 0.654073527624961182
-0.373565231715320634 0.830543732811620639 0.653541742847002838
-0.368469444601943308 0.832764396439583221 0.653008579196979855
-0.364628226574554182 0.834415069226152717 0.652474039891654756
-0.359478876011058268 0.836596738012305385 0.651938128156089536
-0.354295613323796776 0.838757026708468634 0.651400847223626678
-0.350384407146796972 0.840363592469565157 0.650862200335869279
-0.345135710185447975 0.842487973445105176 0.650322190742662065
-0.339845971485763787 0.844592673144753947 0.649780821702071409
-0.334512390840351170 0.846678291276710571 0.649238096480365567
-0.330481673759935202 0.848230343387497365 0.648694018351995028
-0.325064213623637965 0.850284017708956119 0.648148590599572971
-0.319594452328671008 0.852320287406483690 0.647601816513855399
-0.314068970409133064 0.854339801134797239 0.647053699393721038
-0.309886107025736379 0.855843853123176235 0.646504242546151686
-0.304254175520264847 0.857835736973611707 0.645953449286212344
-0.298555820807829053 0.859812911850922901 0.645401322937030675
-0.292786545987640645 0.861776278000253471 0.644847866829777683
-0.288410110758416272 0.863240352477137485 0.644293084303647068
-0.282504609208727053 0.865182120359948015 0.643736978705835461
-0.276513427386744226 0.867113323448484463 0.643179553391521885
-0.270430041202707416 0.869035556517831265 0.642620811723847774
-0.264247099195491164 0.870950736668071324 0.642060757073896426
-0.257956237312744530 0.872861192808043862 0.641499392820673031
-0.253161539775743960 0.874292629133577304 0.640936722351083898
-0.246657757571296293 0.876202091671028027 0.640372749059916258
-0.240015617715663543 0.878116432157055815 0.639807476349817827
-0.233220149112700420 0.880040885541219176 0.639240907631276056
-0.226253331622708109 0.881982082914392951 0.638673046322597582
-0.219093153363238535 0.883948501795194685 0.638103895849887803
-0.211712290371355305 0.885951090308006339 0.637533459647030010
-0.204076218514853025 0.888004147781348840 0.636961741155665062
-0.196140449450742688 0.890126591964875535 0.636388743825169967
-0.187846375102285967 0.892343823827340454 0.635814471112637336
-0.181344088375915896 0.894089365536661296 0.635238926482855071
-0.172214445976836439 0.896563964719272910 0.634662113408284490
-0.162424407691726613 0.899265748819567889 0.634084035369040122
-0.151760631339253549 0.902286626168885109 0.633504695852868616
-0.139892108457531805 0.905765115773092599 0.632924098355127196
-0.126274721127458578 0.909918467372676454 0.632342246378763129
-0.109945216007079849 0.915104123400142910 0.631759143434292514
-0.089020584386858059 0.921943719052420563 0.631174793039778748
-0.059265013084840668 0.931575994057071588 0.630589198720811650
-0.008854023753560036 0.945998368476842266 0.630002364010486038
0.110311422370313328 0.963626369990484344 0.629414292449380408
0.604186414739042776 0.627615464341661378 0.628824987585535511
-0.344178669044302721 0.528361341316484601 0.628234452974433477
-0.235936351687150769 0.771278866454228162 0.627642692178975614
-0.190835506981184622 0.813930307932583030 0.627049708769460978
-0.162075770693348498 0.833489351596437666 0.626455506323565503
-0.140699192543482982 0.844385675460818774 0.625860088426319683
-0.123153321005528060 0.851075742835984195 0.625263458670087813
-0.107781624726552505 0.855358710130678324 0.624665620654545006
-0.093709195765740549 0.858088183769561530 0.624066577986656545
-0.080427681358313741 0.859713196043174532 0.623466334280656009
-0.067618079625337668 0.860485467164752715 0.622864893158023070
-0.055066613763546990 0.860550196532670841 0.622262258247461841
-0.042621309010656694 0.859989884332454602 0.621658433184878789
-0.027042469175106387 0.858472484991458673 0.621053421613361412
-0.014454082942079283 0.856619540361131193 0.620447227183155481
-0.001675241177469922 0.854188040279597716 0.619839853551643394
0.011357441594929740 0.851150115808998908 0.619231304383322301
0.024701725673420716 0.847462115094529400 0.618621583349781567
0.038411815801215665 0.843064483247000895 0.618010694129680793
0.056142775900000386 0.836451018350274800 0.617398640408728050
0.070863208113211951 0.830147091851369590 0.616785425879656679
0.086111925438437487 0.822809583228080288 0.616171054242203975
0.101934110378398612 0.814286501450883438 0.615555529203088425
0.122578962171113137 0.801678895951759007 0.614938854475987173
0.139825527770949865 0.789746134413670142 0.614321033781514036
0.157736819471478273 0.775859477077698756 0.613702070847196968
0.176299723351491522 0.759661150914257455 0.613081969407454963
0.195459430819293456 0.740712046660798484 0.612460733203576524
0.220055740899724295 0.712325623909049188 0.611838365983696564
0.239956941087473785 0.685032986991362947 0.611214871502773316
0.259601838086145231 0.652769757432845710 0.610590253522566684
0.282693673221061315 0.603924235219704730 0.609964515811614816
0.298564536049574669 0.556633431614718566 0.609337662145211567
0.310119704621497516 0.500728907231196785 0.608709696305383963
0.314544016993633879 0.435165161932709710 0.608080622080868771
0.303789172849576183 0.339089658747220302 0.607450443267090412
0.275416592079636868 0.252496315951322881 0.606819163666137418
0.222472099554889613 0.161960377036414110 0.606186787086739787
0.113594410726409162 0.057305520988656530 0.605553317344246333
-0.008165552137575454 -0.002726323735776429 0.604918758260600598
-0.151496053324644442 -0.025644588061821114 0.604283113664319305
-0.333643358378379273 0.009904403840242104 0.603646387390467831
-0.457569712429305664 0.084457087518375218 0.603008583280637778
-0.565195399095650752 0.211525866712166277 0.602369705182924098
-0.612003997090417529 0.320567258921035159 0.601729756951901340
-0.630195540514122632 0.423614670142064997 0.601088742448600111
-0.624875243951355630 0.535608590376834282 0.600446665540484759
-0.606722458081630611 0.610060755313346581 0.599803530101429061
-0.574921660504566945 0.685629339729324605 0.599159340011693797
-0.546119116237198110 0.734168087628932264 0.598514099157902213
-0.516462364665791318 0.774059238298564378 0.597867811433017704
-0.479867085329298004 0.814185526715988317 0.597220480736319392
-0.451695687357081377 0.840104593366959751 0.596572110973379255
-0.418312702202083886 0.866489397781307069 0.595922706056038476
-0.393181230590172626 0.883774540048056001 0.595272269902383133
-0.363720259530655454 0.901630157204129423 0.594620806436721661
-0.341639205291320636 0.913502156286446931 0.593968319589560312
-0.315757677963549810 0.925939296054432592 0.593314813297580179
-0.296314102058980455 0.934320224605041494 0.592660291503612213
-0.273433482135974848 0.943207814410330525 0.592004758156615130
-0.256159889830363197 0.949264677802821644 0.591348217211650096
-0.235721939040308165 0.955751692770400063 0.590690672629857860
-0.220203870956084291 0.960211829487508606 0.590032128378433995
-0.201736372228056404 0.965024349840371443 0.589372588430605804
-0.187633055685422878 0.968353891471820050 0.588712056765608116
-0.170753984370316136 0.971963575161819859 0.588050537368658643
-0.157792242064863253 0.974469375055113107 0.587388034230934886
-0.142196520667393078 0.977190639308116893 0.586724551349549261
-0.130158259315060088 0.979079764577004852 0.586060092727525461
-0.115601651972285002 0.981127221435246444 0.585394662373774133
-0.104311343629665598 0.982542581415189353 0.584728264303068901
-0.090595712584943144 0.984065890101835206 0.584060902536021609
-0.077274412117566582 0.985346122894444454 0.583392581099058893
-0.066869910017923639 0.986213730895742824 0.582723304024396649
-0.054143228454346104 0.987122013166617074 0.582053075350017379
-0.044158912633562142 0.987720072281701666 0.581381899119644441
-0.031890267652266824 0.988321343018544352 0.580709779382718061
-0.019817947244134992 0.988773810727865854 0.580036720194371247
-0.010271825365637588 0.989037276725387882 0.579362725615404806
0.001562458911553877 0.989252866517162710 0.578687799712263029
0.010987182528384043 0.989340508187100620 0.578011946557009382
0.022775270179744844 0.989351405069059497 0.577335170227301964
0.034662801295305301 0.989259944360055044 0.576657474806368309
0.044338888752545491 0.989117638540161992 0.575978864382981293
0.056828852804659602 0.988857711571480835 0.575299343051434375
0.070121874505730986 0.988507932740862794 0.574618914911516843
0.081828881289136568 0.988156894330723734 0.573937584068489048
0.099208274521370321 0.987582233676600141 0.573255354633057546
0.124236579873907793 0.986558924901315915 0.572572230721350661
0.163450841036269279 0.983720790714821769 0.571888216454893183
0.566950350851788576 0.712853871764269842 0.571203315960581826
0.007027102883362002 0.969206975231584056 0.570517533370660246
0.061504378278278371 0.978087112826307337 0.569830872822694068
0.090144542637498881 0.979714861139144855 0.569143338459545789
0.108158675774967572 0.979590846620500111 0.568454934429350356
0.122304899143480972 0.978922681893767965 0.567765664885489074
0.132232413156819495 0.978194143352160594 0.567075533986565739
0.143627824814207605 0.977129643739554021 0.566384545896380986
0.154292933434769242 0.975938287569275698 0.565692704783906763
0.164463138939429154 0.974644500184520424 0.565000014823262009
0.172336968659162482 0.973544992699404643 0.564306480193686899
0.181925992625490807 0.972097144140684488 0.563612105079517756
0.191289158518528679 0.970572887065793921 0.562916893670161955
0.200468041185725032 0.968976111419133534 0.562220850160072394
0.207698558653097665 0.967648369848647327 0.561523978748722397
0.216614598127710944 0.965927573280317198 0.560826283640580292
0.225410719621910338 0.964140407510105879 0.560127769045084101
0.234100070696387275 0.962288194462442514 0.559428439176616110
0.240981675769006809 0.960760315474500248 0.558728298254477340
0.249503396644798814 0.958793585736982479 0.558027350502862229
0.257942346921529120 0.956764362961455506 0.557325600150833100
0.266304270849178404 0.954673294676685380 0.556623051432294513
0.274593975076009744 0.952520932661180986 0.555919708585968286
0.282815539675359606 0.950307748754292581 0.555215575855366850
0.289346105727092406 0.948493682882854072 0.554510657488768932
0.297453558314194122 0.946171994655473414 0.553804957739192694
0.305501623527667743 0.943790464837104381 0.553098480864371078
0.313492760516946689 0.941349340806706403 0.552391231126725279
0.321429181011222476 0.938848822174251696 0.551683212793339983
0.329312893880793600 0.936289063260344223 0.550974430135936832
0.335583156818497486 0.934198679062583137 0.550264887430848670
0.343376540750991555 0.931532538796840059 0.549554588958994228
0.351122034440313480 0.928807363590080093 0.548843539005852032
0.358821139531266098 0.926023149325714501 0.548131741861434318
0.366475268588344116 0.923179852512220567 0.547419201820261936
0.374085756589439156 0.920277391011346646 0.546705923181337261
0.381653869977731985 0.917315644734196134 0.545991910248119217
0.389180813725105823 0.914294456344908246 0.545277167328497070
0.395173500433307956 0.911834578259594464 0.544561698734763899
0.402629199124752868 0.908705881567996809 0.543845508783591502
0.410046816380596368 0.905517110608540232 0.543128601796003752
0.417427362731456808 0.902267973803277168 0.542410982097350503
0.424771803069713461 0.898958146524231339 0.541692654017281949
0.432081057533129365 0.895587272222918229 0.540973621889721756
0.439356001861657353 0.892154963671516477 0.540253890052841745
0.446597467322724206 0.888660804313956554 0.539533462849035028
0.453806240269986561 0.885104349740404528 0.538812344624890471
0.460983061418969442 0.881485129278772206 0.538090539731165718
0.468128624871171517 0.877802647715897777 0.537368052522761430
0.475243576963236658 0.874056387137327362 0.536644887358695422
0.482328514920692120 0.870245808917433528 0.535921048602074901
0.489383985422517598 0.866370355826129757 0.535196540620071826
0.496410483063987940 0.862429454273955454 0.534471367783895701
0.503408448729523506 0.858422516708090777 0.533745534468767047
0.510378267952015463 0.854348944128241472 0.533019045053891527
0.517320269234876728 0.850208128751520409 0.532291903922433307
0.524234722377799556 0.845999456810542672 0.531564115461488407
0.531121836829319460 0.841722311485779140 0.530835684062058610
0.536611945764913667 0.838250879815145344 0.530106614119024488
0.543450179631285057 0.833848930080132611 0.529376910031119641
0.550261326818526797 0.829376790157762112 0.528646576200903162
0.558398896655535992 0.823916727993370235 0.527915617034733886
0.565150239279009758 0.819288077622701616 0.527184036942743628
0.571874148780902591 0.814587368436411330 0.526451840338810095
0.578570372676458833 0.809814054204347156 0.525719031640530909
0.585238588491787337 0.804967612997091964 0.524985615269196515
0.591878403370633466 0.800047550876000435 0.524251595649763980
0.598489353909700372 0.795053405595732898 0.523516977210829459
0.605070906288648902 0.789984750261608859 0.522781764384602554
0.611622456691461647 0.784841196930787022 0.522045961606878439
0.618143332040315685 0.779622400122773618 0.521309573317012220
0.624632791077334382 0.774328060193444356 0.520572603957891289
0.631090025769416307 0.768957926567350514 0.519835057975908787
0.637514163102729237 0.763511800748723157 0.519096939820936853
0.643904267203957215 0.757989539133064882 0.518358253946300196
0.650259341863045126 0.752391055523516705 0.517619004808748007
0.656578333392411007 0.746716323372636048 0.516879196868428425
0.662860133862602341 0.740965377675245396 0.516138834588860784
0.669103584685184272 0.735138316497433775 0.515397922436909073
0.675307480508426816 0.729235302130664342 0.514656464882754738
0.681470573443035854 0.723256561810000642 0.513914466399869707
0.687591577556414868 0.717202388009329006 0.513171931464990072
0.694879365730008081 0.709838315230003847 0.512428864558087671
0.700903091238057829 0.703619537020820252 0.511685270162344774
0.706880413938599572 0.697326694776623457 0.510941152764125550
0.712809942223257664 0.690960347782338724 0.510196516852949977
0.718690273001427959 0.684521114629704774 0.509451366921466198
0.724519997083936884 0.678009670666341102 0.508705707465423762
0.730297704547370752 0.671426745013766646 0.507959542983646317
0.736021990030655937 0.664773117178522721 0.507212877978004517
0.741691457888519090 0.658049613313935633 0.506465716953388712
0.748420517015551012 0.649890398207166875 0.505718064417682078
0.753964552940351584 0.643016278414560549 0.504969924881733090
0.759449427084345152 0.636075190446796501 0.504221302859328868
0.764873836199372770 0.629068108775589496 0.503472202867166985
0.770236509749574028 0.621996030729534577 0.502722629424828926
0.775536213297376209 0.614859971452641929 0.501972587054753117
0.780771751481974530 0.607660958839126186 0.501222080282206495
0.785941970572559101 0.600400028494343263 0.500471113635258535
0.792058452592000251 0.591606642595458809 0.499719691644752828
0.797081126530279738 0.584213145028840142 0.498967818844280431
0.802035090909609227 0.576761038667772286 0.498215499770152170
0.806919384697835751 0.569251339177403226 0.497462738961371664
0.811733094606140848 0.561685046101044527 0.496709540959607176
0.816475354943606790 0.554063139013265982 0.495955910309165471
0.822070604498561952 0.544844784402274573 0.495201851556962724
0.826652858929477374 0.537103854400713621 0.494447369252498770
0.831161204571456036 0.529310272457856779 0.493692467947828284
0.835594965408496537 0.521464900311467749 0.492937152197534589
0.839953506422941532 0.513568565531935084 0.492181426558700674
0.844236231439078666 0.505622059979538907 0.491425295590883215
0.849274638721140729 0.496021088264664733 0.490668763856084045
0.853388646072145929 0.487966811486390928 0.489911835918723060
0.857425162217347214 0.479864646742124978 0.489154516345610635
0.861383726642929837 0.471715227524838410 0.488396809705919865
0.865263903971641546 0.463519149561161470 0.487638720571159257
0.869816065530496285 0.453623050442626186 0.486880253515145078
0.873522364184470601 0.445326238765848592 0.486121413113973777
0.877149018012173265 0.436984430427857617 0.485362203945993942
0.880695665966916730 0.428598073054638928 0.484602630591779604
0.884161957458853509 0.420167582911762372 0.483842697634101593
0.888214954508192545 0.409993282252532287 0.483082409657900780
0.891503262558620557 0.401467023574428594 0.482321771250259546
0.894710132623559917 0.392897777403600990 0.481560787000374912
0.897835230687439756 0.384285851659381117 0.480799461499530345
0.900878220873815749 0.375631534806890433 0.480037799341068050
0.904420948075549846 0.365190779847091751 0.479275805120361664
0.907282097379786712 0.356444139345672373 0.478513483434788112
0.910060030111670692 0.347655931700786736 0.477750838883700013
0.912754383478736275 0.338826393645194013 0.476987876068398153
0.915876757039093325 0.328176718060241956 0.476224599592103282
0.918385907766752663 0.319257066476456242 0.475461014059928577
0.920810245856968690 0.310296823318690740 0.474697124078852117
0.923149360224780891 0.301296224185694239 0.473932934257688454
0.925402826561374292 0.292255511872878571 0.473168449207061581
0.927993313304077194 0.281354064574101059 0.472403673539376345
0.930056793465371845 0.272226011473427287 0.471638611868791302
0.932033176344993164 0.263058703109145586 0.470873268811190182
0.933921980599611290 0.253852442651414156 0.470107648984154913
0.936072244901047235 0.242753971594117629 0.469341757006936922
0.937766618225618909 0.233463191398617348 0.468575597500429597
0.939371787545842274 0.224134582955716782 0.467809175087140594
0.940887220755230236 0.214768553728901246 0.467042494391163687
0.942586524988690222 0.203480541901588707 0.466275560038151071
0.943902617941910216 0.194033773389766129 0.465508376655285161
0.945127210061958989 0.184551100431472714 0.464740948871250947
0.946259734718100654 0.175033069023598498 0.463973281316208130
0.947496430164061154 0.163565581038422336 0.463205378621762642
0.948424389415880364 0.153971864413035231 0.462437245420939558
0.949258441528147756 0.144344786278418957 0.461668886348154228
0.949998008606344868 0.134685051010364987 0.460900306039185248
0.950759956971547915 0.123051310159419391 0.460131509131145422
0.951289630668058828 0.113322398680179404 0.459362500262455065
0.951722985117097520 0.103563342164284755 0.458593284072812746
0.952115076546105499 0.091813901416485044 0.457823865203168145
0.952334556293985224 0.081991615858781508 0.457054248295693633
0.952455941349248381 0.072142072082627962 0.456284437993756620
0.952478695475714732 0.062266241827210300 0.455514438941891142
0.952375068320222451 0.050381959116635067 0.454744255785770268
0.952179000281371035 0.040451860926176475 0.453973893172177512
0.951882660170522810 0.030498771234057698 0.453203355748979131
0.951485560474510939 0.020523767023018835 0.452432648165096596
0.950875370071986414 0.008526375574082978 0.451661775070477334
0.950254943937258845 -0.001492973306442824 0.450890741116067750
0.949532279853195882 -0.011530697938472056 0.450119550953784642
0.948529512059197999 -0.023598647114736582 0.449348209236487384
0.947580393744986038 -0.033672859617143280 0.448576720617949509
0.946527664356844434 -0.043761876898312346 0.447805089752831120
0.945370908475488658 -0.053864601498574027 0.447033321296650354
0.943844904802731088 -0.066004446549743412 0.446261419905755630
0.942457835138066913 -0.076133561860245225 0.445489390237297223
0.940965408854152363 -0.086273022915306752 0.444717236949199513
0.939034820453021668 -0.098452653644960031 0.443944964700132727
0.937309075184120211 -0.108611483197357139 0.443172578149484575
0.935476536554748828 -0.118777683375032028 0.442400081957332769
0.933536704315243604 -0.128950439977758013 0.441627480784416215
0.931066517653394654 -0.141165358504499738 0.440854779292107424
0.928888679536686523 -0.151350026899056522 0.440081982142383921
0.926601646010231872 -0.161539156857381294 0.439309093997800659
0.923712035147115196 -0.173771366657279658 0.438536119521461376
0.921182078756188183 -0.183968868152786458 0.437763063376990780
0.918540254862668548 -0.194169800383626301 0.436989930228506185
0.915220865232450276 -0.206415424533619718 0.436216724740589701
0.912328891387689689 -0.216624069318958890 0.435443451578259699
0.909320969336719687 -0.226836733776728083 0.434670115406943058
0.906195371447347853 -0.237054074758603905 0.433896720892446575
0.902286443563569129 -0.249322424648998342 0.433123272700929207
0.898894302870471007 -0.259553919446919190 0.432349775498873712
0.895376585393793722 -0.269794507242552772 0.431576233953058608
0.890984521464378898 -0.282098635305351120 0.430802652730529700
0.887176985820939068 -0.292368649319601326 0.430029036498572770
0.883229582796333013 -0.302658130450786156 0.429255389924684039
0.879135508356655326 -0.312972446315273933 0.428481717676543417
0.874016812020619982 -0.325392317373573547 0.427708024421985300
0.869566571598233473 -0.335788707943469378 0.426934314828971262
0.864932705088701348 -0.346240657658654916 0.426160593565560908
0.859101242682674515 -0.358880589659441029 0.425386865299884787
0.853983190085254251 -0.369523346857570212 0.424613134700115247
0.848587605574778303 -0.380302177350879234 0.423839406434439070
0.841661776550753693 -0.393489018841190474 0.423065685171028827
0.835404569481046355 -0.404781539969704229 0.422291975578014622
0.828542284833755804 -0.416487176413859628 0.421518282323456672
0.820805686714885185 -0.428827426080094276 0.420744610075315939
0.809622482686089384 -0.445067764051354731 0.419970963501427319
0.797320554862309239 -0.460859450135532811 0.419197347269470222
0.778764851191009022 -0.481191789101693468 0.418423766046941481
0.726030215270150991 -0.524312982162217445 0.417650224501126266
0.333331726419143548 -0.582802778322630943 0.416876727299070882
0.912651508804842471 -0.316326105808553582 0.416103279107553403
0.847645177921019899 -0.429215858009741658 0.415329884593057030
0.826238285568131392 -0.458550233356793180 0.414556548421740223
0.812204967613755713 -0.477575833706016417 0.413783275259410332
0.801191726277677096 -0.492660267576804922 0.413010069771493848
0.789868729858048235 -0.508300062918650708 0.412236936623009365
0.781261618957273529 -0.520202314678285038 0.411463880478538657
0.773069423461705596 -0.531475021494411393 0.410690906002199319
0.763545129921080701 -0.544445740702117820 0.409918017857616057
0.755742013204253160 -0.554925093086261256 0.409145220707892665
0.747989812889395811 -0.565180657461926028 0.408372519215583762
0.740244009026268301 -0.575258624213203840 0.407599918042667209
0.730913390796027462 -0.587161788328084522 0.406827421850515403
0.723081431673099351 -0.596947891590842050 0.406055035299867251
0.715179949991321950 -0.606629249238438639 0.405282763050800465
0.705588104382310011 -0.618123788392009654 0.404510609762702811
0.697491123181998240 -0.627609069221895854 0.403738580094244404
0.689290954576143422 -0.637015221507032159 0.402966678703349568
0.679305019135796773 -0.648203468249298642 0.402194910247168913
0.670855308837883801 -0.657447346786907749 0.401423279382050524
0.662284003998051540 -0.666620436867271016 0.400651790763512761
0.653586955321230123 -0.675723473375807182 0.399880449046215336
0.642979430119059003 -0.686554772848771311 0.399109258883932283
0.633993553206565030 -0.695503374866611068 0.398338224929522700
0.624871720654619600 -0.704380571407787648 0.397567351834903382
0.615611459427205743 -0.713185058571236263 0.396796644251020736
0.604313333762726224 -0.723652144125012553 0.396026106827822577
0.594741109816515179 -0.732290503391380909 0.395255744214229765
0.585024228032971716 -0.740849924290860384 0.394485561058108725
0.573170933863574650 -0.751013518401373426 0.393715562006243303
0.563130824863816715 -0.759390227540407525 0.392945751704306401
0.552941957623577673 -0.767679308591341703 0.392176134796831943
0.542603440727553621 -0.775877638928869517 0.391406715927187232
0.529998692173501040 -0.785591198635074539 0.390637499737544969
0.519328687390216204 -0.793578071398371110 0.389868490868854556
0.508507375491886515 -0.801463125993432945 0.389099693960814785
0.497534608931334332 -0.809242610893075032 0.388331113651845694
0.484167422114039847 -0.818433181466120763 0.387562754579060531
0.472861806460402878 -0.825966630825952564 0.386794621378237391
0.461405452650968939 -0.833381750033021507 0.386026718683791847
0.447459707398205564 -0.842117799030595804 0.385259051128749030
0.435674083941520796 -0.849257753803702164 0.384491623344714872
0.423740262955063729 -0.856265733237356996 0.383724439961849018
0.411659413729654478 -0.863137345879294360 0.382957505608836291
0.396970226921495750 -0.871197031455474002 0.382190824912859439
0.384570908298798697 -0.877752984442718542 0.381424402499570547
0.372029496027348527 -0.884158282174580590 0.380658242993063167
0.359347900560005096 -0.890408422838011138 0.379892351015845064
0.343947888869409635 -0.897697446032460711 0.379126731188809796
0.330965461247106130 -0.903590408182721516 0.378361388131208842
0.317850110159906274 -0.909313853791399840 0.377596326460623632
0.304604452518217217 -0.914863344426740999 0.376831550792938397
0.291231265429784614 -0.920234480642745045 0.376067065742311524
0.275019243505985056 -0.926438292603638303 0.375302875921148027
0.261376032899956479 -0.931401809458035523 0.374538985940071401
0.247615212148005859 -0.936173253218698376 0.373775400407896752
0.233740188552366362 -0.940748477752945345 0.373012123931601880
0.216944414931855262 -0.945974018305584363 0.372249161116299909
0.202830816033728434 -0.950103368850446106 0.371486516565211977
0.188614827609911828 -0.954023800597643135 0.370724194879638425
0.174300408690828135 -0.957731545199928758 0.369962200658932039
0.159891637433772216 -0.961222939488183714 0.369200538500469633
0.142482477877993119 -0.965122035753514074 0.368439212999625065
0.127881043989296173 -0.968125115286615046 0.367678228749740488
0.113199054687818934 -0.970900886075216851 0.366917590342099198
0.098441038595427910 -0.973446178189733224 0.366157302365898329
0.080637581850284745 -0.976192023068670367 0.365397369408220485
0.065728714592494519 -0.978219739918759879 0.364637796054006091
0.050758937645846491 -0.980007711448023344 0.363878586886026256
0.035733156821100454 -0.981553327865306580 0.363119746484854844
0.020656358497517568 -0.982854120809822263 0.362361279428840721
0.002503992611395167 -0.984088643346955672 0.361603190294080168
-0.012667114558666204 -0.984842851031842659 0.360845483654389343
-0.027872775928907412 -0.985345319530730235 0.360088164081276974
-0.043107697818121626 -0.985594204912725314 0.359331236143916044
-0.058366519608899603 -0.985587819152902056 0.358574704409116762
-0.073643815699604098 -0.985324633048294540 0.357818573441299359
-0.091993224606044921 -0.984667919641972089 0.357062847802465555
-0.107291757406829835 -0.983835192412784720 0.356307532052171694
-0.122590986548101799 -0.982741875201038395 0.355552630747501208
-0.137885232295240578 -0.981387141127396001 0.354798148443037253
-0.153168758550004669 -0.979770339992729999 0.354044089690834618
-0.168435774477812217 -0.977891002394143727 0.353290459040392801
-0.186726168253054770 -0.975288862231219467 0.352537261038628369
-0.201936219547462936 -0.972831211385835060 0.351784500229847863
-0.217110883812615452 -0.970110789263343820 0.351032181155719714
-0.232244162093989459 -0.967127936163416857 0.350280308355247205
-0.247330012645930686 -0.963883198315749978 0.349528886364741498
-0.262362354322428215 -0.960377333287307566 0.348777919717793483
-0.277335070601935074 -0.956611315457107203 0.348027412945247028
-0.295214967242650450 -0.951750393311387777 0.347277370575171052
-0.310034833272065047 -0.947416572864926421 0.346527797132833160
-0.324775320632802844 -0.942827238472014884 0.345778697140671221
-0.339430222078697663 -0.937984334329791780 0.345030075118266999
-0.353993326541938269 -0.932890048692480711 0.344281935582318011
-0.368458427701612412 -0.927546818199806333 0.343534283046611377
-0.382819333364785408 -0.921957331686854120 0.342787122021995572
-0.397069875734209043 -0.916124533339753633 0.342040457016353661
-0.414016215988833647 -0.908808530262392389 0.341294292534576271
-0.428002441251929100 -0.902452081761289771 0.340548633078533836
-0.441858865058623818 -0.895863480880536800 0.339803483147050112
-0.455579552933822796 -0.889046759523715480 0.339058847235874428
-0.469158661131121590 -0.882006206573348273 0.338314729837655315
-0.482590451404277088 -0.874746364605359483 0.337571135441912362
-0.495869306269083099 -0.867272025203109420 0.336828068535010128
-0.508989744498861363 -0.859588222884370090 0.336085533600130215
-0.521946436878913955 -0.851700227507437679 0.335343535117245406
-0.534734221914953567 -0.843613535224024935 0.334602077563091016
-0.549849610796063759 -0.833655281403197446 0.333861165411139194
-0.562248557196622367 -0.825151847671511063 0.333120803131571552
-0.574463386085080407 -0.816468693075377394 0.332380995191252027
-0.586489806209266606 -0.807612132047229592 0.331641746053699893
-0.598323769953932216 -0.798588634959338961 0.330903060179063069
-0.609961485619406441 -0.789404810595841333 0.330164942024091357
-0.621399428531469900 -0.780067387635421827 0.329427396042108855
-0.632634350913700239 -0.770583195245193808 0.328690426682987813
-0.643663290364317797 -0.760959142980135006 0.327954038393121539
-0.654483576879347551 -0.751202200128843978 0.327218235615397535
-0.665092838305122669 -0.741319374718656610 0.326483022789170574
-0.675489004172776131 -0.731317692362640437 0.325748404350236054
-0.685670307884665542 -0.721204175131686887 0.325014384730803463
-0.695635287227144961 -0.710985820653589728 0.324280968359469235
-0.705382783224900889 -0.700669581618088788 0.323548159661190049
-0.714911937375171780 -0.690262345855960580 0.322815963057256461
-0.724222187281926000 -0.679770917192193957 0.322084382965266092
-0.733313260771666808 -0.669201997217825695 0.321353423799096927
-0.742185168627627845 -0.658562168060652153 0.320623089968880448
-0.750838195942265751 -0.647857876395302679 0.319893385880975489
-0.759272892291581791 -0.637095418696372429 0.319164315937941478
-0.767490060839338684 -0.626280927835124457 0.318435884538511682
-0.775490746443966650 -0.615420361164779939 0.317708096077566726
-0.783276223005913819 -0.604519490011745875 0.316980954946108506
-0.790847980115343185 -0.593583890704515782 0.316254465531233042
-0.798207709164599488 -0.582618937120755742 0.315528632216104443
-0.805357289107791807 -0.571629794680759584 0.314803459379928152
-0.812298771925243690 -0.560621415874782758 0.314078951397925132
-0.819034368004822766 -0.549598537163096701 0.313355112641304667
-0.825566431499057729 -0.538565677292705880 0.312631947477238548
-0.831897445814817948 -0.527527136901509985 0.311909460268834315
-0.838030009324135960 -0.516486999361709609 0.311187655375109562
-0.843966821394590228 -0.505449132776638721 0.310466537150965005
-0.849710668820043868 -0.494417193051922943 0.309746109947158288
-0.855264412737844815 -0.483394627927896892 0.309026378110278277
-0.860630976097361389 -0.472384681875551993 0.308307345982718140
-0.864791453116096398 -0.463587864793706284 0.307589017902649531
-0.869828609183868062 -0.452608182682263327 0.306871398203996282
-0.874686998510745495 -0.441649174030552372 0.306154491216408586
-0.879369675515331184 -0.430713368488916726 0.305438301265236245
-0.883879705163473250 -0.419803125342044003 0.304722832671503130
-0.888220154327583722 -0.408920641690682873 0.304008089751880761
-0.892394083850508446 -0.398067960947172061 0.303294076818662772
-0.896404541355180107 -0.387246981467191720 0.302580798179738097
-0.900254554726447997 -0.376459465401009774 0.301868258138565604
-0.903221064223434733 -0.367854648829059938 0.301156460994148056
-0.906789823641014792 -0.357131406639686899 0.300445411041005861
-0.910206465218577065 -0.346445912628276231 0.299735112569151418
-0.913473894594451830 -0.335799492040694370 0.299025569864063145
-0.916594975770957054 -0.325193376123734001 0.298316787206659995
-0.919572528325507621 -0.314628710591243532 0.297608768873274754
-0.922409325171884675 -0.304106563878298819 0.296901519135629122
-0.924579251081946496 -0.295720133626969250 0.296195042260807340
-0.927169520142738013 -0.285276997120699427 0.295489342511231157
-0.929626536570620776 -0.274879027144370236 0.294784424144633184
-0.931952884247273960 -0.264527069218816357 0.294080291414031747
-0.934151096265993020 -0.254221927430981376 0.293376948567705464
-0.936223655256763987 -0.243964370899097366 0.292674399849167044
-0.937792868763454690 -0.235793085380681222 0.291972649497137970
-0.939645350083320285 -0.225623032259392203 0.291271701745522582
-0.941378867866658919 -0.215502582801248344 0.290571560823383868
-0.942995721294193512 -0.205432425947597308 0.289872230954915933
-0.944498164661079942 -0.195413241497632506 0.289173716359419908
-0.945619231452728304 -0.187435047594844306 0.288476021251277581
-0.946921281308783280 -0.177509312971139699 0.287779149839927695
-0.948115010367153843 -0.167636439127035575 0.287083106329838189
-0.949202520125660421 -0.157817105152961934 0.286387894920482278
-0.949997439847863778 -0.150000647215400629 0.285693519806313190
-0.950898940426633144 -0.140279418822475466 0.284999985176738024
-0.951699927135525869 -0.130613673152401355 0.284307295216093381
-0.952402380850618235 -0.121004123543937192 0.283615454103619102
-0.952894714447171443 -0.113357431809778975 0.282924466013434350
-0.953424718474547461 -0.103850869988159067 0.282234335114511015
-0.953861603882346420 -0.094402563735852874 0.281545065570649733
-0.954207263863779520 -0.085013270105664729 0.280856661540454244
-0.954419370200612627 -0.077544839402633237 0.280169127177306077
-0.954605538860018532 -0.068263707037324206 0.279482466629339732
-0.954705692892011570 -0.059043754907376289 0.278796684039418097
-0.954725118466362543 -0.051712370821349884 0.278111783545106850
-0.954675059941074156 -0.042604524538453703 0.277427769278649428
-0.954544093052258402 -0.033560062029918902 0.276744645366942488
-0.954382277932561585 -0.026370655704303747 0.276062415931510929
-0.954110215265534967 -0.017442256630535280 0.275381085088483135
-0.953762272216983842 -0.008579419053734105 0.274700656948565658
-0.953430480083366394 -0.001536862536059891 0.274021135617018741
-0.952950431595604552 0.007206067925511206 0.273342525193631669
-0.952399465333730322 0.015881362789176345 0.272664829772698014
-0.951908812327469711 0.022772430244495878 0.271988053442990652
-0.951234615045183696 0.031324237860624327 0.271312200287737060
-0.950494395978577877 0.039806526113300600 0.270637274384595228
-0.949855847963573474 0.046541891686875780 0.269963279805628786
-0.949001141678345705 0.054897534685332539 0.269290220617281972
-0.948273225894914695 0.061530863197907015 0.268618100880355593
-0.947309567784135442 0.069758125478013688 0.267946924649982543
-0.946287742709574831 0.077913415025072041 0.267276695975603384
-0.945429522982596193 0.084385555802154344 0.266607418900941251
-0.944307185062923438 0.092410323257109850 0.265939097463978480
-0.943370682941127692 0.098777622999790260 0.265271735696931188
-0.942153120961539692 0.106670896750004685 0.264605337626225900
-0.941142517930639522 0.112932714060633155 0.263939907272474572
-0.939834891826546226 0.120693867196612681 0.263275448650450827
-0.938754258564462263 0.126849843440673349 0.262611965769065092
-0.937361580098670100 0.134478609369458768 0.261949462631341390
-0.935923755124983492 0.142033847223922927 0.261287943234391862
-0.934741974877828952 0.148025159046519916 0.260627411569394229
-0.933226554741972913 0.155448328496140931 0.259967871621566038
-0.931984539189071426 0.161334217957420756 0.259309327370142229
-0.930396073508313437 0.168625994270608703 0.258651782788349882
-0.929097380024510144 0.174407146130365454 0.257995241843384959
-0.927440208990104487 0.181568562723938065 0.257339708496387765
-0.926088222046780318 0.187245942753310801 0.256685186702419799
-0.924366463666193461 0.194278376018607146 0.256031680410439610
-0.922964385649034824 0.199853216772744202 0.255379193563278428
-0.921541023603264398 0.205382945959668994 0.254727730097616900
-0.919732769818631835 0.212232148748483729 0.254077293943961557
-0.918263607216489586 0.217661552986464002 0.253427889026620723
-0.916399840006564048 0.224386445711563187 0.252779519263680752
-0.914887609197230001 0.229717328464520698 0.252132188566982385
-0.912971621084094354 0.236320290477550266 0.251485900842097765
-0.911418857645681202 0.241554649325404713 0.250840659988306292
-0.909848842219779019 0.246746794971863026 0.250196469898570972
-0.907862738634825917 0.253178288431236131 0.249553334459515330
-0.906255507447850883 0.258277086901225417 0.248911257551399867
-0.904224201012078899 0.264593356281107361 0.248270243048098749
-0.902581815478764704 0.269601171713398591 0.247630294817075935
-0.900924418563611829 0.274569337321814821 0.246991416719362256
-0.898832101137908013 0.280724542031658419 0.246353612609532258
-0.897142200816354873 0.285605316292538491 0.245716886335680784
-0.895010292248038741 0.291652880961706940 0.245081241739399380
-0.893289508521318609 0.296448834908623171 0.244446682655753811
-0.891555475293158595 0.301207927111229845 0.243813212913260191
-0.889369717017322370 0.307105743710484602 0.243180836333862671
-0.887606852163683957 0.311783789159764790 0.242549556732909621
-0.885831578850396317 0.316426654519976036 0.241919377919131262
-0.884044129305392001 0.321034854984908524 0.241290303694616182
-0.881793029740812750 0.326747138145556559 0.240662337854788411
-0.879978974096638611 0.331279209531942065 0.240035484188385162
-0.878153420630661152 0.335778264863092590 0.239409746477433349
-0.875855594981255980 0.341356409456227805 0.238785128497226773
-0.874004844181342389 0.345782979164949877 0.238161634016303414
-0.872143174482982730 0.350178114774632232 0.237539266796423398
-0.870270747768230990 0.354542284060031410 0.236918030592545070
-0.867915323772198377 0.359954644491384090 0.236297929152803232
-0.866019254202041067 0.364250792801341372 0.235678966218485830
-0.864112914221662587 0.368517416031152456 0.235061145524012804
-0.862196444418545260 0.372754929739173901 0.234444470796911636
-0.859786821755388897 0.378011495742247905 0.233828945757796114
-0.857848060563331183 0.382184954611203553 0.233214574120343354
-0.855899611288736706 0.386330548236666516 0.232601359591271956
-0.853941608368891991 0.390448623724897970 0.231989305870319185
-0.851974187062634059 0.394539510018995898 0.231378416650218466
-0.849501874627063058 0.399615353759130432 0.230768695616677788
-0.847513766441802430 0.403646168775437408 0.230160146448356639
-0.845516695275223107 0.407650730849257958 0.229552772816844636
-0.843510809193925182 0.411629285224456631 0.228946578386638622
-0.841496261387778555 0.415582056272007172 0.228341566815121244
-0.839473210915643531 0.419509247210627434 0.227737741752538220
-0.837441823413446862 0.423411039917743592 0.227135106841976964
-0.834891129215992178 0.428252806885438986 0.226533665719343968
-0.832841627566089815 0.432098007448181498 0.225933422013343488
-0.830784380418986501 0.435918252872807055 0.225334379345455083
-0.828719588249273942 0.439713634354681027 0.224736541329912165
-0.826647461048683363 0.443484222307252096 0.224139911573680239
-0.824568218691626664 0.447230066799176373 0.223544493676434614
-0.822482091246760083 0.450951198065366987 0.222950291230539055
-0.820389319187935451 0.454647627169245949 0.222357307821024419
-0.818290153551194388 0.458319346724281429 0.221765547025566445
-0.816184855999644188 0.461966331736649360 0.221175012414464467
-0.814073698796321410 0.465588540561027442 0.220585707550619681
-0.811956964710020213 0.469185915918183150 0.219997635989513968
-0.809834946824251944 0.472758386021306487 0.219410801279188383
-0.807707948256799479 0.476305865790494276 0.218825206960221313
-0.805576281796789084 0.479828258137570185 0.218240856565707519
-0.803440269458249645 0.483325455318930786 0.217657753621236849
-0.801300241943129432 0.486797340360862640 0.217075901644872893
-0.799156538026580265 0.490243788534031832 0.216495304147131529
-0.797009503863146840 0.493664668873799561 0.215915964630959911
-0.794859492218924379 0.497059845735558392 0.215337886591715516
-0.792706861632840432 0.500429180377542804 0.214761073517145018
-0.790551975516996297 0.503772532553103836 0.214185528887362697
-0.788395201180985050 0.507089762134835365 0.213611256174830066
-0.786236908844061499 0.510380730670294325 0.213038258844334860
-0.784077470551916345 0.513645302999609976 0.212466540352969940
-0.781917259103869333 0.516883348771471685 0.211896104150112174
-0.779756646902577621 0.520094743994161002 0.211326953677402479
-0.777596004836887622 0.523279372456499470 0.210759092368723977
-0.775975725315920295 0.525650213368738628 0.210192523650182150
-0.773815914697786877 0.528787748827656778 0.209627250940083665
-0.771657076813559106 0.531898249407211199 0.209063277648916135
-0.769499566523960121 0.534981640064106978 0.208500607179326947
-0.767343731686631170 0.538037859577809474 0.207939242926103607
-0.765189912084016877 0.541066861523824327 0.207379188276152232
-0.763038438345341241 0.544068615205864581 0.206820446608478120
-0.761426565705143110 0.546302039623658198 0.206263021294164489
-0.759279961679302007 0.549256085073993372 0.205706915696352854
-0.757136557438196856 0.552182885080091168 0.205152133170222351
-0.754996640658523566 0.555082474161248118 0.204598677062969414
-0.752860485526466894 0.557954905383462485 0.204046550713787689
-0.751260994695672313 0.560091448988802365 0.203495757453848236
-0.749132039058443944 0.562916538350994422 0.202946300606278940
-0.747007523832082576 0.565714713234834132 0.202398183486144662
-0.744887666756421818 0.568486097738671869 0.201851409400427062
-0.743300952685451710 0.570547140217401716 0.201305981648004950
-0.741189722207666102 0.573271996714593834 0.200761903519634410
-0.739083663852640793 0.575970500455102563 0.200219178297928596
-0.737507608333322406 0.577977199814245113 0.199677809257337857
-0.735410964474538131 0.580630061603610192 0.199137799664130727
-0.733319878486030752 0.583257143492255992 0.198599152776373439
-0.731234458509592455 0.585858685175796312 0.198061871843910497
-0.729674167316670341 0.587793233703007623 0.197525960108345194
-0.727598872046937073 0.590350703398747623 0.196991420803020012
-0.725529453094549526 0.592883370362131901 0.196458257152997223
-0.723981273199913122 0.594766770316190962 0.195926472375038851
-0.721922237726925653 0.597256748044464714 0.195396069677588241
-0.720381874185241355 0.599108487216190921 0.194867052260749796
-0.718333277238708323 0.601556741266198958 0.194339423316269994
-0.716290638872863150 0.603981608592025321 0.193813186027518514
-0.714762557449496461 0.605785117394851857 0.193288343569468529
-0.712730284505977529 0.608169887421662447 0.192764899108677640
-0.711209931544380058 0.609943728350727743 0.192242855803268775
-0.709187884622155318 0.612289490705946404 0.191722216802911405
-0.707171593442827984 0.614613464440064150 0.191202985248802360
-0.705663105915283473 0.616342368595643730 0.190685164273646623
-0.703656694163397933 0.618629105307753280 0.190168757001638655
-0.702155512092241141 0.620330511489962766 0.189653766548444014
-0.700158689286720870 0.622581160012149137 0.189140196021179541
-0.698664577135564180 0.624255932876927044 0.188628048518395514
-0.696677007759888056 0.626471647642897866 0.188117327130056300
-0.695189699247609982 0.628120652517177414 0.187608034937522289
-0.693211010929599691 0.630302584200309601 0.187100175013531100
-0.691730215288204886 0.631926680147331221 0.186593750422178684
-0.689760007231242867 0.634075966609399577 0.186088764218901248
-0.688285415554708346 0.635675999825773053 0.185585219450456806
-0.686813385022219780 0.637265974956506276 0.185083119154906633
-0.684854558708976491 0.639370555083619396 0.184582466361596864
-0.683388272109551775 0.640937641660485502 0.184083264091140619
-0.681436886774329453 0.643012234905804059 0.183585515355399187
-0.679976017858820558 0.644557222530016904 0.183089223157464454
-0.678517371644199008 0.646092972958896228 0.182594390491640279
-0.676575866287354666 0.648126506241718303 0.182101020343424957
-0.675122179737612793 0.649641227752963513 0.181609115689492451
-0.673187080506687407 0.651647197009459056 0.181118679497675406
-0.671738047183159215 0.653141591482550132 0.180629714726946222
-0.670290918666969437 0.654627478548555741 0.180142224327400208
-0.668364288813639740 0.656595629768963907 0.179656211240236729
-0.666921409199532134 0.658062115879971321 0.179171678397742395
-0.665480271725695571 0.659520470767050782 0.178688628723273041
-0.663561389512552502 0.661452475156447894 0.178207065131235742
-0.662124150602565353 0.662892255924870777 0.177726990527071554
-0.660688517602760039 0.664324237256027628 0.177248407807238162
-0.659254455736094425 0.665748509552676504 0.176771319859192089
-0.657344762897366763 0.667635695605696466 0.176295729561371350
-0.655914249331228882 0.669042307324206442 0.175821639783178052
-0.654485214036021445 0.670441479804082530 0.175349053384961262
-0.653057636607546343 0.671833284342920667 0.174877973217999694
-0.651156439427764688 0.673677677290933530 0.174408402124484219
-0.649732205104516236 0.675052541933115258 0.173940342937500991
-0.648309387674191995 0.676420243730497694 0.173473798481014518
-0.646887983353966356 0.677780834420451450 0.173008771569850284
-0.645467992433903515 0.679134361248379448 0.172545265009677762
-0.644049419362273445 0.680480866980087140 0.172083281596993737
-0.642160209723353748 0.682265351863725056 0.171622824119105372
-0.640744986010037154 0.683595616514670379 0.171163895354113277
-0.639331225645426771 0.684918970853908515 0.170706498070894802
-0.637918951635612519 0.686235438793944441 0.170250635029087161
-0.636508191332336493 0.687545040077757852 0.169796308979071303
-0.635098976434297136 0.688847790365360590 0.169343522661954737
-0.633691342986685724 0.690143701320204528 0.168892278809555235
-0.632285331343979240 0.691432780727111673 0.168442580144384513
-0.630880986140851086 0.692715032600553338 0.167994429379631272
-0.629011203163220678 0.694414081292774821 0.167547829219145628
-0.627610943529022469 0.695680397654499405 0.167102782357422014
-0.626212529283597608 0.696939874314548624 0.166659291479583554
-0.624816022846388486 0.698192500526105042 0.166217359261365216
-0.623421490531564038 0.699438262512429576 0.165776988369098488
-0.622029002364171579 0.700677143695017657 0.165338181459694394
-0.620638632008917890 0.701909124816796681 0.164900941180628258
-0.619250456579941488 0.703134184167383491 0.164465270169923072
-0.617864556519231001 0.704352297742835809 0.164031171056134129
-0.616481015403835486 0.705563439463786524 0.163598646458332858
-0.615099919777866155 0.706767581367033104 0.163167698986090987
-0.614180591962886102 0.707566439276646642 0.162738331239465017
-0.612803771919479323 0.708758848218712489 0.162310545808980133
-0.611429641158293902 0.709944175159397672 0.161884345275615377
-0.610058295387539862 0.711122387028401470 0.161459732210787160
-0.608689832304956546 0.712293449867286155 0.161036709176334170
-0.607324351353551783 0.713457329057436640 0.160615278724501848
-0.605961953502836770 0.714613989521391435 0.160195443397927406
-0.604602740980303976 0.715763395960590354 0.159777205729623673
-0.603246817029061688 0.716905513065632882 0.159360568242964351
-0.602344746049116919 0.717662857488003181 0.158945533451668869
-0.600994534412573445 0.718792747902965989 0.158532103859786916
-0.599647889640966159 0.719915256433761308 0.158120281961683429
-0.598304916478322846 0.721030349568598905 0.157710070242023437
-0.596965719426031827 0.722137994801443028 0.157301471175757601
-0.596075070643955707 0.722872271695785273 0.156894487228106394
-0.594742397982213511 0.723967434762276207 0.156489120854546221
-0.593413777120069486 0.725055069477709258 0.156085374500793544
-0.592089309557255361 0.726135148562444654 0.155683250602791229
-0.590769095364404917 0.727207646589677736 0.155282751586692802
-0.589891364216498126 0.727918421928920978 0.154883879868848662
-0.588578456702421815 0.728978233891799499 0.154486637855791142
-0.587270060573865660 0.730030407255774283 0.154091027944219749
-0.586400348741134891 0.730727603835916062 0.153697052520987060
-0.585099676538001878 0.731767008951725861 0.153304713963084344
-0.583803757415491065 0.732798734974990817 0.152914014637626994
-0.582942494335874750 0.733482280945327192 0.152524956901840314
-0.581654685724961595 0.734501186944318429 0.152137543103045308
-0.580371851552185292 0.735512392656489045 0.151751775578644582
-0.579519430538406155 0.736182250444615160 0.151367656656108324
-0.578245056584770323 0.737180618020090273 0.150985188652959929
-0.576975854647094666 0.738171285077978467 0.150604373876762149
-0.576132626784728652 0.738827454336333012 0.150225214625103520
-0.574872192667124304 0.739805301097111290 0.149847713185584097
-0.574034868001704002 0.740452932189109680 0.149471871835801767
-0.572783370717725226 0.741417988659998750 0.149097692843338375
-0.571952055700858719 0.742057106484435347 0.148725178465746399
-0.570709645415929612 0.743009417364136504 0.148354330950535129
-0.569472751359148432 0.743954108440657014 0.147985152535156927
-0.568651241204642388 0.744579681248008995 0.147617645446993906
-0.567423633859914567 0.745511728668176721 0.147251811903344576
-0.566608349611171125 0.746128898578649835 0.146887654111410415
-0.565390127901436834 0.747048384761286433 0.146525174268282266
-0.564581128806378008 0.747657211422993351 0.146164374560927651
-0.563774657360389786 0.748262719552560074 0.145805257166176955
-0.562569703490795048 0.749164784992618293 0.145447824250710761
-0.561769577671824671 0.749762048710107876 0.145092077971046479
-0.560574164997047375 0.750651806854127468 0.144738020473525603
-0.559780412082942824 0.751240907226432775 0.144385653894300470
-0.558594571712403565 0.752118485933938596 0.144034980359321579
-0.557807205955338281 0.752699512276632676 0.143686001984324796
-0.557022396197058733 0.753277335769753198 0.143338720874818359
-0.555849972623483124 0.754138100827797198 0.142993139126070229
-0.555071548710108886 0.754707988270283847 0.142649258823095815
-0.554295675441366376 0.755274730898622515 0.142307082040644906
-0.553136640664166346 0.756118986861703979 0.141966610843189456
-0.552367128131808771 0.756677945215163072 0.141627847284910818
-0.551600151628222957 0.757233822007787660 0.141290793409687837
-0.550454429044138549 0.758061900815660383 0.140955451251084163
-0.549693765724717620 0.758610157374272953 0.140621822832335985
-0.548935615127696286 0.759155400224266308 0.140289910166339848
-0.548179969099194198 0.759697649498536465 0.139959715255640799
-0.547051176684991591 0.760505455269651520 0.139631240092419895
-0.546301752190829992 0.761040310703306910 0.139304486658482385
-0.545554798755007453 0.761572245374599222 0.138979456925245687
-0.544810305453494959 0.762101280694429728 0.138656152853727538
-0.543698152969657955 0.762889444813383943 0.138334576394534364
-0.542959758547403970 0.763411326962403880 0.138014729487848986
-0.542223781682604544 0.763930386492762237 0.137696614063419348
-0.541490209029868774 0.764446645788181445 0.137380232040546862
-0.540759026748110605 0.764960127412370516 0.137065585328074641
-0.540030220531011795 0.765470854085751551 0.136752675824376058
-0.538941433881147125 0.766231828649119984 0.136441505417343317
-0.538218502222109318 0.766735768333104861 0.136132075984376016
-0.537497893008925143 0.767237033716400951 0.135824389392369904
-0.536779589995691753 0.767735648097716883 0.135518447497705474
-0.536063576536670361 0.768231634878899339 0.135214252146237057
-0.535349835614203462 0.768725017545000111 0.134911805173281107
-0.534638349862224915 0.769215819646459131 0.134611108403605934
-0.533929101572355069 0.769704064794920484 0.134312163651419847
-0.533222072705293315 0.770189776654396585 0.134014972720361059
-0.532517244915654331 0.770672978923757968 0.133719537403486022
-0.531814599568638746 0.771153695325034860 0.133425859483258913
-0.531114117730774771 0.771631949609287160 0.133133940731541361
-0.530415780224806954 0.772107765519227995 0.132843782909580932
-0.529719567605735797 0.772581166805281550 0.132555387768000910
-0.529025460197443009 0.773052177200788337 0.132268757046789781
-0.528333438095063945 0.773520820420544708 0.131983892475290826
-0.527643481187763608 0.773987120145558594 0.131700795772191348
-0.526955569172453453 0.774451100014161509 0.131419468645512461
-0.526269681550183499 0.774912783624769785 0.131139912792598762
-0.525585797665786725 0.775372194509725943 0.130862129900108481
-0.524903896696082950 0.775829356143758586 0.130586121644002573
-0.524223957684030406 0.776284291921748304 0.130311889689535138
-0.523884717326623450 0.776510932403849052 0.130039435691243210
-0.523207681673035663 0.776962573084142960 0.129768761292936907
-0.522532555032148238 0.777412046028900350 0.129499868127689266
-0.521859316051502931 0.777859374310996721 0.129232757817826449
-0.521187943287939826 0.778304580898412701 0.128967431974918306
-0.520518415217488872 0.778747688648768754 0.128703892199768077
-0.520184336209765230 0.778968462562668384 0.128442140082403289
-0.519517534726863683 0.779408464622687314 0.128182177202065650
-0.518852523928291953 0.779846424412233619 0.127924005127202034
-0.518189282158595832 0.780282364311985499 0.127667625415454483
-0.517858317880753316 0.780499583761409488 0.127413039613651358
-0.517197689003737082 0.780932535475384881 0.127160249257797620
-0.516538774972048365 0.781363522592206428 0.126909255873065646
-0.515881554130553477 0.781792566945316070 0.126660060973786071
-0.515553571908482278 0.782006367353892617 0.126412666063438650
-0.514898850355416493 0.782432538095696017 0.126167072634643274
-0.514245768072215226 0.782856819850396013 0.125923282169150691
-0.513919834943149412 0.783068258986382437 0.125681296137833798
-0.513269171341933950 0.783489746914319940 0.125441116000678810
-0.512620093512765052 0.783909398427297566 0.125202743206776296
-0.512296142634612539 0.784118541987586459 0.124966179194312452
-0.511649403718401841 0.784535477541138948 0.124731425390560466
-0.511326610426310779 0.784743274612891839 0.124498483211871971
-0.510682163116683130 0.785157539927115566 0.124267354063668414
-0.510039217492531560 0.785570050102028405 0.124038039340432532
-0.509718301362719339 0.785775653182052336 0.123810540425700069
-0.509077569653191064 0.786185567538437269 0.123584858692051325
-0.508757748981269908 0.786389883652756749 0.123360995501102993
-0.508119185396474271 0.786797245707867465 0.123138952203499741
-0.507800437477438749 0.787000296382627917 0.122918730138906251
-0.507163996977674669 0.787405148733201776 0.122700330635999083
-0.506846299482444640 0.787606955036821543 0.122483755012458659
-0.506211937838100257 0.788009339333526349 0.122269004574961190
-0.505895268878660431 0.788209921841807604 0.122056080619171087
-0.505262942768828105 0.788609878739883530 0.121844984429732739
-0.504947280921106634 0.788809257528186758 0.121635717280263234
-0.504631950113139771 0.789008239441774228 0.121428280433344166
-0.504002272419976971 0.789405021236273985 0.121222675140514505
-0.503687921003840522 0.789602825352656690 0.121018902642262602
-0.503060181842961418 0.789997270473377533 0.120816964168019139
-0.502746789706231767 0.790193915583933371 0.120616860936149317
-0.502433712962965018 0.790390178438134083 0.120418594153945749
-0.501808497144795473 0.790781565345719195 0.120222165017621091
-0.501496353869587908 0.790976693332012148 0.120027574712300855
-0.501184517595974377 0.791171446922507959 0.119834824412016289
-0.500561757936378471 0.791559838534763083 0.119643915279697144
-0.500250830577099181 0.791753480297243240 0.119454848467164781
-0.499940202255400312 0.791946755156391680 0.119267625115125314
-0.499629871046152252 0.792139664929209619 0.119082246353162544
-0.499010092502431835 0.792524396307127454 0.118898713299731174
-0.498700641480584017 0.792716221416253308 0.118717027062150135
-0.498391480229792239 0.792907688426727986 0.118537188736595883
-0.498082606987874765 0.793098799026227819 0.118359199408095833
-0.497465717704029864 0.793479957579224404 0.118183060150521657
-0.497157698314563468 0.793670008772481617 0.118008772026582914
-0.496849960260122625 0.793859710021461273 0.117836336087820667
-0.496542501961518390 0.794049062875191058 0.117665753374601195
-0.496235321878328250 0.794238068854021262 0.117497024916109374
-0.495928418503235047 0.794426729453162173 0.117330151730342946
-0.495315436051161961 0.794803020345646094 0.117165134824105996
-0.495009354162647575 0.794990653482160248 0.117001975193003135
-0.494703543352305042 0.795177946929767065 0.116840673821433358
-0.494398002320458607 0.795364902034403243 0.116681231682584041
-0.494092729801043795 0.795551520117320887 0.116523649738425272
-0.493787724576166265 0.795737802466623290 0.116367928939703880
-0.493482985456748124 0.795923750348655257 0.116214070225937813
-0.493178511319430302 0.796109364986202772 0.116062074525410328
-0.492874301064798792 0.796294647583764004 0.115911942755164490
-0.492570353656714643 0.796479599303891228 0.115763675820997711
-0.492266668085220238 0.796664221289780761 0.115617274617456051
-0.491963243399065553 0.796848514645745354 0.115472740027829104
-0.491660078696371738 0.797032480443019553 0.115330072924144461
-0.491357173104950140 0.797216119731752548 0.115189274167162514
-0.491054525819231091 0.797399433518896306 0.115050344606371285
-0.490752136075007228 0.797582422783576828 0.114913285079981331
-0.490450003147450242 0.797765088478458173 0.114778096414920497
-0.490148126373500026 0.797947431516325412 0.114644779426829185
-0.489846505143491762 0.798129452775392378 0.114513334920055415
-0.489545138877937991 0.798311153113322236 0.114383763687649603
-0.489244027069238030 0.798492533342360811 0.114256066511360263
-0.489244027069238030 0.798492533342360811 0.114130244161628980
-0.488943169253058141 0.798673594246686380 0.114006297397585929
-0.488642565015250607 0.798854336578250446 0.113884226967045130
-0.488342213987353890 0.799034761060119725 0.113764033606500142
-0.488042115870175763 0.799214868371671550 0.113645718041119337
-0.488042115870175763 0.799214868371671550 0.113529280984741868
-0.487742270408779655 0.799394659164517241 0.113414723139873122
-0.487442677398735202 0.799574134058507524 0.113302045197680529
-0.487143336687755224 0.799753293640991014 0.113191247837989437
-0.486844248192499385 0.799932138457071784 0.113082331729278909
-0.486844248192499385 0.799932138457071784 0.112975297528677909
-0.486545411868566480 0.800110669027199628 0.112870145881961009
-0.486246827733149534 0.800288885834644081 0.112766877423544909
-0.486246827733149534 0.800288885834644081 0.112665492776484119
-0.485948495857237872 0.800466789329508543 0.112565992552467672
-0.485650416371539717 0.800644379925715799 0.112468377351815099
-0.485650416371539717 0.800644379925715799 0.112372647763472971
-0.485352589457322736 0.800821658006762416 0.112278804365011281
-0.485055015350456642 0.800998623922987374 0.112186847722619942
-0.485055015350456642 0.800998623922987374 0.112096778391105545
-0.484757694355659796 0.801175277983818268 0.112008596913887773
-0.484757694355659796 0.801175277983818268 0.111922303822996186
-0.484460626820728324 0.801351620472787629 0.111837899639067123
-0.484163813156651246 0.801527651636124605 0.111755384871340541
-0.484163813156651246 0.801527651636124605 0.111674760017656721
-0.483867253832323985 0.801703371685767552 0.111596025564453569
-0.483867253832323985 0.801703371685767552 0.111519181986763555
-0.483570949373377412 0.801878780800355240 0.111444229748210735
-0.483570949373377412 0.801878780800355240 0.111371169301008127
-0.483274900360930459 0.802053879126101710 0.111300001085954892
-0.483274900360930459 0.802053879126101710 0.111230725532433697
-0.482979107429894639 0.802228666777799804 0.111163343058408165
-0.482979107429894639 0.802228666777799804 0.111097854070420235
-0.482683571286918467 0.802403143828762322 0.111034258963587817
-0.482683571286918467 0.802403143828762322 0.110972558121602394
-0.482683571286918467 0.802403143828762322 0.110912751916726629
-0.482388292681873887 0.802577310327386995 0.110854840709792277
-0.482388292681873887 0.802577310327386995 0.110798824850197819
-0.482093272429581166 0.802751166284751738 0.110744704675906469
-0.482093272429581166 0.802751166284751738 0.110692480513444172
-0.482093272429581166 0.802751166284751738 0.110642152677897440
-0.481798511407439123 0.802924711676080594 0.110593721472911730
-0.481798511407439123 0.802924711676080594 0.110547187190689372
-0.481798511407439123 0.802924711676080594 0.110502550111987896
-0.481504010542463612 0.803097946448568689 0.110459810506118417
-0.481504010542463612 0.803097946448568689 0.110418968630943887
-0.481504010542463612 0.803097946448568689 0.110380024732877557
-0.481504010542463612 0.803097946448568689 0.110342979046881562
-0.481209770819449933 0.803270870516671232 0.110307831796465444
-0.481209770819449933 0.803270870516671232 0.110274583193684828
-0.481209770819449933 0.803270870516671232 0.110243233439140137
-0.481209770819799987 0.803270870516464064 0.110213782721975392
-0.481209770819799987 0.803270870516464064 0.110186231219877029
-0.480915793287203019 0.803443483758663479 0.110160579099072869
-0.480915793287203019 0.803443483758663479 0.110136826514331099
-0.480915793287203019 0.803443483758663479 0.110114973608959388
-0.480915793287203019 0.803443483758663479 0.110095020514803896
-0.480915793287203019 0.803443483758663479 0.110076967352248589
-0.480915793287203019 0.803443483758663479 0.110060814230214563
-0.480915793287203019 0.803443483758663479 0.110046561246159164
-0.480915793287203019 0.803443483758663479 0.110034208486075674
-0.480915793287203019 0.803443483758663479 0.110023756024492547
-0.480622079053405482 0.803615786019805212 0.110015203924473198
-0.480622079053670548 0.803615786019654110 0.110008552237615381
-0.480622079053670548 0.803615786019654110 0.110003801004051049
-0.480622079053670548 0.803615786019654110 0.110000950252446050
-0.480622079053670548 0.803615786019654110 0.110000000000000001
