0.543633030164059061 -0.828969321762020872 0.739999999999999991
0.543633030164059061 -0.828969321762020872 0.739999049747553928
0.543633030164059061 -0.828969321762020872 0.739996198995948928
0.543633030164059061 -0.828969321762020872 0.739991447762384680
0.543633030164059061 -0.828969321762020872 0.739984796075526807
0.543633030164059061 -0.828969321762020872 0.739976243975507431
0.543633030164059061 -0.828969321762020872 0.739965791513924276
0.543633030164059061 -0.828969321762020872 0.739953438753840897
0.543633030164059061 -0.828969321762020872 0.739939185769785457
0.543633030164059061 -0.828969321762020872 0.739923032647751389
0.543633030164059061 -0.828969321762020872 0.739904979485196068
0.543633030164059061 -0.828969321762020872 0.739885026391040590
0.543633030164059061 -0.828969321762020872 0.739863173485668879
0.543633030164059061 -0.828969321762020872 0.739839420900927136
0.543633030164059061 -0.828969321762020872 0.739813768780122949
0.543633030164059061 -0.828969321762020872 0.739786217278024627
0.543633030164059061 -0.828969321762020872 0.739756766560859869
0.543633030164059061 -0.828969321762020872 0.739725416806315206
0.543633030164059061 -0.828969321762020872 0.739692168203534561
0.543633030164059061 -0.828969321762020872 0.739657020953118471
0.543633030164059061 -0.828969321762020872 0.739619975267122420
0.543633030164059061 -0.828969321762020872 0.739581031369056063
0.543633030164059061 -0.828969321762020872 0.739540189493881561
0.543633030164059061 -0.828969321762020872 0.739497449888012137
0.543633030164059061 -0.828969321762020872 0.739452812809310633
0.543633030164059061 -0.828969321762020872 0.739406278527088290
0.543633030164059061 -0.828969321762020872 0.739357847322102524
0.543633030164059061 -0.828969321762020872 0.739307519486555820
0.543633030164059061 -0.828969321762020872 0.739255295324093509
0.543633030164059061 -0.828969321762020872 0.739201175149802103
0.543633030164059061 -0.828969321762020872 0.739145159290207743
0.543633030164059061 -0.828969321762020872 0.739087248083273307
0.543633030164059061 -0.828969321762020872 0.739027441878397529
0.543633030164059061 -0.828969321762020872 0.738965741036412216
0.543633030164059061 -0.828969321762020872 0.738902145929579812
0.543633030164059061 -0.828969321762020872 0.738836656941591730
0.543633030164059061 -0.828969321762020872 0.738769274467566239
0.543633030164059061 -0.828969321762020872 0.738699998914045142
0.543633030164059061 -0.828969321762020872 0.738628830698991878
0.543633030164059061 -0.828969321762020872 0.738555770251789201
0.543633030164059061 -0.828969321762020872 0.738480818013236395
0.543633030164059061 -0.828969321762020872 0.738403974435546395
0.543633030164059061 -0.828969321762020872 0.738325239982343340
0.543633030164059061 -0.828969321762020872 0.738244615128659576
0.543633030164059061 -0.828969321762020872 0.738162100360932882
0.543633030164059061 -0.828969321762020872 0.738077696177003806
0.543633030164059061 -0.828969321762020872 0.737991403086112219
0.543633030164059061 -0.828969321762020872 0.737903221608894433
0.543633030164059061 -0.828969321762020872 0.737813152277379980
0.543633030164059061 -0.828969321762020872 0.737721195634988725
0.543633030164059061 -0.828969321762020872 0.737627352236526979
0.543633030164059061 -0.828969321762020872 0.737531622648184837
0.543633030164059061 -0.828969321762020872 0.737434007447532291
0.543633030164059061 -0.828969321762020872 0.737334507223515900
0.543633030164059061 -0.828969321762020872 0.737233122576455124
0.543633030164059061 -0.828969321762020872 0.737129854118038996
0.543633030164059061 -0.828969321762020872 0.737024702471322124
0.543633030164059061 -0.828969321762020872 0.736917668270721027
0.543633030164059061 -0.828969321762020872 0.736808752162010583
0.543633030164059061 -0.828969321762020872 0.736697954802319477
0.543633030164059061 -0.828969321762020872 0.736585276860126870
0.543633030164059061 -0.828969321762020872 0.736470719015258179
0.543633030164059061 -0.828969321762020872 0.736354281958880641
0.543633030164059061 -0.828969321762020872 0.736235966393499863
0.543633030164059061 -0.828969321762020872 0.736115773032954834
0.543633030164059061 -0.828969321762020872 0.735993702602414035
0.543633030164059061 -0.828969321762020872 0.735869755838370998
0.543633030164059061 -0.828969321762020872 0.735743933488639756
0.543633030164059061 -0.828969321762020872 0.735616236312350402
0.543633030164059061 -0.828969321762020872 0.735486665079944646
0.543633030164059061 -0.828969321762020872 0.735355220573170709
0.543633030164059061 -0.828969321762020872 0.735221903585079439
0.543633030164059061 -0.828969321762020872 0.735086714920018758
0.543633030164059061 -0.828969321762020872 0.734949655393628665
0.543633030164059061 -0.828969321762020872 0.734810725832837464
0.543633030164059061 -0.828969321762020872 0.734669927075855544
0.543633030164059061 -0.828969321762020872 0.734527259972170943
0.543633030164059061 -0.828969321762020872 0.734382725382543899
0.543633030164059061 -0.828969321762020872 0.734236324179002309
0.543633030164059061 -0.828969321762020872 0.734088057244835501
0.543633030164059061 -0.828969321762020872 0.733937925474589692
0.543633030164059061 -0.828969321762020872 0.733785929774062096
0.543633030164059061 -0.828969321762020872 0.733632071060296154
0.543633030164059061 -0.828969321762020872 0.733476350261574761
0.543633030164059061 -0.828969321762020872 0.733318768317415937
0.543633030164059061 -0.828969321762020872 0.733159326178566717
0.543633030164059061 -0.828969321762020872 0.732998024806996828
0.543633030164059061 -0.828969321762020872 0.732834865175894024
0.543633030164059061 -0.828969321762020872 0.732669848269657087
0.543633030164059061 -0.828969321762020872 0.732502975083890617
0.543633030164059061 -0.828969321762020872 0.732334246625398921
0.543633030164059061 -0.828969321762020872 0.732163663912179352
0.543633030164059061 -0.828969321762020872 0.731991227973417091
0.543633030164059061 -0.828969321762020872 0.731816939849478376
0.543633030164059061 -0.828969321762020872 0.731640800591904172
0.543633030164059061 -0.828969321762020872 0.731462811263404067
0.543633030164059061 -0.828969321762020872 0.731282972937849940
0.543633030164059061 -0.828969321762020872 0.731101286700268749
0.543633030164059061 -0.828969321762020872 0.730917753646837420
0.543633030164059061 -0.828969321762020872 0.730732374884874636
0.543633030164059061 -0.828969321762020872 0.730545151532835280
0.543633030164059061 -0.828969321762020872 0.730356084720302889
0.543633030164059061 -0.828969321762020872 0.730165175587983772
0.538082475297419149 -0.831846345730838932 0.729972425287699123
0.532543887219989243 -0.834652457787450119 0.729777834982378915
0.527017159022049930 -0.837389344474150477 0.729581405846054243
0.515998846062551975 -0.842661888278580129 0.729383139063850661
0.510507032880150091 -0.845200633355095321 0.729183035831980852
0.505026619036404445 -0.847676337607446984 0.728981097357737307
0.494099448247800277 -0.852444293223633798 0.728777324859485542
0.488652393137822605 -0.854739282303738634 0.728571719566655895
0.477790498684109277 -0.859157867809922093 0.728364282719736744
0.472375275086937108 -0.861284005883103942 0.728155015570267294
0.461575179614324205 -0.865376125942945995 0.727943919380828919
0.456189808627945781 -0.867344498478387349 0.727730995425038829
0.445446999154730072 -0.871131693466887569 0.727516244987541416
0.440088915042569195 -0.872952793691939455 0.727299669364000922
0.434739233257739888 -0.874727056403863168 0.727081269861093782
0.424063451718454276 -0.878139478705064258 0.726861047796500293
0.413416046047815677 -0.881377687741171645 0.726639004498896957
0.408101684486765315 -0.882934159299484600 0.726415141307948709
0.397488649266969751 -0.885927199739910520 0.726189459574299923
0.392188624003212472 -0.887365912829937376 0.725961960659567529
0.381597741157068349 -0.890133107747157259 0.725732645936331688
0.376305159699050984 -0.891463761249744691 0.725501516788128020
0.365720840980381490 -0.894024685327635904 0.725268574609439609
0.355130129169571152 -0.896459274973238740 0.725033820805687568
0.349829176862338498 -0.897632083516350043 0.724797256793223710
0.339208647254094608 -0.899894726765199215 0.724558883999321224
0.333885681251751332 -0.900987056169968548 0.724318703862166235
0.323204646660624484 -0.903100262997618031 0.724076717830849370
0.312461598208097879 -0.905127477149739512 0.723832927365356760
0.307060238795460960 -0.906112538244252530 0.723587333936561383
0.296182219638674860 -0.908033604162902019 0.723339939026213963
0.285178849476660778 -0.909901028635651921 0.723090744126934415
0.274013954533501636 -0.911730508893991987 0.722839750742202303
0.268357211702675846 -0.912636525837874801 0.722586960386348620
0.256861444511467973 -0.914443628020707444 0.722332374584545467
0.245066800509247229 -0.916263359437551994 0.722075994872797944
0.232888801575349746 -0.918122582137298915 0.721817822797934383
0.226622496081273106 -0.919076866444041185 0.721557859917596800
0.213648494819524193 -0.921058225706499423 0.721296107800231900
0.199933241497872005 -0.923174158110271703 0.721032568025081755
0.185228950673842763 -0.925479070472106091 0.720767242182173473
0.169177153520188694 -0.928040346104069935 0.720500131872310767
0.160487620420803445 -0.929442169541630170 0.720231238707063071
0.141316645942794639 -0.932545431778174505 0.719960564308756767
0.118804163183228784 -0.936124745112080658 0.719688110310464868
0.091087421497923649 -0.940228084777550155 0.719413878355997460
0.054688231482778571 -0.944668952037840404 0.719137870099891496
0.002373599081747557 -0.948225847090234941 0.718860087207401133
-0.083170371919712494 -0.944640480006107341 0.718580531354487628
-0.249454299235420063 -0.895483737986938477 0.718299204227808685
-0.515020806752554572 -0.491501515018818225 0.718016107524709124
0.270147286674108145 -0.120639812325276138 0.717731242953210224
0.415529086674012782 -0.394249499668402004 0.717444612231999179
0.375462401873343232 -0.658573951314629813 0.717156217090419101
0.309900972634343186 -0.756900431815715424 0.716866059268458589
0.244764542335281055 -0.818572206774623501 0.716574140516741065
0.334504873861546370 -0.698190549220306655 0.716280462596514012
0.245535631921789288 -0.803266326457773072 0.715985027279638975
0.203716231575254647 -0.829434575690405351 0.715687836348580131
0.202225667576888868 -0.825140663517317741 0.715388891596394072
0.173734054126975956 -0.839987115995021849 0.715088194826718926
0.158736288197343312 -0.844572529660474247 0.714785747853762921
0.145561717638774846 -0.847673730748015775 0.714481552502294504
0.133460384411267396 -0.849900811053462046 0.714175610607630129
0.122109815561936452 -0.851524332604925660 0.713867924015623934
0.111308646678197232 -0.852710300364777574 0.713558494582656633
0.100908982117632440 -0.853575988207888492 0.713247324175623976
0.090788435929804401 -0.854213488904625673 0.712934414671925309
0.075877901248082302 -0.854917984252794860 0.712619767959453143
0.065915791100054355 -0.855336278044320997 0.712303385936580713
0.055870446104303084 -0.855889421614224322 0.711985270512151103
0.045222163968308637 -0.856640645191143579 0.711665423605465697
0.033654654742679369 -0.857931805791080415 0.711343847146272412
0.020129753764833558 -0.860308081340198649 0.711020543074754374
-0.011075864300335525 -0.869553744153983676 0.710695513341517593
-0.067024745049385936 -0.890616616148552698 0.710368759907580083
-0.332945207193063142 0.067118339336542487 0.710040284744359096
0.089196625161385157 -0.774145553240294326 0.709710089833660129
0.033773060889851547 -0.811859333022368457 0.709378177167664048
0.017316670445062188 -0.817326370248514511 0.709044548748915870
0.004844983243733947 -0.819449308917066022 0.708709206590312113
-0.010751472499629156 -0.819973966680708655 0.708372152715089243
-0.020203879136269032 -0.819374316454177576 0.708033389156810689
-0.029383710161460130 -0.818276809841058994 0.707692917959355072
-0.043434881756242105 -0.815825029406671898 0.707350741176904108
-0.053896818695664928 -0.813523449675066179 0.707006860873929721
-0.067462726846402754 -0.810066159478584069 0.706661279125181618
-0.166258911873303827 -0.769495607288817829 0.706313998015675182
-0.025328144977615985 -0.818403779744709459 0.705965019640678482
-0.065142761371914659 -0.809928857836763272 0.705614346105699508
-0.076595242320570078 -0.806614264062598396 0.705261979526474403
-0.086014986025314266 -0.803595219091655988 0.704907922028953582
-0.098736604684232288 -0.799117697552593098 0.704552175749289300
-0.106831655135960490 -0.796032652270789565 0.704194742833822995
-0.118811424388749254 -0.791121670372333829 0.703835625439072410
-0.126830916892294920 -0.787591027871841876 0.703474825731717712
-0.139101736005539822 -0.781775173010065161 0.703112345888589618
-0.147555418178587916 -0.777446287646508694 0.702748188096655402
-0.160878217395262757 -0.770011552259945886 0.702382354553006127
-0.170373346620880717 -0.764188793647045506 0.702014847464843106
-0.186017152425171473 -0.753468383776364936 0.701645669049464793
-0.197839103916209846 -0.744278468091475243 0.701274821534253578
-0.219092465069163550 -0.724905964782851964 0.700902307156661686
-0.237266828986169909 -0.704839619258621375 0.700528128164198294
-0.277129054023959487 -0.645007941233898929 0.700152286814415881
-0.325710898232701773 -0.475304533378751226 0.699774785374896457
0.383298027706327038 -0.049363167568146599 0.699395626123237801
0.025300120923816338 -0.904901893802005364 0.699014811347040133
-0.088646564141223017 -0.866167236065666701 0.698632343343891682
-0.166799234313384226 -0.827839173103086856 0.698248224421355368
-0.100978070623719107 -0.819676381020455258 0.697862456896954697
-0.178032517681016578 -0.804276354100074586 0.697475043098159664
-0.209896656017574512 -0.789432089317063213 0.697085985362372984
-0.231999956535959340 -0.777534074639698591 0.696695286036915662
-0.245012126404491021 -0.770289128936984535 0.696302947479013001
-0.263411015621471400 -0.759840778103723746 0.695908972055780284
-0.281274537268458191 -0.749434814816337669 0.695513362144208891
-0.293159761479561021 -0.742321743665868117 0.695116120131151316
-0.311228247933894919 -0.731125174043806503 0.694717248413307176
-0.329837620394766939 -0.718979917481404551 0.694316749397208888
-0.349221256920090872 -0.705494505388669202 0.693914625499206461
-0.362671783580842733 -0.695533858463174059 0.693510879145453840
-0.383761962932001821 -0.678723431319458448 0.693105512771893584
-0.406054552811832670 -0.659044382166789178 0.692698528824242432
-0.429587358134847941 -0.635593506219136795 0.692289929757976541
-0.454237671267752163 -0.607173041162612726 0.691879718038316605
-0.471100429387048991 -0.584698610658458406 0.691467896140213090
-0.496398459317551277 -0.544216461673414642 0.691054466548331137
-0.520184094911635642 -0.493387000675285736 0.690639431757035682
-0.539292478482862214 -0.429286530595224869 0.690222794270376361
-0.547932898643019084 -0.349058346536010422 0.689804556602072627
-0.536299325887095391 -0.251597166955775386 0.689384721275498102
-0.489829137264602532 -0.141437228790717212 0.688963290823665919
-0.431115932134275903 -0.068423496630508007 0.688540267789212845
-0.292273484775756986 0.017508976865505371 0.688115654724384629
-0.090458045715483895 0.030933998531543046 0.687689454191019900
0.203252805025452121 -0.240409369340925383 0.687261668760535072
-0.149146492082154913 0.043172379517456845 0.686832301013909019
0.100498615222282206 -0.076398048806391838 0.686401353541667092
0.176325462998995486 -0.197975488742457406 0.685968828943865794
0.198714362642644304 -0.299251243384315913 0.685534729830076905
0.195490039245065278 -0.379755717938873305 0.685099058819371831
0.179797313606422371 -0.442335384939626541 0.684661818540305611
0.158554019584563083 -0.490632820689283433 0.684223011630901601
0.135387358093338017 -0.527952618538777063 0.683782640738634817
0.112145373498698575 -0.556945180234178716 0.683340708520416507
0.089721375879355886 -0.579628509072975362 0.682897217642577936
0.068501855092549302 -0.597507477377680285 0.682452170780854406
0.048608164061759718 -0.611698330613802632 0.682005570620368706
0.030026424831919030 -0.623031375714691693 0.681557419855615576
0.012677071059382150 -0.632128735599077340 0.681107721190444715
-0.003548289239808156 -0.639461178686466791 0.680656477338045240
-0.023638084270542647 -0.647103249148242909 0.680203691020928702
-0.037700734641858746 -0.651583023957434171 0.679749364970912762
-0.051029835310265115 -0.655222203974778816 0.679293501929105314
-0.063737526112879694 -0.658187651580159350 0.678836104645886729
-0.075937537739427907 -0.660620766617449728 0.678377175880894634
-0.087754088762565075 -0.662650219615368741 0.677916718403006269
-0.099342427276062573 -0.664410230879930341 0.677454734990322271
-0.114894302581685759 -0.666671488428595915 0.676991228430149805
-0.127572135404242171 -0.668930295049504298 0.676526201518985459
-0.146777901481345396 -0.675277368988532301 0.676059657062499042
-0.122200394291540615 -0.651463544523339322 0.675591597875515815
-0.149202611260236317 -0.663928815937547601 0.675122026782000395
-0.168972754864405911 -0.668050082338201734 0.674650946615038660
-0.185161833124320635 -0.671405063359325149 0.674178360216821981
-0.207127342557686139 -0.677229188744115751 0.673704270438628683
-0.250426284235365060 -0.691242074616345126 0.673228680140807945
-0.048000806203429579 0.075992084880268859 0.672751592192761816
-0.120113650767318836 -0.596019695032604435 0.672273009472928451
-0.164881308475222282 -0.623369482090146865 0.671792934868764235
-0.188132653414696344 -0.631355015699952116 0.671311371276726909
-0.211330359515764205 -0.634975154669794817 0.670828321602257471
-0.227390784972968746 -0.635567594798942315 0.670343788759763304
-0.244025784232627718 -0.635091994962625694 0.669857775672599853
-0.269265393463558822 -0.632945246305134379 0.669370285273053756
-0.292634840280611153 -0.629770168945317121 0.668881320502324628
-0.322956562588615825 -0.624017429874533791 0.668390884310507527
-0.384884559217692213 -0.605640500143768579 0.667898979656575076
-0.466247380850322413 -0.563809963334972131 0.667405609508359698
-0.633163493098626851 -0.267917055996937936 0.666910776842535635
-0.080152453859683573 0.064130795908293833 0.666414484644600846
0.079074911147336169 -0.366947038302464501 0.665916735908859470
-0.032941738334081039 -0.526198159281096700 0.665417533638403169
-0.085691335218034931 -0.560353527898088455 0.664916880845093483
-0.131460186351719716 -0.579210027449809317 0.664414780549543171
-0.156342830003583566 -0.585763848515526875 0.663911235781098785
-0.183272573577377862 -0.590192665537178529 0.663406249577821461
-0.201158069245069515 -0.591836030369264576 0.662899824986468933
-0.224423803753694362 -0.592900939026684282 0.662391965062477772
-0.243189573265549408 -0.593282379471856136 0.661882672869943733
-0.274037845248271461 -0.593574520600840039 0.661371951481604547
-0.307774672976380836 -0.593360593857686691 0.660859803978820493
-0.398472631465492833 -0.585068432580518438 0.660346233451555964
-0.614968386967007841 -0.477381428518674877 0.659831242998361267
0.040965642490859683 -0.247504489468371613 0.659314835726353410
-0.075802158206147746 -0.461986307798335272 0.658797014751197674
-0.150339785872290965 -0.508531642783272231 0.658277783197088628
-0.186166440039092301 -0.515171335170536926 0.657757144196731369
-0.181087900023737647 -0.528168698468292175 0.657235100891322421
-0.205893871257672390 -0.523923186435887089 0.656711656430531421
-0.224244880491404508 -0.518738713797403883 0.656186813972481464
-0.238633338371726733 -0.511627448813263053 0.655660576683730012
-0.248251650762128295 -0.504819742589101450 0.655132947739250349
-0.260269198503174204 -0.493377328208105426 0.654603930322411820
-0.268970989508532043 -0.482532348725675908 0.654073527624961182
-0.280398843381493179 -0.463810919987870718 0.653541742847002838
-0.291588759432259703 -0.437612815812628897 0.653008579196979855
-0.299311030485862994 -0.409887290876285615 0.652474039891654756
-0.305559599802799231 -0.353208397988253431 0.651938128156089536
-0.290145075234962191 -0.250050929830509860 0.651400847223626678
-0.209680546075408064 -0.112366379629622870 0.650862200335869279
0.288432134938792273 -0.070823442338232595 0.650322190742662065
0.262860775524461521 -0.694627561724462605 0.649780821702071409
-0.018675064776212447 -0.750614117433874517 0.649238096480365567
-0.113777035057611609 -0.722539823731967235 0.648694018351995028
-0.182423706100531269 -0.687657385830085954 0.648148590599572971
-0.224822749922679366 -0.661592417465435401 0.647601816513855399
-0.257761264877240270 -0.642044864215390088 0.647053699393721038
-0.281768607274727967 -0.630261629523418576 0.646504242546151686
-0.321464719594008963 -0.616548781541149116 0.645953449286212344
-0.399607552613568173 -0.597070750576776055 0.645401322937030675
-0.720277641870321950 -0.210780886938042922 0.644847866829777683
-0.015431675578922138 -0.418914070684028861 0.644293084303647068
-0.167149985543110585 -0.537004317034012635 0.643736978705835461
-0.215500520127859113 -0.547394256692836367 0.643179553391521885
-0.241093928897863463 -0.546613425093423588 0.642620811723847774
-0.258331196638632576 -0.542932755474987871 0.642060757073896426
-0.271578315167118556 -0.538186418951915546 0.641499392820673031
-0.280013986353275679 -0.534294685363022381 0.640936722351083898
-0.290026083331745954 -0.528854436029277952 0.640372749059916258
-0.299137481520605375 -0.523214440748055676 0.639807476349817827
-0.307713215998250189 -0.517404400521548236 0.639240907631276056
-0.316012051361742707 -0.511415697600927865 0.638673046322597582
-0.324241668601807809 -0.505214075660501694 0.638103895849887803
-0.332591747092592871 -0.498741923514810337 0.637533459647030010
-0.341258783093568219 -0.491913689852893299 0.636961741155665062
-0.350470457917882505 -0.484603978390337808 0.636388743825169967
-0.360516207601738914 -0.476624376875956046 0.635814471112637336
-0.368830624427790021 -0.470028312249271774 0.635238926482855071
-0.381396170429932624 -0.460053031351234987 0.634662113408284490
-0.396403065086355644 -0.448017779305556141 0.634084035369040122
-0.415137607983812440 -0.432490040664829378 0.633504695852868616
-0.439764478639973644 -0.410425648294996170 0.632924098355127196
-0.473901360364583912 -0.374342824705921007 0.632342246378763129
-0.521418219686608175 -0.301996696604413917 0.631759143434292514
-0.551659025464113828 -0.116752102618622039 0.631174793039778748
-0.203831802938993667 0.139709833140336720 0.630589198720811650
0.027473374611346121 -0.232914715947080520 0.630002364010486038
-0.091378784764044818 -0.379203975953412598 0.629414292449380408
-0.203237383726086518 -0.152488805124929849 0.628824987585535511
-0.187605138266390414 -0.447565028799915221 0.628234452974433477
-0.232058996471554174 -0.436493596811969420 0.627642692178975614
-0.255058979248873829 -0.427828313632632240 0.627049708769460978
-0.267208091138632753 -0.424510438205340179 0.626455506323565503
-0.281114490053218702 -0.415663887799291532 0.625860088426319683
-0.291881491514653313 -0.407568856190380857 0.625263458670087813
-0.301025108711686640 -0.399395355491839577 0.624665620654545006
-0.309130608880144042 -0.391009761075809148 0.624066577986656545
-0.316614382491985535 -0.382319576022679020 0.623466334280656009
-0.323863709186171855 -0.373205934367756786 0.622864893158023070
-0.331348548171067847 -0.363474476697042026 0.622262258247461841
-0.339810592444490689 -0.352749694561012406 0.621658433184878789
-0.354209100408973243 -0.336485307857377347 0.621053421613361412
-0.374478350128832405 -0.317056327695194817 0.620447227183155481
-0.424982357459933457 -0.267426660729012333 0.619839853551643394
-0.057445064613265220 0.093198213142841865 0.619231304383322301
-0.212405131909247175 -0.326828360568484910 0.618621583349781567
-0.266369325869601825 -0.317165623466675040 0.618010694129680793
-0.287752930693129239 -0.300944226158000205 0.617398640408728050
-0.295135006449219861 -0.288307935289165151 0.616785425879656679
-0.298795457325575720 -0.275740922518604048 0.616171054242203975
-0.300178087130013482 -0.263032751755857941 0.615555529203088425
-0.299602767471902953 -0.246728162057928802 0.614938854475987173
-0.297616548080031296 -0.233203130372064277 0.614321033781514036
-0.294425325955583683 -0.219080734624772844 0.613702070847196968
-0.290446132766706111 -0.203757334754031849 0.613081969407454963
-0.278828284709121521 -0.194968030009554871 0.612460733203576524
-0.272183093323441705 -0.171426020543260033 0.611838365983696564
-0.262235985167449170 -0.154483140011408615 0.611214871502773316
-0.249760277378875351 -0.136845657251389641 0.610590253522566684
-0.229790397843600780 -0.113442782224919575 0.609964515811614816
-0.209079539121793945 -0.093363594022908461 0.609337662145211567
-0.182156560155047831 -0.071755386437746732 0.608709696305383963
-0.145243724513918177 -0.048211328722512173 0.608080622080868771
-0.070168169105461781 -0.015889052212831996 0.607450443267090412
0.055382509200968030 0.004299298998775108 0.606819163666137418
0.430148146215617866 -0.179800272219502316 0.606186787086739787
-0.405399190471011750 -0.392476253339952785 0.605553317344246333
-0.271608927608973039 -0.126084637097337415 0.604918758260600598
-0.151607362026538767 -0.040373981508836913 0.604283113664319305
0.389274175225387209 -0.444155045693643669 0.603646387390467831
-0.183509071720064643 -0.064770897550958176 0.603008583280637778
-0.058252804096724065 -0.009731578168974769 0.602369705182924098
0.015764471603721769 0.001172375432700970 0.601729756951901340
0.086051376060766377 -0.000865985567498527 0.601088742448600111
0.173073466341811422 -0.020052258713156940 0.600446665540484759
0.241802818580437395 -0.049654013984854667 0.599803530101429061
0.323600036322714391 -0.106184551474256650 0.599159340011693797
0.382076092272770895 -0.167750425670989023 0.598514099157902213
0.430260712450747596 -0.243481750403799518 0.597867811433017704
0.469698649111468858 -0.355605393094706623 0.597220480736319392
0.479634998464043394 -0.455926328759268196 0.596572110973379255
0.457993697887941087 -0.589354847868415965 0.595922706056038476
0.403754677402150874 -0.700204330505195705 0.595272269902383133
0.221329720161692722 -0.845585565578835130 0.594620806436721661
-0.274688494441698183 -0.177406143837787106 0.593968319589560312
0.455688720088481269 -0.724598924680959988 0.593314813297580179
0.335291155697993615 -0.855957008476330938 0.592660291503612213
0.217015565635931773 -0.931095070276108716 0.592004758156615130
0.133243829220688059 -0.964601574609684986 0.591348217211650096
0.036986150058516964 -0.987058745344835398 0.590690672629857860
-0.034360964467332056 -0.993857115374964462 0.590032128378433995
-0.117202146093263793 -0.991933507948528304 0.589372588430605804
-0.178862930417051036 -0.983835339725360525 0.588712056765608116
-0.250834287734474859 -0.967180694587210787 0.588050537368658643
-0.304847951797437344 -0.949460290293426823 0.587388034230934886
-0.368617990313495514 -0.922477767099569190 0.586724551349549261
-0.417139841599897754 -0.897223028482373008 0.586060092727525461
-0.475282723551590514 -0.860958104480292197 0.585394662373774133
-0.520154571578697933 -0.827822916515850160 0.584728264303068901
-0.574490869965811446 -0.780338249960439767 0.584060902536021609
-0.626834833889122534 -0.724532332960616254 0.583392581099058893
-0.666805915758768353 -0.672302777671141438 0.582723304024396649
-0.712800944924271040 -0.594878563842727637 0.582053075350017379
-0.744034532353929245 -0.520842729896540124 0.581381899119644441
-0.770213254713842499 -0.409915251602278596 0.580709779382718061
-0.770752684069061944 -0.276766014834414265 0.580036720194371247
-0.740645540949107839 -0.157143318978719415 0.579362725615404806
-0.647430040125271500 -0.006997877661304053 0.578687799712263029
-0.521754204783825837 0.089598163040668477 0.578011946557009382
-0.317855364513884908 0.140242954422608923 0.577335170227301964
-0.115457138578456922 0.090450137423751312 0.576657474806368309
0.005440204143532121 -0.006222092703377173 0.575978864382981293
0.086381405173718451 -0.154750060699241410 0.575299343051434375
0.101577380382525742 -0.295844617629507645 0.574618914911516843
0.082393910259783570 -0.391035524496709641 0.573937584068489048
0.035113264678332007 -0.486637892060979682 0.573255354633057546
-0.029658774245301223 -0.561860108805482872 0.572572230721350661
-0.095858373889294857 -0.613389206308141532 0.571888216454893183
-0.222733240070898786 -0.675919277199179325 0.571203315960581826
-0.595289677372388359 -0.672502271709802701 0.570517533370660246
-0.268190116785821442 0.238861997088451378 0.569830872822694068
0.017206566439713245 -0.355147774056970733 0.569143338459545789
-0.063027209841520937 -0.478246825938423159 0.568454934429350356
-0.120445918707337118 -0.520251837526315541 0.567765664885489074
-0.156556244189069577 -0.535246722310478096 0.567075533986565739
-0.194389917091042475 -0.542828393394040210 0.566384545896380986
-0.226801719508607114 -0.542900785368771954 0.565692704783906763
-0.255351965859739294 -0.537806091730367086 0.565000014823262009
-0.276018660441903874 -0.530753165185628761 0.564306480193686899
-0.299589440920625560 -0.518620525696509849 0.563612105079517756
-0.320927148875363000 -0.502885081202237405 0.562916893670161955
-0.340131479017266147 -0.483317736704577117 0.562220850160072394
-0.353878648068003343 -0.464535238650692128 0.561523978748722397
-0.368686485681788689 -0.436355663647518710 0.560826283640580292
-0.379986097157123337 -0.401567639733108550 0.560127769045084101
-0.385886318495778369 -0.357879890531748956 0.559428439176616110
-0.384143309623013574 -0.314176568052343896 0.558728298254477340
-0.366945081624488911 -0.244303579073944649 0.558027350502862229
-0.314958936684844537 -0.152003280676730967 0.557325600150833100
-0.179788444717660340 -0.042715267653243530 0.556623051432294513
0.134251345626730328 -0.020054838240805659 0.555919708585968286
0.440913595096133204 -0.434065256772838637 0.555215575855366850
0.235609026422436807 -0.822297334498975019 0.554510657488768932
-0.128290001392090625 -0.887744419026491371 0.553804957739192694
-0.330557658209580885 -0.789293573453524133 0.553098480864371078
-0.436952344960376826 -0.670670787928496992 0.552391231126725279
-0.494364826881552033 -0.545563486213233806 0.551683212793339983
-0.512272809222614645 -0.401673076536847362 0.550974430135936832
-0.482560380374302211 -0.261614269452274950 0.550264887430848670
-0.321418172451180983 -0.063630288484396724 0.549554588958994228
0.083377745362311920 -0.024769691928284720 0.548843539005852032
0.360381929160701664 -0.470794831369771627 0.548131741861434318
0.122890148772859864 -0.847771792987772610 0.547419201820261936
-0.195321810035634980 -0.909824263137962497 0.546705923181337261
-0.541615977191325704 -0.712229574952498834 0.545991910248119217
0.165219040796104943 -0.743449726543663703 0.545277167328497070
-0.229991882272104875 -0.892796893901996347 0.544561698734763899
-0.436903153603620142 -0.839039371676837398 0.543845508783591502
-0.618400680622889443 -0.725378919049652793 0.543128601796003752
-0.803401320909922778 -0.303444066125019674 0.542410982097350503
0.112477718321014247 -0.206117968660472467 0.541692654017281949
-0.071321165319927382 -0.679736463018737469 0.540973621889721756
-0.227651705764015944 -0.739303822752956696 0.540253890052841745
-0.315027645588962568 -0.742019766336854070 0.539533462849035028
-0.372722402826815347 -0.732480285322445468 0.538812344624890471
-0.415377093121279961 -0.719499246131856673 0.538090539731165718
-0.449314622490253945 -0.705527981838120377 0.537368052522761430
-0.477701236009377861 -0.691376958570602662 0.536644887358695422
-0.502308482103061449 -0.677326733474983955 0.535921048602074901
-0.524213308022654312 -0.663461031448281835 0.535196540620071826
-0.544113286658144402 -0.649784085102593778 0.534471367783895701
-0.562483245743773397 -0.636266776412529267 0.533745534468767047
-0.579659431839939954 -0.622866145951504024 0.533019045053891527
-0.595887684928212757 -0.609533976167567326 0.532291903922433307
-0.611352475105307214 -0.596220575473863090 0.531564115461488407
-0.626195166345936194 -0.582876347771010384 0.530835684062058610
-0.637696264527515266 -0.572145828599534001 0.530106614119024488
-0.651680969387466114 -0.558623080013903484 0.529376910031119641
-0.665297233378784436 -0.544933709403852107 0.528646576200903162
-0.681230948853750018 -0.528218921301444544 0.527915617034733886
-0.694223809915409773 -0.513993495150588009 0.527184036942743628
-0.706994901220632799 -0.499445961745577538 0.526451840338810095
-0.719570987383398863 -0.484525565021934668 0.525719031640530909
-0.731971767725867251 -0.469179684935426333 0.524985615269196515
-0.744210447668582242 -0.453353333486854748 0.524251595649763980
-0.756294035339078019 -0.436988628807299495 0.523516977210829459
-0.768223401097095859 -0.420024239031019375 0.522781764384602554
-0.779993120240445870 -0.402394785289623635 0.522045961606878439
-0.791591105072628753 -0.384030190383795489 0.521309573317012220
-0.802998020102284826 -0.364854955727320740 0.520572603957891289
-0.814186461790912253 -0.344787343454036055 0.519835057975908787
-0.825119870537753708 -0.323738431945961525 0.519096939820936853
-0.835751125612588686 -0.301610999773842425 0.518358253946300196
-0.846020750801416588 -0.278298172548463341 0.517619004808748007
-0.855854625404408376 -0.253681734914563917 0.516879196868428425
-0.865161044593662609 -0.227629958759694107 0.516138834588860784
-0.873826892213492079 -0.199994716070614975 0.515397922436909073
-0.881712554107074498 -0.170607509855991435 0.514656464882754738
-0.888644966020735172 -0.139273831651490543 0.513914466399869707
-0.894407768087736477 -0.105764872700255308 0.513171931464990072
-0.899387833736996045 -0.062290215958635431 0.512428864558087671
-0.901496526301230894 -0.022929555874186491 0.511685270162344774
-0.901220444064835813 0.019768611668260883 0.510941152764125550
-0.897854798385849584 0.066434677407056997 0.510196516852949977
-0.890350981726011459 0.117963958410336467 0.509451366921466198
-0.877022064109023947 0.175691439932328386 0.508705707465423762
-0.854870529755658137 0.241694893752221585 0.507959542983646317
-0.817873524978417477 0.319259647895428489 0.507212877978004517
-0.752007736959466433 0.413032078084407339 0.506465716953388712
-0.576867596427558915 0.544759131364054960 0.505718064417682078
-0.223952909251362908 0.553136078577200041 0.504969924881733090
0.002061799743571194 0.004533369683391573 0.504221302859328868
-0.453908625316061076 -0.213469191791813923 0.503472202867166985
-0.658046853776498075 -0.058136280008145358 0.502722629424828926
-0.700947695262974069 0.079627554543863222 0.501972587054753117
-0.690052211439089125 0.179867043048420577 0.501222080282206495
-0.656854680617768527 0.254556125108871767 0.500471113635258535
-0.601967062321157487 0.320804239052287554 0.499719691644752828
-0.548735561598631461 0.360785725079622421 0.498967818844280431
-0.491327111019274010 0.388812143710379254 0.498215499770152170
-0.431614883983766295 0.405818856205546863 0.497462738961371664
-0.371280925561126962 0.412459140829430915 0.496709540959607176
-0.311908161975421927 0.409363218801881479 0.495955910309165471
-0.243995855230399655 0.393848125335803545 0.495201851556962724
-0.191707409068981177 0.372158464758914509 0.494447369252498770
-0.144482892707391203 0.343648340871099578 0.493692467947828284
-0.103139159727010793 0.309499953103376857 0.492937152197534589
-0.068231089189236704 0.270937196649323697 0.492181426558700674
-0.040063848521706816 0.229162158410696232 0.491425295590883215
-0.015272849398642999 0.176366890585266750 0.490668763856084045
-0.002012220911772153 0.131311202267061028 0.489911835918723060
0.004738738758629409 0.086180841940427272 0.489154516345610635
0.005222196028423647 0.041640215085698047 0.488396809705919865
-0.000356228168856946 -0.001806345191591749 0.487638720571159257
-0.014952206461620387 -0.052011469373873576 0.486880253515145078
-0.033943171804185004 -0.092003086855890259 0.486121413113973777
-0.059938317332943608 -0.130226577852463721 0.485362203945993942
-0.094812215803430772 -0.166640376148797703 0.484602630591779604
-0.143012562845887509 -0.200916257973259016 0.483842697634101593
-0.236357003017920952 -0.234959780591912887 0.483082409657900780
-0.395868252138685484 -0.222259278020124906 0.482321771250259546
-0.561943153288203212 0.215387643996965028 0.481560787000374912
0.007265139949411394 0.098828145921659255 0.480799461499530345
-0.058368877864703142 -0.115849246724556459 0.480037799341068050
-0.159294297016679381 -0.190973840494320674 0.479275805120361664
-0.235966157481565630 -0.209905686263831270 0.478513483434788112
-0.312262220522638190 -0.204938092237591518 0.477750838883700013
-0.390062691097292302 -0.174672976687298948 0.476987876068398153
-0.479169989768421511 -0.093782014636267647 0.476224599592103282
-0.531684888554255775 0.021980024947329702 0.475461014059928577
-0.533312672408063237 0.181459709002952496 0.474697124078852117
-0.456701461654749896 0.367450692365921594 0.473932934257688454
-0.256357488026113023 0.639880757544333933 0.473168449207061581
0.216226047549283429 -0.128555761469246244 0.472403673539376345
0.002223678137397617 -0.004427027268751459 0.471638611868791302
0.001829162515710291 -0.008313316297438877 0.470873268811190182
0.001900632109442659 -0.041920821791459471 0.470107648984154913
-0.009366088539882175 -0.085129621253371646 0.469341757006936922
-0.025146849751577917 -0.116400122064081318 0.468575597500429597
-0.044074271488418477 -0.142346515925508954 0.467809175087140594
-0.064611530401541523 -0.163398887588931341 0.467042494391163687
-0.090187298377658362 -0.183183371603962253 0.466275560038151071
-0.111777220996185006 -0.195878598510309421 0.465508376655285161
-0.133436628280013236 -0.205707154041525647 0.464740948871250947
-0.155155939753832572 -0.213092561846380923 0.463973281316208130
-0.181446454348202502 -0.219174685072975384 0.463205378621762642
-0.203788582367093712 -0.222183366703630675 0.462437245420939558
-0.226869434200319076 -0.223452572339192385 0.461668886348154228
-0.251167617513298469 -0.222998074880518454 0.460900306039185248
-0.282943790668655770 -0.219978071248397022 0.460131509131145422
-0.312909386167991466 -0.214912572526001211 0.459362500262455065
-0.347949904230473117 -0.206498723935958306 0.458593284072812746
-0.401045513611925808 -0.188659977004617507 0.457823865203168145
-0.460750726270700461 -0.160296217300108901 0.457054248295693633
-0.543257616697990553 -0.101372361989819026 0.456284437993756620
-0.647743925022100653 0.042107933450548640 0.455514438941891142
-0.583667091432819030 0.468670495094574813 0.454744255785770268
-0.079269084690247349 0.536518438806659503 0.453973893172177512
0.087905403480190533 0.240457393168372557 0.453203355748979131
0.054330998621447871 0.077486233749097813 0.452432648165096596
-0.002900152793710282 -0.002851306751518066 0.451661775070477334
-0.038184988208881845 -0.030363307850761353 0.450890741116067750
-0.062826425584816381 -0.041789334609725025 0.450119550953784642
-0.081495227387083674 -0.044400159971233435 0.449348209236487384
-0.089772217204982713 -0.041266993447754169 0.448576720617949509
-0.092370447693565727 -0.035221982670324753 0.447805089752831120
-0.089734986307761444 -0.027402215098570576 0.447033321296650354
-0.080013091562479238 -0.016964861455447199 0.446261419905755630
-0.066968402800519022 -0.008480605574085535 0.445489390237297223
-0.051411757822215930 -0.001247649057307568 0.444717236949199513
-0.044012851754369843 0.007390030654171147 0.443944964700132727
-0.135389339658120916 0.113701681951441827 0.443172578149484575
0.318583147643862641 0.100571207156480075 0.442400081957332769
0.329035056532996806 -0.031302431437721850 0.441627480784416215
0.417126921084174818 -0.161919659334253091 0.440854779292107424
0.485222174578433529 -0.342135023983358932 0.440081982142383921
0.472178665224754879 -0.599939868173856583 0.439309093997800659
0.244326778550710777 -0.902064082728044059 0.438536119521461376
-0.070586405431141919 -0.989752977431766601 0.437763063376990780
-0.345099954703744216 -0.909904739667436901 0.436989930228506185
-0.536009357411282195 -0.724300742166441580 0.436216724740589701
-0.605249000801074022 -0.571319892938461749 0.435443451578259699
-0.627893335082074344 -0.441104209774545675 0.434670115406943058
-0.624934447405172899 -0.333915767645252493 0.433896720892446575
-0.603009906834686804 -0.229758382087924151 0.433123272700929207
-0.575657138576256777 -0.158488297540245071 0.432349775498873712
-0.542622256051752405 -0.098037146707610906 0.431576233953058608
-0.496754005048628433 -0.036970205202002643 0.430802652730529700
-0.453538686644036071 0.005681527419757276 0.430029036498572770
-0.405518483010652131 0.041266843523862479 0.429255389924684039
-0.352168172532071111 0.069476928216956751 0.428481717676543417
-0.280036751629511804 0.091963589866467854 0.427708024421985300
-0.211945524272742269 0.098295431409865769 0.426934314828971262
-0.135200926326668358 0.087681045467914012 0.426160593565560908
-0.031659620675627893 0.033315528015253011 0.425386865299884787
0.041525286640430578 -0.091908106819405241 0.424613134700115247
-0.079980077252837442 -0.301979937050146474 0.423839406434439070
-0.288930853796245724 -0.071698033714166567 0.423065685171028827
-0.148226525175946838 0.032274931288077360 0.422291975578014622
-0.030654924036008387 0.015711833502391727 0.421518282323456672
0.050534027783536592 -0.039208072677087730 0.420744610075315939
0.112519267647145149 -0.126190741702142034 0.419970963501427319
0.139513861102671111 -0.206986866966473892 0.419197347269470222
0.146308591142220251 -0.289901058134692913 0.418423766046941481
0.130405303968916003 -0.386256041501805536 0.417650224501126266
0.099797203512087346 -0.459785434616680866 0.416876727299070882
0.056376583086529763 -0.524299540217171844 0.416103279107553403
-0.008353849806263469 -0.587457077907600267 0.415329884593057030
-0.069305589341142448 -0.627326481382988299 0.414556548421740223
-0.133753526438645909 -0.655614611970811501 0.413783275259410332
-0.199446105830053289 -0.672891569651644428 0.413010069771493848
-0.277447360623091943 -0.680345193718100871 0.412236936623009365
-0.340246060434037600 -0.676696707179935908 0.411463880478538657
-0.400094768584388916 -0.665177166062977943 0.410690906002199319
-0.467221519715680933 -0.642260325610881311 0.409918017857616057
-0.518836684940309878 -0.616484101123826789 0.409145220707892665
-0.566282436597063454 -0.585259329198816736 0.408372519215583762
-0.609386053300296271 -0.548976376954652401 0.407599918042667209
-0.655097270024035283 -0.499031808179920544 0.406827421850515403
-0.687817718909448095 -0.452069809633730391 0.406055035299867251
-0.715105976064680182 -0.400044435733201476 0.405282763050800465
-0.739446915892192136 -0.330401885791505534 0.404510609762702811
-0.751049558590906940 -0.265777670011541456 0.403738580094244404
-0.752325443501323798 -0.194663262286137062 0.402966678703349568
-0.735082931786239735 -0.100685564150910345 0.402194910247168913
-0.698579844122033444 -0.016612814167063061 0.401423279382050524
-0.633666030477423314 0.068042872776474195 0.400651790763512761
-0.531291663578421614 0.142349914061273286 0.399880449046215336
-0.352410004926810128 0.186696907442901433 0.399109258883932283
-0.172325617625070981 0.148312794014858501 0.398338224929522700
-0.012384170531342198 0.017673543899600602 0.397567351834903382
0.067340630964389053 -0.181825156452041836 0.396796644251020736
0.028541761791460007 -0.421448144132766322 0.396026106827822577
-0.078107299990943485 -0.562918443168953342 0.395255744214229765
-0.205588283016604645 -0.642358612529981721 0.394485561058108725
-0.350002197274632609 -0.676468227155614277 0.393715562006243303
-0.452610467174395958 -0.673153860153743344 0.392945751704306401
-0.538322973083701806 -0.653520192253777221 0.392176134796831943
-0.609305605548634333 -0.624712924177593387 0.391406715927187232
-0.678750974613087199 -0.583775709826948819 0.390637499737544969
-0.726256589669118324 -0.546966982986266892 0.389868490868854556
-0.766340150130928155 -0.508930592311820140 0.389099693960814785
-0.800443568043494369 -0.470169884184534870 0.388331113651845694
-0.835006607809547052 -0.422835971282802814 0.387562754579060531
-0.859453872514359674 -0.382445362300075087 0.386794621378237391
-0.880546446735570920 -0.340597099533319903 0.386026718683791847
-0.901864695943261130 -0.286917910896660633 0.385259051128749030
-0.916222913984704235 -0.236869177346964499 0.384491623344714872
-0.926445649372817481 -0.177395322738339467 0.383724439961849018
-0.928335552051284818 -0.098100551110511192 0.382957505608836291
-0.884872876111337581 0.069444983130036719 0.382190824912859439
-0.490560087953546442 0.336369811724136270 0.381424402499570547
-0.439372355987600494 -0.624552132436949514 0.380658242993063167
-0.844435785119201698 -0.442609674414071064 0.379892351015845064
-0.930169903535424947 -0.297442460167756551 0.379126731188809796
-0.955111215295772809 -0.224018115905118886 0.378361388131208842
-0.968517567223293518 -0.167482434501475486 0.377596326460623632
-0.976642790344317113 -0.119009714829976521 0.376831550792938397
-0.981602835020803477 -0.074412249302209299 0.376067065742311524
-0.984427592897078041 -0.022477945472213157 0.375302875921148027
-0.984281237456335001 0.021966009658363816 0.374538985940071401
-0.981278965770416178 0.070307141419785779 0.373775400407896752
-0.973535330464459614 0.127293317981230836 0.373012123931601880
-0.947997428757633043 0.223692833164908733 0.372249161116299909
-0.864635931640722388 0.373595318053377867 0.371486516565211977
-0.173481604289809327 0.449156659651316070 0.370724194879638425
-0.793591008887984728 -0.296645064760532817 0.369962200658932039
-0.943967261553611547 -0.060415264116826350 0.369200538500469633
-0.961258875596890383 0.066470867937075462 0.368439212999625065
-0.956515590805753213 0.136067262645164722 0.367678228749740488
-0.944684571764819681 0.195369867206946712 0.366917590342099198
-0.925984609476507625 0.252775985296407102 0.366157302365898329
-0.888611077214208844 0.328388630794565595 0.365397369408220485
-0.826272480249184649 0.409934959792815135 0.364637796054006091
-0.620599986397179282 0.536571643577464785 0.363878586886026256
-0.778453659822758492 -0.316054889657651772 0.363119746484854844
-0.925176256439385947 0.285767040234569170 0.362361279428840721
-0.776397127165218581 0.474196237043841284 0.361603190294080168
-0.574626304131283350 0.568144323111633542 0.360845483654389343
-0.225164002851515360 0.508912495767755657 0.360088164081276974
-0.000508225979559869 -0.002541733477476406 0.359331236143916044
-0.407661815696891860 -0.387085999454171770 0.358574704409116762
-0.748051521827826527 -0.310855713008652224 0.357818573441299359
-0.904104898004912672 -0.145677152057136272 0.357062847802465555
-0.950729533820653172 -0.040091758865700378 0.356307532052171694
-0.969255521441586554 0.039992890921096425 0.355552630747501208
-0.975242050337726596 0.102882554155781680 0.354798148443037253
-0.975027818603222185 0.154242919815584523 0.354044089690834618
-0.971463008317684285 0.197641913049579121 0.353290459040392801
-0.964671951949044093 0.242349896896147887 0.352537261038628369
-0.957727943863811548 0.275148318383031498 0.351784500229847863
-0.950010625185502389 0.304913075061361394 0.351032181155719714
-0.941726546386034813 0.332300593625351803 0.350280308355247205
-0.932998559460849863 0.357783872784359802 0.349528886364741498
-0.923901134270334823 0.381711809779976541 0.348777919717793483
-0.914479764295103248 0.404347103042108080 0.348027412945247028
-0.902784512276023632 0.430083438517935068 0.347277370575171052
-0.892731875224837546 0.450521921346982324 0.346527797132833160
-0.882409014592618446 0.470171360256657733 0.345778697140671221
-0.871818983967972971 0.489126447050901580 0.345030075118266999
-0.860961657331978825 0.507463734140695122 0.344281935582318011
-0.849834639678220705 0.525245609887060816 0.343534283046611377
-0.838433857628252621 0.542523243520660725 0.342787122021995572
-0.826753943488147791 0.559338794609302248 0.342040457016353661
-0.812360497474060583 0.578956104102488767 0.341294292534576271
-0.800042670494625185 0.594869214973063554 0.340548633078533836
-0.787422185638508076 0.610411767305990893 0.339803483147050112
-0.774490054531632111 0.625602400890052479 0.339058847235874428
-0.761236565133651677 0.640456160000492991 0.338314729837655315
-0.747651274759270734 0.654984931715161811 0.337571135441912362
-0.733722986868344029 0.669197782047024070 0.336828068535010128
-0.719439715276620650 0.683101208803604254 0.336085533600130215
-0.704788638325352101 0.696699325132730363 0.335343535117245406
-0.689756044999065843 0.709993983732976286 0.334602077563091016
-0.671192618142145814 0.725546385070531263 0.333861165411139194
-0.655267647528848585 0.738169208294813251 0.333120803131571552
-0.638910571926574411 0.750479854205982511 0.332380995191252027
-0.622103230473962099 0.762470935758286616 0.331641746053699893
-0.604826215330794614 0.774132689977720889 0.330903060179063069
-0.587058798605284315 0.785452820509220384 0.330164942024091357
-0.568778862606911684 0.796416293781385232 0.329427396042108855
-0.549962836450291981 0.807005085403979416 0.328690426682987813
-0.530585642893072196 0.817197872418270133 0.327954038393121539
-0.510620660437657081 0.826969665957008493 0.327218235615397535
-0.490039707077605247 0.836291377899748278 0.326483022789170574
-0.468813053939262869 0.845129314068639781 0.325748404350236054
-0.446909479326473624 0.853444585524269383 0.325014384730803463
-0.424296376570063583 0.861192428623423156 0.324280968359469235
-0.400939932780534192 0.868321423747732357 0.323548159661190049
-0.376805400075220065 0.874772602195573512 0.322815963057256461
-0.351857486670669017 0.880478430730694428 0.322084382965266092
-0.326060902191891266 0.885361664187152897 0.321353423799096927
-0.299381100271350842 0.889334058522303961 0.320623089968880448
-0.271785271989959332 0.892294940625246946 0.319893385880975489
-0.243243656390133955 0.894129637659195287 0.319164315937941478
-0.213731248988696831 0.894707779038028894 0.318435884538511682
-0.183230006196980932 0.893881499779775712 0.317708096077566726
-0.151731661979543242 0.891483597003334793 0.316980954946108506
-0.119241292192753312 0.887325724344278699 0.316254465531233042
-0.085781779270656777 0.881196755353924388 0.315528632216104443
-0.051399341803394949 0.872861510200141022 0.314803459379928152
-0.016170293582343176 0.862060124332444944 0.314078951397925132
0.019790824800018092 0.848508446734972832 0.313355112641304667
0.056321656241128615 0.831899990790740063 0.312631947477238548
0.093201007561997229 0.811910120038204841 0.311909460268834315
0.130136625897821490 0.788203323523441246 0.311187655375109562
0.166752310757680933 0.760444596120590899 0.310466537150965005
0.202575367688310609 0.728316040819694699 0.309746109947158288
0.237026056980436606 0.691539773793394597 0.309026378110278277
0.269411526279575653 0.649907919975755144 0.308307345982718140
0.293296056333442245 0.613034060920271462 0.307589017902649531
0.319871832241423015 0.562507801417454489 0.306871398203996282
0.341907581599435073 0.507253300425197784 0.306154491216408586
0.358424173571162685 0.447703030504585042 0.305438301265236245
0.368497523200825905 0.384549977920485786 0.304722832671503130
0.371367520003718254 0.318750161317589709 0.304008089751880761
0.366579159213871797 0.251471998084320580 0.303294076818662772
0.354151134028722947 0.183948647061882298 0.302580798179738097
0.334746864563446933 0.117142086965789413 0.301868258138565604
0.315096892512594429 0.064249212496091362 0.301156460994148056
0.286620813528558727 -0.003040506025668716 0.300445411041005861
0.252329348972040401 -0.077828298514618893 0.299735112569151418
0.196843718938735202 -0.167745321694502958 0.299025569864063145
0.090918415563566238 -0.248708555712603863 0.298316787206659995
-0.037584567448472619 -0.270257514192651538 0.297608768873274754
-0.138205682572862837 -0.252572206597126758 0.296901519135629122
-0.200352634658370859 -0.232808677858155982 0.296195042260807340
-0.266130573033228734 -0.207627177683578801 0.295489342511231157
-0.324304321162913967 -0.181356579050733879 0.294784424144633184
-0.376839084105292765 -0.152949549736841717 0.294080291414031747
-0.424184015148801330 -0.122071343847026031 0.293376948567705464
-0.466408629696718702 -0.088917999436616380 0.292674399849167044
-0.496535748573313507 -0.061060464201679598 0.291972649497137970
-0.529734931669596509 -0.025025860379701170 0.291271701745522582
-0.558175840308194227 0.011850358223943702 0.290571560823383868
-0.582136719756341403 0.049074224565747449 0.289872230954915933
-0.601942007165635062 0.086223915821270813 0.289173716359419908
-0.615027267274700473 0.115656662118218651 0.288476021251277581
-0.628230782502461671 0.151856737253606905 0.287779149839927695
-0.638252446917550786 0.187202316129200769 0.287083106329838189
-0.645420781405054544 0.221536627894716953 0.286387894920482278
-0.649307606379500135 0.248201978538079349 0.285693519806313190
-0.652094281123515085 0.280470581159402155 0.284999985176738024
-0.652819728309007807 0.311519246186994669 0.284307295216093381
-0.651716883250241352 0.341330375264885300 0.283615454103619102
-0.649658501262761701 0.364288905419360931 0.282924466013434350
-0.645771586374009332 0.391886640389536689 0.282234335114511015
-0.640578625583224093 0.418285140939548383 0.281545065570649733
-0.634225251103344601 0.443516760839319346 0.280856661540454244
-0.628393166602530195 0.462886953168424875 0.280169127177306077
-0.620260768487427727 0.486114676915326505 0.279482466629339732
-0.611284305079862200 0.508287030499472214 0.278796684039418097
-0.603553505510683541 0.525293504253271482 0.278111783545106850
-0.593266153679579356 0.545672619227888234 0.277427769278649428
-0.582346528596385471 0.565113365609075213 0.276744645366942488
-0.573193777704291918 0.580016959193832005 0.276062415931510929
-0.561272599702229869 0.597866950710399858 0.275381085088483135
-0.548856891243483247 0.614884175833989577 0.274700656948565658
-0.538592388045611381 0.627920937963373893 0.274021135617018741
-0.525372263591307842 0.643521837446364486 0.273342525193631669
-0.511742917510661810 0.658377283728061258 0.272664829772698014
-0.500558870612415219 0.669742620465014205 0.271988053442990652
-0.486242241220306348 0.683320487014601685 0.271312200287737060
-0.471563895565648650 0.696219435511478135 0.270637274384595228
-0.459567449795375116 0.706062312079459797 0.269963279805628786
-0.444260406965175769 0.717783974640384681 0.269290220617281972
-0.431768146596848035 0.726704113040977595 0.268618100880355593
-0.415845877923773033 0.737291822552916143 0.267946924649982543
-0.399581743604384643 0.747261923940191197 0.267276695975603384
-0.386322231736002886 0.754796730717864683 0.266607418900941251
-0.369433183191848535 0.763665303176710220 0.265939097463978480
-0.355665733924578675 0.770319524728509286 0.265271735696931188
-0.338128581570026454 0.778082849198691417 0.264605337626225900
-0.323829872944330632 0.783845074323896607 0.263939907272474572
-0.305609840128453047 0.790477638916326497 0.263275448650450827
-0.290747802130006283 0.795317838952486866 0.262611965769065092
-0.271799845007232921 0.800769097192405965 0.261949462631341390
-0.252424731771378752 0.805531593801577572 0.261287943234391862
-0.236605114234206826 0.808825450984952177 0.260627411569394229
-0.216415409154104066 0.812267174253948343 0.259967871621566038
-0.199919375420321177 0.814453461351341224 0.259309327370142229
-0.178852412778105818 0.816435606217056797 0.258651782788349882
-0.161629047500732759 0.817384680807991315 0.257995241843384959
-0.139621639798678865 0.817719146884080539 0.257339708496387765
-0.121622127518831391 0.817257319486322409 0.256685186702419799
-0.098617795346664094 0.815694359172572492 0.256031680410439610
-0.079802847016968270 0.813592684025672641 0.255379193563278428
-0.060617949969116347 0.810671135819380329 0.254727730097616900
-0.036115851405141786 0.805765210035043422 0.254077293943961557
-0.016102047763735472 0.800746167840470591 0.253427889026620723
0.009414157676283952 0.792965640375090652 0.252779519263680752
0.030204567738713828 0.785419476914858583 0.252132188566982385
0.056618046109499998 0.774158545798504738 0.251485900842097765
0.078038421326006191 0.763541004503675014 0.250840659988306292
0.099653553774836479 0.751349867806868410 0.250196469898570972
0.126825153454451223 0.733675669488828452 0.249553334459515330
0.148556202826990558 0.717395160072740401 0.248911257551399867
0.175483542789757252 0.694089442728454742 0.248270243048098749
0.196615156643036554 0.672863406047990775 0.247630294817075935
0.217133238678819201 0.649146020304606886 0.246991416719362256
0.241474682277582592 0.615726613216251550 0.246353612609532258
0.259465380906428511 0.585777352816588381 0.245716886335680784
0.279377146163495627 0.544117660384588309 0.245081241739399380
0.292598357106589435 0.507330582747262393 0.244446682655753811
0.302742416227420597 0.467489650933431922 0.243813212913260191
0.310021409068411191 0.413622194911911600 0.243180836333862671
0.310587792964276521 0.367660208138436251 0.242549556732909621
0.305619021583204808 0.319717783091158614 0.241919377919131262
0.294346500202627093 0.270568110736440492 0.241290303694616182
0.270388580565432357 0.209027589591756574 0.240662337854788411
0.242782731288969322 0.161316445296359273 0.240035484188385162
0.207537012506415097 0.116628344713245069 0.239409746477433349
0.153229439870166656 0.067574695285506386 0.238785128497226773
0.102581071034244409 0.035793175164973691 0.238161634016303414
0.046959021631209671 0.012219426379821107 0.237539266796423398
-0.011889748938220911 -0.002071212661644957 0.236918030592545070
-0.086908899523715222 -0.006043306330944617 0.236297929152803232
-0.145533940270477252 0.001838604785233885 0.235678966218485830
-0.200791425610578500 0.018882507084342734 0.235061145524012804
-0.251018455042206157 0.043996283042537790 0.234444470796911636
-0.304834934552923764 0.084592288536091242 0.233828945757796114
-0.339754149676997075 0.122536017771568820 0.233214574120343354
-0.367051535728104228 0.163655444719646354 0.232601359591271956
-0.386719860091717216 0.206509832317981923 0.231989305870319185
-0.398998127352256038 0.249828903491607940 0.231378416650218466
-0.404573546977308574 0.303010203095224528 0.230768695616677788
-0.401816353011529681 0.343727952537461079 0.230160146448356639
-0.393200061793111233 0.382071621622426194 0.229552772816844636
-0.379213189954404062 0.417480666409609236 0.228946578386638622
-0.360293118320185068 0.449473973907117186 0.228341566815121244
-0.336813140064019634 0.477604320974741592 0.227737741752538220
-0.309080660758437265 0.501410269608985271 0.227135106841976964
-0.268813309729987515 0.524272055972216489 0.226533665719343968
-0.232381335947367318 0.536224558725751477 0.225933422013343488
-0.192453281015613320 0.541582523430543250 0.225334379345455083
-0.149368912965846534 0.539154593437856766 0.224736541329912165
-0.103710951876077678 0.527370509128632592 0.224139911573680239
-0.056537203912410683 0.504199966599361504 0.223544493676434614
-0.009758184344624332 0.467126825275636481 0.222950291230539055
0.033282013680721950 0.413293145274591711 0.222357307821024419
0.067011977214691737 0.340051036413746399 0.221765547025566445
0.082826616207945597 0.246325969827135727 0.221175012414464467
0.069014508513479386 0.135219342035991674 0.220585707550619681
0.013026083479529244 0.017570612546254492 0.219997635989513968
-0.092242170201281171 -0.086012570087992624 0.219410801279188383
-0.239843559975940063 -0.149578169690976565 0.218825206960221313
-0.405914519017746001 -0.154386954132621074 0.218240856565707519
-0.559534547035352325 -0.100458108076574432 0.217657753621236849
-0.678252820650702803 -0.005116072951231676 0.217075901644872893
-0.755149812117948516 0.109004494995774803 0.216495304147131529
-0.794936115811134991 0.224156825337670673 0.215915964630959911
-0.806813270177282993 0.330369532412931544 0.215337886591715516
-0.799738310769563809 0.423752288427381996 0.214761073517145018
-0.780662310695568351 0.503903941951812429 0.214185528887362697
-0.754417307444663066 0.572005117338744484 0.213611256174830066
-0.724164718893595571 0.629746820316042122 0.213038258844334860
-0.691897425345816330 0.678825065215416856 0.212466540352969940
-0.658837441127800627 0.720743364261689168 0.211896104150112174
-0.625713541480611535 0.756761904874834523 0.211326953677402479
-0.592944152706050387 0.787908476318165629 0.210759092368723977
-0.568740227422794176 0.808575520337524556 0.210192523650182150
-0.537059482532436294 0.833087301572251526 0.209627250940083665
-0.506094405355448917 0.854626950538600383 0.209063277648916135
-0.475843527869966920 0.873644746666702110 0.208500607179326947
-0.446276225688351402 0.890503033862136251 0.207939242926103607
-0.417345512187592860 0.905494550867336212 0.207379188276152232
-0.388995988826090655 0.918856777903128696 0.206820446608478120
-0.368079851691094140 0.927926966224189020 0.206263021294164489
-0.340605241226571709 0.938881734141281177 0.205706915696352854
-0.313549560908885860 0.948658026005126720 0.205152133170222351
-0.286856106832967805 0.957367310504720237 0.204598677062969414
-0.260470752360017876 0.965100938449684032 0.204046550713787689
-0.240852963542786569 0.970306366490298000 0.203495757453848236
-0.214885106719218122 0.976503883596551159 0.202946300606278940
-0.189091220062159115 0.981899002298659229 0.202398183486144662
-0.163427762550220346 0.986533090249939404 0.201851409400427062
-0.144241025690988456 0.989529016911614323 0.201305981648004950
-0.118708684060124858 0.992904488075392333 0.200761903519634410
-0.093199770330367637 0.995589710091897784 0.200219178297928596
-0.074062460646393102 0.997158651786190564 0.199677809257337857
-0.048512030095183734 0.998663572348943984 0.199137799664130727
-0.022893999134741494 0.999500229685631236 0.198599152776373439
0.002821337936339929 0.999666765736980878 0.198061871843910497
0.022188633584631912 0.999348104591930575 0.197525960108345194
0.048140801777948439 0.998323319015114397 0.196991420803020012
0.074263626162805130 0.996599425148463558 0.196458257152997223
0.093982092477268908 0.994836557837554980 0.195926472375038851
0.120459826748867738 0.991841330538953514 0.195396069677588241
0.140469471875517171 0.989096897409400544 0.194867052260749796
0.167366535274544370 0.984749315691036964 0.194339423316269994
0.194528744457513392 0.979583360911930212 0.193813186027518514
0.215084302441449715 0.975148562272244779 0.193288343569468529
0.242748653249697965 0.968453680363005720 0.192764899108677640
0.263696615415497548 0.962820043774420209 0.192242855803268775
0.291902129971528534 0.954449810463707249 0.191722216802911405
0.320429479139465290 0.945045170718337046 0.191202985248802360
0.342039724282502289 0.937274857501303238 0.190685164273646623
0.371141999673915701 0.925903064205926607 0.190168757001638655
0.393185019339086006 0.916574398441172389 0.189653766548444014
0.422861062159185952 0.903003809193438700 0.189140196021179541
0.445327825894387186 0.891927642851904512 0.188628048518395514
0.475553218029054703 0.875883566382300138 0.188117327130056300
0.498414940309022891 0.862835456505782972 0.187608034937522289
0.529135297485470946 0.843991364508953623 0.187100175013531100
0.552337551420081563 0.828703753435557910 0.186593750422178684
0.583459275284097356 0.806668760212771896 0.186088764218901248
0.606913772107669169 0.788819594679559644 0.185585219450456806
0.630438548219358519 0.769757045409014906 0.185083119154906633
0.661863548878386165 0.742315097639294152 0.184582466361596864
0.685430748373760390 0.720099739843388265 0.184083264091140619
0.716770544720312541 0.688109795806177038 0.183585515355399187
0.740145824441006406 0.662191407163188361 0.183089223157464454
0.763340569794534574 0.634476143233995704 0.182594390491640279
0.793852520909944070 0.594460598350813552 0.182101020343424957
0.816302201993206134 0.561916842012638140 0.181609115689492451
0.845424631855386632 0.514728575956589163 0.181118679497675406
0.866452385718271767 0.476134304825561405 0.180629714726946222
0.886549197604081574 0.434414079587187307 0.180142224327400208
0.911388652316464265 0.373153611341785207 0.179656211240236729
0.928007265511685553 0.322225632627160696 0.179171678397742395
0.942207769165759101 0.266157521886012438 0.178688628723273041
0.955615003518655470 0.181506563008696276 0.178207065131235742
0.959302333788881745 0.108620705546309204 0.177726990527071554
0.954139540934081043 0.025348874487200357 0.177248407807238162
0.934357583070464459 -0.070990892403512251 0.176771319859192089
0.864697414012737586 -0.223565150985241767 0.176295729561371350
0.747877089543447782 -0.350314819024876378 0.175821639783178052
0.527351492332060023 -0.445831979249736332 0.175349053384961262
0.196742564119542829 -0.372754889632252728 0.174877973217999694
0.023885777376843303 0.139609255750355932 0.174408402124484219
0.272199271750894201 0.402072268496340035 0.173940342937500991
0.530324296326574518 0.423448738052449536 0.173473798481014518
0.698450337164528645 0.346402475509734575 0.173008771569850284
0.797741464031583192 0.245956242760027199 0.172545265009677762
0.854523179265532340 0.144908592658095081 0.172083281596993737
0.890331384096210598 0.017833423228085510 0.171622824119105372
0.897504490456824122 -0.071245390945720466 0.171163895354113277
0.892359769024667737 -0.155602242398364066 0.170706498070894802
0.877031663950747387 -0.235766372905255039 0.170250635029087161
0.852685265471544329 -0.312039998078194158 0.169796308979071303
0.819914502633596776 -0.384469969340091700 0.169343522661954737
0.778960471796412812 -0.452848110222507594 0.168892278809555235
0.729837590249968304 -0.516705288348675684 0.168442580144384513
0.672413842342443613 -0.575286176023938500 0.167994429379631272
0.582559959098680746 -0.643236289121146720 0.167547829219145628
0.504918387545544189 -0.684494985863105976 0.167102782357422014
0.418395115612191115 -0.714931707487802326 0.166659291479583554
0.323292429138967163 -0.731418594382639231 0.166217359261365216
0.220721906832971049 -0.729768324454743267 0.165776988369098488
0.113399559090869573 -0.704552892253182295 0.165338181459694394
0.007009923903302184 -0.649263039695194610 0.164900941180628258
-0.087755665719089493 -0.557500321676638544 0.164465270169923072
-0.153079212151728955 -0.426495991739328950 0.164031171056134129
-0.164438437985811731 -0.264211873565528443 0.163598646458332858
-0.098970925347567143 -0.097861958226731202 0.163167698986090987
-0.009985634103814343 -0.007045401096936191 0.162738331239465017
0.171498302972554806 0.064867264264262259 0.162310545808980133
0.363881940886183197 0.042217189821877998 0.161884345275615377
0.517789937479784523 -0.058355537624414061 0.161459732210787160
0.610679167047769367 -0.199463745558717431 0.161036709176334170
0.645520096961728962 -0.347951237636061395 0.160615278724501848
0.636463707089910513 -0.484587172823374157 0.160195443397927406
0.598253590843594085 -0.601717307816339253 0.159777205729623673
0.542305962350767778 -0.698196249198328234 0.159360568242964351
0.499132167382068448 -0.751825275149202277 0.158945533451668869
0.429556463959892887 -0.818102344233268219 0.158532103859786916
0.357341838652196098 -0.869713445257423334 0.158120281961683429
0.284776496276385183 -0.909055580123244944 0.157710070242023437
0.213262960208228547 -0.938172035992650977 0.157301471175757601
0.166606655670590353 -0.952751130526286349 0.156894487228106394
0.098555065868709379 -0.968434171717590608 0.156489120854546221
0.033113714631041347 -0.977757193990406615 0.156085374500793544
-0.029533184659835177 -0.981720972759060784 0.155683250602791229
-0.089304842311286714 -0.981154122880739887 0.155282751586692802
-0.127546423570091660 -0.978605434435213972 0.154883879868848662
-0.182517457806350814 -0.971968918610360166 0.154486637855791142
-0.234665648957343098 -0.962412288226653811 0.154091027944219749
-0.267897654756163339 -0.954640583209671711 0.153697052520987060
-0.315507689843177341 -0.941170542967556756 0.153304713963084344
-0.360514692068888920 -0.925827350924932402 0.152914014637626994
-0.389121674121240657 -0.914706462659214292 0.152524956901840314
-0.430010882581510767 -0.896882590873900543 0.152137543103045308
-0.468566408391804912 -0.877894358777072004 0.151751775578644582
-0.493024826465923827 -0.864691135996636939 0.151367656656108324
-0.527921030477871756 -0.844205485313469950 0.150985188652959929
-0.560758174814081634 -0.823047012548720258 0.150604373876762149
-0.581555228886686315 -0.808639255919288646 0.150225214625103520
-0.611181914349690159 -0.786669644269305190 0.149847713185584097
-0.629928494107668380 -0.771834276431733524 0.149471871835801767
-0.656610615036155143 -0.749374025634198415 0.149097692843338375
-0.673479323471659952 -0.734302151586625040 0.148725178465746399
-0.697468323906077381 -0.711607684031408283 0.148354330950535129
-0.719955626469250820 -0.688873702680913524 0.147985152535156927
-0.734153204051157804 -0.673727669255525186 0.147617645446993906
-0.754316713183933008 -0.651065594649015367 0.147251811903344576
-0.767036422936403395 -0.636017276305701040 0.146887654111410415
-0.785085781527745885 -0.613567384135394800 0.146525174268282266
-0.796461984558476610 -0.598699479537790125 0.146164374560927651
-0.807336023255655788 -0.583922610824522570 0.145805257166176955
-0.822747214087266365 -0.561947835911055016 0.145447824250710761
-0.832448164464621554 -0.547436690493186773 0.145092077971046479
-0.846183687374969518 -0.525895399120633433 0.144738020473525603
-0.854821236720191946 -0.511693544309413162 0.144385653894300470
-0.867038453434870959 -0.490642044274886002 0.144034980359321579
-0.874712864079195684 -0.476781530220529215 0.143686001984324796
-0.882028093653538958 -0.463064357137192850 0.143338720874818359
-0.892358138841035098 -0.442763975683827138 0.142993139126070229
-0.898835894958259884 -0.429417610403011518 0.142649258823095815
-0.905001513845848371 -0.416223368698602048 0.142307082040644906
-0.913691518331930519 -0.396720573777130714 0.141966610843189456
-0.919129699400881184 -0.383912737197074971 0.141627847284910818
-0.924296870795905612 -0.371261021394942659 0.141290793409687837
-0.931562900021267515 -0.352577073103503336 0.140955451251084163
-0.936098701927848165 -0.340317031717019769 0.140621822832335985
-0.940399357196006536 -0.328213559886400774 0.140289910166339848
-0.944474232273375680 -0.316266272119986647 0.139959715255640799
-0.950182798822834851 -0.298636871216252542 0.139631240092419895
-0.953731832515638089 -0.287077130696728633 0.139304486658482385
-0.957085072522349201 -0.275670811104778202 0.138979456925245687
-0.960250340135634928 -0.264416781611519713 0.138656152853727538
-0.964662143845607778 -0.247818496695221546 0.138334576394534364
-0.967389696567743207 -0.236939436265132031 0.138014729487848986
-0.969954289845476714 -0.226207776526439364 0.137696614063419348
-0.972362441250482767 -0.215621896424255000 0.137380232040546862
-0.974620408042724762 -0.205180091212144533 0.137065585328074641
-0.976734197074760613 -0.194880579727576941 0.136752675824376058
-0.979647096823523578 -0.179694046160824294 0.136441505417343317
-0.981425163275677970 -0.169742030948810185 0.136132075984376016
-0.983078238567819618 -0.159925559564613462 0.135824389392369904
-0.984611315724007286 -0.150242575395750422 0.135518447497705474
-0.986029185517447337 -0.140690971190062242 0.135214252146237057
-0.987336444108799616 -0.131268591199701190 0.134911805173281107
-0.988537500351088561 -0.121973232512890939 0.134611108403605934
-0.989636582761336037 -0.112802645511554556 0.134312163651419847
-0.990637746150947351 -0.103754533418416117 0.134014972720361059
-0.991544877921164636 -0.094826550843988666 0.133719537403486022
-0.992361704014447232 -0.086016301221139235 0.133425859483258913
-0.993091794511452797 -0.077321333021542593 0.133133940731541361
-0.993738568864663496 -0.068739134535059920 0.132843782909580932
-0.994305300747565513 -0.060267127091362838 0.132555387768000910
-0.994795122500867102 -0.051902656302269146 0.132268757046789781
-0.995211029130444902 -0.043642981159963734 0.131983892475290826
-0.995555881828614542 -0.035485260386374784 0.131700795772191348
-0.995832410946396962 -0.027426535589237078 0.131419468645512461
-0.996043218344107473 -0.019463710430893288 0.131139912792598762
-0.996190779016303374 -0.011593524941033662 0.130862129900108481
-0.996277441847894574 -0.003812523703135895 0.130586121644002573
-0.996305429316778124 0.003882983596274314 0.130311889689535138
-0.996298079387350155 0.007699906339902640 0.130039435691243210
-0.996241940098095080 0.015274730027960925 0.129768761292936907
-0.996132113908223316 0.022774667926780456 0.129499868127689266
-0.995970356196231421 0.030204711747321145 0.129232757817826449
-0.995758272136122002 0.037570436117379702 0.128967431974918306
-0.995497302516471505 0.044878143863051723 0.128703892199768077
-0.995348886134551303 0.048512455757405037 0.128442140082403289
-0.995016878707550179 0.055747030530114983 0.128182177202065650
-0.994638715775518878 0.062943931822863841 0.127924005127202034
-0.994215041985984205 0.070113966423689944 0.127667625415454483
-0.993986247644956911 0.073692882247161806 0.127413039613651358
-0.993494732406504877 0.080847995521617977 0.127160249257797620
-0.992957573830735907 0.088014811714814511 0.126909255873065646
-0.992373662193024808 0.095216002093615970 0.126660060973786071
-0.992063574370691592 0.098838315360868456 0.126412666063438650
-0.991405236489062647 0.106148806237731430 0.126167072634643274
-0.990692153374726492 0.113585939191858609 0.125923282169150691
-0.990313032591624953 0.117370491659430365 0.125681296137833798
-0.989503491051541340 0.125121522001062857 0.125441116000678810
-0.988613059352540624 0.133207914591701448 0.125202743206776296
-0.988130681794924359 0.137424175956255334 0.124966179194312452
-0.987069763320208238 0.146342735710421334 0.124731425390560466
-0.986477754619401459 0.151125737382276415 0.124498483211871971
-0.985115448242624980 0.161645825329058079 0.124267354063668414
-0.983374466977112172 0.174147306598547325 0.124038039340432532
-0.982262836107950843 0.181594311132913522 0.123810540425700069
-0.979085083443397286 0.200759369446784852 0.123584858692051325
-0.976564112361977821 0.214042429190608952 0.123360995501102993
-0.965799778924887331 0.258493135423192244 0.123138952203499741
-0.950689441959456816 0.303438676897258397 0.122918730138906251
-0.500512910724040361 0.623632370082341292 0.122700330635999083
-0.723425445795062405 -0.313802295777373508 0.122483755012458659
-0.972292060463888275 0.022860944039457709 0.122269004574961190
-0.978942096200936085 0.064778862767826906 0.122056080619171087
-0.981816041720164012 0.106985877273437224 0.121844984429732739
-0.981911976063937209 0.119685921552255714 0.121635717280263234
-0.981727942891669203 0.129700215970028343 0.121428280433344166
-0.980996362212865680 0.144997341114973033 0.121222675140514505
-0.980546843110293054 0.151162583276419571 0.121018902642262602
-0.979577479742369528 0.161685341254449944 0.120816964168019139
-0.979073748370438257 0.166302406440421269 0.120616860936149317
-0.978562885321083709 0.170603828936463420 0.120418594153945749
-0.977527732148959716 0.178478194996776196 0.120222165017621091
-0.977005669621997308 0.182129411187717916 0.120027574712300855
-0.976481442428171365 0.185628181083634158 0.119834824412016289
-0.975427715520491345 0.192249732881543900 0.119643915279697144
-0.974898549925469871 0.195403825701773892 0.119454848467164781
-0.974367963917136870 0.198469750914459286 0.119267625115125314
-0.973835996193753051 0.201457158905586853 0.119082246353162544
-0.972767973254930807 0.207227567815526814 0.118898713299731174
-0.972231920513594527 0.210023253149022093 0.118717027062150135
-0.971694500130028116 0.212766208343192653 0.118537188736595883
-0.971155704840408585 0.215460752023774127 0.118359199408095833
-0.970073962676817003 0.220719122457179728 0.118183060150521657
-0.969531005893326969 0.223289090927010880 0.118008772026582914
-0.968986655233819327 0.225823068122620818 0.117836336087820667
-0.968440910814208467 0.228323294236465912 0.117665753374601195
-0.967893774926117612 0.230791761512286309 0.117497024916109374
-0.967345251968659836 0.233230248951261099 0.117330151730342946
-0.966244072331876702 0.238023503492937549 0.117165134824105996
-0.965691433921515463 0.240381001126484528 0.117001975193003135
-0.965137444683225709 0.242714018038520551 0.116840673821433358
-0.964582117603750011 0.245023621148652782 0.116681231682584041
-0.964025466943945419 0.247310783206774631 0.116523649738425272
-0.963467508103371673 0.249576393726019197 0.116367928939703880
-0.962908257479732965 0.251821268460032166 0.116214070225937813
-0.962347732357075714 0.254046157540690820 0.116062074525410328
-0.961785950790890465 0.256251752578847136 0.115911942755164490
-0.961222931500526512 0.258438692866575337 0.115763675820997711
-0.960658693778871253 0.260607570763762175 0.115617274617456051
-0.960093257401762767 0.262758936451627234 0.115472740027829104
-0.959526642552737674 0.264893302083494819 0.115330072924144461
-0.958958869749687026 0.267011145467851818 0.115189274167162514
-0.958389959779029077 0.269112913316109370 0.115050344606371285
-0.957819933639255106 0.271199024109678277 0.114913285079981331
-0.957248812487417000 0.273269870660852232 0.114778096414920497
-0.956676617589004907 0.275325822393412412 0.114644779426829185
-0.956103370277409326 0.277367227367626534 0.114513334920055415
-0.955529091914796291 0.279394414095142762 0.114383763687649603
-0.954953803856428474 0.281407693172526951 0.114256066511360263
-0.954953803856428474 0.281407693172526951 0.114130244161628980
-0.954377527419058902 0.283407358741679827 0.114006297397585929
-0.953800283855194331 0.285393689801723083 0.113884226967045130
-0.953222094327480951 0.287366951392381387 0.113764033606500142
-0.952642979880245822 0.289327395689500333 0.113645718041119337
-0.952642979880245822 0.289327395689500333 0.113529280984741868
-0.952062961432394550 0.291275262933133661 0.113414723139873122
-0.951482059746539988 0.293210782345260657 0.113302045197680529
-0.950900295419959019 0.295134172908877723 0.113191247837989437
-0.950317688870847110 0.297045644092321259 0.113082331729278909
-0.950317688870847110 0.297045644092321259 0.112975297528677909
-0.949734260323605417 0.298945396518752959 0.112870145881961009
-0.949150029797206862 0.300833622570687909 0.112766877423544909
-0.949150029797206862 0.300833622570687909 0.112665492776484119
-0.948565017100011509 0.302710506931359591 0.112565992552467672
-0.947979241815787632 0.304576227100145036 0.112468377351815099
-0.947979241815787632 0.304576227100145036 0.112372647763472971
-0.947392723301289097 0.306430953845311715 0.112278804365011281
-0.946805480675718458 0.308274851640240766 0.112186847722619942
-0.946805480675718458 0.308274851640240766 0.112096778391105545
-0.946217532818411478 0.310108079042113738 0.112008596913887773
-0.946217532818411478 0.310108079042113738 0.111922303822996186
-0.945628898362318226 0.311930789061826530 0.111837899639067123
-0.945039595690028156 0.313743129487421168 0.111755384871340541
-0.945039595690028156 0.313743129487421168 0.111674760017656721
-0.944449642930245359 0.315545243194886582 0.111596025564453569
-0.944449642930245359 0.315545243194886582 0.111519181986763555
-0.943859057956845993 0.317337268427406005 0.111444229748210735
-0.943859057956845993 0.317337268427406005 0.111371169301008127
-0.943267858380370861 0.319119339065744967 0.111300001085954892
-0.943267858380370861 0.319119339065744967 0.111230725532433697
-0.942676061554175493 0.320891584858670309 0.111163343058408165
-0.942676061554175493 0.320891584858670309 0.111097854070420235
-0.942083684568256863 0.322654131651335996 0.111034258963587817
-0.942083684568256863 0.322654131651335996 0.110972558121602394
-0.942083684568256863 0.322654131651335996 0.110912751916726629
-0.941490744245411126 0.324407101605053538 0.110854840709792277
-0.941490744245411126 0.324407101605053538 0.110798824850197819
-0.940897257145489219 0.326150613378538956 0.110744704675906469
-0.940897257145489219 0.326150613378538956 0.110692480513444172
-0.940897257145489219 0.326150613378538956 0.110642152677897440
-0.940303239562114146 0.327884782314415701 0.110593721472911730
-0.940303239562114146 0.327884782314415701 0.110547187190689372
-0.940303239562114146 0.327884782314415701 0.110502550111987896
-0.939708707517248332 0.329609720620943236 0.110459810506118417
-0.939708707517248332 0.329609720620943236 0.110418968630943887
-0.939708707517248332 0.329609720620943236 0.110380024732877557
-0.939708707517248332 0.329609720620943236 0.110342979046881562
-0.939113676771803574 0.331325537499359168 0.110307831796465444
-0.939113676771803574 0.331325537499359168 0.110274583193684828
-0.939113676771803574 0.331325537499359168 0.110243233439140137
-0.939113676771614059 0.331325537500203327 0.110213782721975392
-0.939113676771614059 0.331325537500203327 0.110186231219877029
-0.938518162810617840 0.333032339333901028 0.110160579099072869
-0.938518162810617840 0.333032339333901028 0.110136826514331099
-0.938518162810617840 0.333032339333901028 0.110114973608959388
-0.938518162810617840 0.333032339333901028 0.110095020514803896
-0.938518162810617840 0.333032339333901028 0.110076967352248589
-0.938518162810617840 0.333032339333901028 0.110060814230214563
-0.938518162810617840 0.333032339333901028 0.110046561246159164
-0.938518162810617840 0.333032339333901028 0.110034208486075674
-0.938518162810617840 0.333032339333901028 0.110023756024492547
-0.937922180856629373 0.334730229788298750 0.110015203924473198
-0.937922180856173515 0.334730229789704181 0.110008552237615381
-0.937922180856173515 0.334730229789704181 0.110003801004051049
-0.937922180856173515 0.334730229789704181 0.110000950252446050
-0.937922180856173515 0.334730229789704181 0.110000000000000001
