-0.676509721109879281 -0.645796045064693347 0.739999999999999991
-0.676509721109879281 -0.645796045064693347 0.739999049747553928
-0.676509721109879281 -0.645796045064693347 0.739996198995948928
-0.676509721109879281 -0.645796045064693347 0.739991447762384680
-0.676509721109879281 -0.645796045064693347 0.739984796075526807
-0.676509721109879281 -0.645796045064693347 0.739976243975507431
-0.676509721109879281 -0.645796045064693347 0.739965791513924276
-0.676509721109879281 -0.645796045064693347 0.739953438753840897
-0.676509721109879281 -0.645796045064693347 0.739939185769785457
-0.676509721109879281 -0.645796045064693347 0.739923032647751389
-0.676509721109879281 -0.645796045064693347 0.739904979485196068
-0.676509721109879281 -0.645796045064693347 0.739885026391040590
-0.676509721109879281 -0.645796045064693347 0.739863173485668879
-0.676509721109879281 -0.645796045064693347 0.739839420900927136
-0.676509721109879281 -0.645796045064693347 0.739813768780122949
-0.676509721109879281 -0.645796045064693347 0.739786217278024627
-0.676509721109879281 -0.645796045064693347 0.739756766560859869
-0.676509721109879281 -0.645796045064693347 0.739725416806315206
-0.676509721109879281 -0.645796045064693347 0.739692168203534561
-0.676509721109879281 -0.645796045064693347 0.739657020953118471
-0.676509721109879281 -0.645796045064693347 0.739619975267122420
-0.676509721109879281 -0.645796045064693347 0.739581031369056063
-0.676509721109879281 -0.645796045064693347 0.739540189493881561
-0.676509721109879281 -0.645796045064693347 0.739497449888012137
-0.676509721109879281 -0.645796045064693347 0.739452812809310633
-0.676509721109879281 -0.645796045064693347 0.739406278527088290
-0.676509721109879281 -0.645796045064693347 0.739357847322102524
-0.676509721109879281 -0.645796045064693347 0.739307519486555820
-0.676509721109879281 -0.645796045064693347 0.739255295324093509
-0.676509721109879281 -0.645796045064693347 0.739201175149802103
-0.676509721109879281 -0.645796045064693347 0.739145159290207743
-0.676509721109879281 -0.645796045064693347 0.739087248083273307
-0.676509721109879281 -0.645796045064693347 0.739027441878397529
-0.676509721109879281 -0.645796045064693347 0.738965741036412216
-0.676509721109879281 -0.645796045064693347 0.738902145929579812
-0.676509721109879281 -0.645796045064693347 0.738836656941591730
-0.676509721109879281 -0.645796045064693347 0.738769274467566239
-0.676509721109879281 -0.645796045064693347 0.738699998914045142
-0.676509721109879281 -0.645796045064693347 0.738628830698991878
-0.676509721109879281 -0.645796045064693347 0.738555770251789201
-0.676509721109879281 -0.645796045064693347 0.738480818013236395
-0.676509721109879281 -0.645796045064693347 0.738403974435546395
-0.676509721109879281 -0.645796045064693347 0.738325239982343340
-0.676509721109879281 -0.645796045064693347 0.738244615128659576
-0.676509721109879281 -0.645796045064693347 0.738162100360932882
-0.676509721109879281 -0.645796045064693347 0.738077696177003806
-0.676509721109879281 -0.645796045064693347 0.737991403086112219
-0.676509721109879281 -0.645796045064693347 0.737903221608894433
-0.676509721109879281 -0.645796045064693347 0.737813152277379980
-0.676509721109879281 -0.645796045064693347 0.737721195634988725
-0.676509721109879281 -0.645796045064693347 0.737627352236526979
-0.676509721109879281 -0.645796045064693347 0.737531622648184837
-0.676509721109879281 -0.645796045064693347 0.737434007447532291
-0.676509721109879281 -0.645796045064693347 0.737334507223515900
-0.676509721109879281 -0.645796045064693347 0.737233122576455124
-0.676509721109879281 -0.645796045064693347 0.737129854118038996
-0.676509721109879281 -0.645796045064693347 0.737024702471322124
-0.676509721109879281 -0.645796045064693347 0.736917668270721027
-0.676509721109879281 -0.645796045064693347 0.736808752162010583
-0.676509721109879281 -0.645796045064693347 0.736697954802319477
-0.676509721109879281 -0.645796045064693347 0.736585276860126870
-0.676509721109879281 -0.645796045064693347 0.736470719015258179
-0.676509721109879281 -0.645796045064693347 0.736354281958880641
-0.676509721109879281 -0.645796045064693347 0.736235966393499863
-0.676509721109879281 -0.645796045064693347 0.736115773032954834
-0.676509721109879281 -0.645796045064693347 0.735993702602414035
-0.676509721109879281 -0.645796045064693347 0.735869755838370998
-0.676509721109879281 -0.645796045064693347 0.735743933488639756
-0.676509721109879281 -0.645796045064693347 0.735616236312350402
-0.676509721109879281 -0.645796045064693347 0.735486665079944646
-0.676509721109879281 -0.645796045064693347 0.735355220573170709
-0.676509721109879281 -0.645796045064693347 0.735221903585079439
-0.676509721109879281 -0.645796045064693347 0.735086714920018758
-0.676509721109879281 -0.645796045064693347 0.734949655393628665
-0.676509721109879281 -0.645796045064693347 0.734810725832837464
-0.676509721109879281 -0.645796045064693347 0.734669927075855544
-0.676509721109879281 -0.645796045064693347 0.734527259972170943
-0.676509721109879281 -0.645796045064693347 0.734382725382543899
-0.676509721109879281 -0.645796045064693347 0.734236324179002309
-0.676509721109879281 -0.645796045064693347 0.734088057244835501
-0.676509721109879281 -0.645796045064693347 0.733937925474589692
-0.676509721109879281 -0.645796045064693347 0.733785929774062096
-0.676509721109879281 -0.645796045064693347 0.733632071060296154
-0.676509721109879281 -0.645796045064693347 0.733476350261574761
-0.676509721109879281 -0.645796045064693347 0.733318768317415937
-0.676509721109879281 -0.645796045064693347 0.733159326178566717
-0.676509721109879281 -0.645796045064693347 0.732998024806996828
-0.676509721109879281 -0.645796045064693347 0.732834865175894024
-0.676509721109879281 -0.645796045064693347 0.732669848269657087
-0.676509721109879281 -0.645796045064693347 0.732502975083890617
-0.676509721109879281 -0.645796045064693347 0.732334246625398921
-0.676509721109879281 -0.645796045064693347 0.732163663912179352
-0.676509721109879281 -0.645796045064693347 0.731991227973417091
-0.676509721109879281 -0.645796045064693347 0.731816939849478376
-0.676509721109879281 -0.645796045064693347 0.731640800591904172
-0.676509721109879281 -0.645796045064693347 0.731462811263404067
-0.676509721109879281 -0.645796045064693347 0.731282972937849940
-0.676509721109879281 -0.645796045064693347 0.731101286700268749
-0.676509721109879281 -0.645796045064693347 0.730917753646837420
-0.676509721109879281 -0.645796045064693347 0.730732374884874636
-0.676509721109879281 -0.645796045064693347 0.730545151532835280
-0.676509721109879281 -0.645796045064693347 0.730356084720302889
-0.676509721109879281 -0.645796045064693347 0.730165175587983772
-0.678200922454298971 -0.643979932810042066 0.729972425287699123
-0.679888527335357207 -0.642157030483788471 0.729777834982378915
-0.681572562308129237 -0.640327273915466400 0.729581405846054243
-0.684930024544560201 -0.636646939978618209 0.729383139063850661
-0.686603500715024184 -0.634796232881955969 0.729183035831980852
-0.688273504789997492 -0.632938412091935909 0.728981097357737307
-0.691603185218774064 -0.629201166982552018 0.728777324859485542
-0.693262903748294912 -0.627321610774124183 0.728571719566655895
-0.696572196561431101 -0.623540299348749771 0.728364282719736744
-0.698221807969049202 -0.621638410667365915 0.728155015570267294
-0.701511047274237187 -0.617811831778278364 0.727943919380828919
-0.703150707243921702 -0.615887006564859507 0.727730995425038829
-0.706420181688560689 -0.612013945183555896 0.727516244987541416
-0.708050023190781697 -0.610065572492186736 0.727299669364000922
-0.709676617501536877 -0.608109213696115924 0.727081269861093782
-0.712920109388163858 -0.604172261970466473 0.726861047796500293
-0.716150738690007005 -0.600202535830946182 0.726639004498896957
-0.717761251651220622 -0.598205208062736693 0.726415141307948709
-0.720972710510423109 -0.594185272288181521 0.726189459574299923
-0.722573668464943974 -0.592162523159639242 0.725961960659567529
-0.725766065437604135 -0.588091107597493723 0.725732645936331688
-0.727357511619448505 -0.586042298417479901 0.725501516788128020
-0.730530911250858228 -0.581918118257631622 0.725268574609439609
-0.733691660439417470 -0.577758040257491667 0.725033820805687568
-0.735267290610962188 -0.575664357623204448 0.724797256793223710
-0.738409054284429489 -0.571449338368656856 0.724558883999321224
-0.739975182358798111 -0.569327854031942304 0.724318703862166235
-0.743097911762603536 -0.565056563915630750 0.724076717830849370
-0.746207904575669101 -0.560747011316098276 0.723832927365356760
-0.747758109197393717 -0.558577697308324628 0.723587333936561383
-0.750848897561150697 -0.554209611381549339 0.723339939026213963
-0.753926800333683200 -0.549801732512752772 0.723090744126934415
-0.756991738946180770 -0.545353434259979064 0.722839750742202303
-0.758519319340307030 -0.543113929528548423 0.722586960386348620
-0.761564642251405521 -0.538603806491922299 0.722332374584545467
-0.764596761138752745 -0.534051653814641258 0.722075994872797944
-0.767615564112464677 -0.529456806457278328 0.721817822797934383
-0.769119934909695324 -0.527143160610615946 0.721557859917596800
-0.772118536506642084 -0.522482992718503847 0.721296107800231900
-0.775103508219687987 -0.517778401384392795 0.721032568025081755
-0.778074712734812990 -0.513028663437849919 0.720767242182173473
-0.781032007315755727 -0.508233034063551137 0.720500131872310767
-0.782505392523706655 -0.505817770739920070 0.720231238707063071
-0.785441545064998192 -0.500951853387842094 0.719960564308756767
-0.788363413544082903 -0.496038068621754480 0.719688110310464868
-0.791270844291495967 -0.491075571315745918 0.719413878355997460
-0.794163683190212244 -0.486063478886536060 0.719137870099891496
-0.797041777051064937 -0.481000866428202889 0.718860087207401133
-0.799904975103093108 -0.475886761213059450 0.718580531354487628
-0.802753130610497800 -0.470720136470708206 0.718299204227808685
-0.805586102611577592 -0.465499904374502005 0.718016107524709124
-0.808403757818243918 -0.460224908075488659 0.717731242953210224
-0.809806802569549511 -0.457566490770030809 0.717444612231999179
-0.812601254531924888 -0.452207005645392068 0.717156217090419101
-0.815380103905196330 -0.446789500142981133 0.716866059268458589
-0.818143261538918587 -0.441312496595128445 0.716574140516741065
-0.820890656624620796 -0.435774397075129438 0.716280462596514012
-0.823622239642881060 -0.430173467381170349 0.715985027279638975
-0.827689919349887893 -0.421650087209859470 0.715687836348580131
-0.830381924943246807 -0.415883428274644529 0.715388891596394072
-0.833058161667714403 -0.410046507036253782 0.715088194826718926
-0.835718719736432081 -0.404136707237649884 0.714785747853762921
-0.838363732137912265 -0.398151135791187161 0.714481552502294504
-0.840993379723868673 -0.392086583074646056 0.714175610607630129
-0.843607896754312692 -0.385939476737051979 0.713867924015623934
-0.846207576914518644 -0.379705827799363405 0.713558494582656633
-0.848792779833508426 -0.373381167509674761 0.713247324175623976
-0.851363938116039720 -0.366960473067558191 0.712934414671925309
-0.855195488298963413 -0.357136775286523989 0.712619767959453143
-0.857733975924514613 -0.350449547591932142 0.712303385936580713
-0.860260620786661212 -0.343642917429109407 0.711985270512151103
-0.862776283322866711 -0.336708009753564075 0.711665423605465697
-0.865281942547760918 -0.329634646761157390 0.711343847146272412
-0.867778703880621949 -0.322411107053758472 0.711020543074754374
-0.871509907783408311 -0.311263962920970694 0.710695513341517593
-0.873990138138531769 -0.303600716906573365 0.710368759907580083
-0.876466393056212656 -0.295729176329264987 0.710040284744359096
-0.878940360136579724 -0.287625830736106591 0.709710089833660129
-0.882650902561207706 -0.274973745309131878 0.709378177167664048
-0.885126921729475158 -0.266156722591068651 0.709044548748915870
-0.887606716864993928 -0.256983596348420495 0.708709206590312113
-0.891336061914573818 -0.242435556795406765 0.708372152715089243
-0.893829100614528027 -0.232109485471187843 0.708033389156810689
-0.896325874783534537 -0.221177176532424469 0.707692917959355072
-0.900066817531509078 -0.203379396782977506 0.707350741176904108
-0.902541520504906991 -0.190348677010919010 0.707006860873929721
-0.904974878086435064 -0.176133785520264929 0.706661279125181618
-0.908447482046816468 -0.151911343070198934 0.706313998015675182
-0.910517433146406874 -0.133181618940667934 0.705965019640678482
-0.912797509823623732 -0.099493906460989101 0.705614346105699508
-0.913196871698044754 -0.071696403436876777 0.705261979526474403
-0.911741123590529279 -0.037567859675969373 0.704907922028953582
-0.901541718478779064 0.032364893090954139 0.704552175749289300
-0.881668464435749089 0.099374110872385568 0.704194742833822995
-0.787735851684058908 0.251509956274289570 0.703835625439072410
-0.594461823207229623 0.375834282217477667 0.703474825731717712
-0.022505970772950700 0.095631132750411033 0.703112345888589618
-0.137116222452201730 -0.383488516914785360 0.702748188096655402
-0.513065986156717502 -0.503074821352358592 0.702382354553006127
-0.637990085113580130 -0.465267526125475173 0.702014847464843106
-0.733955147425082499 -0.403275822908316262 0.701645669049464793
-0.769754192110168267 -0.368764987756113105 0.701274821534253578
-0.803904572639819626 -0.325573284329856383 0.700902307156661686
-0.819324044797846707 -0.299413405824988321 0.700528128164198294
-0.834728293347699379 -0.222810330621663638 0.700152286814415881
-0.846034105764164823 -0.275016557304457843 0.699774785374896457
-0.852797628186009238 -0.252814399701441594 0.699395626123237801
-0.860413278530889558 -0.229588054358615207 0.699014811347040133
-0.864474634621301474 -0.216480109240705765 0.698632343343891682
-0.869485616642230896 -0.198715405164292369 0.698248224421355368
-0.873503921943280970 -0.182474197899480495 0.697862456896954697
-0.875746331227292063 -0.172257560276203203 0.697475043098159664
-0.878573893886143154 -0.157626871762203469 0.697085985362372984
-0.880859605049264527 -0.143642027646314396 0.696695286036915662
-0.882124531200240480 -0.134597180462016741 0.696302947479013001
-0.883680206970951510 -0.121350959898443744 0.695908972055780284
-0.884867796151071584 -0.108389977414424910 0.695513362144208891
-0.885473370847205676 -0.099854667054029456 0.695116120131151316
-0.886124923512862983 -0.087121735935707545 0.694717248413307176
-0.886494632199552157 -0.074324255576644460 0.694316749397208888
-0.886627194031223254 -0.061127906169071766 0.693914625499206461
-0.886640941672528493 -0.051633214756948320 0.693510879145453840
-0.887056288379676317 -0.031719254557424359 0.693105512771893584
-0.880997119037635668 -0.054761847389694862 0.692698528824242432
-0.882650769396152945 -0.026292558801020383 0.692289929757976541
-0.881546221430775434 -0.011511025898492122 0.691879718038316605
-0.880466232700882534 -0.002496967934581040 0.691467896140213090
-0.878447422124501109 0.010717786826262066 0.691054466548331137
-0.875956567600967295 0.023911811849327724 0.690639431757035682
-0.872959335468808995 0.037276738999379888 0.690222794270376361
-0.869395593140707024 0.050937013197871750 0.689804556602072627
-0.865182257318170223 0.064998545053501722 0.689384721275498102
-0.860209870584208725 0.079566724111437781 0.688963290823665919
-0.856404335804940908 0.089616027810275722 0.688540267789212845
-0.849827797826820053 0.105288755087335040 0.688115654724384629
-0.842004282317083685 0.121806722410054691 0.687689454191019900
-0.832632098796032283 0.139333176324930474 0.687261668760535072
-0.821301962847908795 0.158056869575137593 0.686832301013909019
-0.807448705449847259 0.178192296807018480 0.686401353541667092
-0.790276237934250947 0.199972323431670262 0.685968828943865794
-0.768638570708028102 0.223622207389749750 0.685534729830076905
-0.740847825508142988 0.249288956408359963 0.685099058819371831
-0.704361789519872605 0.276863232214083155 0.684661818540305611
-0.655283263561010410 0.305539055506476198 0.684223011630901601
-0.587624222284569009 0.332724220230324996 0.683782640738634817
-0.492578536496341701 0.351353831869755495 0.683340708520416507
-0.359619772279161254 0.343621025507957201 0.682897217642577936
-0.187401829016251076 0.269755542020970462 0.682452170780854406
-0.023573016966969874 0.069069045006966603 0.682005570620368706
-0.004793161429454615 -0.253285656136587489 0.681557419855615576
-0.202673030558794931 -0.517488246069188973 0.681107721190444715
-0.465819876691355272 -0.594601057614270734 0.680656477338045240
-0.710974214570833096 -0.526875061778197651 0.680203691020928702
-0.813162824251259186 -0.446654165261909208 0.679749364970912762
-0.873482047538282624 -0.371913604263681252 0.679293501929105314
-0.909795042784097063 -0.307676153532380203 0.678836104645886729
-0.932392980893063217 -0.253071236087630935 0.678377175880894634
-0.947102286827228301 -0.205743624708524697 0.677916718403006269
-0.957427317134806999 -0.162787133640341142 0.677454734990322271
-0.968831567743663080 -0.103934772844429424 0.676991228430149805
-0.980229995412195798 -0.035524901658755936 0.676526201518985459
-0.739938570123340744 0.495900312024545986 0.676059657062499042
-0.905349950466850406 -0.188821242200705230 0.675591597875515815
-0.937084089269563214 -0.115704401558074654 0.675122026782000395
-0.946303934256404133 -0.073065668038615972 0.674650946615038660
-0.948617626031573846 -0.051317283674856717 0.674178360216821981
-0.949520847339046625 -0.033410813702265563 0.673704270438628683
-0.949680263534963043 -0.017878638747164666 0.673228680140807945
-0.949231519260702594 0.000332277300046091 0.672751592192761816
-0.948587187489267070 0.012614026708647585 0.672273009472928451
-0.947769982864706817 0.023981465453874862 0.671792934868764235
-0.946829591346087796 0.034595969017866157 0.671311371276726909
-0.945439885400510271 0.047779152555640247 0.670828321602257471
-0.944323861732098813 0.057053408067190114 0.670343788759763304
-0.943161288251542773 0.065878045317851686 0.669857775672599853
-0.941556604906297778 0.077037450654005635 0.669370285273053756
-0.940321762971411457 0.085008546484895808 0.668881320502324628
-0.939066039911601536 0.092678268026545663 0.668390884310507527
-0.937365884521684345 0.102487477412131711 0.667898979656575076
-0.936075015496676266 0.109564507360307317 0.667405609508359698
-0.934336668008675542 0.118668325439996947 0.666910776842535635
-0.933021851293251214 0.125270892027948666 0.666414484644600846
-0.931698678974999139 0.131698176280877932 0.665916735908859470
-0.929922626091396198 0.140019322078860753 0.665417533638403169
-0.928582299934014976 0.146089715932480935 0.664916880845093483
-0.926784639565284007 0.153976888946192880 0.664414780549543171
-0.925428619491606597 0.159749681915971442 0.663911235781098785
-0.923610226100955001 0.167272844253005037 0.663406249577821461
-0.922238543404329869 0.172794681054140142 0.662899824986468933
-0.920398823366521568 0.180009444725046597 0.662391965062477772
-0.919010657460714975 0.185317765542333590 0.661882672869943733
-0.917148128310232291 0.192269171304350506 0.661371951481604547
-0.915742133848662099 0.197394559685608761 0.660859803978820493
-0.913854754600821662 0.204119693837918448 0.660346233451555964
-0.912429248403058724 0.209087524846593042 0.659831242998361267
-0.910514607834583045 0.215617378780739666 0.659314835726353410
-0.909067674569011830 0.220449003869516325 0.658797014751197674
-0.907123095957159786 0.226809825226989614 0.658277783197088628
-0.905652645314615423 0.231523441963778165 0.657757144196731369
-0.903675240524627998 0.237737735837925235 0.657235100891322421
-0.902179034450780737 0.242349038346318324 0.656711656430531421
-0.900165726121201271 0.248436322607843207 0.656186813972481464
-0.898130447799153742 0.254458846640622405 0.655660576683730012
-0.896588909238215548 0.258936381412092076 0.655132947739250349
-0.894512506139806929 0.264857880709148952 0.654603930322411820
-0.892938798405271128 0.269265127563992679 0.654073527624961182
-0.890817675021443822 0.275099806426195526 0.653541742847002838
-0.888669288202588614 0.280890692738397341 0.653008579196979855
-0.887039321677378423 0.285207498927455783 0.652474039891654756
-0.884840040893378199 0.290931117393371019 0.651938128156089536
-0.882609753438444278 0.296621322266294285 0.651400847223626678
-0.880915798048603538 0.300869128592657964 0.650862200335869279
-0.878627622551583665 0.306509074730206610 0.650322190742662065
-0.876304151192361713 0.312124769425362492 0.649780821702071409
-0.873943649582302307 0.317719327070514035 0.649238096480365567
-0.872147865128332866 0.321903199604438361 0.648694018351995028
-0.869718035090172981 0.327468020154709383 0.648148590599572971
-0.867245765091314347 0.333019897956372324 0.647601816513855399
-0.864728795477324508 0.338561744015623833 0.647053699393721038
-0.862810263937900834 0.342713297658297611 0.646504242546151686
-0.860209016090099254 0.348244621394599774 0.645953449286212344
-0.857555718402584821 0.353774034510437985 0.645401322937030675
-0.854847152127357734 0.359304640950779408 0.644847866829777683
-0.852777302956026828 0.363455333341674236 0.644293084303647068
-0.849963044704721615 0.368996009578310136 0.643736978705835461
-0.847082360410872703 0.374547444714579791 0.643179553391521885
-0.844130001642594441 0.380113751868877137 0.642620811723847774
-0.841099796778122077 0.385699592135957559 0.642060757073896426
-0.837984365749669946 0.391310380455404394 0.641499392820673031
-0.835586527677698809 0.395538680315887403 0.640936722351083898
-0.832299006931946139 0.401209539047692076 0.640372749059916258
-0.828895684195376292 0.406927029588823264 0.639807476349817827
-0.825359047107471655 0.412703403197115182 0.639240907631276056
-0.821665511244286773 0.418555130694444055 0.638673046322597582
-0.817782104238110374 0.424505242495366031 0.638103895849887803
-0.813660640855757844 0.430587410788216163 0.637533459647030010
-0.809226837477462158 0.436853509090364744 0.636961741155665062
-0.804358340566296293 0.443388687462096476 0.636388743825169967
-0.798835758094431192 0.450344425267289628 0.635814471112637336
-0.794015104563172924 0.456007246287958024 0.635238926482855071
-0.785955799683009881 0.464636482861201294 0.634662113408284490
-0.773746112420886201 0.475957064364953220 0.634084035369040122
-0.746654243020893116 0.496153318440099578 0.633504695852868616
-0.428549858825002128 0.567051197758758341 0.632924098355127196
-0.849259933951087120 0.418069463723289347 0.632342246378763129
-0.812288069141823499 0.455860245279926413 0.631759143434292514
-0.797618049963316755 0.470491759155788503 0.631174793039778748
-0.787980247461374406 0.480463278657235815 0.630589198720811650
-0.780171778420704953 0.488749576238357131 0.630002364010486038
-0.773150454047388469 0.496261439116295833 0.629414292449380408
-0.766466541889025521 0.503373369113001012 0.628824987585535511
-0.759885429186926586 0.510269836740452898 0.628234452974433477
-0.751590647370536158 0.518740912710236701 0.627642692178975614
-0.744782072750526103 0.525472988480537806 0.627049708769460978
-0.737736117592820984 0.532209905795766103 0.626455506323565503
-0.730382672429154889 0.538981900349466247 0.625860088426319683
-0.722651493561508929 0.545813346739216221 0.625263458670087813
-0.714467362619725321 0.552725055377152996 0.624665620654545006
-0.705745780043104842 0.559735527050676529 0.624066577986656545
-0.696388486369016180 0.566861511880635272 0.623466334280656009
-0.686278242184666376 0.574117981266942912 0.622864893158023070
-0.675272275647687437 0.581517449995506586 0.622262258247461841
-0.663193659950664927 0.589068405810899920 0.621658433184878789
-0.646241934957979769 0.598721355285518841 0.621053421613361412
-0.630838458940408131 0.606599150059702441 0.620447227183155481
-0.613374703278826816 0.614573678233730547 0.619839853551643394
-0.593324855935555284 0.622561136092896650 0.619231304383322301
-0.569979263997147378 0.630399301056151495 0.618621583349781567
-0.542363123785444046 0.637783371205346228 0.618010694129680793
-0.499711994124574344 0.645463091768551989 0.617398640408728050
-0.456621160729001385 0.648922443218968303 0.616785425879656679
-0.402381614913168928 0.647399247240569964 0.616171054242203975
-0.332905355422402294 0.635904580468454661 0.615555529203088425
-0.217511918191983594 0.590851144180548959 0.614938854475987173
-0.101937161713726993 0.501574510310525357 0.614321033781514036
0.006759457713669759 0.318923630765851063 0.613702070847196968
0.006387085864965216 0.018270620566626879 0.613081969407454963
-0.232178313943368880 -0.262379184062374482 0.612460733203576524
-0.654952799709631717 -0.275736080757406965 0.611838365983696564
-0.849174256451017406 -0.122278681157779123 0.611214871502773316
-0.927549436875033662 0.029994438581070815 0.610590253522566684
-0.950352042672580111 0.172157538289024081 0.609964515811614816
-0.945304009635426823 0.252881689168451829 0.609337662145211567
-0.933074732564365683 0.313377476836698199 0.608709696305383963
-0.918536247237234038 0.359922889236720778 0.608080622080868771
-0.900073497848004056 0.404773306841470504 0.607450443267090412
-0.885970400040971828 0.433242360472491650 0.606819163666137418
-0.872716209534848297 0.457018416681098938 0.606186787086739787
-0.857377406852446899 0.481887783459518271 0.605553317344246333
-0.846024613455356400 0.498869146375747308 0.604918758260600598
-0.835402007760914112 0.513867281424400080 0.604283113664319305
-0.823023416255312279 0.530432440544525763 0.603646387390467831
-0.813744807122854796 0.542297692907632634 0.603008583280637778
-0.802812352583041511 0.555754717706665735 0.602369705182924098
-0.794524916678729376 0.565622199519920654 0.601729756951901340
-0.786587727602445330 0.574831115431799100 0.601088742448600111
-0.777089314579558654 0.585569817613873944 0.600446665540484759
-0.769780653946644744 0.593641691041218555 0.599803530101429061
-0.760950831862447830 0.603189900165273851 0.599159340011693797
-0.754094982261039770 0.610460196620179030 0.598514099157902213
-0.747394895780635227 0.617451544935887386 0.597867811433017704
-0.739202110505666976 0.625855724989526685 0.597220480736319392
-0.732766856271579003 0.632350587131538688 0.596572110973379255
-0.724837935997902361 0.640229894792678111 0.595922706056038476
-0.718563274658476026 0.646372508721587691 0.595272269902383133
-0.710774549173826431 0.653887248852774605 0.594620806436721661
-0.704564170587669958 0.659794315321006630 0.593968319589560312
-0.696794740409631852 0.667081246911672920 0.593314813297580179
-0.690548354970593858 0.672858608878170283 0.592660291503612213
-0.682663301416724821 0.680050711874000124 0.592004758156615130
-0.676260536497943487 0.685809513634430545 0.591348217211650096
-0.668085222910284826 0.693058484688379828 0.590690672629857860
-0.661358103047777757 0.698936794059673239 0.590032128378433995
-0.652629710272677355 0.706448051060044380 0.589372588430605804
-0.645306066685335189 0.712649164949258895 0.588712056765608116
-0.635565271280005395 0.720751213345443009 0.588050537368658643
-0.627131561488975198 0.727627208258916580 0.587388034230934886
-0.615435183879646908 0.736937432478452226 0.586724551349549261
-0.604735012730048260 0.745207371874100910 0.586060092727525461
-0.588705348663762784 0.757109695595263976 0.585394662373774133
-0.572404164491032375 0.768557270907745171 0.584728264303068901
-0.543785006975056384 0.786921191054069546 0.584060902536021609
-0.494224282139620108 0.813375176643915121 0.583392581099058893
-0.410394504098403501 0.843769652721376384 0.582723304024396649
-0.026096452953774385 0.782362913063385457 0.582053075350017379
-0.546656886534696795 -0.017569752155792068 0.581381899119644441
-0.746108940134589727 0.504600130968992255 0.580709779382718061
-0.697970508083908259 0.619318996148261802 0.580036720194371247
-0.672264315092177323 0.658323209743262749 0.579362725615404806
-0.649540812838194315 0.686715919496473148 0.578687799712263029
-0.635596063787397636 0.702018540970615224 0.578011946557009382
-0.621235424232548961 0.716400379489021577 0.577335170227301964
-0.609015391672978801 0.727697827421713295 0.576657474806368309
-0.600254493636956155 0.735335203624546963 0.575978864382981293
-0.590180785407399711 0.743696993196065304 0.575299343051434375
-0.580806861716407274 0.751118297506319088 0.574618914911516843
-0.573677674802228754 0.756553795357961634 0.573937584068489048
-0.565113875879716954 0.762866419724786526 0.573255354633057546
-0.556845951434430830 0.768754842838027974 0.572572230721350661
-0.550396439364583934 0.773217938087902734 0.571888216454893183
-0.542495758240433279 0.778539786283979129 0.571203315960581826
-0.534736358138295453 0.783619522861067064 0.570517533370660246
-0.528609230016148457 0.787533072421861657 0.569830872822694068
-0.521029924269408196 0.792260388190283549 0.569143338459545789
-0.513520635486069854 0.796824921276139575 0.568454934429350356
-0.506065485067661247 0.801243747359366654 0.567765664885489074
-0.500131691804525325 0.804683062143339178 0.567075533986565739
-0.492743502349343776 0.808871759112619437 0.566384545896380986
-0.485379462936265771 0.812946083498976679 0.565692704783906763
-0.478032318117773414 0.816913360645036390 0.565000014823262009
-0.472162680620239028 0.820014159154972444 0.564306480193686899
-0.464831419569172177 0.823803068021610407 0.563612105079517756
-0.457502511338960804 0.827499081015039994 0.562916893670161955
-0.450172212136200789 0.831105658560633564 0.562220850160072394
-0.444304799470838618 0.833928471026138540 0.561523978748722397
-0.436964202434805660 0.837380960875922176 0.560826283640580292
-0.429614259714353131 0.840750876567813443 0.560127769045084101
-0.422252769505550463 0.844039926698068710 0.559428439176616110
-0.416353932883857913 0.846613906113330650 0.558728298254477340
-0.408966816765297725 0.849760811090742196 0.558027350502862229
-0.401563067494040027 0.852830237732592811 0.557325600150833100
-0.394141122919824838 0.855823012635002156 0.556623051432294513
-0.386699500080858238 0.858739805027338265 0.555919708585968286
-0.379236767995776547 0.861581146560680189 0.555215575855366850
-0.373250440705418907 0.863800174258493092 0.554510657488768932
-0.365746183263931990 0.866506662558701235 0.553804957739192694
-0.358216896662509332 0.869138576664131857 0.553098480864371078
-0.350661155917722178 0.871696040194517185 0.552391231126725279
-0.343077498190927477 0.874179086527089866 0.551683212793339983
-0.335464409693743026 0.876587661736678680 0.550974430135936832
-0.329351691633050891 0.878460811513779860 0.550264887430848670
-0.321681605421581862 0.880734927919514687 0.549554588958994228
-0.313977481219947063 0.882933962456230681 0.548843539005852032
-0.306237510824099779 0.885057528137479066 0.548131741861434318
-0.298459785315153214 0.887105143666688800 0.547419201820261936
-0.290642286140012085 0.889076228316112438 0.546705923181337261
-0.282782876326963140 0.890970095656792638 0.545991910248119217
-0.274879291670889370 0.892785946142349074 0.545277167328497070
-0.268523009772365151 0.894181839651131738 0.544561698734763899
-0.260533763788396378 0.895854850242024603 0.543845508783591502
-0.252493248363406364 0.897446925653222038 0.543128601796003752
-0.244398630425384705 0.898956747458790284 0.542410982097350503
-0.236246902260938085 0.900382830973617820 0.541692654017281949
-0.228034869604361756 0.901723509835002046 0.540973621889721756
-0.219759138617019734 0.902976918717243615 0.540253890052841745
-0.211416101616004937 0.904140973931599090 0.539533462849035028
-0.203001921335925706 0.905213351623003426 0.538812344624890471
-0.194512513503648399 0.906191463226736382 0.538090539731165718
-0.185943527463256264 0.907072427777483203 0.537368052522761430
-0.177290324626438123 0.907853040579098325 0.536644887358695422
-0.168547954378463316 0.908529737669952264 0.535921048602074901
-0.159711127150074073 0.909098555393156427 0.535196540620071826
-0.150774184239229614 0.909555084257477553 0.534471367783895701
-0.141731063947939662 0.909894416112965732 0.533745534468767047
-0.132575263539142507 0.910111083475653837 0.533019045053891527
-0.123299796444793275 0.910198989589809271 0.532291903922433307
-0.113897144085081670 0.910151327537920385 0.531564115461488407
-0.104359201590705053 0.909960486339711938 0.530835684062058610
-0.096625580569626501 0.909699029821546823 0.530106614119024488
-0.086821580821933642 0.909228289567187486 0.529376910031119641
-0.076855926449430179 0.908587777230359439 0.528646576200903162
-0.064668256354022680 0.907578291474974153 0.527915617034733886
-0.054307015759251898 0.906520438725436195 0.527184036942743628
-0.043745506073328944 0.905249195097171500 0.526451840338810095
-0.032969287602952313 0.903746902181321587 0.525719031640530909
-0.021962560823287847 0.901993418451626061 0.524985615269196515
-0.010708008996549223 0.899965688276656905 0.524251595649763980
0.000813376642361863 0.897637219579780821 0.523516977210829459
0.012622489383989521 0.894977447457131037 0.522781764384602554
0.024742316408459752 0.891950954604411539 0.522045961606878439
0.037198162339512064 0.888516510900364098 0.521309573317012220
0.050017881150080545 0.884625883188059570 0.520572603957891289
0.063232105621900181 0.880222351205905085 0.519835057975908787
0.076874455407987485 0.875238845355212236 0.519096939820936853
0.090981691855322289 0.869595594645298786 0.518358253946300196
0.105593766964955427 0.863197136054787317 0.517619004808748007
0.120753680734003832 0.855928486075351991 0.516879196868428425
0.136507007642764466 0.847650206450926369 0.516138834588860784
0.152900866520770951 0.838192002551703119 0.515397922436909073
0.169981966964572129 0.827344366368163664 0.514656464882754738
0.187793133447539229 0.814847607676913777 0.513914466399869707
0.206367323681394210 0.800377399317365734 0.513171931464990072
0.229679482559986714 0.779826349280011932 0.512428864558087671
0.249924179749278497 0.759422795223480440 0.511685270162344774
0.270802275287704342 0.735310228252014975 0.510941152764125550
0.292081126209945474 0.706604422493164797 0.510196516852949977
0.313314715839741464 0.672176475804604823 0.509451366921466198
0.333696689024547299 0.630599106113820307 0.508705707465423762
0.351816706606317198 0.580112930638912672 0.507959542983646317
0.365265697373348186 0.518670898358077226 0.507212877978004517
0.370030414384981743 0.444199754771036459 0.506465716953388712
0.355010143744418749 0.335919431489400622 0.505718064417682078
0.313592036060187651 0.231957008887401062 0.504969924881733090
0.232664448530898155 0.124685767961621868 0.504221302859328868
0.102700468834933029 0.034203932246773157 0.503472202867166985
-0.071558942611512175 -0.009248352052193747 0.502722629424828926
-0.261300012534232629 0.020233353594690709 0.501972587054753117
-0.422862655976432911 0.122218789441839476 0.501222080282206495
-0.525385992998467333 0.266784807082928510 0.500471113635258535
-0.568400031285646978 0.445261255264830180 0.499719691644752828
-0.557100952612396783 0.572357637202083769 0.498967818844280431
-0.522516138665677476 0.673163559273403656 0.498215499770152170
-0.477509148105184023 0.749948766215132623 0.497462738961371664
-0.429573168520702042 0.807416399273963470 0.496709540959607176
-0.382555148614886376 0.850201598122390156 0.495955910309165471
-0.329701574197939440 0.887417828339848391 0.495201851556962724
-0.289275418933939543 0.909916928926084223 0.494447369252498770
-0.252150287337584933 0.926806497422550057 0.493692467947828284
-0.218102483291097382 0.939507466614224906 0.492937152197534589
-0.186829349138288525 0.949049392111730894 0.492181426558700674
-0.158015070920164535 0.956182583936374453 0.491425295590883215
-0.126264764033905574 0.962328673378407662 0.490668763856084045
-0.101848799125914935 0.965905915676504745 0.489911835918723060
-0.079040855805088295 0.968392759741410480 0.489154516345610635
-0.057639489718631143 0.970008671584851490 0.488396809705919865
-0.037470499672593360 0.970921575296793682 0.487638720571159257
-0.014684124795787790 0.971269514499206288 0.486880253515145078
0.003274615928825109 0.971052214343841480 0.486121413113973777
0.020414805709535744 0.970455353844840940 0.485362203945993942
0.036831867458310796 0.969538661115288525 0.484602630591779604
0.052609368773637255 0.968349681889404068 0.483842697634101593
0.070801281334246513 0.966616516285621619 0.483082409657900780
0.085419607440076650 0.964952031399466614 0.482321771250259546
0.099607259307162854 0.963112857951870183 0.481560787000374912
0.113416551089161932 0.961118047153031507 0.480799461499530345
0.126895743147520446 0.958982940644716120 0.480037799341068050
0.142698674659518632 0.956252723029434426 0.479275805120361664
0.155608517538263991 0.953848573054671633 0.478513483434788112
0.168328180531909732 0.951334806229374719 0.477750838883700013
0.180901109462447363 0.948716487098688388 0.476987876068398153
0.195859710694451739 0.945440817901754715 0.476224599592103282
0.208277398758897225 0.942600865065011284 0.475461014059928577
0.220714222120461712 0.939659270587297146 0.474697124078852117
0.233241190365271356 0.936611756058918443 0.473932934257688454
0.245947430908172504 0.933450213106232329 0.473168449207061581
0.261599018575470743 0.929485928936902295 0.472403673539376345
0.275174370021896264 0.926012262033920730 0.471638611868791302
0.289496151554108572 0.922340267796867841 0.470873268811190182
0.304948671033760388 0.918396939485243369 0.470107648984154913
0.325898817119956719 0.913107571565615950 0.469341757006936922
0.346765361087238766 0.907880628382363719 0.468575597500429597
0.373352254527959782 0.901117532682202294 0.467809175087140594
0.411579978579000860 0.890575947205589302 0.467042494391163687
0.500204704449959570 0.857843234663413945 0.466275560038151071
0.718174498991126065 0.673317641175476433 0.465508376655285161
-0.186789681779620936 0.476713260245067771 0.464740948871250947
0.108401351217717712 0.848025296682881846 0.463973281316208130
0.221139787898395335 0.877383801455489776 0.463205378621762642
0.264554471392356105 0.879735254879621342 0.462437245420939558
0.293003136366148498 0.878230584937791159 0.461668886348154228
0.314370305554391993 0.875374000590593004 0.460900306039185248
0.334999651330306958 0.871173193674453339 0.460131509131145422
0.349698693553579354 0.867334342334817210 0.459362500262455065
0.362936825077369907 0.863305662938746554 0.458593284072812746
0.377491307731045056 0.858291840299708619 0.457823865203168145
0.388819225421596915 0.853994872890762036 0.457054248295693633
0.399602021785578021 0.849605179913183961 0.456284437993756620
0.409956121625597081 0.845130865747284243 0.455514438941891142
0.421930953660284658 0.839656673545019716 0.454744255785770268
0.431604947683628115 0.835010610877534476 0.453973893172177512
0.441048938637979893 0.830289690183312779 0.453203355748979131
0.450296525577173368 0.825494789409296881 0.452432648165096596
0.461170954707053438 0.819643839442531941 0.451661775070477334
0.470071325908142934 0.814687286881881301 0.450890741116067750
0.478842003078020884 0.809657214990275209 0.450119550953784642
0.489213743723633854 0.803523745452614180 0.449348209236487384
0.497741565279404496 0.798330972555306495 0.448576720617949509
0.506173698415905871 0.793063629128285985 0.447805089752831120
0.514517194148973012 0.787721251978100723 0.447033321296650354
0.524420631293724515 0.781210640733137840 0.446261419905755630
0.532588597150357113 0.775701359266249391 0.445489390237297223
0.540683750804907048 0.770115302051790795 0.444717236949199513
0.550306636350980316 0.763309820981173504 0.443944964700132727
0.558253013372258522 0.757552644342782133 0.443172578149484575
0.566135912891191251 0.751716602173133741 0.442400081957332769
0.573957409593326195 0.745800963584045906 0.441627480784416215
0.583264638789797840 0.738596037845755560 0.440854779292107424
0.590956953850778399 0.732502499021271847 0.440081982142383921
0.598592716516956447 0.726326719015898403 0.439309093997800659
0.607682505396727302 0.718805899391079972 0.438536119521461376
0.615197470315033801 0.712445799038371463 0.437763063376990780
0.622658850134599540 0.706000230373013515 0.436989930228506185
0.631542693652274223 0.698151098014187066 0.436216724740589701
0.638888362121746156 0.691513320751118932 0.435443451578259699
0.646182210099370380 0.684786089822131849 0.434670115406943058
0.653424606086692727 0.677967973107115096 0.433896720892446575
0.662047974641153059 0.669664098667538843 0.433123272700929207
0.669178116816087520 0.662640487339465900 0.432349775498873712
0.676257512574492181 0.655520697916446737 0.431576233953058608
0.684685917825850310 0.646847306891907836 0.430802652730529700
0.691653884457219648 0.639509039370013577 0.430029036498572770
0.698571159765596250 0.632068023206475704 0.429255389924684039
0.705437629563936075 0.624521896439801050 0.428481717676543417
0.713610072182798150 0.615324227580255956 0.427708024421985300
0.720364040228087310 0.607537710695567279 0.426934314828971262
0.727066380204447915 0.599637352271468860 0.426160593565560908
0.735040449202604806 0.590002208145171014 0.425386865299884787
0.741627627659626310 0.581840010076342784 0.424613134700115247
0.748161542803121749 0.573553085282824116 0.423839406434439070
0.755930923460246262 0.563438570002742445 0.423065685171028827
0.762344996664310326 0.554862962651786251 0.422291975578014622
0.768703122523070381 0.546148940181699238 0.421518282323456672
0.775004193286854992 0.537291508199381873 0.420744610075315939
0.782488380058847910 0.526465657724419445 0.419970963501427319
0.788659255826119288 0.517273088754632182 0.419197347269470222
0.794768421839825767 0.507918185231247432 0.418423766046941481
0.802015306535202144 0.496468082473046080 0.417650224501126266
0.807981761595149117 0.486730398225485916 0.416876727299070882
0.813879594577778698 0.476805507289726038 0.416103279107553403
0.820862464014862736 0.464635213461493057 0.415329884593057030
0.826598987203016167 0.454263978056982487 0.414556548421740223
0.832256564440880142 0.443671811077340661 0.413783275259410332
0.837830979250592800 0.432845652769132783 0.413010069771493848
0.844403648386358840 0.419524718397990271 0.412236936623009365
0.849777056893788463 0.408129849294912583 0.411463880478538657
0.855049063767310935 0.396447517841088892 0.410690906002199319
0.861230653365405274 0.382018739992807888 0.409918017857616057
0.866250482753161077 0.369623840991586405 0.409145220707892665
0.871139051303705392 0.356860941120965613 0.408372519215583762
0.875883146777872601 0.343696381644715443 0.407599918042667209
0.881362732915060065 0.327313014742408259 0.406827421850515403
0.885728110027993232 0.313116977336082958 0.406055035299867251
0.889884623154774013 0.298367397217164654 0.405282763050800465
0.894552683005190419 0.279841360747247803 0.404510609762702811
0.898129291200174151 0.263616894895700005 0.403738580094244404
0.901365474027575830 0.246568921344751918 0.402966678703349568
0.904701336521391286 0.224843465203416026 0.402194910247168913
0.906914461367042124 0.205492219824362388 0.401423279382050524
0.908474021216033822 0.184786822465219769 0.400651790763512761
0.909197338957205115 0.162459319564532856 0.399880449046215336
0.908587675662026695 0.133028211144889053 0.399109258883932283
0.906382327780878794 0.105750587552052355 0.398338224929522700
0.901979478818648261 0.075290344296886247 0.397567351834903382
0.894395184580242475 0.040774161378672014 0.396796644251020736
0.878748982006739121 -0.007687349997235193 0.396026106827822577
0.856779622526658180 -0.055816787383280442 0.395255744214229765
0.820758376367309639 -0.113001097914352755 0.394485561058108725
0.742831806311883946 -0.194875953973661864 0.393715562006243303
0.621511783721912403 -0.266748000907506055 0.392945751704306401
0.406037542738005408 -0.299465035395169665 0.392176134796831943
0.098730389134584914 -0.152924621685198436 0.391406715927187232
0.004783405557539755 0.373987482322250486 0.390637499737544969
0.300591895763134165 0.644102105744917885 0.389868490868854556
0.570274247996938488 0.655667337935952443 0.389099693960814785
0.730135904009341918 0.587216103115526078 0.388331113651845694
0.834284207469692896 0.498212164382631773 0.387562754579060531
0.883843452309012179 0.434505569040435913 0.386794621378237391
0.915801959255687414 0.380628422721714377 0.386026718683791847
0.941075566198272706 0.326198672025533432 0.385259051128749030
0.955621699758662291 0.287221983056280994 0.384491623344714872
0.966422297686112430 0.252563999275187079 0.383724439961849018
0.974651132115697538 0.221213726061012528 0.382957505608836291
0.982136393145174313 0.186926541654867828 0.382190824912859439
0.986911987085720588 0.160501840716232413 0.381424402499570547
0.990671788889349370 0.135605943194630818 0.380658242993063167
0.993612487664417454 0.111940576064389841 0.379892351015845064
0.996250918920910888 0.084845902337345347 0.379126731188809796
0.997819161374211339 0.063147099419452735 0.378361388131208842
0.998886459788099978 0.042101795265453434 0.377596326460623632
0.999501530724450138 0.021601552532749480 0.376831550792938397
0.999700344809498320 0.001559008784902227 0.376067065742311524
0.999426524589392407 -0.021986742148077609 0.375302875921148027
0.998793943258726280 -0.041253726463641227 0.374538985940071401
0.997808686033253789 -0.060247649088808586 0.373775400407896752
0.996480845243442381 -0.079006089829519677 0.373012123931601880
0.994445277559538598 -0.101248646969774037 0.372249161116299909
0.992386224282116314 -0.119590613069879004 0.371486516565211977
0.990000734180557340 -0.137778537801104606 0.370724194879638425
0.987290574099649598 -0.155829072118878920 0.369962200658932039
0.984256503761386070 -0.173755791078074151 0.369200538500469633
0.980187964904008169 -0.195119679548490521 0.368439212999625065
0.976440305121252128 -0.212809419842941050 0.367678228749740488
0.972366621183417656 -0.230402907239789234 0.366917590342099198
0.967965326318953934 -0.247904897355754827 0.366157302365898329
0.962248696261823744 -0.268791076588892952 0.365397369408220485
0.957119845436129157 -0.286101631221752417 0.364637796054006091
0.951656829843287921 -0.303326976432873596 0.363878586886026256
0.945857363219100411 -0.320466799432008120 0.363119746484854844
0.939719129604983383 -0.337519891268846906 0.362361279428840721
0.931902832035633177 -0.357866218846464523 0.361603190294080168
0.925011256904677004 -0.374720355150796158 0.360845483654389343
0.917773734560191512 -0.391478784784383083 0.360088164081276974
0.910188208106963437 -0.408137337355606644 0.359331236143916044
0.902252757466303290 -0.424691281880499594 0.358574704409116762
0.893965624046598628 -0.441135369831932689 0.357818573441299359
0.883554640987676443 -0.460715169334371843 0.357062847802465555
0.874488558059291154 -0.476896791915352836 0.356307532052171694
0.865066513287592542 -0.492948717885989873 0.355552630747501208
0.855287667046887856 -0.508863915358976016 0.354798148443037253
0.845151450460526199 -0.524635007952263366 0.354044089690834618
0.834657583595746821 -0.540254302501077310 0.353290459040392801
0.821592904709259386 -0.558785823485894340 0.352537261038628369
0.810312755845706167 -0.574042692491044115 0.351784500229847863
0.798676199598671754 -0.589121326163688730 0.351032181155719714
0.786684349270998950 -0.604012989046250226 0.350280308355247205
0.774338687696350170 -0.618708764864222216 0.349528886364741498
0.761641079631619755 -0.633199582500151736 0.348777919717793483
0.748593782937480468 -0.647476242203713248 0.348027412945247028
0.732479213283808828 -0.664312442674247827 0.347277370575171052
0.718672547691836971 -0.678085107957731026 0.346527797132833160
0.704526166336179038 -0.691613621969201398 0.345778697140671221
0.690044069102378810 -0.704888537231164181 0.345030075118266999
0.675230683879102123 -0.717900418390308270 0.344281935582318011
0.660090868017515264 -0.730639869966074329 0.343534283046611377
0.644629907865760576 -0.743097564145168143 0.342787122021995572
0.628853516295831527 -0.755264268509394987 0.342040457016353661
0.609514144107253353 -0.769467391306600912 0.341294292534576271
0.593065982091265709 -0.780962065982024889 0.340548633078533836
0.576323469097661190 -0.792137166552685290 0.339803483147050112
0.559294034259871453 -0.802984157064981940 0.339058847235874428
0.541985485584464133 -0.813494734604313874 0.338314729837655315
0.524405993837881335 -0.823660853271841131 0.337571135441912362
0.506564074235714479 -0.833474746885916273 0.336828068535010128
0.488468565870146088 -0.842928950273559519 0.336085533600130215
0.470128608987879504 -0.852016318915120308 0.335343535117245406
0.451553620122354005 -0.860730046781496672 0.334602077563091016
0.428967016630874387 -0.870684256188049122 0.333861165411139194
0.409909289171291380 -0.878553783388496434 0.333120803131571552
0.390648191902658648 -0.886030335621349918 0.332380995191252027
0.371193983176265951 -0.893108675281189868 0.331641746053699893
0.351557034675217817 -0.899783960117629955 0.330903060179063069
0.331747793207353980 -0.906051746095456911 0.330164942024091357
0.311776739810301573 -0.911907987261061370 0.329427396042108855
0.291654345522652125 -0.917349032473402826 0.328690426682987813
0.271391023108143559 -0.922371618743110133 0.327954038393121539
0.250997073297317463 -0.926972860944702326 0.327218235615397535
0.230482623799218744 -0.931150237456922270 0.326483022789170574
0.209857557981019183 -0.934901571209088456 0.325748404350236054
0.189131429056412281 -0.938225005211363539 0.325014384730803463
0.168313352976447839 -0.941118971258043779 0.324280968359469235
0.147411869806474582 -0.943582149664745296 0.323548159661190049
0.126434757357806682 -0.945613416627522407 0.322815963057256461
0.105388770825119216 -0.947211773600458828 0.322084382965266092
0.084279264900605666 -0.948376249220284517 0.321353423799096927
0.063109623426951367 -0.949105757300687580 0.320623089968880448
0.041880362725272291 -0.949398881083904911 0.319893385880975489
0.020587657683794780 -0.949253527315944146 0.319164315937941478
-0.000779205916796255 -0.948666337225688494 0.318435884538511682
-0.022242503714372641 -0.947631612670177370 0.317708096077566726
-0.043845283120841350 -0.946139194652413029 0.316980954946108506
-0.065671260393187325 -0.944169836236871562 0.316254465531233042
-0.087893350708988904 -0.941683720413275860 0.315528632216104443
-0.110914073213789655 -0.938586320959575837 0.314803459379928152
-0.135894223813876003 -0.934593961383310856 0.314078951397925132
-0.167991453302318461 -0.928332378200770414 0.313355112641304667
-0.329228415227412641 -0.861854481348490298 0.312631947477238548
-0.149867918794782562 -0.931716773196410886 0.311909460268834315
-0.189239033177233618 -0.924238701248638828 0.311187655375109562
-0.215181467290400330 -0.918188544878311141 0.310466537150965005
-0.238120049469622619 -0.912220476322868623 0.309746109947158288
-0.259847990315418387 -0.906047505359214300 0.309026378110278277
-0.280923845338155287 -0.899574182242378395 0.308307345982718140
-0.297472535866458276 -0.894151669098373514 0.307589017902649531
-0.317864241763729738 -0.887051880028579154 0.306871398203996282
-0.337985746340825455 -0.879584957083341834 0.306154491216408586
-0.357870940837978102 -0.871745361027022270 0.305438301265236245
-0.377538233392742784 -0.863530430644219305 0.304722832671503130
-0.396997185371531058 -0.854939175708234966 0.304008089751880761
-0.416251988309145782 -0.845971640609955333 0.303294076818662772
-0.435303404251816628 -0.836628550410343563 0.302580798179738097
-0.454149905113954033 -0.826911106705104593 0.301868258138565604
-0.469077511256472846 -0.818868654320585421 0.301156460994148056
-0.487546517914159705 -0.808481494995261674 0.300445411041005861
-0.505799172275641973 -0.797725039898123045 0.299735112569151418
-0.523829798441382444 -0.786601563687028271 0.299025569864063145
-0.541632165164945278 -0.775113562906175391 0.298316787206659995
-0.559199588249363222 -0.763263756594764975 0.297608768873274754
-0.576525003535525604 -0.751055094721565952 0.296901519135629122
-0.590206134785445369 -0.741031926691027909 0.296195042260807340
-0.607077126491453178 -0.728185546635341630 0.295489342511231157
-0.623684737041861892 -0.714989920761542219 0.294784424144633184
-0.640020875026821034 -0.701449019469338575 0.294080291414031747
-0.656077254855062852 -0.687567130157583861 0.293376948567705464
-0.671845422604980147 -0.673348879744220530 0.292674399849167044
-0.684246671164408404 -0.661735439379251833 0.291972649497137970
-0.699474313247833490 -0.646924569580228592 0.291271701745522582
-0.714389393626118419 -0.631792293365723401 0.290571560823383868
-0.728983053631856781 -0.616344733203946893 0.289872230954915933
-0.743246393972218256 -0.600588456474506871 0.289173716359419908
-0.754413248377623913 -0.587765868171403305 0.288476021251277581
-0.768059574640543863 -0.571471943416698713 0.287779149839927695
-0.781350711806931941 -0.554890212843851871 0.287083106329838189
-0.794277897492245422 -0.538029092003293519 0.286387894920482278
-0.804351788730146677 -0.524345019811988888 0.285693519806313190
-0.816602190267481820 -0.507003860917042748 0.284999985176738024
-0.828464871183384077 -0.489409651673304635 0.284307295216093381
-0.839931736201973367 -0.471572805395493067 0.283615454103619102
-0.848814973982683463 -0.457135965461865690 0.282924466013434350
-0.859549868807753192 -0.438890299924983407 0.282234335114511015
-0.869867868475058925 -0.420433949608225610 0.281545065570649733
-0.879762140419234728 -0.401779295954332372 0.280856661540454244
-0.887368158295471110 -0.386721425789348372 0.280169127177306077
-0.896483912731131261 -0.367742565276116373 0.279482466629339732
-0.905159245834725290 -0.348602584155279338 0.278796684039418097
-0.911779049882211923 -0.333184055117172362 0.278111783545106850
-0.919649490331803987 -0.313789849351970851 0.277427769278649428
-0.927067083491221577 -0.294274944145443196 0.276744645366942488
-0.932672897590161032 -0.278586237646101686 0.276062415931510929
-0.939267609732215236 -0.258892246003114668 0.275381085088483135
-0.945402063034290974 -0.239120413425011558 0.274700656948565658
-0.949977328159955725 -0.223257454028507552 0.274021135617018741
-0.955280480279988242 -0.203385186750741853 0.273342525193631669
-0.960121527252752793 -0.183479361878969294 0.272664829772698014
-0.963662130751592239 -0.167541254225077763 0.271988053442990652
-0.967673797051702977 -0.147615188416400089 0.271312200287737060
-0.971227373534247707 -0.127700111914779035 0.270637274384595228
-0.973742310235691799 -0.111786545797752379 0.269963279805628786
-0.976479043744480801 -0.091930795995855075 0.269290220617281972
-0.978345496103458556 -0.076084759016751269 0.268618100880355593
-0.980278954536487945 -0.056338126886946560 0.267946924649982543
-0.981773533185942071 -0.036673013488197514 0.267276695975603384
-0.982657300466521777 -0.021009355403018626 0.266607418900941251
-0.983377775784302077 -0.001527168482755192 0.265939097463978480
-0.983651299963471559 0.013972127930781564 0.265271735696931188
-0.983621172975671643 0.033227050860134166 0.264605337626225900
-0.983304608955957393 0.048527656563223942 0.263939907272474572
-0.982550660778580109 0.067513932706396551 0.263275448650450827
-0.981666620687316582 0.082584032852893119 0.262611965769065092
-0.980218483872466129 0.101263589834530321 0.261949462631341390
-0.978398388970878496 0.119757607048568138 0.261287943234391862
-0.976681371234825901 0.134412486857645341 0.260627411569394229
-0.974217747471036177 0.152547760486566764 0.259967871621566038
-0.971999668544767936 0.166903816621854939 0.259309327370142229
-0.968927279081160275 0.184651783301360783 0.258651782788349882
-0.966236455763698432 0.198687725280997041 0.257995241843384959
-0.962591204810345991 0.216023727859339099 0.257339708496387765
-0.959456676388509955 0.229721391724821256 0.256685186702419799
-0.955275139267526274 0.246624664241512692 0.256031680410439610
-0.951726301777058969 0.259968972161316203 0.255379193563278428
-0.948002778778403443 0.273152180843912684 0.254727730097616900
-0.943111550020766742 0.289401424670802432 0.254077293943961557
-0.939016128040990328 0.302214750779255803 0.253427889026620723
-0.933678174479099510 0.317996231193421464 0.252779519263680752
-0.929239759883414895 0.330431668736693884 0.252132188566982385
-0.923490832643003134 0.345737035809148552 0.251485900842097765
-0.918737664718592528 0.357789183829794133 0.250840659988306292
-0.913853447396693053 0.369669882792132198 0.250196469898570972
-0.907571979517138638 0.384279075492812372 0.249553334459515330
-0.902412198021237399 0.395772862596924013 0.248911257551399867
-0.895802572723653823 0.409898165775221923 0.248270243048098749
-0.890393018428591754 0.421005114193188534 0.247630294817075935
-0.884880412716155140 0.431940649486363126 0.246991416719362256
-0.877851945047277260 0.445369839798209488 0.246353612609532258
-0.872124615152899629 0.455921844092634643 0.245716886335680784
-0.864842093291636305 0.468874025019095808 0.245081241739399380
-0.858922671480938371 0.479046683330697054 0.244446682655753811
-0.852924779649555376 0.489052433210434845 0.243813212913260191
-0.845323264021275000 0.501326719994938164 0.243180836333862671
-0.839163531074618607 0.510961398454046090 0.242549556732909621
-0.832938129488944523 0.520433344287496102 0.241919377919131262
-0.826650741454342253 0.529744012829018507 0.241290303694616182
-0.818709755685740115 0.541157877528268161 0.240662337854788411
-0.812295749665337685 0.550111329540382221 0.240035484188385162
-0.805830914908032714 0.558908661517310001 0.239409746477433349
-0.797683246023144665 0.569688365914782557 0.238785128497226773
-0.791115551859727928 0.578140677184837415 0.238161634016303414
-0.784507009343570649 0.586442504586511815 0.237539266796423398
-0.777860467604845840 0.594595646705392111 0.236918030592545070
-0.769503035214455622 0.604580759025571290 0.236297929152803232
-0.762780907481135584 0.612406035298141749 0.235678966218485830
-0.756029377945204195 0.620088590524594307 0.235061145524012804
-0.749250901914271239 0.627630279314288164 0.234444470796911636
-0.740743520311731518 0.636862125073998531 0.233828945757796114
-0.733912969864131903 0.644093649347214137 0.233214574120343354
-0.727062901950841334 0.651190329419688796 0.232601359591271956
-0.720195447757794871 0.658154004250069979 0.231989305870319185
-0.713312672626660094 0.664986501161531463 0.231378416650218466
-0.704690705201477030 0.673345414164117417 0.230768695616677788
-0.697780695018136443 0.679889365442858273 0.230160146448356639
-0.690861668646287175 0.686307969581155364 0.229552772816844636
-0.683935454587040192 0.692602980545277469 0.228946578386638622
-0.677003835174597057 0.698776130927051820 0.228341566815121244
-0.670068549984012440 0.704829130876572396 0.227737741752538220
-0.663131299029111165 0.710763667320399528 0.227135106841976964
-0.654459501965962476 0.718017779949511437 0.226533665719343968
-0.647523859141411529 0.723691817537169046 0.225933422013343488
-0.640591537770645036 0.729252708343500977 0.225334379345455083
-0.633664101191968698 0.734702036847136641 0.224736541329912165
-0.626743086793262960 0.740041363658232587 0.224139911573680239
-0.619830007906073122 0.745272225966779112 0.223544493676434614
-0.612926355421175018 0.750396138167409021 0.222950291230539055
-0.606033599157494440 0.755414592616116432 0.222357307821024419
-0.599153188989982266 0.760329060498290188 0.221765547025566445
-0.592286555674775061 0.765140992835784073 0.221175012414464467
-0.585435111469738478 0.769851821547754556 0.220585707550619681
-0.578600250446792419 0.774462960623279129 0.219997635989513968
-0.571783348568352334 0.778975807343933013 0.219410801279188383
-0.564985763541559827 0.783391743533418006 0.218825206960221313
-0.558208834406116128 0.787712136856758005 0.218240856565707519
-0.551453880891472070 0.791938342134245410 0.217657753621236849
-0.544722202596633287 0.796071702629696287 0.217075901644872893
-0.538015077936830455 0.800113551343111684 0.216495304147131529
-0.531333762925379705 0.804065212261042439 0.215915964630959911
-0.524679489773813512 0.807928001571353249 0.215337886591715516
-0.518053465381342448 0.811703228800437215 0.214761073517145018
-0.511456869665819602 0.815392197900244642 0.214185528887362697
-0.504890853787972382 0.818996208258053526 0.213611256174830066
-0.498356538344632449 0.822516555586983000 0.213038258844334860
-0.491855011440015977 0.825954532756179804 0.212466540352969940
-0.485387326772769245 0.829311430487493562 0.211896104150112174
-0.478954501674283495 0.832588537962720143 0.211326953677402479
-0.472557515193599453 0.835787143296682800 0.210759092368723977
-0.467783860760331127 0.838135354754304007 0.210192523650182150
-0.461451825724007891 0.841199678940682483 0.209627250940083665
-0.455158108914718529 0.844189040409818681 0.209063277648916135
-0.448903529356117159 0.847104725606326769 0.208500607179326947
-0.442688859426682957 0.849948020593254805 0.207939242926103607
-0.436514823372588956 0.852720210876876439 0.207379188276152232
-0.430382095979455925 0.855422581113851277 0.206820446608478120
-0.425810036668637759 0.857404311487589332 0.206263021294164489
-0.419751070367122114 0.859987583787897303 0.205706915696352854
-0.413735004535701112 0.862504560839685963 0.205152133170222351
-0.407762319554383357 0.864956519790108791 0.204598677062969414
-0.401833442394231466 0.867344734242127102 0.204046550713787689
-0.397415759957830295 0.869094826493082229 0.203495757453848236
-0.391564412241158344 0.871374539199067377 0.202946300606278940
-0.385757769337619516 0.873593984950693736 0.202398183486144662
-0.379996056883436739 0.875754416630899812 0.201851409400427062
-0.375704363911811057 0.877336761782850472 0.201305981648004950
-0.370021663323985950 0.879396909875153843 0.200761903519634410
-0.364384241966216937 0.881401446647300801 0.200219178297928596
-0.360185910605695603 0.882869087967462995 0.199677809257337857
-0.354627771025848193 0.884779231099897756 0.199137799664130727
-0.349114875213944631 0.886637086854250800 0.198599152776373439
-0.343647119828108860 0.888443840393156492 0.198061871843910497
-0.339575838590704449 0.889766074757884162 0.197525960108345194
-0.334186693141162894 0.891486208372959110 0.196991420803020012
-0.328842172304231517 0.893158423667601453 0.196458257152997223
-0.324862907731427730 0.894381817803136747 0.195926472375038851
-0.319595815065088273 0.895972879313452708 0.195396069677588241
-0.315674258195887347 0.897136677344054778 0.194867052260749796
-0.310483573366857057 0.898649944052803185 0.194339423316269994
-0.305336019878792997 0.900120226033956139 0.193813186027518514
-0.301503404801690134 0.901195357655050433 0.193288343569468529
-0.296430289337318409 0.902592916564455283 0.192764899108677640
-0.292652971222041036 0.903614674668395734 0.192242855803268775
-0.287652839258530191 0.904942597835061036 0.191722216802911405
-0.282693707972770158 0.906232071426462893 0.191202985248802360
-0.279000942631559612 0.907174515767122713 0.190685164273646623
-0.274112253944394035 0.908398972670421134 0.190168757001638655
-0.270471674261300254 0.909293711329992149 0.189653766548444014
-0.265651682464807526 0.910455938238374562 0.189140196021179541
-0.262061949219349444 0.911305015942310392 0.188628048518395514
-0.257308834446934864 0.912407678400509736 0.188117327130056300
-0.253768560894955475 0.913213048575905018 0.187608034937522289
-0.249080450565525302 0.914258690061449775 0.187100175013531100
-0.245588218316794032 0.915022214493522501 0.186593750422178684
-0.240963208034830623 0.916013256395498798 0.186088764218901248
-0.237517582471157285 0.916736705536285612 0.185585219450456806
-0.234091491187947365 0.917443499073543500 0.185083119154906633
-0.229553301311831492 0.918360501878450197 0.184582466361596864
-0.226171768401152773 0.919029592854940125 0.184083264091140619
-0.221692043277897488 0.919897375138309270 0.183585515355399187
-0.218353655157327353 0.920530317156159406 0.183089223157464454
-0.215033332360831497 0.921148220978120880 0.182594390491640279
-0.210633904021043483 0.921949153491977480 0.182101020343424957
-0.207354764779661527 0.922532979425917721 0.181609115689492451
-0.203009362241927949 0.923289387341064360 0.181118679497675406
-0.199770091187854548 0.923840485120589805 0.180629714726946222
-0.196547518353077266 0.924377950103106860 0.180142224327400208
-0.192276340852536309 0.925073755707871204 0.179656211240236729
-0.189091863856419462 0.925580285059912744 0.179171678397742395
-0.185923356285669417 0.926073917021617232 0.178688628723273041
-0.181723166783691215 0.926712389671213832 0.178207065131235742
-0.178591133900652566 0.927176728568671171 0.177726990527071554
-0.175474411972690980 0.927628843676637560 0.177248407807238162
-0.172372818648928838 0.928068925800342948 0.176771319859192089
-0.168260593035197414 0.928637304538662223 0.176295729561371350
-0.165193632774731647 0.929050024232847882 0.175821639783178052
-0.162141248070400423 0.929451312110578742 0.175349053384961262
-0.159103290158891908 0.929841338659351924 0.174877973217999694
-0.155074879534403465 0.930344143121013212 0.174408402124484219
-0.152070051911341320 0.930708532529754162 0.173940342937500991
-0.149079215097642381 0.931062198926528861 0.173473798481014518
-0.146102256696990673 0.931405295427623736 0.173008771569850284
-0.143139072918253507 0.931737971571124257 0.172545265009677762
-0.140189568642398288 0.932060373475409154 0.172083281596993737
-0.136278027387496281 0.932474506999606212 0.171622824119105372
-0.133360120909477242 0.932773485912741784 0.171163895354113277
-0.130455639654892097 0.933062655015917342 0.170706498070894802
-0.127564526109301357 0.933342147461476923 0.170250635029087161
-0.124686731306337284 0.933612093833487977 0.169796308979071303
-0.121822214764355341 0.933872622299855681 0.169343522661954737
-0.118970944371315390 0.934123858765818493 0.168892278809555235
-0.116132896240818351 0.934365927025545107 0.168442580144384513
-0.113308054584229267 0.934598948906936400 0.167994429379631272
-0.109562129936339792 0.934895779781287239 0.167547829219145628
-0.106768086040155696 0.935108157260059802 0.167102782357422014
-0.103987251986441820 0.935311882089206237 0.166659291479583554
-0.101219644727906954 0.935507069203483366 0.166217359261365216
-0.098465288155420772 0.935693832296078276 0.165776988369098488
-0.095724212779856654 0.935872283943411265 0.165338181459694394
-0.092996455433685621 0.936042535721642421 0.164900941180628258
-0.090282058970526102 0.936204698316528305 0.164465270169923072
-0.087581071906246699 0.936358881630827478 0.164031171056134129
-0.084893548051406920 0.936505194884723280 0.163598646458332858
-0.082219546172978386 0.936643746707170433 0.163167698986090987
-0.080444421545165790 0.936731856097180793 0.162738331239465017
-0.077793099038590441 0.936857712271859988 0.162310545808980133
-0.075155476344605898 0.936976094453103481 0.161884345275615377
-0.072531626912398117 0.937087109803461327 0.161459732210787160
-0.069921627202460146 0.937190865245659310 0.161036709176334170
-0.067325556269946907 0.937287467516632278 0.160615278724501848
-0.064743495301758047 0.937377023216076077 0.160195443397927406
-0.062175527167974642 0.937459638847242260 0.159777205729623673
-0.059621735965518674 0.937535420850299284 0.159360568242964351
-0.057927126462326450 0.937582198271306733 0.158945533451668869
-0.055397152242223080 0.937646827336671818 0.158532103859786916
-0.052881581732109495 0.937704906482760503 0.158120281961683429
-0.050380499606819062 0.937756542089114742 0.157710070242023437
-0.047893989651214108 0.937801840533968312 0.157301471175757601
-0.046244452776793343 0.937828571381510212 0.156894487228106394
-0.043782412111377900 0.937863544261860471 0.156489120854546221
-0.041335159275884326 0.937892463584923841 0.156085374500793544
-0.038902771033802963 0.937915435624690375 0.155683250602791229
-0.036485321240695312 0.937932566573148829 0.155282751586692802
-0.034882022176519145 0.937940794543674961 0.154883879868848662
-0.032489624843012821 0.937948425988322065 0.154486637855791142
-0.030112345844561128 0.937950498843620917 0.154091027944219749
-0.028535922086219800 0.937948844782700242 0.153697052520987060
-0.026183971470284895 0.937941887770249672 0.153304713963084344
-0.023847288945526846 0.937929653019774712 0.152914014637626994
-0.022298006377778679 0.937918616160201779 0.152524956901840314
-0.019986872839513004 0.937897817621206831 0.152137543103045308
-0.017691121126065412 0.937872019538156576 0.151751775578644582
-0.016169181668797550 0.937852094380265289 0.151367656656108324
-0.013899135310525779 0.937818193221588992 0.150985188652959929
-0.011644543737784674 0.937779566904033413 0.150604373876762149
-0.010150076881692005 0.937751241171837613 0.150225214625103520
-0.007921275852078524 0.937704965123444589 0.149847713185584097
-0.006444010324427984 0.937671632811961420 0.149471871835801767
-0.004241014686376443 0.937617985702138390 0.149097692843338375
-0.002780950258394255 0.937579831232929872 0.148725178465746399
-0.000603744311688637 0.937519087520598315 0.148354330950535129
0.001558008246784315 0.937454215645957101 0.147985152535156927
0.002990602754910920 0.937408721767189368 0.147617645446993906
0.005126655300573935 0.937337182412027570 0.147251811903344576
0.006542145880746919 0.937287331118425660 0.146887654111410415
0.008652594938176938 0.937209385474993883 0.146525174268282266
0.010051056245004297 0.937155348955553746 0.146164374560927651
0.011442731324981026 0.937099685650167658 0.145805257166176955
0.013517556204143188 0.937013198630472388 0.145447824250710761
0.014892340666093629 0.936953584221562275 0.145092077971046479
0.016941918283912616 0.936861292787755318 0.144738020473525603
0.018299934876254476 0.936797889195487898 0.144385653894300470
0.020324463760707123 0.936700032751119238 0.144034980359321579
0.021665854258232919 0.936632997210883889 0.143686001984324796
0.023000638126979334 0.936564551829829672 0.143338720874818359
0.024990485292895992 0.936459292845310154 0.142993139126070229
0.026308871972965997 0.936387427406284223 0.142649258823095815
0.027620750381747772 0.936314234903173892 0.142307082040644906
0.029576431936102543 0.936202007923673474 0.141966610843189456
0.030872175242935618 0.936125597248151697 0.141627847284910818
0.032161521340260180 0.936047938212834940 0.141290793409687837
0.034083620159605088 0.935929156408711327 0.140955451251084163
0.035357123582188232 0.935848470758343209 0.140621822832335985
0.036624352406803617 0.935766611272168092 0.140289910166339848
0.037885343602778510 0.935683598465809174 0.139959715255640799
0.039765217722802171 0.935556960803081927 0.139631240092419895
0.041010781861414991 0.935471152170637255 0.139304486658482385
0.042250243961666656 0.935384259284762543 0.138979456925245687
0.043483644403784771 0.935296301096255278 0.138656152853727538
0.045322469453632830 0.935162406970184712 0.138334576394534364
0.046540896777971796 0.935071866155433362 0.138014729487848986
0.047753408894968430 0.934980323634210797 0.137696614063419348
0.048960048989725169 0.934887796800151660 0.137380232040546862
0.050160860784396188 0.934794302704429203 0.137065585328074641
0.051355888519123261 0.934699858056710853 0.136752675824376058
0.053137682959063348 0.934556444518601648 0.136441505417343317
0.054318447192117203 0.934459694374424998 0.136132075984376016
0.055493585830403869 0.934362049503524750 0.135824389392369904
0.056663145071483345 0.934263525105465731 0.135518447497705474
0.057827171483227469 0.934164136049999150 0.135214252146237057
0.058985711968621679 0.934063896880562905 0.134911805173281107
0.060138813729588902 0.933962821817634792 0.134611108403605934
0.061286524269168863 0.933860924759882249 0.134312163651419847
0.062428891335120251 0.933758219289594793 0.134014972720361059
0.063565962929482411 0.933654718673245787 0.133719537403486022
0.064697787252476657 0.933550435867328110 0.133425859483258913
0.065824412709742652 0.933445383519361349 0.133133940731541361
0.066945887851899588 0.933339573974507841 0.132843782909580932
0.068062261400614998 0.933233019275087061 0.132555387768000910
0.069173582184501592 0.933125731167868344 0.132268757046789781
0.070279899141224289 0.933017721105808606 0.131983892475290826
0.071381261293196996 0.932909000252249765 0.131700795772191348
0.072477717715422163 0.932799579485749542 0.131419468645512461
0.073569317526305744 0.932689469403138904 0.131139912792598762
0.074656109874215115 0.932578680323171816 0.130862129900108481
0.075738143903639199 0.932467222291706976 0.130586121644002573
0.076815468744756754 0.932355105085238445 0.130311889689535138
0.077352380563250001 0.932298802274025395 0.130039435691243210
0.078422733653651711 0.932185714058150094 0.129768761292936907
0.079488500178727717 0.932071989959734282 0.129499868127689266
0.080549729063097042 0.931957638847199621 0.129232757817826449
0.081606469137861459 0.931842669338929119 0.128967431974918306
0.082658769110107000 0.931727089808962461 0.128703892199768077
0.083183269240945767 0.931669073837035233 0.128442140082403289
0.084229000078699101 0.931552594452042859 0.128182177202065650
0.085270411954935343 0.931435524938973192 0.127924005127202034
0.086307553024886519 0.931317872851432638 0.127667625415454483
0.086824536999578927 0.931258830641808699 0.127413039613651358
0.087855361713104207 0.931140318368099296 0.127160249257797620
0.088882035115957991 0.931021241435646352 0.126909255873065646
0.089904604593162796 0.930901606637427492 0.126660060973786071
0.090414365096032678 0.930841582105140897 0.126412666063438650
0.091430866958870705 0.930721122796182798 0.126167072634643274
0.092443382189093648 0.930600121713843542 0.125923282169150691
0.092948159331638414 0.930539419919444111 0.125681296137833798
0.093954781503695795 0.930417617547251607 0.125441116000678810
0.094957532418680768 0.930295288290930555 0.125202743206776296
0.095457470401341227 0.930233927850132369 0.124966179194312452
0.096454499710199371 0.930110818785662818 0.124731425390560466
0.096951602283850358 0.930049071506923841 0.124498483211871971
0.097943011187116735 0.929925194743087324 0.124267354063668414
0.098930728689721859 0.929800812635810603 0.124038039340432532
0.099423216918196777 0.929738433640619144 0.123810540425700069
0.100405479551770649 0.929613302813830034 0.123584858692051325
0.100895264770161475 0.929550552172344613 0.123360995501102993
0.101872169810237279 0.929424683343763602 0.123138952203499741
0.102359300254876773 0.929361566295813457 0.122918730138906251
0.103330943308736989 0.929234969720101778 0.122700330635999083
0.103815466342478846 0.929171491283910633 0.122483755012458659
0.104781941240986665 0.929044176786123721 0.122269004574961190
0.105263903314833929 0.928980341772890128 0.122056080619171087
0.106225301975729214 0.928852318785577835 0.121844984429732739
0.106704748560902341 0.928788131818434670 0.121635717280263234
0.107183366569807814 0.928723828531558659 0.121428280433344166
0.108138136429755505 0.928594874945632087 0.121222675140514505
0.108614297947516092 0.928530225608170445 0.121018902642262602
0.109564198031362303 0.928400584206689139 0.120816964168019139
0.110037946011517895 0.928335593073765786 0.120616860936149317
0.110510898819243863 0.928270488932600779 0.120418594153945749
0.111454437261487349 0.928139943438921367 0.120222165017621091
0.111925031946880971 0.928074502984131522 0.120027574712300855
0.112394849559493415 0.928008951317145558 0.119834824412016289
0.113332171161853679 0.927877516102477040 0.119643915279697144
0.113799683815717145 0.927811633426893101 0.119454848467164781
0.114266436721423725 0.927745641284128730 0.119267625115125314
0.114732434094954316 0.927679540102798184 0.119082246353162544
0.115662178766448076 0.927547012340207311 0.118898713299731174
0.116125934207720771 0.927480586610778035 0.118717027062150135
0.116588950391797619 0.927414053548291983 0.118537188736595883
0.117051231251157739 0.927347413576231627 0.118359199408095833
0.117973602419488566 0.927213814597781516 0.118183060150521657
0.118433700313931856 0.927146856435731470 0.118008772026582914
0.118893078028126320 0.927079793056694967 0.117836336087820667
0.119351739207342544 0.927012624883542857 0.117665753374601195
0.119809687427905154 0.926945352341102535 0.117497024916109374
0.120266926211453351 0.926877975854348390 0.117330151730342946
0.121179289202941132 0.926742912760313509 0.117165134824105996
0.121634420140345922 0.926675227010834046 0.117001975193003135
0.122088855067914948 0.926607439037408276 0.116840673821433358
0.122542597186119040 0.926539549274920882 0.116681231682584041
0.122995649630580517 0.926471558160812281 0.116523649738425272
0.123448015457345628 0.926403466137382892 0.116367928939703880
0.123899697669491160 0.926335273648161261 0.116214070225937813
0.124350699189321623 0.926266981142044310 0.116062074525410328
0.124801022871243894 0.926198589071649314 0.115911942755164490
0.125250671503403632 0.926130097893250293 0.115763675820997711
0.125699647807026582 0.926061508067117511 0.115617274617456051
0.126147954421609976 0.925992820059433619 0.115472740027829104
0.126595593922132266 0.925924034340814384 0.115330072924144461
0.127042568808496403 0.925855151387182884 0.115189274167162514
0.127488881503946216 0.925786171680609504 0.115050344606371285
0.127934534359379293 0.925717095708733950 0.114913285079981331
0.128379529649651325 0.925647923965599029 0.114778096414920497
0.128823869583425232 0.925578656950257761 0.114644779426829185
0.129267556280421414 0.925509295170386048 0.114513334920055415
0.129710591786255769 0.925439839140244525 0.114383763687649603
0.130152978081311488 0.925370289379575217 0.114256066511360263
0.130152978081311488 0.925370289379575217 0.114130244161628980
0.130594717044644204 0.925300646419129569 0.114006297397585929
0.131035810500632566 0.925230910793907069 0.113884226967045130
0.131476260180388660 0.925161083049110822 0.113764033606500142
0.131916067741857379 0.925091163737336353 0.113645718041119337
0.131916067741857379 0.925091163737336353 0.113529280984741868
0.132355234758835427 0.925021153420338971 0.113414723139873122
0.132793762728898646 0.924951052668124829 0.113302045197680529
0.133231653064375011 0.924880862060562303 0.113191247837989437
0.133668907100286838 0.924810582186040397 0.113082331729278909
0.133668907100286838 0.924810582186040397 0.112975297528677909
0.134105526094389915 0.924740213642014641 0.112870145881961009
0.134541511206490771 0.924669757038194096 0.112766877423544909
0.134541511206490771 0.924669757038194096 0.112665492776484119
0.134976863524503998 0.924599212992705088 0.112565992552467672
0.135411584061471191 0.924528582132923327 0.112468377351815099
0.135411584061471191 0.924528582132923327 0.112372647763472971
0.135845673728478833 0.924457865099488574 0.112278804365011281
0.136279133374879735 0.924387062540664384 0.112186847722619942
0.136279133374879735 0.924387062540664384 0.112096778391105545
0.136711963747572385 0.924316175118523375 0.112008596913887773
0.136711963747572385 0.924316175118523375 0.111922303822996186
0.137144165515228122 0.924245203505556834 0.111837899639067123
0.137575739275016318 0.924174148383877125 0.111755384871340541
0.137575739275016318 0.924174148383877125 0.111674760017656721
0.138006685523866524 0.924103010449579543 0.111596025564453569
0.138006685523866524 0.924103010449579543 0.111519181986763555
0.138437004677427200 0.924031790410202447 0.111444229748210735
0.138437004677427200 0.924031790410202447 0.111371169301008127
0.138866697076099499 0.923960488983983197 0.111300001085954892
0.138866697076099499 0.923960488983983197 0.111230725532433697
0.139295762967694692 0.923889106902635593 0.111163343058408165
0.139295762967694692 0.923889106902635593 0.111097854070420235
0.139724202517751528 0.923817644910024161 0.111034258963587817
0.139724202517751528 0.923817644910024161 0.110972558121602394
0.139724202517751528 0.923817644910024161 0.110912751916726629
0.140152015800856899 0.923746103763641635 0.110854840709792277
0.140152015800856899 0.923746103763641635 0.110798824850197819
0.140579202823009175 0.923674484231276738 0.110744704675906469
0.140579202823009175 0.923674484231276738 0.110692480513444172
0.140579202823009175 0.923674484231276738 0.110642152677897440
0.141005763493145420 0.923602787095711530 0.110593721472911730
0.141005763493145420 0.923602787095711530 0.110547187190689372
0.141005763493145420 0.923602787095711530 0.110502550111987896
0.141431697643251808 0.923531013151701829 0.110459810506118417
0.141431697643251808 0.923531013151701829 0.110418968630943887
0.141431697643251808 0.923531013151701829 0.110380024732877557
0.141431697643251808 0.923531013151701829 0.110342979046881562
0.141857005001021996 0.923459163210546774 0.110307831796465444
0.141857005001021996 0.923459163210546774 0.110274583193684828
0.141857005001021996 0.923459163210546774 0.110243233439140137
0.141857005003132031 0.923459163210203160 0.110213782721975392
0.141857005003132031 0.923459163210203160 0.110186231219877029
0.142281685239502076 0.923387238092256757 0.110160579099072869
0.142281685239502076 0.923387238092256757 0.110136826514331099
0.142281685239502076 0.923387238092256757 0.110114973608959388
0.142281685239502076 0.923387238092256757 0.110095020514803896
0.142281685239502076 0.923387238092256757 0.110076967352248589
0.142281685239502076 0.923387238092256757 0.110060814230214563
0.142281685239502076 0.923387238092256757 0.110046561246159164
0.142281685239502076 0.923387238092256757 0.110034208486075674
0.142281685239502076 0.923387238092256757 0.110023756024492547
0.142705737933142340 0.923315238632903101 0.110015203924473198
0.142705737934327836 0.923315238632669288 0.110008552237615381
0.142705737934327836 0.923315238632669288 0.110003801004051049
0.142705737934327836 0.923315238632669288 0.110000950252446050
0.142705737934327836 0.923315238632669288 0.110000000000000001
