0.540606487732937180 -0.619252158439457578 0.739999999999999991
0.540606487732937180 -0.619252158439457578 0.739999049747553928
0.540606487732937180 -0.619252158439457578 0.739996198995948928
0.540606487732937180 -0.619252158439457578 0.739991447762384680
0.540606487732937180 -0.619252158439457578 0.739984796075526807
0.540606487732937180 -0.619252158439457578 0.739976243975507431
0.536744144261748768 -0.622722527875669618 0.739965791513924276
0.536744144261748768 -0.622722527875669618 0.739953438753840897
0.536744144261748768 -0.622722527875669618 0.739939185769785457
0.536744144261748768 -0.622722527875669618 0.739923032647751389
0.536744144261748768 -0.622722527875669618 0.739904979485196068
0.536744144261748768 -0.622722527875669618 0.739885026391040590
0.536744144261748768 -0.622722527875669618 0.739863173485668879
0.536744144261748768 -0.622722527875669618 0.739839420900927136
0.536744144261748768 -0.622722527875669618 0.739813768780122949
0.532740158117609441 -0.626280930938871161 0.739786217278024627
0.532740158117609441 -0.626280930938871161 0.739756766560859869
0.532740158117609441 -0.626280930938871161 0.739725416806315206
0.532740158117609441 -0.626280930938871161 0.739692168203534561
0.528580762384250002 -0.629933982109181501 0.739657020953118471
0.528580762384250002 -0.629933982109181501 0.739619975267122420
0.528580762384250002 -0.629933982109181501 0.739581031369056063
0.528580762384250002 -0.629933982109181501 0.739540189493881561
0.524250227609715957 -0.633689104525059665 0.739497449888012137
0.524250227609715957 -0.633689104525059665 0.739452812809310633
0.524250227609715957 -0.633689104525059665 0.739406278527088290
0.524250227609715957 -0.633689104525059665 0.739357847322102524
0.519730448243279408 -0.637554719302053541 0.739307519486555820
0.519730448243279408 -0.637554719302053541 0.739255295324093509
0.519730448243279408 -0.637554719302053541 0.739201175149802103
0.515000395468244054 -0.641540516197599442 0.739145159290207743
0.515000395468244054 -0.641540516197599442 0.739087248083273307
0.510035369017048157 -0.645657858848126986 0.739027441878397529
0.510035369017048157 -0.645657858848126986 0.738965741036412216
0.510035369017048157 -0.645657858848126986 0.738902145929579812
0.504805929817589427 -0.649920424288984444 0.738836656941591730
0.504805929817589427 -0.649920424288984444 0.738769274467566239
0.499276291436680064 -0.654345274821434231 0.738699998914045142
0.499276291436680064 -0.654345274821434231 0.738628830698991878
0.493401718223918984 -0.658954783359574137 0.738555770251789201
0.493401718223918984 -0.658954783359574137 0.738480818013236395
0.487123916756301956 -0.663780385858726563 0.738403974435546395
0.487123916756301956 -0.663780385858726563 0.738325239982343340
0.480361868827094807 -0.668870660122752314 0.738244615128659576
0.480361868827094807 -0.668870660122752314 0.738162100360932882
0.472990656660110198 -0.674311092721804339 0.738077696177003806
0.472990656660110198 -0.674311092721804339 0.737991403086112219
0.464781708998633858 -0.680281785239797765 0.737903221608894433
0.464781708998633858 -0.680281785239797765 0.737813152277379980
0.455176423419036691 -0.687278344388774665 0.737721195634988725
0.441823926037324399 -0.697513048437502503 0.737627352236526979
0.441823926037324399 -0.697513048437502503 0.737531622648184837
0.324087375308886316 -0.780117674124159666 0.737434007447532291
0.443763466095024595 -0.686430187975024197 0.737334507223515900
0.443763466095024595 -0.686430187975024197 0.737233122576455124
0.426211276770757763 -0.699477068320250916 0.737129854118038996
0.411530377971838446 -0.708042593209418536 0.737024702471322124
0.411530377971838446 -0.708042593209418536 0.736917668270721027
0.396205791704887234 -0.715772309803898166 0.736808752162010583
0.379248941574485354 -0.723287816396799954 0.736697954802319477
0.379248941574485354 -0.723287816396799954 0.736585276860126870
0.359944808701969376 -0.730717009323900601 0.736470719015258179
0.337499682648741750 -0.737982713630967568 0.736354281958880641
0.310879992580354203 -0.744808722239487242 0.736235966393499863
0.278650045830038717 -0.750602599806457382 0.736115773032954834
0.278650045830038717 -0.750602599806457382 0.735993702602414035
0.238752096565839372 -0.754170698660946104 0.735869755838370998
0.188209439965382141 -0.753083621531584479 0.735743933488639756
0.122854656654565464 -0.742233998303008180 0.735616236312350402
0.037799873217619018 -0.710511047962280262 0.735486665079944646
0.037799873217619018 -0.710511047962280262 0.735355220573170709
-0.067825640508471341 -0.633728705958582328 0.735221903585079439
-0.168335264418454589 -0.466808237354968902 0.735086714920018758
-0.154240274786814097 -0.184026142881471344 0.734949655393628665
0.103064537060308714 0.048357944411313483 0.734810725832837464
0.418898907542999632 0.018461763099216599 0.734669927075855544
0.584471598653289015 -0.142275767837600042 0.734527259972170943
0.635234816011349901 -0.290599194993415133 0.734382725382543899
0.636477410344930439 -0.400312733490036488 0.734236324179002309
0.619275461217218215 -0.479884987436372645 0.734088057244835501
0.595497791851407277 -0.539454148794128896 0.733937925474589692
0.569401888334891693 -0.586005805950696401 0.733785929774062096
0.542350161161609501 -0.623945110572449946 0.733632071060296154
0.514569091041169879 -0.656028564977613859 0.733476350261574761
0.485809627831488733 -0.683991012032342471 0.733318768317415937
0.455597228959720268 -0.708911339364653337 0.733159326178566717
0.423322748140057492 -0.731412134565247118 0.732998024806996828
0.388270085626762351 -0.751755298922362480 0.732834865175894024
0.349621304407357281 -0.769865949653541826 0.732669848269657087
0.306462170873384565 -0.785297951093964719 0.732502975083890617
0.257810279315002888 -0.797143357065092983 0.732334246625398921
0.202698563927192710 -0.803884373935166097 0.732163663912179352
0.140368677547181797 -0.803195116462824377 0.731991227973417091
0.070658934536811380 -0.791735428539977582 0.731816939849478376
-0.084088422214401048 -0.717976894245657249 0.731640800591904172
-0.158742006342301956 -0.645714314799220479 0.731462811263404067
-0.218362698310670567 -0.546525139879924682 0.731282972937849940
-0.249819971678062441 -0.425024908602452123 0.731101286700268749
-0.242653926776482592 -0.294010090442937022 0.730917753646837420
-0.195016176873090030 -0.171588373595582766 0.730732374884874636
-0.019749973179376965 -0.009001795272390277 0.730545151532835280
0.078179825737972830 0.024306111886586906 0.730356084720302889
0.168285604390435384 0.032498125839662342 0.730165175587983772
0.245976472083410364 0.023404611383254115 0.729972425287699123
0.362471123190619804 -0.021497048340521574 0.729777834982378915
0.404128164253838906 -0.049148176647504871 0.729581405846054243
0.437215639728886607 -0.077200904130385745 0.729383139063850661
0.484193944356081429 -0.130495962260301468 0.729183035831980852
0.500643710060915792 -0.154864148744289193 0.728981097357737307
0.513681746267613315 -0.177539910236587578 0.728777324859485542
0.524013109255071274 -0.198549543589724375 0.728571719566655895
0.538636411514893609 -0.235931222165990939 0.728364282719736744
0.543694902144710168 -0.252533589766922528 0.728155015570267294
0.550646829820971018 -0.282153545395858796 0.727943919380828919
0.552916531979485648 -0.295390542415757185 0.727730995425038829
0.554570940092384834 -0.307710484421889197 0.727516244987541416
0.556442347609782617 -0.329938871444933168 0.727299669364000922
0.556816647659777120 -0.339995642351040628 0.727081269861093782
0.556733429569956306 -0.358307998592251320 0.726861047796500293
0.556362432479950320 -0.366669315161450626 0.726639004498896957
0.555817334233035476 -0.374561895509466836 0.726415141307948709
0.554308507679659446 -0.389096038943673506 0.726189459574299923
0.553386347180415683 -0.395805275517165156 0.725961960659567529
0.551286944332097573 -0.408252197399514349 0.725732645936331688
0.550134658100576157 -0.414039091351059430 0.725501516788128020
0.547673876518345537 -0.424845398249024786 0.725268574609439609
0.546380777301030962 -0.429901194327073521 0.725033820805687568
0.543699709585637625 -0.439396843694605799 0.724797256793223710
0.540923394954259007 -0.448160450995317261 0.724558883999321224
0.539508889799907077 -0.452296944085464614 0.724318703862166235
0.536641662749985926 -0.460129375800190088 0.724076717830849370
0.535193593438758386 -0.463842928354221584 0.723832927365356760
0.532277934640279060 -0.470903624346365290 0.723587333936561383
0.530813371869107264 -0.474264555602838755 0.723339939026213963
0.527876896378419502 -0.480678249778360545 0.723090744126934415
0.524936971504895267 -0.486716851271713269 0.722839750742202303
0.523467632195286470 -0.489607507115651153 0.722586960386348620
0.520533159040968973 -0.495152710338667867 0.722332374584545467
0.517607321938564402 -0.500408101503425518 0.722075994872797944
0.516148539014574359 -0.502935583619691817 0.721817822797934383
0.513240585514037284 -0.507805196701150319 0.721557859917596800
0.510346756814487712 -0.512445637514266084 0.721296107800231900
0.508905504096683670 -0.514686048939245300 0.721032568025081755
0.506034811387377381 -0.519018266420514851 0.720767242182173473
0.503180265951070904 -0.523165573397974648 0.720500131872310767
0.500342098866697893 -0.527142317319070242 0.720231238707063071
0.498929166626873200 -0.529070785866880389 0.719960564308756767
0.496115523408213799 -0.532815281195890389 0.719688110310464868
0.493317960229996244 -0.536418789704211307 0.719413878355997460
0.490536117332538490 -0.539891092594070976 0.719137870099891496
0.487769542516995669 -0.543241013851771593 0.718860087207401133
0.486391819405726844 -0.544872605657958031 0.718580531354487628
0.483647148068260424 -0.548053683433745165 0.718299204227808685
0.480916339202817622 -0.551130964579378935 0.718016107524709124
0.478198757931049268 -0.554110725654971215 0.717731242953210224
0.475493743222623888 -0.556998690615497893 0.717444612231999179
0.472800615170006100 -0.559800090399664718 0.717156217090419101
0.471458292431013559 -0.561169841141716974 0.716866059268458589
0.468781691898858766 -0.563850249019063110 0.716574140516741065
0.466115229879071280 -0.566455337509369716 0.716280462596514012
0.463458197402884742 -0.568988980931960597 0.715985027279638975
0.460809883727447023 -0.571454748992423656 0.715687836348580131
0.458169577977460996 -0.573855935861128486 0.715388891596394072
0.455536570321575518 -0.576195585896148721 0.715088194826718926
0.452910152763276341 -0.578476516453990675 0.714785747853762921
0.450289619627036231 -0.580701338154899882 0.714481552502294504
0.447674267794240133 -0.582872472925839435 0.714175610607630129
0.445063396741034567 -0.584992170090791519 0.713867924015623934
0.442456308412690957 -0.587062520746296945 0.713558494582656633
0.439852306964398143 -0.589085470625991925 0.713247324175623976
0.437250698396362936 -0.591062831629567964 0.712934414671925309
0.434650790107434237 -0.592996292162644156 0.712619767959453143
0.432051890363415403 -0.594887426437486488 0.712303385936580713
0.429453307723890287 -0.596737702823893379 0.711985270512151103
0.426854350406305816 -0.598548491377090985 0.711665423605465697
0.424254325615906869 -0.600321070614674768 0.711343847146272412
0.421652538836283453 -0.602056633623762272 0.711020543074754374
0.417745029450712346 -0.604592987131355897 0.710695513341517593
0.415135781176997065 -0.606240716918462375 0.710368759907580083
0.412522315671230877 -0.607855008263039620 0.710040284744359096
0.409903921169912533 -0.609436730580197206 0.709710089833660129
0.407279879811705880 -0.610986692129924402 0.709378177167664048
0.404649466777877165 -0.612505643096953878 0.709044548748915870
0.402011949385001288 -0.613994278357637091 0.708709206590312113
0.398040728046693326 -0.616171779835930855 0.708372152715089243
0.395382184334057363 -0.617587324442622765 0.708033389156810689
0.392713896474895019 -0.618974583004475942 0.707692917959355072
0.390035084658437503 -0.620334028211641852 0.707350741176904108
0.385995395774303973 -0.622321969815639364 0.707006860873929721
0.383286772686130484 -0.623613657892114648 0.706661279125181618
0.380564784659022326 -0.624878840695198723 0.706313998015675182
0.377828583414028529 -0.626117796824362638 0.705965019640678482
0.373695730399491444 -0.627927564311248632 0.705614346105699508
0.370920160564971235 -0.629101903513106797 0.705261979526474403
0.368127254616049115 -0.630250669073631031 0.704907922028953582
0.365316070758018030 -0.631373956106049627 0.704552175749289300
0.361062902629867122 -0.633011221710781724 0.704194742833822995
0.358201737925101571 -0.634070959051753369 0.703835625439072410
0.355318794396885018 -0.635105225522349048 0.703474825731717712
0.350951204192181510 -0.636608651186225227 0.703112345888589618
0.348009080796673809 -0.637578735379056072 0.702748188096655402
0.343547425712378285 -0.638985047046441879 0.702382354553006127
0.340538930143065022 -0.639889657512886068 0.702014847464843106
0.337501738362997128 -0.640767547977520557 0.701645669049464793
0.332889310576939546 -0.642033436539611646 0.701274821534253578
0.329774633315542742 -0.642842742236624853 0.700902307156661686
0.325039506231535436 -0.644003464967129680 0.700528128164198294
0.321838529481902724 -0.644740914728050507 0.700152286814415881
0.318600377424344716 -0.645448485435692110 0.699774785374896457
0.313669914920034820 -0.646452149435109424 0.699395626123237801
0.310331657187622623 -0.647081560049077020 0.699014811347040133
0.305242913652030545 -0.647963750640556557 0.698632343343891682
0.301793459268613340 -0.648509046029693725 0.698248224421355368
0.296528926541664684 -0.649259785901658226 0.697862456896954697
0.292955982459102482 -0.649713561573432186 0.697475043098159664
0.287496216113641623 -0.650320505332430798 0.697085985362372984
0.283786103391730826 -0.650673633470790103 0.696695286036915662
0.278109426036955654 -0.651121604257007713 0.696302947479013001
0.272291141030365780 -0.651465512259058466 0.695908972055780284
0.268329025085425221 -0.651633285239106796 0.695513362144208891
0.262253624168945820 -0.651786515817714740 0.695116120131151316
0.258110664859242389 -0.651819060459949196 0.694717248413307176
0.251748923648666412 -0.651755887267815526 0.694316749397208888
0.245199820601072843 -0.651548143867788920 0.693914625499206461
0.240723403169327499 -0.651323056521277644 0.693510879145453840
0.233833209097457612 -0.650844976493109240 0.693105512771893584
0.229116468129784062 -0.650425775515380278 0.692698528824242432
0.221845068566630499 -0.649633178958890500 0.692289929757976541
0.214323511474786593 -0.648626341458328648 0.691879718038316605
0.209161525910779467 -0.647825119810587768 0.691467896140213090
0.201183259369587725 -0.646409670698527172 0.691054466548331137
0.192904849569010328 -0.644712538931202506 0.690639431757035682
0.187208663929160662 -0.643408812567426436 0.690222794270376361
0.178381719998862404 -0.641167748088259826 0.689804556602072627
0.169194132561981875 -0.638547080948082213 0.689384721275498102
0.159620321814212596 -0.635499074298044087 0.688963290823665919
0.153009880772996321 -0.633202602638397449 0.688540267789212845
0.142731397004805888 -0.629314456599569194 0.688115654724384629
0.131991372269992607 -0.624829367816961412 0.687689454191019900
0.120759615073241899 -0.619662756202172260 0.687261668760535072
0.112983548623156599 -0.615791184004561121 0.686832301013909019
0.100864933887388236 -0.609258132427163090 0.686401353541667092
0.088175835636212785 -0.601734846688869340 0.685968828943865794
0.074891570089352461 -0.593063337253499911 0.685534729830076905
0.060994134381087556 -0.583054407498625693 0.685099058819371831
0.046476653780418598 -0.571480510373560513 0.684661818540305611
0.036458222959511483 -0.562761690950739135 0.684223011630901601
0.020944476887532870 -0.547940351708712026 0.683782640738634817
0.004907594101737134 -0.530684058889595578 0.683340708520416507
-0.011532635914158096 -0.510528261165445030 0.682897217642577936
-0.028172515326799402 -0.486902542043824882 0.682452170780854406
-0.044681118043779194 -0.459102248524311751 0.682005570620368706
-0.060532830274518890 -0.426248887575932711 0.681557419855615576
-0.074897965771300201 -0.387228803739592120 0.681107721190444715
-0.086451764457507241 -0.340581198979826971 0.680656477338045240
-0.092992949175840417 -0.284246001503031809 0.680203691020928702
-0.092716104506633271 -0.239747440645455390 0.679749364970912762
-0.079717075159861539 -0.158170421333947098 0.679293501929105314
-0.031652250333750714 -0.045086201403570850 0.678836104645886729
0.211437398050961650 0.141614909702613395 0.678377175880894634
0.006474971728416212 -0.540477150736309087 0.677916718403006269
-0.070314338113833613 -0.127662785958551683 0.677454734990322271
0.014858527909949751 0.017594606249712555 0.676991228430149805
0.119416200022331179 0.103077873370967979 0.676526201518985459
0.237066133399942952 0.150326206002387580 0.676059657062499042
0.359364898188857251 0.161932198717883696 0.675591597875515815
0.511572159970837825 0.127160785550116395 0.675122026782000395
0.606273291185445706 0.072116107552131214 0.674650946615038660
0.679297458760285133 0.002168102401826799 0.674178360216821981
0.730511963185506374 -0.074180667448061122 0.673704270438628683
0.762472129657591591 -0.150438056611531368 0.673228680140807945
0.778907452227681985 -0.222467332359834902 0.672751592192761816
0.783625262581633231 -0.288122563409302423 0.672273009472928451
0.779938857358567716 -0.346649989501873312 0.671792934868764235
0.770480108640512307 -0.398139088060052604 0.671311371276726909
0.757221778472601526 -0.443121307127281761 0.670828321602257471
0.736025171652827659 -0.494222880817403232 0.670343788759763304
0.718701704773964334 -0.526866748931879902 0.669857775672599853
0.700834510038388148 -0.555419921659791704 0.669370285273053756
0.682804312047821993 -0.580503225282187230 0.668881320502324628
0.664843123386651746 -0.602656603815736047 0.668390884310507527
0.647075175442763495 -0.622344083299816053 0.667898979656575076
0.623750888443132090 -0.645436879468878288 0.667405609508359698
0.606492068462803569 -0.660821539487105425 0.666910776842535635
0.589328292864247483 -0.674868224523953342 0.666414484644600846
0.572091758667599870 -0.687833451154255537 0.665916735908859470
0.548527955348452334 -0.703853495690243580 0.665417533638403169
0.529846044437941144 -0.715232422727745343 0.664916880845093483
0.509453711969187983 -0.726364759802146542 0.664414780549543171
0.485920671879746746 -0.737578378289119430 0.663911235781098785
0.444145638123225273 -0.753345415489067527 0.663406249577821461
0.393761856361246998 -0.765883119616210362 0.662899824986468933
0.290890095436061036 -0.772176627916699942 0.662391965062477772
-0.048094204092459625 -0.584991838133286146 0.661882672869943733
0.749721112660717393 -0.472692008964127330 0.661371951481604547
0.640746308417724619 -0.646789495313033425 0.660859803978820493
0.585075176399360020 -0.695364271080403107 0.660346233451555964
0.542843142046565363 -0.724385200876842106 0.659831242998361267
0.521274424214968390 -0.737426901512305610 0.659314835726353410
0.498991147540882696 -0.749988311207628877 0.658797014751197674
0.485154766726193065 -0.757423279271403072 0.658277783197088628
0.472907319417557481 -0.763816113986530931 0.657757144196731369
0.458300930187279520 -0.771245894890304151 0.657235100891322421
0.448289683283457863 -0.776233351703522367 0.656711656430531421
0.438890289527350430 -0.780848187502136359 0.656186813972481464
0.427102946061553690 -0.786553340672271561 0.655660576683730012
0.418708743470367462 -0.790566752809110485 0.655132947739250349
0.407989372421672714 -0.795639443968829796 0.654603930322411820
0.400240554570542528 -0.799274061646224387 0.654073527624961182
0.390221328495712561 -0.803938951697816595 0.653541742847002838
0.382898844601052446 -0.807326988257248246 0.653008579196979855
0.373337645738096136 -0.811728574333211661 0.652474039891654756
0.366285394410577281 -0.814962086789017937 0.651938128156089536
0.356995280496051670 -0.819209206925003652 0.651400847223626678
0.350082122214683988 -0.822363467490526245 0.650862200335869279
0.340891668841748374 -0.826552990741238780 0.650322190742662065
0.333985919901600981 -0.829701157605073458 0.649780821702071409
0.324706361892916462 -0.833936025086436938 0.649238096480365567
0.317649188912456970 -0.837163010748059544 0.648694018351995028
0.308031610143736700 -0.841573384499658683 0.648148590599572971
0.300595085449577915 -0.844995544791514064 0.647601816513855399
0.290251653755007277 -0.849773943365531581 0.647053699393721038
0.282051657448406989 -0.853576024495102503 0.646504242546151686
0.270273912629119206 -0.859050124423444528 0.645953449286212344
0.257082491341050656 -0.865175259452879097 0.645401322937030675
0.245796345662554427 -0.870378040396734942 0.644847866829777683
0.227805875409131220 -0.878507915573455644 0.644293084303647068
0.210753288019185803 -0.885909991268874597 0.643736978705835461
0.179141941102534119 -0.898485428230934913 0.643179553391521885
0.124915648747502384 -0.915654895387686629 0.642620811723847774
0.043419705234830352 -0.929987586221246998 0.642060757073896426
-0.298095545262993977 -0.826162185836855634 0.641499392820673031
0.134006251814927896 -0.021062835295425450 0.640936722351083898
0.435649940385397616 -0.610422390385253921 0.640372749059916258
0.369910741241802898 -0.735595749715780900 0.639807476349817827
0.330898336225771805 -0.780555341833943594 0.639240907631276056
0.310906646846136003 -0.799135425072315275 0.638673046322597582
0.290718829544322044 -0.815420976984187362 0.638103895849887803
0.274824023138873885 -0.826699020686275543 0.637533459647030010
0.264642773998231440 -0.833284293102055096 0.636961741155665062
0.252595336801054171 -0.840500152919234522 0.636388743825169967
0.241751144367825355 -0.846519148244849307 0.635814471112637336
0.234173861945249362 -0.850487906307495045 0.635238926482855071
0.224602711650877529 -0.855254956728637605 0.634662113408284490
0.215469745675073321 -0.859577777950363831 0.634084035369040122
0.206636238041160047 -0.863575865357279149 0.633504695852868616
0.197993908502541061 -0.867335554796689334 0.632924098355127196
0.191582477045719735 -0.870039117076643831 0.632342246378763129
0.183060487207415024 -0.873533025758963522 0.631759143434292514
0.174492637186713706 -0.876944625572982250 0.631174793039778748
0.165788793451061567 -0.880320069583303222 0.630589198720811650
0.159108038269475505 -0.882856716701340027 0.630002364010486038
0.149888814339939225 -0.886289281384627703 0.629414292449380408
0.140145326290457894 -0.889841274066422994 0.628824987585535511
0.129608448489667238 -0.893603611355207272 0.628234452974433477
0.117842786767536956 -0.897711240116263465 0.627642692178975614
0.104078583707143180 -0.902380734201463919 0.627049708769460978
0.086794934973509485 -0.907987439247995631 0.626455506323565503
0.069572495608178464 -0.913206538971101822 0.625860088426319683
0.034116413869884066 -0.922454050089361877 0.625263458670087813
-0.045137147193611449 -0.934377673531799124 0.624665620654545006
-0.435880095474402984 -0.774681077707137788 0.624066577986656545
0.340863668656750551 -0.669192073584466751 0.623466334280656009
0.217401637102568157 -0.824912270475977372 0.622864893158023070
0.170089712313144237 -0.858315265980435615 0.622262258247461841
0.143574495549318393 -0.873085035727096281 0.621658433184878789
0.125120552264501639 -0.881841571024047033 0.621053421613361412
0.110570229774726025 -0.887929513327879727 0.620447227183155481
0.101129239610125488 -0.891527044889215192 0.619839853551643394
0.089762960881307863 -0.895525292872995426 0.619231304383322301
0.079311899218001858 -0.898912755766917426 0.618621583349781567
0.069452388770086748 -0.901882298236469149 0.618010694129680793
0.059978589645340696 -0.904549866012590131 0.617398640408728050
0.050751046759135221 -0.906989181536954403 0.616785425879656679
0.041669616155481426 -0.909249183919193182 0.616171054242203975
0.032658181208100989 -0.911363438799650094 0.615555529203088425
0.023655458381908190 -0.913355505926625844 0.614938854475987173
0.014609100868371860 -0.915242133925113888 0.614321033781514036
0.005471634585144991 -0.917035216747747683 0.613702070847196968
-0.003802599124464068 -0.918743001860552577 0.613081969407454963
-0.013260001307452085 -0.920370813915081687 0.612460733203576524
-0.022950125634443319 -0.921921433113088939 0.611838365983696564
-0.032928230515843371 -0.923395190694424217 0.611214871502773316
-0.045904376641898892 -0.925125509458309958 0.610590253522566684
-0.056783684434135673 -0.926413049152880141 0.609964515811614816
-0.068212207424722837 -0.927603234751358752 0.609337662145211567
-0.080315934223494700 -0.928678937265356330 0.608709696305383963
-0.093258764973366048 -0.929613513586150297 0.608080622080868771
-0.107259384486159459 -0.930365354587605831 0.607450443267090412
-0.122617549851286367 -0.930868272067440827 0.606819163666137418
-0.139756562678646890 -0.931013859777421793 0.606186787086739787
-0.159294748520334317 -0.930617473834172926 0.605553317344246333
-0.182171491477100489 -0.929348482198403714 0.604918758260600598
-0.209881643263712003 -0.926576063043492715 0.604283113664319305
-0.255311438586998340 -0.918874415147193702 0.603646387390467831
-0.306289870525912555 -0.905114778745367277 0.603008583280637778
-0.380911376148663272 -0.873743731316929173 0.602369705182924098
-0.497359038625217020 -0.788869833242107243 0.601729756951901340
-0.636440054739740635 -0.503417240740974159 0.601088742448600111
-0.181107457021691454 0.028253976769727601 0.600446665540484759
0.306345851470324337 -0.531545549590522248 0.599803530101429061
0.206415211008368432 -0.748551106279932710 0.599159340011693797
0.121891436776008333 -0.829068085029363022 0.598514099157902213
0.063174481649106662 -0.866179313519224281 0.597867811433017704
0.020465608014129555 -0.886283070399158546 0.597220480736319392
-0.019670381491627753 -0.900718209784071022 0.596572110973379255
-0.045241403990063156 -0.907888599231947535 0.595922706056038476
-0.067047422862044015 -0.912852298323641120 0.595272269902383133
-0.086215273992037933 -0.916392221808262741 0.594620806436721661
-0.103475532976676776 -0.918956379493154119 0.593968319589560312
-0.123103733325875486 -0.921193080633495809 0.593314813297580179
-0.137651233043968979 -0.922407934555436571 0.592660291503612213
-0.151424473325211750 -0.923226820257646463 0.592004758156615130
-0.164592225392143243 -0.923720053157661258 0.591348217211650096
-0.180392013094137105 -0.923952062350291037 0.590690672629857860
-0.192620400015307003 -0.923870961832133242 0.590032128378433995
-0.204563179322269584 -0.923578377968661601 0.589372588430605804
-0.219177562645965551 -0.922940163196663166 0.588712056765608116
-0.230673923973965134 -0.922225606580919122 0.588050537368658643
-0.242037378851547247 -0.921338279332250654 0.587388034230934886
-0.253298781135018969 -0.920283344443916351 0.586724551349549261
-0.267271376014181439 -0.918733640937413165 0.586060092727525461
-0.278392839236418832 -0.917310724682539713 0.585394662373774133
-0.289484405680643930 -0.915724983217019117 0.584728264303068901
-0.303331705437636989 -0.913511895144496266 0.584060902536021609
-0.314413476781001122 -0.911553878039798482 0.583392581099058893
-0.325512879092969276 -0.909425615385465180 0.582723304024396649
-0.339430036853137829 -0.906519446682227947 0.582053075350017379
-0.350611586073790837 -0.903991610918287725 0.581381899119644441
-0.364665474937799328 -0.900568237677215611 0.580709779382718061
-0.375982428501753951 -0.897610064789810425 0.580036720194371247
-0.387375732325767608 -0.894448053118978237 0.579362725615404806
-0.401739756947558702 -0.890194798452950575 0.578687799712263029
-0.413341074856424018 -0.886538826595760110 0.578011946557009382
-0.425051383794782467 -0.882644782154135332 0.577335170227301964
-0.439858866636198775 -0.877421804916600490 0.576657474806368309
-0.451854292676354630 -0.872940353520353707 0.575978864382981293
-0.467055174046778654 -0.866930785312342467 0.575299343051434375
-0.479397028854269769 -0.861772215581003032 0.574618914911516843
-0.495074045077902147 -0.854846899761725343 0.573937584068489048
-0.507834361330799178 -0.848891786388788039 0.573255354633057546
-0.520807555612853523 -0.842533763984399497 0.572572230721350661
-0.537352210338397418 -0.833963224309957285 0.571888216454893183
-0.550875954863604078 -0.826555483053736717 0.571203315960581826
-0.568178952484207467 -0.816521800468268499 0.570517533370660246
-0.582371773314311003 -0.807799980013297780 0.569830872822694068
-0.600598569781654268 -0.795905671594391961 0.569143338459545789
-0.615608074440050723 -0.785484549324602765 0.568454934429350356
-0.634963684370726145 -0.771139633060990981 0.567765664885489074
-0.650970609157801361 -0.758436049510452626 0.567075533986565739
-0.671700138362838706 -0.740727649573627134 0.566384545896380986
-0.688911558887826736 -0.724817906266968959 0.565692704783906763
-0.711273690749010590 -0.702261772127003026 0.565000014823262009
-0.729874940138728112 -0.681601343724278719 0.564306480193686899
-0.754016286550210468 -0.651636557154902984 0.563612105079517756
-0.773972201513214664 -0.623469908857898103 0.562916893670161955
-0.799432498924916635 -0.581355238325809043 0.562220850160072394
-0.819706559028371862 -0.540382116435765725 0.561523978748722397
-0.843415880381068184 -0.476632965704792855 0.560826283640580292
-0.858648205535818443 -0.411892088568324044 0.560127769045084101
-0.865780540209011851 -0.306642659540966367 0.559428439176616110
-0.849945805294511247 -0.196293422928211392 0.558728298254477340
-0.766367489721480055 -0.021119013730237113 0.558027350502862229
-0.593164350039200872 0.124901068969298035 0.557325600150833100
-0.181560664012806905 0.137972436536286047 0.556623051432294513
0.093927154082996692 -0.196727761103194204 0.555919708585968286
-0.121789292700324570 -0.689140067463387851 0.555215575855366850
-0.617889265276929667 -0.649183994823661736 0.554510657488768932
-0.764748747428544262 -0.215872762881008318 0.553804957739192694
-0.222955451013861772 0.122392502428568098 0.553098480864371078
0.109423798517287410 -0.170100142736323512 0.552391231126725279
0.100831155284090812 -0.518644207331002582 0.551683212793339983
-0.021936741715529839 -0.690086816401815462 0.550974430135936832
-0.116929319142638821 -0.756508638924454191 0.550264887430848670
-0.216594018535530841 -0.796569494675538725 0.549554588958994228
-0.282339064095259107 -0.810307829491335951 0.548843539005852032
-0.350874324226117695 -0.815162094928046921 0.548131741861434318
-0.407927080080131899 -0.812149229760076419 0.547419201820261936
-0.447310379890325682 -0.806349229310382110 0.546705923181337261
-0.490535184813166047 -0.796421803209195867 0.545991910248119217
-0.528558448738727260 -0.784510318079349123 0.545277167328497070
-0.556024486260583872 -0.773981463161065530 0.544561698734763899
-0.587409393084074583 -0.759884405049424116 0.543845508783591502
-0.616152887585344589 -0.744945169675654606 0.543128601796003752
-0.637609383336686153 -0.732461699658128684 0.542410982097350503
-0.662875429965438245 -0.716219526690316854 0.541692654017281949
-0.686759780000130160 -0.699238486486962851 0.540973621889721756
-0.705095163369957811 -0.685058803397406768 0.540253890052841745
-0.727314649450593986 -0.666446945103459587 0.539533462849035028
-0.749064735668509840 -0.646586926834216147 0.538812344624890471
-0.766381740852867588 -0.629501546666052181 0.538090539731165718
-0.788335753278237017 -0.606024130125413230 0.537368052522761430
-0.811292519148913538 -0.578954614119773892 0.536644887358695422
-0.831117677203764504 -0.553048524258870300 0.535921048602074901
-0.859304350416955298 -0.510792366866141934 0.535196540620071826
-0.894233986128318503 -0.443924514467877063 0.534471367783895701
-0.927641890311699635 -0.339852432535633631 0.533745534468767047
-0.828467452167178098 0.077374373029991672 0.533019045053891527
-0.183236285341378313 -0.659852644668084576 0.532291903922433307
-0.618313564509466285 -0.696519582372160606 0.531564115461488407
-0.715038669230734558 -0.645639275198791718 0.530835684062058610
-0.773277907295579880 -0.599489650845958066 0.530106614119024488
-0.807815140248408725 -0.564537962569313545 0.529376910031119641
-0.832263396389344767 -0.535439496270794457 0.528646576200903162
-0.847876490742775601 -0.514615961487704499 0.527915617034733886
-0.864327709791697596 -0.490498593712235864 0.527184036942743628
-0.878447112618341519 -0.467772237400469970 0.526451840338810095
-0.890892156631305498 -0.445957490207120610 0.525719031640530909
-0.899910719817147320 -0.428956908223103617 0.524985615269196515
-0.910227789258468367 -0.408099429955540938 0.524251595649763980
-0.919644128052227949 -0.387547864412816745 0.523516977210829459
-0.928280988300692611 -0.367202331060283105 0.522781764384602554
-0.934687726935714114 -0.351025549677196458 0.522045961606878439
-0.942121540404914692 -0.330883993631107376 0.521309573317012220
-0.948961877564445500 -0.310792789645920553 0.520572603957891289
-0.955245597670685287 -0.290720741795351456 0.519835057975908787
-0.961000824349122929 -0.270643865092640379 0.519096939820936853
-0.965239220448373292 -0.254566156163963275 0.518358253946300196
-0.970094407105935974 -0.234435995236546124 0.517619004808748007
-0.974470136615541049 -0.214257575917668031 0.516879196868428425
-0.978376872445816392 -0.194020617085799763 0.516138834588860784
-0.981822495535704443 -0.173716505455803250 0.515397922436909073
-0.984250902163338770 -0.157419871815461687 0.514656464882754738
-0.986879685570687171 -0.136976888481621262 0.513914466399869707
-0.989058843900021301 -0.116448158792026912 0.513171931464990072
-0.990789392217461096 -0.095828198223517569 0.512428864558087671
-0.992070927992829699 -0.075111836924908193 0.511685270162344774
-0.992901692614332032 -0.054294095830669187 0.510941152764125550
-0.993239718897140134 -0.037563627340197414 0.510196516852949977
-0.993250422322439874 -0.016551120155413990 0.509451366921466198
-0.992798343039805187 0.004576399462986103 0.508705707465423762
-0.991876593528443706 0.025823844041945598 0.507959542983646317
-0.990476835274029854 0.047196186985324129 0.507212877978004517
-0.988589199683113762 0.068698462115139414 0.506465716953388712
-0.986720152469601652 0.085997245025392133 0.505718064417682078
-0.983924206483614894 0.107746203758853520 0.504969924881733090
-0.980603729367583554 0.129639309328588470 0.504221302859328868
-0.976742020205147110 0.151681534743146829 0.503472202867166985
-0.972320234384320470 0.173877677771277550 0.502722629424828926
-0.967317205949562386 0.196232253885445240 0.501972587054753117
-0.961709251580994628 0.218749363270500985 0.501222080282206495
-0.955469955571401020 0.241432527701856081 0.500471113635258535
-0.950004313715349324 0.259700495619207883 0.499719691644752828
-0.942552402730994499 0.282688803462931515 0.498967818844280431
-0.934378577228370588 0.305848100791872579 0.498215499770152170
-0.925443731031992289 0.329177524104115826 0.497462738961371664
-0.915704722056661202 0.352674236397318819 0.496709540959607176
-0.905114049750110228 0.376332951541444027 0.495955910309165471
-0.893619521519752436 0.400145367556849429 0.495201851556962724
-0.881163914640139767 0.424099492678283896 0.494447369252498770
-0.867684643181873660 0.448178845517239577 0.493692467947828284
-0.856118512479189242 0.467517973122743236 0.492937152197534589
-0.840620626756943601 0.491763140260736198 0.492181426558700674
-0.823892786017100809 0.516054770134297347 0.491425295590883215
-0.805849579798617044 0.540349124896742916 0.490668763856084045
-0.786399322998094341 0.564591637820049175 0.489911835918723060
-0.765444243486165354 0.588714889418434750 0.489154516345610635
-0.742880936182665930 0.612636277125111484 0.488396809705919865
-0.718601179153873115 0.636255358042857155 0.487638720571159257
-0.692493232249972168 0.659450856227216775 0.486880253515145078
-0.664443767372079219 0.682077346428292097 0.486121413113973777
-0.634340611090938755 0.703961657875858182 0.485362203945993942
-0.602076512502991990 0.724899089035996869 0.484602630591779604
-0.574643480543598706 0.740807249517161148 0.483842697634101593
-0.538255342948566362 0.759409313204819303 0.483082409657900780
-0.499481016906465403 0.776292174581584615 0.482321771250259546
-0.458291849749952795 0.791099902623424556 0.481560787000374912
-0.414704237795877895 0.803432488378718723 0.480799461499530345
-0.368793803794799813 0.812847863461400921 0.480037799341068050
-0.320711422910453736 0.818867477259245691 0.479275805120361664
-0.270700441475261899 0.820986607112341504 0.478513483434788112
-0.219113904068618137 0.818690592806252670 0.477750838883700013
-0.166429954421535076 0.811477996483488839 0.476987876068398153
-0.113262873232463590 0.798891189297394444 0.476224599592103282
-0.060366599859133840 0.780553966366840268 0.475461014059928577
-0.008627273144023451 0.756214461022316264 0.474697124078852117
0.040958406097326649 0.725789955713496804 0.473932934257688454
0.087321077753719223 0.689408434885819155 0.473168449207061581
0.129372886393344988 0.647440350648532115 0.472403673539376345
0.166074966724750889 0.600513656515998751 0.471638611868791302
0.196512033873143366 0.549506235476656002 0.470873268811190182
0.219965091184674250 0.495512624968150905 0.470107648984154913
0.235971972171505728 0.439786103496753844 0.469341757006936922
0.244366326787035071 0.383661843780727985 0.468575597500429597
0.245288837255711101 0.328470686852123106 0.467809175087140594
0.239169214235711608 0.275454980491181833 0.467042494391163687
0.226682606588874208 0.225697273244179430 0.466275560038151071
0.208688079366897900 0.180069715245131490 0.465508376655285161
0.186158824572738996 0.139207754301978015 0.464740948871250947
0.165555051755371579 0.110223218136453152 0.463973281316208130
0.137422390303903491 0.078786572041859015 0.463205378621762642
0.107538977831278970 0.052682848206374921 0.462437245420939558
0.076775107803370143 0.031765263738227092 0.461668886348154228
0.045892615792619107 0.015763090537652590 0.460900306039185248
0.015536847724402999 0.004319069568471337 0.460131509131145422
-0.013761726887521664 -0.002977703217773302 0.459362500262455065
-0.041579203185618412 -0.006564863597706395 0.458593284072812746
-0.067585872150767751 -0.006886200036607826 0.457823865203168145
-0.091531909426901426 -0.004377053843996927 0.457054248295693633
-0.113232657253514363 0.000545046591414827 0.456284437993756620
-0.132554506263677929 0.007485403344462106 0.455514438941891142
-0.149401955782165835 0.016073676689554561 0.454744255785770268
-0.163706115303392075 0.025962653901411753 0.453973893172177512
-0.175414698141953956 0.036824810062871416 0.453203355748979131
-0.184483434888318976 0.048347008198187255 0.452432648165096596
-0.190868783323063118 0.060223470573871687 0.451661775070477334
-0.194521823286224305 0.072146924696216488 0.450890741116067750
-0.195383301453949360 0.083797574836637093 0.450119550953784642
-0.193379948838897642 0.094829252515769014 0.449348209236487384
-0.188422477451770543 0.104851729418459050 0.448576720617949509
-0.180406157000345263 0.113407700683169327 0.447805089752831120
-0.169215740280192789 0.119942337784213149 0.447033321296650354
-0.154738037732948919 0.123762573405983928 0.446261419905755630
-0.132910758328849077 0.123498849406202052 0.445489390237297223
-0.111019457937704055 0.117849565143446092 0.444717236949199513
-0.085985423677757689 0.105586315680327628 0.443944964700132727
-0.058421470256641968 0.084627557036375339 0.443172578149484575
-0.029672768221799265 0.052309660685496223 0.442400081957332769
-0.002388760478719269 0.005401117708218543 0.441627480784416215
0.018589639109941068 -0.059550993673678845 0.440854779292107424
0.025088336615925959 -0.145076466449439168 0.440081982142383921
0.004812532718433835 -0.250123977801980146 0.439309093997800659
-0.057233300072632137 -0.365553008729730733 0.438536119521461376
-0.172137401619323394 -0.469960812078191847 0.437763063376990780
-0.335338816718562804 -0.532702012584029494 0.436989930228506185
-0.519972244901991010 -0.529533891432751536 0.436216724740589701
-0.688469265945532261 -0.459941560071314093 0.435443451578259699
-0.814420516752552004 -0.346096664987264213 0.434670115406943058
-0.892023344345419411 -0.215727268098879987 0.433896720892446575
-0.929361425115485584 -0.088630707504628481 0.433123272700929207
-0.938399675062159044 0.025669040990454750 0.432349775498873712
-0.929471120911293469 0.124613657490725060 0.431576233953058608
-0.909883079657962779 0.209045691563383096 0.430802652730529700
-0.884316774334265032 0.281010014130507524 0.430029036498572770
-0.855608742743773965 0.342706607746664282 0.429255389924684039
-0.825413918950225645 0.396089115873416331 0.428481717676543417
-0.794663952847393329 0.442761938644677999 0.427708024421985300
-0.763858430253496534 0.483995611522053171 0.426934314828971262
-0.733242937979846632 0.520779171515866279 0.426160593565560908
-0.702916048891871315 0.553876736886087295 0.425386865299884787
-0.672893114316442720 0.583877014701043695 0.424613134700115247
-0.643144172142568360 0.611233213539051912 0.423839406434439070
-0.613616412764668495 0.636294034482479898 0.423065685171028827
-0.584247434506840135 0.659327318838705434 0.422291975578014622
-0.554972999585981119 0.680537968378351787 0.421518282323456672
-0.525731505974977531 0.700081512527319094 0.420744610075315939
-0.496466503016919636 0.718074407430992268 0.419970963501427319
-0.467128050465972000 0.734601893025060515 0.419197347269470222
-0.437673404282345524 0.749724026547381461 0.418423766046941481
-0.408067321895022761 0.763480351810166269 0.417650224501126266
-0.378282164187054737 0.775893544751780517 0.416876727299070882
-0.348297901015358291 0.786972288053386371 0.416103279107553403
-0.318102084231281057 0.796713563129417768 0.415329884593057030
-0.287689825677279132 0.805104500550389068 0.414556548421740223
-0.257063802052032719 0.812123895089994274 0.413783275259410332
-0.226234298716857796 0.817743466088900139 0.413010069771493848
-0.195219299153370773 0.821928924852121323 0.412236936623009365
-0.164044623747629625 0.824640896912611776 0.411463880478538657
-0.132744120276314437 0.825835736711618251 0.410690906002199319
-0.101359908064445559 0.825466264847993347 0.409918017857616057
-0.069942678234251932 0.823482452803294351 0.409145220707892665
-0.038552053332034375 0.819832076571756163 0.408372519215583762
-0.001016229140123781 0.813175970509443014 0.407599918042667209
0.030059160248375127 0.805668630135297770 0.406827421850515403
0.060851746291232578 0.796320409098023707 0.406055035299867251
0.091258914630574894 0.785077084311992301 0.405282763050800465
0.121166067829368507 0.771885895055229310 0.404510609762702811
0.150445748003773139 0.756696466160380332 0.403738580094244404
0.178956641013918505 0.739461877485682928 0.402966678703349568
0.206542452263600185 0.720139926300293887 0.402194910247168913
0.233030647044854433 0.698694640423498936 0.401423279382050524
0.258231053253204279 0.675098114340958011 0.400651790763512761
0.281934333313142993 0.649332757516802417 0.399880449046215336
0.303910345839217833 0.621394065013781582 0.399109258883932283
0.323906439015043679 0.591294044584690703 0.398338224929522700
0.341645749311032865 0.559065461402254993 0.397567351834903382
0.356825624874529401 0.524767091029762156 0.396796644251020736
0.369116358064851713 0.488490199618981435 0.396026106827822577
0.378160502089437356 0.450366493666857937 0.395255744214229765
0.383573169772796319 0.410577791946817039 0.394485561058108725
0.384943876001232976 0.369367655610081835 0.393715562006243303
0.381840695438787792 0.327055148921773842 0.392945751704306401
0.373817765667415425 0.284050761563941156 0.392176134796831943
0.360427464496621830 0.240874260521152017 0.391406715927187232
0.341238900173499671 0.198173798845577370 0.390637499737544969
0.315864611287425712 0.156744922355799093 0.389868490868854556
0.283997462062848705 0.117547120008347467 0.389099693960814785
0.245459445879078753 0.081714225759826939 0.388331113651845694
0.200263194642373937 0.050553352803832552 0.387562754579060531
0.148685084997842221 0.025525351827170091 0.386794621378237391
0.091345595309922548 0.008198536425264996 0.386026718683791847
0.029287870726463251 0.000167484901908438 0.385259051128749030
-0.035960304594665989 0.002931312234851022 0.384491623344714872
-0.102361424303919063 0.017732145098458829 0.383724439961849018
-0.167403107986876021 0.045365178306119136 0.382957505608836291
-0.216534555913731108 0.076840862160252710 0.382190824912859439
-0.271774520485950077 0.127429484055008480 0.381424402499570547
-0.317395140042003421 0.189215291677818309 0.380658242993063167
-0.350799278913326296 0.259995227804997786 0.379892351015845064
-0.370052504116970493 0.336849111265097867 0.379126731188809796
-0.374107419497345550 0.416398780811618296 0.378361388131208842
-0.362905030673622286 0.495139634872478140 0.377596326460623632
-0.337334044223142504 0.569778963189040311 0.376831550792938397
-0.299065685465748410 0.637516585828903803 0.376067065742311524
-0.250309724233408804 0.696224346140902783 0.375302875921148027
-0.193547692585844699 0.744511597342610076 0.374538985940071401
-0.131291755545433320 0.781691402266302737 0.373775400407896752
-0.065899487741479079 0.807678483874293196 0.373012123931601880
0.000545136448868999 0.822853542222653944 0.372249161116299909
0.066289556835203434 0.827922916696914757 0.371486516565211977
0.129922674955428807 0.823792862307664353 0.370724194879638425
0.190352878068910603 0.811468077642368613 0.369962200658932039
0.246768178501321156 0.791976783343464108 0.369200538500469633
0.298589253038844316 0.766320135743523090 0.368439212999625065
0.345422577580437373 0.735441637769446266 0.367678228749740488
0.387017824348048822 0.700211713352677956 0.366917590342099198
0.423231478331747790 0.661423026802848479 0.366157302365898329
0.453997197514227180 0.619792930805102227 0.365397369408220485
0.474677610216763302 0.584881154025940653 0.364637796054006091
0.495630902525013739 0.539731536941288281 0.363878586886026256
0.511185171962678320 0.493415024850837935 0.363119746484854844
0.521401650711248998 0.446440815889162013 0.362361279428840721
0.526353046332795227 0.399287883531967924 0.361603190294080168
0.526120955429444370 0.352414560550896927 0.360845483654389343
0.520795786098137037 0.306267197423038595 0.360088164081276974
0.510478828522852424 0.261287703140250405 0.359331236143916044
0.495286195502936899 0.217919792215251817 0.358574704409116762
0.475354405423987714 0.176613744509039189 0.357818573441299359
0.450847394769616938 0.137829445991240529 0.357062847802465555
0.421964724227906318 0.102037433536390082 0.356307532052171694
0.395870525267087769 0.075880544889521506 0.355552630747501208
0.359763440601379603 0.046687915831424870 0.354798148443037253
0.320107999069635663 0.021840568346424422 0.354044089690834618
0.277324131356870840 0.001814144865249639 0.353290459040392801
0.231910303952056529 -0.012937809344336582 0.352537261038628369
0.184448615926371740 -0.021999936791233105 0.351784500229847863
0.135606320832576371 -0.025014072287811565 0.351032181155719714
0.086132635296997329 -0.021700411547604680 0.350280308355247205
0.036849817215886607 -0.011879651942928154 0.349528886364741498
-0.001849106655586599 0.000705189120932074 0.348777919717793483
-0.048546073591873733 0.022289096711866137 0.348027412945247028
-0.092517301534392193 0.050176254772795248 0.347277370575171052
-0.132857490285120283 0.083999338245809629 0.346527797132833160
-0.168715675006365806 0.123230115662234629 0.345778697140671221
-0.199331476036234245 0.167189109675392467 0.345030075118266999
-0.224068936100211724 0.215065171909375324 0.344281935582318011
-0.239296069312316562 0.255574545444634871 0.343534283046611377
-0.252350421076154574 0.308150949528735230 0.342787122021995572
-0.258615689478299660 0.361941650427846928 0.342040457016353661
-0.258109848220555049 0.415945054811766912 0.341294292534576271
-0.251023955919782937 0.469203792062122982 0.340548633078533836
-0.237703283842336716 0.520838791624300912 0.339803483147050112
-0.218621355810475593 0.570076150518417535 0.339058847235874428
-0.199589254909632641 0.607298235265974373 0.338314729837655315
-0.171622608409409128 0.650670143233033849 0.337571135441912362
-0.139640484834882700 0.690159677705495689 0.336828068535010128
-0.104323538376019487 0.725487514448476700 0.336085533600130215
-0.066340525426044628 0.756494623199317928 0.335343535117245406
-0.034464254878992129 0.778150839602013145 0.334602077563091016
0.006742213659176488 0.801309202559465139 0.333861165411139194
0.048952626799250054 0.820215587749201891 0.333120803131571552
0.091679434606303734 0.835027890142692519 0.332380995191252027
0.134497409933692635 0.845948684813747409 0.331641746053699893
0.168571141177167205 0.852039562591991206 0.330903060179063069
0.210676921610210455 0.856556904033740629 0.330164942024091357
0.252001775095001268 0.857877319953903594 0.329427396042108855
0.292335944616600785 0.856263756792937869 0.328690426682987813
0.331514829927229970 0.851975378404742800 0.327954038393121539
0.361940902170470813 0.846787588607094577 0.327218235615397535
0.398748168695950422 0.838308080814705647 0.326483022789170574
0.434132293910311495 0.827823721868098605 0.325748404350236054
0.468050836820459060 0.815546565881592689 0.325014384730803463
0.494115261949088391 0.804566277534386698 0.324280968359469235
0.525352487806458046 0.789545073175478729 0.323548159661190049
0.555103593734036505 0.773239145923168003 0.322815963057256461
0.583386005933542284 0.755799977927038014 0.322084382965266092
0.604971773670757385 0.741125068574519763 0.321353423799096927
0.630680734492788053 0.721981290761603223 0.320623089968880448
0.655009305165688338 0.702052849971500748 0.319893385880975489
0.677997588031055032 0.681440132376329943 0.319164315937941478
0.695451650013025335 0.664517628032429752 0.318435884538511682
0.716135151243295409 0.642891379934127261 0.317708096077566726
0.735599747466561649 0.620805968854610923 0.316980954946108506
0.753889459480852842 0.598324639033595562 0.316254465531233042
0.767704509332410079 0.580092104947382392 0.315528632216104443
0.783988107989786243 0.557033544277251602 0.314803459379928152
0.799215492681323081 0.533717819368118573 0.314078951397925132
0.810663673592192602 0.514905811634201460 0.313355112641304667
0.824088780075735383 0.491219598163799454 0.312631947477238548
0.836564347353182303 0.467370285705926758 0.311909460268834315
0.848124842901991527 0.443383022114585024 0.311187655375109562
0.856736244188164964 0.424108413688293273 0.310466537150965005
0.866729906885169488 0.399924656218850483 0.309746109947158288
0.875893993948379967 0.375654918758019596 0.309026378110278277
0.882645863407659492 0.356186085980933098 0.308307345982718140
0.890382124622281279 0.331792880942335167 0.307589017902649531
0.897357728869384030 0.307344378508082716 0.306871398203996282
0.902404448958490590 0.287750485081527896 0.306154491216408586
0.908061349842103516 0.263218729112001004 0.305438301265236245
0.912076154631308866 0.243564224485014191 0.304722832671503130
0.916468782412621419 0.218961844870365019 0.304008089751880761
0.920178015153871431 0.194322569869330497 0.303294076818662772
0.922660717663360774 0.174584663725303124 0.302580798179738097
0.925165701910063198 0.149878346180769451 0.301868258138565604
0.927012112033968605 0.125132443788678882 0.301156460994148056
0.928018213122808744 0.105305246652614870 0.300445411041005861
0.928689070117974635 0.080479900402979920 0.299735112569151418
0.928756415426955195 0.060583582148853787 0.299025569864063145
0.928251985650364153 0.035663416287679717 0.298316787206659995
0.927088814910255188 0.010681836151840207 0.297608768873274754
0.925678659649666002 -0.009352676668327120 0.296901519135629122
0.923306975377956141 -0.034464557618107239 0.296195042260807340
0.920913177834065122 -0.054615080987656273 0.295489342511231157
0.917284479122930874 -0.079888682189116988 0.294784424144633184
0.912926280822010661 -0.105268867248223097 0.294080291414031747
0.908894631239243633 -0.125659315351359047 0.293376948567705464
0.903142892842770717 -0.151269087104491273 0.292674399849167044
0.897943696392577762 -0.171866192835500864 0.291972649497137970
0.890650952246253791 -0.197768004321750568 0.291271701745522582
0.884139056909655996 -0.218630374254016158 0.290571560823383868
0.875080277671347107 -0.244911315512443550 0.289872230954915933
0.867030849544167648 -0.266122707938393488 0.289173716359419908
0.855849943003990754 -0.292910595008612329 0.288476021251277581
0.845897575227505527 -0.314597328298019008 0.287779149839927695
0.831995981027460862 -0.342090427604088199 0.287083106329838189
0.816159336085806153 -0.370103994878953180 0.286387894920482278
0.801781014814244797 -0.392976698906396416 0.285693519806313190
0.781083999772721471 -0.422289304058858450 0.284999985176738024
0.761683398962277991 -0.446455791713016525 0.284307295216093381
0.732441559536420095 -0.477791665334585947 0.283615454103619102
0.703238230304952361 -0.503945043193055109 0.282924466013434350
0.666000925273419364 -0.531127896197809868 0.282234335114511015
0.599932583952330734 -0.565756264665922992 0.281545065570649733
0.516969336213662034 -0.589983061012852916 0.280856661540454244
0.324605312701596926 -0.580935586543381510 0.280169127177306077
0.043132579040896069 -0.358994318774988497 0.279482466629339732
0.552184778285004452 0.347834726917991000 0.278796684039418097
0.951188267134211118 -0.038794008810903891 0.278111783545106850
0.935039985074557434 -0.321572714302668095 0.277427769278649428
0.888517676982005455 -0.428444469930959970 0.276744645366942488
0.837255515402491879 -0.509652915096578507 0.276062415931510929
0.802153591317054659 -0.555651332029921674 0.275381085088483135
0.770676398722374145 -0.592867162203522868 0.274700656948565658
0.734628932337259677 -0.632036464523867969 0.274021135617018741
0.707448828791095163 -0.659567369459618247 0.273342525193631669
0.674671515381348508 -0.690746864280208039 0.272664829772698014
0.648970711333581640 -0.713753712083572633 0.271988053442990652
0.623458799865515667 -0.735397605280633693 0.271312200287737060
0.591561289043344707 -0.760848019662824226 0.270637274384595228
0.565876215113016667 -0.780085080185976554 0.269963279805628786
0.533402119709780909 -0.802860362418360785 0.269290220617281972
0.507041688414441416 -0.820121294197280526 0.268618100880355593
0.480284688181997599 -0.836556655033525054 0.267946924649982543
0.446222062721550794 -0.855952503516225982 0.267276695975603384
0.418445512262109909 -0.870546506536637565 0.266607418900941251
0.390181427608361941 -0.884307393131027242 0.265939097463978480
0.354150908172937817 -0.900308209794617786 0.265271735696931188
0.324762652255224049 -0.912119710547148466 0.264605337626225900
0.294876694498298064 -0.923022278417160780 0.263939907272474572
0.256833102044701334 -0.935326242572095179 0.263275448650450827
0.225866355905250948 -0.944070900754759190 0.262611965769065092
0.194446875274400854 -0.951803003286023519 0.261949462631341390
0.162597241858149499 -0.958488523882102150 0.261287943234391862
0.122220207508514811 -0.965321423539355017 0.260627411569394229
0.089502328469090231 -0.969526792133184268 0.259967871621566038
0.056449017129039658 -0.972574447180464485 0.259309327370142229
0.014712377872395044 -0.974704560880890081 0.258651782788349882
-0.018970206483482965 -0.975024077459668126 0.257995241843384959
-0.052875277933889631 -0.974076081323817622 0.257339708496387765
-0.086968492754007698 -0.971825585891525900 0.256685186702419799
-0.129800915713705112 -0.967124005388649177 0.256031680410439610
-0.164205768968021804 -0.961801360268673911 0.255379193563278428
-0.198711179368710134 -0.955038086172626643 0.254727730097616900
-0.233305760615670654 -0.946773904344116790 0.254077293943961557
-0.276679111293225033 -0.934212349786114338 0.253427889026620723
-0.311511347708106345 -0.922244708743902519 0.252779519263680752
-0.346521958984521483 -0.908400684816828674 0.252132188566982385
-0.381812158375425703 -0.892442529650512295 0.251485900842097765
-0.417549653918810881 -0.874005139150708210 0.250840659988306292
-0.463277476633440655 -0.846544066926232963 0.250196469898570972
-0.501271479095861783 -0.819729705679278275 0.249553334459515330
-0.541359961860136907 -0.786375859221513540 0.248911257551399867
-0.584814264704630604 -0.742113115264089962 0.248270243048098749
-0.633354651220055298 -0.676588338539420464 0.247630294817075935
-0.685716309404859614 -0.559583231285115223 0.246991416719362256
-0.681298874876711813 -0.278177236930507665 0.246353612609532258
0.263270856167166667 -0.422620457770615299 0.245716886335680784
-0.179421437817648133 -0.920977223152647073 0.245081241739399380
-0.401808078239048516 -0.895690089022366576 0.244446682655753811
-0.505214642026727945 -0.849110190891133820 0.243813212913260191
-0.568792040674840904 -0.808047003255045415 0.243180836333862671
-0.614858115363157598 -0.771869431438281017 0.242549556732909621
-0.651566716631982845 -0.738898707473317429 0.241919377919131262
-0.682527254743143130 -0.707996760277477155 0.241290303694616182
-0.709567314961408124 -0.678456886217958743 0.240662337854788411
-0.733708189895327267 -0.649838921129512026 0.240035484188385162
-0.760722977239235432 -0.614948341956392808 0.239409746477433349
-0.780265582351109321 -0.587533733988264251 0.238785128497226773
-0.798239957558223967 -0.560445686986297598 0.238161634016303414
-0.814820373273212217 -0.533617592322598533 0.237539266796423398
-0.830136523596695319 -0.507007692085196582 0.236918030592545070
-0.844288560301106328 -0.480591117872467888 0.236297929152803232
-0.857356495840331245 -0.454354606694985619 0.235678966218485830
-0.869406267958467871 -0.428292914270646197 0.235061145524012804
-0.880493753987855565 -0.402406333123423998 0.234444470796911636
-0.890667487243797518 -0.376698947188981004 0.233828945757796114
-0.899970530080292930 -0.351177388210357155 0.233214574120343354
-0.908441786584549882 -0.325849940592315312 0.232601359591271956
-0.916116935593260462 -0.300725892583517340 0.231989305870319185
-0.923029102225681797 -0.275815064035967783 0.231378416650218466
-0.929209346688777971 -0.251127462532735823 0.230768695616677788
-0.934687023872218248 -0.226673033737682494 0.230160146448356639
-0.939490050588261738 -0.202461481615748284 0.229552772816844636
-0.942665672597922555 -0.184467837191528372 0.228946578386638622
-0.946351600950524952 -0.160703507155332215 0.228341566815121244
-0.949433707711800245 -0.137206584290442302 0.227737741752538220
-0.951935953886710040 -0.113985013123246326 0.227135106841976964
-0.953881478614339029 -0.091046165678783653 0.226533665719343968
-0.955292659739785055 -0.068396829823287542 0.225933422013343488
-0.956191162856954158 -0.046043207298613831 0.225334379345455083
-0.956597981655179508 -0.023990918850688103 0.224736541329912165
-0.956533471649637423 -0.002245014499314524 0.224139911573680239
-0.956017378827140440 0.019190012738601880 0.223544493676434614
-0.955345505972017728 0.035059872702080330 0.222950291230539055
-0.954084910085301052 0.055941670333076232 0.222357307821024419
-0.952424080503269543 0.076502969840124779 0.221765547025566445
-0.950380673642810647 0.096741212661670184 0.221175012414464467
-0.947971830004711968 0.116654311535722810 0.220585707550619681
-0.945214188188758242 0.136240631553060154 0.219997635989513968
-0.942926790940797677 0.150715184567596583 0.219410801279188383
-0.939597323949356911 0.169727001834794222 0.218825206960221313
-0.935962326358410257 0.188409725877701106 0.218240856565707519
-0.932036658451592004 0.206763255249004962 0.217657753621236849
-0.927834729471616937 0.224787855876669718 0.217075901644872893
-0.924510404517723039 0.238090805068989109 0.216495304147131529
-0.919858363293314052 0.255541465868778017 0.215915964630959911
-0.914967425675692336 0.272665688556225971 0.215337886591715516
-0.909850377912006292 0.289464970960661538 0.214761073517145018
-0.905871663752135570 0.301852256325145174 0.214185528887362697
-0.900388439599592250 0.318087364251582627 0.213611256174830066
-0.894712135782697815 0.334003105886015006 0.213038258844334860
-0.890334983780904365 0.345731829585067985 0.212466540352969940
-0.884347630377477989 0.361094864173154562 0.211896104150112174
-0.878197195341388737 0.376145993689683711 0.211326953677402479
-0.871893857707540354 0.390888339211296565 0.210759092368723977
-0.867071920894473713 0.401744446530111654 0.210192523650182150
-0.860524356628672327 0.415954507394519002 0.209627250940083665
-0.853849938877289993 0.429865327665945540 0.209063277648916135
-0.848766175067458106 0.440104333193391262 0.208500607179326947
-0.841890682509391031 0.453500657942586760 0.207939242926103607
-0.834911632626700539 0.466608463371660842 0.207379188276152232
-0.829614099468646948 0.476252460012200340 0.206820446608478120
-0.822472423449027046 0.488865370038346680 0.206263021294164489
-0.817061393676204006 0.498143095850779871 0.205706915696352854
-0.809779222365346607 0.510274304020953307 0.205152133170222351
-0.802426033603521605 0.522136343536319547 0.204598677062969414
-0.796868365591280270 0.530858941343676616 0.204046550713787689
-0.789405981500751142 0.542260814484786358 0.203495757453848236
-0.783773254746837900 0.550643535810680596 0.202946300606278940
-0.776219496410226362 0.561599288525852280 0.202398183486144662
-0.770524492777835412 0.569652731189313255 0.201851409400427062
-0.762895645713365766 0.580176552692538650 0.201305981648004950
-0.757150026663082731 0.587911385859594904 0.200761903519634410
-0.749460925034549419 0.598017514387191307 0.200219178297928596
-0.741743523724785803 0.607891342894825382 0.199677809257337857
-0.735939409421334956 0.615147047442953454 0.199137799664130727
-0.728182341839246128 0.624625451839548096 0.198599152776373439
-0.722352908292147822 0.631589852569531041 0.198061871843910497
-0.716515181564625236 0.638432606858324037 0.197525960108345194
-0.708721122758650290 0.647370332516279623 0.196991420803020012
-0.702869530550889854 0.653936605804350091 0.196458257152997223
-0.695061803974135750 0.662512481974429912 0.195926472375038851
-0.689203396193480144 0.668812408615934939 0.195396069677588241
-0.681390911141993350 0.677039792088486414 0.194867052260749796
-0.675532017752999203 0.683083264926605427 0.194339423316269994
-0.667722767989234911 0.690975169145495949 0.193813186027518514
-0.661869065281409763 0.696771808915366497 0.193288343569468529
-0.656019176604964893 0.702465535348055115 0.192764899108677640
-0.648226791801215674 0.709899997440569530 0.192242855803268775
-0.642389196867077295 0.715360114439906103 0.191722216802911405
-0.634616181262219747 0.722489060939791261 0.191202985248802360
-0.628795234564848426 0.727724435309639373 0.190685164273646623
-0.622982644647912087 0.732866122866696501 0.190168757001638655
-0.615246706895655193 0.739578629214559857 0.189653766548444014
-0.609456236018268815 0.744507656533457296 0.189140196021179541
-0.603676299259636617 0.749348024920530875 0.188628048518395514
-0.595987128580535486 0.755666436400298069 0.188117327130056300
-0.590234045330615742 0.760305522423284641 0.187608034937522289
-0.584493390897363407 0.764860673802957192 0.187100175013531100
-0.578765687877028645 0.769333248746025045 0.186593750422178684
-0.571149766216635713 0.775170526700121432 0.186088764218901248
-0.565454215118000314 0.779455553751886132 0.185585219450456806
-0.559773233032357709 0.783662337739964854 0.185083119154906633
-0.552222035062230554 0.789151815933148537 0.184582466361596864
-0.546576789477611680 0.793180821273802295 0.184083264091140619
-0.540947578383038863 0.797135626405398701 0.183585515355399187
-0.535334818685274438 0.801017389554011472 0.183089223157464454
-0.529738918807685644 0.804827244500041727 0.182594390491640279
-0.522304637395793137 0.809797108733748328 0.182101020343424957
-0.516749625207319929 0.813443453457583510 0.181609115689492451
-0.511212785544903570 0.817021499206372348 0.181118679497675406
-0.505694501019853249 0.820532279823169231 0.180629714726946222
-0.500195150462977800 0.823976807598121863 0.180142224327400208
-0.492892784936413753 0.828468161817233262 0.179656211240236729
-0.487439070595142132 0.831761919825617202 0.179171678397742395
-0.482005533910166761 0.834992651559762988 0.178688628723273041
-0.476592544326643885 0.838161283135843593 0.178207065131235742
-0.471200470357334700 0.841268722527824919 0.177726990527071554
-0.465829679924923967 0.844315860229456927 0.177248407807238162
-0.460480540603369737 0.847303569941978862 0.176771319859192089
-0.455153419836377471 0.850232709241182882 0.176295729561371350
-0.449848685058806597 0.853104120264506882 0.175821639783178052
-0.444566703773409122 0.855918630385747670 0.175349053384961262
-0.437560091711820032 0.859584201766816824 0.174877973217999694
-0.432332631422078895 0.862269082798539421 0.174408402124484219
-0.427129149810852760 0.864899722839056251 0.173940342937500991
-0.421950014046926281 0.867476892997006921 0.173473798481014518
-0.416795590754399314 0.870001353126604426 0.173008771569850284
-0.411666245724638891 0.872473852450022735 0.172545265009677762
-0.406562343593088571 0.874895130157289702 0.172083281596993737
-0.401484247450692056 0.877265915997746837 0.171622824119105372
-0.396432318423027730 0.879586930846657511 0.171163895354113277
-0.391406915205012362 0.881858887253021195 0.170706498070894802
-0.386408393566262609 0.884082489960498319 0.170250635029087161
-0.381437105809321664 0.886258436412465933 0.169796308979071303
-0.378138216079946132 0.887682932993262730 0.169343522661954737
-0.373213089829618483 0.889780983878713183 0.168892278809555235
-0.368316115657996934 0.891833206170328907 0.168442580144384513
-0.363447628177873461 0.893840274383742361 0.167994429379631272
-0.358607955727793082 0.895802857707538314 0.167547829219145628
-0.353797419716217476 0.897721620347983862 0.167102782357422014
-0.349016333961853109 0.899597221841588746 0.166659291479583554
-0.344265004061019453 0.901430317326195274 0.166217359261365216
-0.339543726687484837 0.903221557806742403 0.165776988369098488
-0.336413046495685819 0.904392785046535863 0.165338181459694394
-0.331742489738732271 0.906115703284597229 0.164900941180628258
-0.327102728230376560 0.907798483839136638 0.164465270169923072
-0.322494020526463032 0.909441764163348099 0.164031171056134129
-0.317916613348968369 0.911046178328301814 0.163598646458332858
-0.313370741005963072 0.912612357102798755 0.163167698986090987
-0.310357788657631639 0.913635544417842005 0.162738331239465017
-0.305864959634115419 0.915139390419826504 0.162310545808980133
-0.301404225535745307 0.916606667217086835 0.161884345275615377
-0.296975770711882969 0.918037993686293019 0.161459732210787160
-0.294041484821692400 0.918972543056571833 0.161036709176334170
-0.289667198373900536 0.920345318611208940 0.160615278724501848
-0.285325609937958080 0.921683777869638399 0.160195443397927406
-0.281016848223342164 0.922988527236043521 0.159777205729623673
-0.278162633843026419 0.923839930245965002 0.159360568242964351
-0.273908826035381581 0.925089834079922957 0.158945533451668869
-0.269688109826841937 0.926307626924418814 0.158532103859786916
-0.266892718193093514 0.927101942072607210 0.158120281961683429
-0.262727300743059999 0.928267530859852252 0.157710070242023437
-0.258595123293233697 0.929402578800473389 0.157301471175757601
-0.255858818162140011 0.930142597252343162 0.156894487228106394
-0.251782088752836419 0.931228031918320598 0.156489120854546221
-0.247738630061382803 0.932284463701278598 0.156085374500793544
-0.245061466120376825 0.932972919390272604 0.155683250602791229
-0.241073409105568071 0.933982271938915698 0.155282751586692802
-0.238433143948429460 0.934639861100634239 0.154883879868848662
-0.234500361778326616 0.935603686503252319 0.154486637855791142
-0.230600653002755729 0.936540929746573214 0.154091027944219749
-0.228019178606180761 0.937151259285339155 0.153697052520987060
-0.224174389846953981 0.938045403361544294 0.153304713963084344
-0.221629430470376088 0.938627496233266800 0.152914014637626994
-0.217839248494018423 0.939480021588519287 0.152524956901840314
-0.215330572711196433 0.940034854785366969 0.152137543103045308
-0.211594617220045522 0.940847211576807951 0.151751775578644582
-0.209121949879254754 0.941375741434431035 0.151367656656108324
-0.205439776641438365 0.942149348146656851 0.150985188652959929
-0.203002801112623421 0.942652509446164411 0.150604373876762149
-0.199373905414474861 0.943388751617600718 0.150225214625103520
-0.196972265962555848 0.943867456782338188 0.149847713185584097
-0.193396086320463845 0.944567685859623474 0.149471871835801767
-0.191029390640275853 0.945022824239617032 0.149097692843338375
-0.188676554934396334 0.945468779635297185 0.148725178465746399
-0.185173134548213603 0.946120793832585960 0.148354330950535129
-0.182854636995425257 0.946544387614950300 0.147985152535156927
-0.179402377007259695 0.947163487432220119 0.147617645446993906
-0.177117748452525481 0.947565551252923743 0.147251811903344576
-0.174846529905525128 0.947959230419118892 0.146887654111410415
-0.171464668020705646 0.948534306431621621 0.146525174268282266
-0.169226616286842435 0.948907578314394984 0.146164374560927651
-0.167001684032180298 0.949272904811620633 0.145805257166176955
-0.163688695637877080 0.949806263140817952 0.145447824250710761
-0.161496181866211175 0.950152255889453734 0.145092077971046479
-0.159316480062332455 0.950490722789144593 0.144738020473525603
-0.156070751376496619 0.950984565993413522 0.144385653894300470
-0.153922680880288487 0.951304723270089081 0.144034980359321579
-0.151787100737252767 0.951617754468295884 0.143686001984324796
-0.149663916838269462 0.951923770191618224 0.143338720874818359
-0.146502175995698758 0.952369877763521000 0.142993139126070229
-0.144409565493048397 0.952658828189197227 0.142649258823095815
-0.142329015455237295 0.952941137675944683 0.142307082040644906
-0.140260428339111898 0.953216909669261314 0.141966610843189456
-0.138203706007260896 0.953486246041741814 0.141627847284910818
-0.135140652938852024 0.953878402816909832 0.141290793409687837
-0.133113159684911608 0.954132085602593660 0.140955451251084163
-0.131097183701310627 0.954379677080990252 0.140621822832335985
-0.129092624770543951 0.954621272169450363 0.140289910166339848
-0.127099382343332346 0.954856964269468977 0.139959715255640799
-0.125117355595392943 0.955086845277222762 0.139631240092419895
-0.122165123778157747 0.955420968340830568 0.139304486658482385
-0.120210693742981989 0.955636713894107093 0.138979456925245687
-0.118267124995905248 0.955846958315692108 0.138656152853727538
-0.116334316028376406 0.956051786883955534 0.138334576394534364
-0.114412165286070455 0.956251283444612632 0.138014729487848986
-0.112500571234186053 0.956445530422307622 0.137696614063419348
-0.110599432372374906 0.956634608837592104 0.137380232040546862
-0.108708647278852877 0.956818598320987257 0.137065585328074641
-0.106828114659616502 0.956997577126712295 0.136752675824376058
-0.104957733369355100 0.957171622149572743 0.136441505417343317
-0.103097402460603005 0.957340808938958565 0.136132075984376016
-0.101247021215382316 0.957505211714688054 0.135824389392369904
-0.099406489170616563 0.957664903383736110 0.135518447497705474
-0.097575706168853471 0.957819955554490066 0.135214252146237057
-0.095754572376085034 0.957970438554216153 0.134911805173281107
-0.093942988333090449 0.958116421443659605 0.134611108403605934
-0.092140854969138930 0.958257972034870065 0.134312163651419847
-0.090348073656797812 0.958395156905773260 0.134014972720361059
-0.088564546224942919 0.958528041418165166 0.133719537403486022
-0.086790175005543535 0.958656689733121015 0.133425859483258913
-0.085024862849444993 0.958781164828742649 0.133133940731541361
-0.084145573718827749 0.958841856780033197 0.132843782909580932
-0.082393669271801140 0.958960187580099044 0.132555387768000910
-0.080650583576477808 0.959074497534609716 0.132268757046789781
-0.078916221615195292 0.959184845608759051 0.131983892475290826
-0.077190489035893040 0.959291289660125335 0.131700795772191348
-0.075473292204388642 0.959393886454373734 0.131419468645512461
-0.073764538235219612 0.959492691682387822 0.131139912792598762
-0.072913298510581037 0.959540689572761396 0.130862129900108481
-0.071217036396495181 0.959633909562760401 0.130586121644002573
-0.069528988422677518 0.959723472624087748 0.130311889689535138
-0.067849064578346108 0.959809430821344955 0.130039435691243210
-0.067012121331119168 0.959851074092424428 0.129768761292936907
-0.065344216927622545 0.959931720435593272 0.129499868127689266
-0.063684215680867740 0.960008887748406092 0.129232757817826449
-0.062032030912548108 0.960082624679173269 0.128967431974918306
-0.061208842899548754 0.960118221697394469 0.128703892199768077
-0.059568222583851249 0.960186902227034067 0.128442140082403289
-0.057935206634436132 0.960252269936621161 0.128182177202065650
-0.057121524340754293 0.960283725720668224 0.127924005127202034
-0.055499759844104268 0.960344209140351790 0.127667625415454483
-0.053885394637904427 0.960401491724341305 0.127413039613651358
-0.053080961742495991 0.960428946265106553 0.127160249257797620
-0.051477546008958985 0.960481508512995963 0.126909255873065646
-0.049881332132660827 0.960530976612225196 0.126660060973786071
-0.049085901870916770 0.960554563279104046 0.126412666063438650
-0.047500347415646627 0.960599467262563955 0.126167072634643274
-0.046710204562460389 0.960620794600513417 0.125923282169150691
-0.045135141616689523 0.960661224667248792 0.125681296137833798
-0.043566982109353780 0.960698720977625653 0.125441116000678810
-0.042785468903012214 0.960716380949609650 0.125202743206776296
-0.041227531917077787 0.960749548088726479 0.124966179194312452
-0.040451090969948533 0.960765064549578218 0.124731425390560466
-0.038903221958813572 0.960793986169201863 0.124498483211871971
-0.038131777326725402 0.960807400368531184 0.124267354063668414
-0.036593827144090429 0.960832157841935652 0.124038039340432532
-0.035827305639568652 0.960843509914473537 0.123810540425700069
-0.034299130714632975 0.960864182435112180 0.123584858692051325
-0.033537461987076023 0.960873511450397233 0.123360995501102993
-0.032777395724982006 0.960882174618418294 0.123138952203499741
-0.031262041205820434 0.960897520142449224 0.122918730138906251
-0.030506738525185539 0.960904210774771506 0.122700330635999083
-0.029000847145867703 0.960915648210821649 0.122483755012458659
-0.028250244720182671 0.960920403085654851 0.122269004574961190
-0.026753692973699228 0.960928005081121084 0.122056080619171087
-0.026007730644213245 0.960930860079048710 0.121844984429732739
-0.025263302204109550 0.960933089610374935 0.121635717280263234
-0.023779022307864772 0.960935687692465956 0.121428280433344166
-0.023039158823242423 0.960936063879889169 0.121222675140514505
-0.022300805166889870 0.960935829875309899 0.121018902642262602
-0.020828604672664952 0.960933546256094173 0.120816964168019139
-0.020094746814006248 0.960931504057859209 0.120616860936149317
-0.019362376751389632 0.960928866501704171 0.120418594153945749
-0.018631489295715731 0.960925637232101448 0.120222165017621091
-0.017174142127305947 0.960917418009430424 0.120027574712300855
-0.016447672698936544 0.960912435226145112 0.119834824412016289
-0.015722666451118916 0.960906875070299815 0.119643915279697144
-0.014999118861946936 0.960900741071155862 0.119454848467164781
-0.013556382227291663 0.960886765554129330 0.119267625115125314
-0.012837184810409574 0.960878930991434954 0.119082246353162544
-0.012119429300947504 0.960870536496743588 0.118898713299731174
-0.011403111856853332 0.960861585499866111 0.118717027062150135
-0.010688228760013796 0.960852081412402304 0.118537188736595883
-0.009262751474306719 0.960831427526459780 0.118359199408095833
-0.008552150553790716 0.960820284466994079 0.118183060150521657
-0.007842970522378534 0.960808601796229844 0.118008772026582914
-0.007135208363718559 0.960796382845218400 0.117836336087820667
-0.006428861192760982 0.960783630930589050 0.117665753374601195
-0.005723926271990587 0.960770349355429820 0.117497024916109374
-0.005020400995148111 0.960756541409586218 0.117330151730342946
-0.004318282902470161 0.960742210370570726 0.117165134824105996
-0.003617569666651665 0.960727359503798839 0.117001975193003135
-0.002918259102663467 0.960711992063513209 0.116840673821433358
-0.002220349167560864 0.960696111293260158 0.116681231682584041
-0.001523837955460350 0.960679720426390493 0.116523649738425272
-0.000828723691637723 0.960662822686509377 0.116367928939703880
-0.000135004753027079 0.960645421288514711 0.116214070225937813
0.000557320357131241 0.960627519438560062 0.116062074525410328
0.001248252990450782 0.960609120335094602 0.115911942755164490
0.001937794358079725 0.960590227169288768 0.115763675820997711
0.002625945545516095 0.960570843125238438 0.115617274617456051
0.003312707492289790 0.960550971381027408 0.115472740027829104
0.003998081008246057 0.960530615108622365 0.115330072924144461
0.004682066756451997 0.960509777475428539 0.115189274167162514
0.005364665281268444 0.960488461643458247 0.115050344606371285
0.006045876978400810 0.960466670770957709 0.114913285079981331
0.006725702123179411 0.960444408012120276 0.114778096414920497
0.007404140848402407 0.960421676518214751 0.114644779426829185
0.007404140848402407 0.960421676518214751 0.114513334920055415
0.008081193153962829 0.960398479437776897 0.114383763687649603
0.008756858922846333 0.960374819916666844 0.114256066511360263
0.009431137893252006 0.960350701099397241 0.114130244161628980
0.010104029680837179 0.960326126128836499 0.114006297397585929
0.010775533780839175 0.960301098146808196 0.113884226967045130
0.010775533780839175 0.960301098146808196 0.113764033606500142
0.011445649546253600 0.960275620295124366 0.113645718041119337
0.012114376217116585 0.960249695715074347 0.113529280984741868
0.012781712905018783 0.960223327548447969 0.113414723139873122
0.012781712905018783 0.960223327548447969 0.113302045197680529
0.013447658599928414 0.960196518937748378 0.113191247837989437
0.014112212171343730 0.960169273026527659 0.113082331729278909
0.014112212171343730 0.960169273026527659 0.112975297528677909
0.014775372371404472 0.960141592959744439 0.112870145881961009
0.015437137822678137 0.960113481884668829 0.112766877423544909
0.015437137822678137 0.960113481884668829 0.112665492776484119
0.016097507047608761 0.960084942950080400 0.112565992552467672
0.016756478434511612 0.960055979308136020 0.112468377351815099
0.016756478434511612 0.960055979308136020 0.112372647763472971
0.017414050274773996 0.960026594113105092 0.112278804365011281
0.018070220742635812 0.959996790522696264 0.112186847722619942
0.018070220742635812 0.959996790522696264 0.112096778391105545
0.018724987898673495 0.959966571698282367 0.112008596913887773
0.018724987898673495 0.959966571698282367 0.111922303822996186
0.019378349694908537 0.959935940805013654 0.111837899639067123
0.019378349694908537 0.959935940805013654 0.111755384871340541
0.020030303978359754 0.959904901012045286 0.111674760017656721
0.020030303978359754 0.959904901012045286 0.111596025564453569
0.020680848500014226 0.959873455492466610 0.111519181986763555
0.020680848500014226 0.959873455492466610 0.111444229748210735
0.021329980892217160 0.959841607424739562 0.111371169301008127
0.021329980892217160 0.959841607424739562 0.111300001085954892
0.021977698694549741 0.959809359991584010 0.111230725532433697
0.021977698694549741 0.959809359991584010 0.111163343058408165
0.022623999351527868 0.959776716380883022 0.111097854070420235
0.022623999351527868 0.959776716380883022 0.111034258963587817
0.022623999351527868 0.959776716380883022 0.110972558121602394
0.023268880206311737 0.959743679785794890 0.110912751916726629
0.023268880206311737 0.959743679785794890 0.110854840709792277
0.023912338503565223 0.959710253405233304 0.110798824850197819
0.023912338503565223 0.959710253405233304 0.110744704675906469
0.023912338503565223 0.959710253405233304 0.110692480513444172
0.024554371409419351 0.959676440443006373 0.110642152677897440
0.024554371409419351 0.959676440443006373 0.110593721472911730
0.024554371409419351 0.959676440443006373 0.110547187190689372
0.025194975981419176 0.959642244109678466 0.110502550111987896
0.025194975981419176 0.959642244109678466 0.110459810506118417
0.025194975981419176 0.959642244109678466 0.110418968630943887
0.025194975981419176 0.959642244109678466 0.110380024732877557
0.025834149208166457 0.959607667620933080 0.110342979046881562
0.025834149208166457 0.959607667620933080 0.110307831796465444
0.025834149208166457 0.959607667620933080 0.110274583193684828
0.025834149208166457 0.959607667620933080 0.110243233439140137
0.025834149208166457 0.959607667620933080 0.110213782721975392
0.026471887973075869 0.959572714199391941 0.110186231219877029
0.026471887973075869 0.959572714199391941 0.110160579099072869
0.026471887973075869 0.959572714199391941 0.110136826514331099
0.026471887973075869 0.959572714199391941 0.110114973608959388
0.026471887973075869 0.959572714199391941 0.110095020514803896
0.026471887973075869 0.959572714199391941 0.110076967352248589
0.026471887973075869 0.959572714199391941 0.110060814230214563
0.026471887973075869 0.959572714199391941 0.110046561246159164
0.027108189091362922 0.959537387073253756 0.110034208486075674
0.027108189091362922 0.959537387073253756 0.110023756024492547
0.027108189091362922 0.959537387073253756 0.110015203924473198
0.027108189091362922 0.959537387073253756 0.110008552237615381
0.027108189091362922 0.959537387073253756 0.110003801004051049
0.027108189091362922 0.959537387073253756 0.110000950252446050
0.027108189091362922 0.959537387073253756 0.110000000000000001
