-0.459761279436678050 0.862972569781838006 0.739999999999999991
-0.459761279436678050 0.862972569781838006 0.739999049747553928
-0.453203692899646016 0.865963441458223460 0.739996198995948928
-0.453203692899646016 0.865963441458223460 0.739991447762384680
-0.453203692899646016 0.865963441458223460 0.739984796075526807
-0.453203692899646016 0.865963441458223460 0.739976243975507431
-0.453203692899646016 0.865963441458223460 0.739965791513924276
-0.453203692899646016 0.865963441458223460 0.739953438753840897
-0.453203692899646016 0.865963441458223460 0.739939185769785457
-0.453203692899646016 0.865963441458223460 0.739923032647751389
-0.453203692899646016 0.865963441458223460 0.739904979485196068
-0.453203692899646016 0.865963441458223460 0.739885026391040590
-0.453203692899646016 0.865963441458223460 0.739863173485668879
-0.453203692899646016 0.865963441458223460 0.739839420900927136
-0.447099511507508540 0.868682047244089484 0.739813768780122949
-0.447099511507508540 0.868682047244089484 0.739786217278024627
-0.447099511507508540 0.868682047244089484 0.739756766560859869
-0.447099511507508540 0.868682047244089484 0.739725416806315206
-0.447099511507508540 0.868682047244089484 0.739692168203534561
-0.441372910959310805 0.871177680117085074 0.739657020953118471
-0.441372910959310805 0.871177680117085074 0.739619975267122420
-0.441372910959310805 0.871177680117085074 0.739581031369056063
-0.441372910959310805 0.871177680117085074 0.739540189493881561
-0.441372910959310805 0.871177680117085074 0.739497449888012137
-0.435963155117657375 0.873488364786563554 0.739452812809310633
-0.435963155117657375 0.873488364786563554 0.739406278527088290
-0.435963155117657375 0.873488364786563554 0.739357847322102524
-0.430821013940950015 0.875643865412993105 0.739307519486555820
-0.430821013940950015 0.875643865412993105 0.739255295324093509
-0.430821013940950015 0.875643865412993105 0.739201175149802103
-0.425906149642341636 0.877667784824570418 0.739145159290207743
-0.425906149642341636 0.877667784824570418 0.739087248083273307
-0.425906149642341636 0.877667784824570418 0.739027441878397529
-0.421185180310704343 0.879579058234220335 0.738965741036412216
-0.421185180310704343 0.879579058234220335 0.738902145929579812
-0.421185180310704343 0.879579058234220335 0.738836656941591730
-0.416630225544044830 0.881393034693751076 0.738769274467566239
-0.416630225544044830 0.881393034693751076 0.738699998914045142
-0.412217800138501456 0.883122272480769577 0.738628830698991878
-0.412217800138501456 0.883122272480769577 0.738555770251789201
-0.412217800138501456 0.883122272480769577 0.738480818013236395
-0.407927962688606427 0.884777132474082961 0.738403974435546395
-0.407927962688606427 0.884777132474082961 0.738325239982343340
-0.403743653277380266 0.886366226617343989 0.738244615128659576
-0.403743653277380266 0.886366226617343989 0.738162100360932882
-0.399650173101074202 0.887896760904889892 0.738077696177003806
-0.399650173101074202 0.887896760904889892 0.737991403086112219
-0.395634771819166509 0.889374800568740298 0.737903221608894433
-0.395634771819166509 0.889374800568740298 0.737813152277379980
-0.391686317512927928 0.890805477166407678 0.737721195634988725
-0.391686317512927928 0.890805477166407678 0.737627352236526979
-0.387795030535500074 0.892193151814766772 0.737531622648184837
-0.383952267333359798 0.893541544913940333 0.737434007447532291
-0.383952267333359798 0.893541544913940333 0.737334507223515900
-0.380150343541919900 0.894853840078785767 0.737233122576455124
-0.380150343541919900 0.894853840078785767 0.737129854118038996
-0.376382388297301584 0.896132767980603706 0.737024702471322124
-0.372642223447205656 0.897380674451038196 0.736917668270721027
-0.372642223447205656 0.897380674451038196 0.736808752162010583
-0.368924262837961703 0.898599576110549747 0.736697954802319477
-0.365223427857925331 0.899791206060735593 0.736585276860126870
-0.365223427857925331 0.899791206060735593 0.736470719015258179
-0.361535076173418402 0.900957051612516047 0.736354281958880641
-0.357854941332227450 0.902098385549957360 0.736235966393499863
-0.357854941332227450 0.902098385549957360 0.736115773032954834
-0.354179081284953345 0.903216292142997812 0.735993702602414035
-0.350503834285036842 0.904311688856077378 0.735869755838370998
-0.346825780932957684 0.905385344501597911 0.735743933488639756
-0.346825780932957684 0.905385344501597911 0.735616236312350402
-0.343141711351068801 0.906437894442369774 0.735486665079944646
-0.339448596634627786 0.907469853334334831 0.735355220573170709
-0.335743563954611135 0.908481625783023494 0.735221903585079439
-0.335743563954611135 0.908481625783023494 0.735086714920018758
-0.332023874655477447 0.909473515265129429 0.734949655393628665
-0.328286905011292873 0.910445731521680512 0.734810725832837464
-0.324530129101052278 0.911398396693719581 0.734669927075855544
-0.320751103602705423 0.912331550325094942 0.734527259972170943
-0.316947454163291231 0.913245153398058451 0.734382725382543899
-0.316947454163291231 0.913245153398058451 0.734236324179002309
-0.313116863133604373 0.914139091507672918 0.734088057244835501
-0.309257058452041655 0.915013177283209522 0.733937925474589692
-0.305365803564612182 0.915867152105748095 0.733785929774062096
-0.301440888168880594 0.916700687215512122 0.733632071060296154
-0.297480119700217038 0.917513384242340635 0.733476350261574761
-0.293481315448863134 0.918304775197578027 0.733318768317415937
-0.289442295221447821 0.919074321962067509 0.733159326178566717
-0.285360874454329005 0.919821415292682687 0.732998024806996828
-0.281234857713105524 0.920545373363677810 0.732834865175894024
-0.277062032549084458 0.921245439840353342 0.732669848269657087
-0.272840163607405151 0.921920781510357390 0.732502975083890617
-0.268566986995582679 0.922570485445132538 0.732334246625398921
-0.264240204830210268 0.923193555707771729 0.732163663912179352
-0.259857479975935501 0.923788909572336392 0.731991227973417091
-0.255416430882808798 0.924355373262699898 0.731816939849478376
-0.250914626572030564 0.924891677167856918 0.731640800591904172
-0.246349581675799956 0.925396450524236802 0.731462811263404067
-0.241718751576249391 0.925868215524086935 0.731282972937849940
-0.237019527571912997 0.926305380822780355 0.731101286700268749
-0.232249232133229733 0.926706234394944373 0.730917753646837420
-0.227405114146482457 0.927068935704539410 0.730732374884874636
-0.222484344242790205 0.927391507131626658 0.730545151532835280
-0.217484010114458753 0.927671824597129380 0.730356084720302889
-0.212401111913663287 0.927907607325914041 0.730165175587983772
-0.207232557678567575 0.928096406674126184 0.729972425287699123
-0.196625625711710883 0.928322347090350886 0.729777834982378915
-0.191180563332214726 0.928353636251677994 0.729581405846054243
-0.185636467152808127 0.928326207948138027 0.729383139063850661
-0.179989719078973487 0.928236567889344055 0.729183035831980852
-0.174236583735382589 0.928080962215564798 0.728981097357737307
-0.162395602830854746 0.927555416279732481 0.728777324859485542
-0.156299670823515313 0.927176477137936050 0.728571719566655895
-0.150081173985581851 0.926713523845669851 0.728364282719736744
-0.143735747465519592 0.926161158655350203 0.728155015570267294
-0.137258896075234893 0.925513570362435978 0.727943919380828919
-0.123892290789697490 0.923907203014208700 0.727730995425038829
-0.116992906385285422 0.922934409036071379 0.727516244987541416
-0.109942844585452892 0.921838276591018024 0.727299669364000922
-0.102736996250232693 0.920610344771183420 0.727081269861093782
-0.087837005570855831 0.917721818665734324 0.726861047796500293
-0.080132189881674643 0.916040703088032204 0.726639004498896957
-0.072250278723400674 0.914186613835366257 0.726415141307948709
-0.055933379281207118 0.909908670537035280 0.726189459574299923
-0.047487552822046031 0.907456761032094272 0.725961960659567529
-0.038843041885157470 0.904775582991764749 0.725732645936331688
-0.020937591785777698 0.898655649174563642 0.725501516788128020
-0.011667102722321188 0.895178342946422956 0.725268574609439609
0.007530377573871816 0.887280354803053117 0.725033820805687568
0.017464099723698279 0.882810684589056205 0.724797256793223710
0.027624362064707308 0.877957827115752876 0.724558883999321224
0.048627996108314420 0.866980700058355369 0.724318703862166235
0.059469713657130330 0.860789224706799638 0.724076717830849370
0.081815461914953813 0.846811751413725444 0.723832927365356760
0.093305602375003072 0.838941272208334032 0.723587333936561383
0.104993107267164265 0.830421264634243705 0.723339939026213963
0.128895446049003937 0.811227084629733586 0.723090744126934415
0.141066215271053619 0.800441290409318773 0.722839750742202303
0.165693010882129288 0.776186770777777646 0.722586960386348620
0.178065818666178155 0.762585765045748376 0.722332374584545467
0.202654108966057844 0.732084260019437494 0.722075994872797944
0.214726221571920284 0.715036992458442544 0.721817822797934383
0.237967541799703447 0.676979730709285965 0.721557859917596800
0.259206895873892340 0.633171930535866734 0.721296107800231900
0.268707253937811696 0.608958928824310686 0.721032568025081755
0.284552899415796146 0.555708420603831299 0.720767242182173473
0.290467217198304872 0.526643194373913826 0.720500131872310767
0.297048594745897065 0.463766275686567364 0.720231238707063071
0.297172900232468007 0.430115549571724043 0.719960564308756767
0.289665492981906858 0.359139574785399818 0.719688110310464868
0.269974036341783519 0.284910593852862493 0.719413878355997460
0.254956435182265684 0.247421232090392629 0.719137870099891496
0.213782237538723108 0.173894491061919287 0.718860087207401133
0.187522420076211394 0.138877886304868997 0.718580531354487628
0.124093277019461018 0.075060964927919943 0.718299204227808685
0.047897627262877961 0.023029084356229825 0.718016107524709124
0.006048818445689685 0.002556278316389790 0.717731242953210224
-0.082409092112585888 -0.025798355156663347 0.717444612231999179
-0.173138727356621613 -0.036637328135981702 0.717156217090419101
-0.261401667704693974 -0.030650324013800259 0.716866059268458589
-0.303335096398867632 -0.021980708446412089 0.716574140516741065
-0.380912263749361601 0.004882530178051347 0.716280462596514012
-0.448548308679993957 0.041677610648739483 0.715985027279638975
-0.478347306116104876 0.062762067178331937 0.715687836348580131
-0.529889054906157675 0.108408575354495773 0.715388891596394072
-0.571200110943490325 0.156556898061140565 0.715088194826718926
-0.603285875191697851 0.205177281161195990 0.714785747853762921
-0.627368924841033238 0.252820843020046926 0.714481552502294504
-0.636804281646727310 0.275961586872462528 0.714175610607630129
-0.651218658483082802 0.320474522250548066 0.713867924015623934
-0.660610799832306306 0.362314761830231147 0.713558494582656633
-0.665955551601409290 0.401304328230995100 0.713247324175623976
-0.668076585409768997 0.437425587685089878 0.712934414671925309
-0.667655342558476694 0.470763344910317738 0.712619767959453143
-0.666669365512194689 0.486432414662858026 0.712303385936580713
-0.663441901991716820 0.515878965336839412 0.711985270512151103
-0.658865046250451059 0.542960297239057255 0.711665423605465697
-0.653258916949738921 0.567868971670996592 0.711343847146272412
-0.646877736131150072 0.590794171549350433 0.711020543074754374
-0.639922630404012538 0.611916005389082196 0.710695513341517593
-0.632552214005634994 0.631402440532948916 0.710368759907580083
-0.624891204055028071 0.649407949118520511 0.710040284744359096
-0.617037362049654869 0.666073236360825827 0.709710089833660129
-0.609067048831625435 0.681525625528265233 0.709378177167664048
-0.601039650561563832 0.695879817140439783 0.709044548748915870
-0.593001095830920422 0.709238838325778942 0.708709206590312113
-0.584986646542248190 0.721695065363789467 0.708372152715089243
-0.577023111335356997 0.733331246906745005 0.708033389156810689
-0.569130601102786238 0.744221485336463595 0.707692917959355072
-0.561323922028241218 0.754432152810469714 0.707350741176904108
-0.553613681731158325 0.764022731185293402 0.707006860873929721
-0.546007168418469302 0.773046572551596811 0.706661279125181618
-0.538509050220389196 0.781551581946634100 0.706313998015675182
-0.531121931911379463 0.789580826539471703 0.705965019640678482
-0.523846798449958184 0.797173076808641246 0.705614346105699508
-0.516683368474635363 0.804363285954347695 0.705261979526474403
-0.509630376068353375 0.811183013786929585 0.704907922028953582
-0.502685795295657711 0.817660801105141499 0.704552175749289300
-0.495847018979790721 0.823822500166888405 0.704194742833822995
-0.489111000805386997 0.829691566424002769 0.703835625439072410
-0.482474368035836709 0.835289316100180312 0.703474825731717712
-0.475933510564118145 0.840635153801923551 0.703112345888589618
-0.466293507729771517 0.848219858228700940 0.702748188096655402
-0.459975327128474221 0.853010020588292783 0.702382354553006127
-0.453739296609367793 0.857603838508778749 0.702014847464843106
-0.447581406735790277 0.862014296762205756 0.701645669049464793
-0.441497642492687636 0.866253328035649028 0.701274821534253578
-0.435483997381761745 0.870331917832432467 0.700902307156661686
-0.426586283181735693 0.876170926075836687 0.700528128164198294
-0.420730533099663129 0.879891077296431123 0.700152286814415881
-0.414931039614305497 0.883483045056705829 0.699774785374896457
-0.409183889827177960 0.886954581211335635 0.699395626123237801
-0.400652780834456934 0.891951725116087557 0.699014811347040133
-0.395019437303791576 0.895152701825140618 0.698632343343891682
-0.389424785868964118 0.898256485291275220 0.698248224421355368
-0.383864891597289981 0.901268797843848057 0.697862456896954697
-0.375581501088521175 0.905627467773083561 0.697475043098159664
-0.370090952162481279 0.908434047027896874 0.697085985362372984
-0.364620912849732415 0.911166800488963036 0.696695286036915662
-0.356444854838806502 0.915137300058508352 0.696302947479013001
-0.351006910922890603 0.917704783457515605 0.695908972055780284
-0.345573647034648102 0.920213453816518756 0.695513362144208891
-0.340140035476498626 0.922667299320466539 0.695116120131151316
-0.331977175792446677 0.926253808639995957 0.694717248413307176
-0.326518466175548139 0.928587600146153935 0.694316749397208888
-0.318289071796728384 0.932012107114870814 0.693914625499206461
-0.312764730489444920 0.934250031111214962 0.693510879145453840
-0.307200502503425565 0.936456581218834905 0.693105512771893584
-0.298759080402746569 0.939716799688873672 0.692698528824242432
-0.293052569451949130 0.941863723924947438 0.692289929757976541
-0.284343073573179284 0.945056423595736272 0.691879718038316605
-0.278415032704386001 0.947174278953276105 0.691467896140213090
-0.272368781597318366 0.949290645172785941 0.691054466548331137
-0.263029590129856938 0.952477498498080166 0.690639431757035682
-0.256584240712475209 0.954621876516534740 0.690222794270376361
-0.246501303047605119 0.957891897592118013 0.689804556602072627
-0.239437595966662503 0.960124330296576844 0.689384721275498102
-0.228180781919092190 0.963587133008917629 0.688963290823665919
-0.220117667739770484 0.965997675607896067 0.688540267789212845
-0.206901727887039977 0.969822812806827028 0.688115654724384629
-0.197105218683168271 0.972554247054782328 0.687689454191019900
-0.180314247628719670 0.977014071112015547 0.687261668760535072
-0.167157652669564394 0.980293322071305373 0.686832301013909019
-0.142846547900147836 0.985785113552166248 0.686401353541667092
-0.121884766157751900 0.989853886723975451 0.685968828943865794
-0.077411030682810966 0.996172572469430140 0.685534729830076905
-0.031330048632312424 0.999106733202578035 0.685099058819371831
0.100145578437264904 0.985479989208887464 0.684661818540305611
0.443627187112246579 0.703262845889537802 0.684223011630901601
-0.078538969225531274 0.004599667786492324 0.683782640738634817
-0.481160305395301913 0.654869298605774475 0.683340708520416507
-0.412371651402361761 0.786872944787062156 0.682897217642577936
-0.343604927701451734 0.861786872514283209 0.682452170780854406
-0.301528649413477901 0.894243115797869303 0.682005570620368706
-0.281177289271081043 0.907136749851792601 0.681557419855615576
-0.257198103580574988 0.920187657976277329 0.681107721190444715
-0.238077260062190932 0.929005757751541816 0.680656477338045240
-0.227072286516136868 0.933463430558165275 0.680203691020928702
-0.212343729686303662 0.938746696316837381 0.679749364970912762
-0.199125516135911174 0.942847138105243121 0.679293501929105314
-0.190916393620677527 0.945100939668377049 0.678836104645886729
-0.179265806778969916 0.947931102347590704 0.678377175880894634
-0.168204761471587139 0.950235450273084647 0.677916718403006269
-0.161071599279145161 0.951532453872745654 0.677454734990322271
-0.150634554373611951 0.953174145737107570 0.676991228430149805
-0.140419860699983245 0.954497652059816182 0.676526201518985459
-0.130342711572542347 0.955539630102555382 0.676059657062499042
-0.123666058129535517 0.956090252644628880 0.675591597875515815
-0.113667936406950720 0.956712175536311715 0.675122026782000395
-0.103641458583165702 0.957097468651309735 0.674650946615038660
-0.093536132278802808 0.957249405224970706 0.674178360216821981
-0.086731716152833538 0.957220040481108536 0.673704270438628683
-0.076388874961472675 0.956974774804892792 0.673228680140807945
-0.065840295250232550 0.956477312601921592 0.672751592192761816
-0.055036773034190467 0.955710300373395105 0.672273009472928451
-0.043926019945378203 0.954650033118760621 0.671792934868764235
-0.032451239364840734 0.953265460776360873 0.671311371276726909
-0.024568414583417353 0.952142987573101562 0.670828321602257471
-0.012343516064182325 0.950124145355180527 0.670343788759763304
0.000431220314103364 0.947649422566132826 0.669857775672599853
0.013843943194104924 0.944643513634630283 0.669370285273053756
0.027996691558692055 0.941010424759086694 0.668881320502324628
0.043008497820248903 0.936626941687571435 0.668390884310507527
0.059019036540262027 0.931333475364397811 0.667898979656575076
0.070327657899639573 0.927198308801697180 0.667405609508359698
0.088382628194027535 0.919891233668265418 0.666910776842535635
0.107942452108637676 0.910952612770586589 0.666414484644600846
0.129258850671000958 0.899924772027312914 0.665916735908859470
0.152619195973124011 0.886175795398399413 0.665417533638403169
0.178336857720292452 0.868817835013746320 0.664916880845093483
0.206718804529805955 0.846580806400010877 0.664414780549543171
0.237980614804207180 0.817615960510148065 0.663911235781098785
0.272041244541097960 0.779193470358055196 0.663406249577821461
0.308043878670891558 0.727259229150035491 0.662899824986468933
0.343260329895648586 0.655885776021193023 0.662391965062477772
0.370676479024562022 0.557007014997108474 0.661882672869943733
0.374212755384599083 0.422146282668914741 0.661371951481604547
0.322200258511576632 0.251398547845175957 0.660859803978820493
0.171078018606402565 0.077627904847462181 0.660346233451555964
-0.088114630086122081 -0.012702945438530549 0.659831242998361267
-0.365452565014370678 0.055633422366839186 0.659314835726353410
-0.544000209948146907 0.238595520672188394 0.658797014751197674
-0.605094547959852402 0.434269411916776371 0.658277783197088628
-0.595072950158472835 0.590302001656662245 0.657757144196731369
-0.555423485843296150 0.701909147886644047 0.657235100891322421
-0.507750493970825389 0.779434221757409396 0.656711656430531421
-0.460993873267554921 0.833493471463441327 0.656186813972481464
-0.404974161082312656 0.882038461040622557 0.655660576683730012
-0.368311029891014052 0.907033820517809786 0.655132947739250349
-0.335858586853377994 0.925599359528686216 0.654603930322411820
-0.307067216798194764 0.939638020610367497 0.654073527624961182
-0.281391044518758848 0.950421865586241421 0.653541742847002838
-0.258345473272847848 0.958818163555145375 0.653008579196979855
-0.237519525839992751 0.965430109484247789 0.652474039891654756
-0.218571468530237067 0.970685348966939920 0.651938128156089536
-0.195748458563156369 0.976103090737521883 0.651400847223626678
-0.180169837921394016 0.979254883379300778 0.650862200335869279
-0.165706446140648056 0.981800576614373477 0.650322190742662065
-0.152208698837086986 0.983856800617762928 0.649780821702071409
-0.139551794057080347 0.985513242021632596 0.649238096480365567
-0.123805382457474633 0.987218323968236056 0.648694018351995028
-0.112731225137228108 0.988188068548037757 0.648148590599572971
-0.102207652885179578 0.988938755518848911 0.647601816513855399
-0.092174063710192433 0.989502899959973981 0.647053699393721038
-0.082578434774836951 0.989906861763944046 0.646504242546151686
-0.070388848034080076 0.990232964369609614 0.645953449286212344
-0.061650798016291364 0.990340449686453073 0.645401322937030675
-0.053222759460257008 0.990346032719884417 0.644847866829777683
-0.045076391379750613 0.990261260325875470 0.644293084303647068
-0.034610087730547356 0.990024234111077650 0.643736978705835461
-0.027029055639744448 0.989763829393766059 0.643179553391521885
-0.019657317981919054 0.989440047999045946 0.642620811723847774
-0.010125372771551344 0.988919417539841028 0.642060757073896426
-0.003180256208946575 0.988468410580817358 0.641499392820673031
0.003604551516306731 0.987970021945856258 0.640936722351083898
0.010240607223719889 0.987427727639454744 0.640372749059916258
0.018875159131130803 0.986641552545841849 0.639807476349817827
0.025202957111617075 0.986007949507367032 0.639240907631276056
0.031413074612086367 0.985339163845531329 0.638673046322597582
0.039523097457662915 0.984396090750828567 0.638103895849887803
0.045486792669468645 0.983652482070031420 0.637533459647030010
0.053291564983833972 0.982615429586527478 0.636961741155665062
0.059042183195582243 0.981805146688033314 0.636388743825169967
0.064710149009052864 0.980968292802997133 0.635814471112637336
0.072146787623262709 0.979812908537019078 0.635238926482855071
0.077639232959456239 0.978917857762235388 0.634662113408284490
0.083063092196942634 0.977999264461000384 0.634084035369040122
0.090194344547827210 0.976739089861158982 0.633504695852868616
0.095471612979680431 0.975768254389334566 0.632924098355127196
0.102418815906065608 0.974440623846698495 0.632342246378763129
0.107565963494478389 0.973420676714335964 0.631759143434292514
0.114349388741704749 0.972029318402577225 0.631174793039778748
0.119380477324999457 0.970962759263305664 0.630589198720811650
0.124365634688547999 0.969876862467308865 0.630002364010486038
0.130944655269458310 0.968399492975340781 0.629414292449380408
0.135830555137215203 0.967269724519926433 0.628824987585535511
0.142284064568563962 0.965734889853297584 0.628234452974433477
0.147080640278317798 0.964562718966195387 0.627642692178975614
0.153421042746626546 0.962972175203242742 0.627049708769460978
0.158137020894957847 0.961758780632072430 0.626455506323565503
0.164375253359896945 0.960113932807238224 0.625860088426319683
0.169018355575947521 0.958860253995582612 0.625263458670087813
0.175164128302393030 0.957162215999320720 0.624665620654545006
0.179741232730883105 0.955868992613169044 0.624066577986656545
0.185803222478295949 0.954118633756070755 0.623466334280656009
0.190320493918681000 0.952786436613409227 0.622864893158023070
0.196306500174001752 0.950984418292574407 0.622262258247461841
0.202252295900049117 0.949153107445518396 0.621658433184878789
0.206686567832947476 0.947760478825827923 0.621053421613361412
0.212567161786475556 0.945878196167351470 0.620447227183155481
0.216954864492720945 0.944447444883655285 0.619839853551643394
0.222776330623379204 0.942514438442523361 0.619231304383322301
0.227121818536502040 0.941045701646091359 0.618621583349781567
0.232889713112928720 0.939062093250369045 0.618010694129680793
0.238629313204161198 0.937049580614545463 0.617398640408728050
0.242916403539071291 0.935521218813812672 0.616785425879656679
0.248610268465949136 0.933458074590935105 0.616171054242203975
0.252864777927175099 0.931891694618410149 0.615555529203088425
0.258517403971169235 0.929777776974069825 0.614938854475987173
0.264148354938957775 0.927634749491354937 0.614321033781514036
0.268358129966420056 0.926008322829852903 0.613702070847196968
0.273954253960998984 0.923814131850560716 0.613081969407454963
0.279532162357787606 0.921590554918636284 0.612460733203576524
0.283704342947262267 0.919903513086984037 0.611838365983696564
0.289253153766462878 0.917628203225734795 0.611214871502773316
0.294786851764225588 0.915323135560342727 0.610590253522566684
0.298927841449448950 0.913574712337201444 0.609964515811614816
0.304437600053140134 0.911217184652884038 0.609337662145211567
0.309935050523016287 0.908829441964755347 0.608709696305383963
0.314050637556904377 0.907018694825070693 0.608080622080868771
0.319528831511141642 0.904577622066793596 0.607450443267090412
0.324997275791287066 0.902105798139811510 0.606819163666137418
0.330456849234137984 0.899603009045808699 0.606186787086739787
0.334546222992101960 0.897705461870967003 0.605553317344246333
0.339992316761027591 0.895147938139811750 0.604918758260600598
0.345431840509015264 0.892558807838446766 0.604283113664319305
0.349507654413804103 0.890596066439343526 0.603646387390467831
0.354937599809437954 0.887951008811392439 0.603008583280637778
0.360363144232528687 0.885273621245450837 0.602369705182924098
0.365785053596072218 0.882563618506106762 0.601729756951901340
0.371204085655346683 0.879820702455586967 0.601088742448600111
0.375266924127968582 0.877741728974898883 0.600446665540484759
0.380682729259188113 0.874940455291374763 0.599803530101429061
0.386097720888842422 0.872105374396165978 0.599159340011693797
0.391512650647829863 0.869236130987090627 0.598514099157902213
0.395574262456166004 0.867061555290271180 0.597867811433017704
0.400990910496403175 0.864131616722628504 0.597220480736319392
0.406409600986412323 0.861166439529467809 0.596572110973379255
0.411831122499443203 0.858165591200501288 0.595922706056038476
0.417256281620058567 0.855128614041633650 0.595272269902383133
0.422685906660102639 0.852055022850676247 0.594620806436721661
0.426761568814954306 0.849725492737353316 0.593968319589560312
0.432201081678912191 0.846586567445144489 0.593314813297580179
0.437647482732703041 0.843409530166750354 0.592660291503612213
0.443101717864541667 0.840193767654623391 0.592004758156615130
0.448564774795944088 0.836938624649586793 0.591348217211650096
0.454037687911553856 0.833643399971250587 0.590690672629857860
0.459521543301021074 0.830307342277504357 0.590032128378433995
0.463642301063805828 0.827778019595415637 0.589372588430605804
0.469148093480995843 0.824368528552432700 0.588712056765608116
0.474668125867223178 0.820915840340962211 0.588050537368658643
0.480203727801007063 0.817418970764287378 0.587388034230934886
0.485756308400623338 0.813876859477760561 0.586724551349549261
0.491327363157152419 0.810288363019507463 0.586060092727525461
0.496918481180465277 0.806652247196736116 0.585394662373774133
0.502531352888318739 0.802967178763341005 0.584728264303068901
0.508167778216522592 0.799231716285076166 0.584060902536021609
0.513829675360837235 0.795444300131491699 0.583392581099058893
0.519519090151133733 0.791603241457214724 0.582723304024396649
0.525238206096085736 0.787706710073075467 0.582053075350017379
0.529548431375629569 0.784746719732871245 0.581381899119644441
0.535325231590220496 0.780748233451904694 0.580709779382718061
0.541138538852084294 0.776688398038651973 0.580036720194371247
0.546991156499269882 0.772564721587260972 0.579362725615404806
0.552886085265220650 0.768374492829343669 0.578687799712263029
0.558826539068297379 0.764114759001914168 0.578011946557009382
0.564815962225109214 0.759782301069570565 0.577335170227301964
0.570858048263127249 0.755373605904844259 0.576657474806368309
0.576956760499384824 0.750884834988289951 0.575978864382981293
0.583116354617062571 0.746311789075422061 0.575299343051434375
0.589341403450261758 0.741649868221657016 0.574618914911516843
0.595636824253341968 0.736894026401213598 0.573937584068489048
0.602007908719746188 0.732038719876284771 0.573255354633057546
0.608460356090538057 0.727077848245492486 0.572572230721350661
0.615000309692790514 0.722004686945957097 0.571888216454893183
0.621634397262190275 0.716811809764300145 0.571203315960581826
0.628369775518278884 0.711490999529373447 0.570517533370660246
0.635214179367780130 0.706033144935329982 0.569830872822694068
0.642175976271280091 0.700428120871663951 0.569143338459545789
0.649264226194963268 0.694664649216674701 0.568454934429350356
0.658317399119619395 0.687218166678878917 0.567765664885489074
0.665727341068622080 0.681049827179549316 0.567075533986565739
0.673298807095618068 0.674676259244425980 0.566384545896380986
0.681044618797753243 0.668079093178525985 0.565692704783906763
0.688978713697259049 0.661237564094921404 0.565000014823262009
0.697116247640953368 0.654128121934847484 0.564306480193686899
0.705473702783992906 0.646723964845787425 0.563612105079517756
0.714068999050475939 0.638994478368956953 0.562916893670161955
0.722921605484583063 0.630904558340996791 0.562220850160072394
0.732052645627390919 0.622413789551540253 0.561523978748722397
0.741484987636635506 0.613475444648159618 0.560826283640580292
0.751243304865035655 0.604035257877684528 0.560127769045084101
0.763940124070669468 0.591431846457485699 0.559428439176616110
0.774531361755410930 0.580614181872645907 0.558728298254477340
0.785540674985338971 0.569045403976679909 0.558027350502862229
0.796999095531872204 0.556617333031809158 0.557325600150833100
0.808937749172323195 0.543200954338747377 0.556623051432294513
0.821386434829193601 0.528641546210781077 0.555919708585968286
0.834371340501634418 0.512752510063286704 0.555215575855366850
0.847911433558221073 0.495307540461649987 0.554510657488768932
0.865624675675120137 0.470887190721647364 0.553804957739192694
0.880402005058212977 0.448836189340183156 0.553098480864371078
0.895653572573831824 0.424080536578610445 0.552391231126725279
0.911253038827220974 0.396078723609827654 0.551683212793339983
0.926973430620369077 0.364162197979410907 0.550974430135936832
0.942429513843784039 0.327509125988914018 0.550264887430848670
0.960379686434184143 0.273492762551661328 0.549554588958994228
0.972321973351666258 0.222250468271351420 0.548843539005852032
0.980212060030806631 0.162405916868370859 0.548131741861434318
0.981272050550395125 0.092637137538489622 0.547419201820261936
0.971343185635276329 0.012074587478117571 0.546705923181337261
0.934305679521523547 -0.102892749193078947 0.545991910248119217
0.875540170251569494 -0.201595523615461292 0.545277167328497070
0.782501106299822835 -0.296002660332678968 0.544561698734763899
0.652070019910371945 -0.369505506938258899 0.543845508783591502
0.491946473640465176 -0.401717251455165569 0.543128601796003752
0.283776644576263171 -0.362784524386702723 0.542410982097350503
0.145135641870882265 -0.272754049997401438 0.541692654017281949
0.051561941276878145 -0.152432090695882705 0.540973621889721756
0.004742322142162159 -0.025984372486290583 0.540253890052841745
-0.002869189665515658 0.115771484265381558 0.539533462849035028
0.016687416324252219 0.207940044633191851 0.538812344624890471
0.048157819311855560 0.280851809329843827 0.538090539731165718
0.084935730813862298 0.336982842578345543 0.537368052522761430
0.132505304807678970 0.388270184353160630 0.536644887358695422
0.169356583964272528 0.417652802809125312 0.535921048602074901
0.204101268455020524 0.439176832677341422 0.535196540620071826
0.236385198706533378 0.454613399633758908 0.534471367783895701
0.273210112592542631 0.467377279274718671 0.533745534468767047
0.299976476603857178 0.473570668899168878 0.533019045053891527
0.324536700268419187 0.476989198654047930 0.532291903922433307
0.347085074803429761 0.478178657448244837 0.531564115461488407
0.372731963515895215 0.477152380547458899 0.530835684062058610
0.391433754792438193 0.474693681214246099 0.530106614119024488
0.408692683271720147 0.471028280847702319 0.529376910031119641
0.428446297388127062 0.465008848351034065 0.528646576200903162
0.442937251284227451 0.459199119099929720 0.527915617034733886
0.456371061565869818 0.452609187733350848 0.527184036942743628
0.471804220493761139 0.443379940236983683 0.526451840338810095
0.483147832690743684 0.435263582962482409 0.525719031640530909
0.493660659750198683 0.426532515295569514 0.524985615269196515
0.503386560421612339 0.417207889362922857 0.524251595649763980
0.514486811819562129 0.404733446246835382 0.523516977210829459
0.522547622704902293 0.394100713229859567 0.522781764384602554
0.529891871199417830 0.382880334178621218 0.522045961606878439
0.538063613187572565 0.368007214114664694 0.521309573317012220
0.543779652839736172 0.355405817802612656 0.520572603957891289
0.548739583718799384 0.342151239038543165 0.519835057975908787
0.553818006180211930 0.324615879227451554 0.519096939820936853
0.556918449473847721 0.309769066045416652 0.518358253946300196
0.559086698534814075 0.294150239512811551 0.517619004808748007
0.560344820465338289 0.273473264544774941 0.516879196868428425
0.560046526912110210 0.255952453920947898 0.516138834588860784
0.557798489298019451 0.232752181265336033 0.515397922436909073
0.554271968113842606 0.213101884374808648 0.514656464882754738
0.548959180144783065 0.192447907768116655 0.513914466399869707
0.539368328550783094 0.165199280690759454 0.513171931464990072
0.528906886902731799 0.142277320349985387 0.512428864558087671
0.515502899733733866 0.118429843435864934 0.511685270162344774
0.493815597734025946 0.087546536784931905 0.510941152764125550
0.471765332909158785 0.062307756441098622 0.510196516852949977
0.437139938136369088 0.030844466184314828 0.509451366921466198
0.402803238804280095 0.006635112696639162 0.508705707465423762
0.361660429848386644 -0.015529637388405654 0.507959542983646317
0.299530334506400542 -0.037897552938922927 0.507212877978004517
0.240734508191664948 -0.048816059223668107 0.506465716953388712
0.174079039431248667 -0.050431475636599415 0.505718064417682078
0.081827172231688672 -0.034202380654355394 0.504969924881733090
0.004569525794987274 -0.002474858076180789 0.504221302859328868
-0.088048619403380074 0.064561512000852944 0.503472202867166985
-0.150876816026858873 0.140191403866573583 0.502722629424828926
-0.204250698142368181 0.256780430697930218 0.501972587054753117
-0.221045436090051201 0.359664756831562682 0.501222080282206495
-0.213486625667983598 0.462272153923642126 0.500471113635258535
-0.173879438626088761 0.578876069428392315 0.499719691644752828
-0.124315747345810135 0.656792674237023255 0.498967818844280431
-0.049555014678247744 0.731844399612526231 0.498215499770152170
0.014349702345850535 0.774635828355713318 0.497462738961371664
0.077889973042718275 0.804075267002406391 0.496709540959607176
0.153343068538040972 0.825646682133925669 0.495955910309165471
0.209054153241610585 0.833487354653351220 0.495201851556962724
0.272148929117133509 0.834710946295482925 0.494447369252498770
0.317412117539056349 0.830717403932934251 0.493692467947828284
0.367903649867415805 0.821445711485987329 0.492937152197534589
0.403878450730635219 0.811666210942948108 0.492181426558700674
0.443978671787592871 0.797525686321832850 0.491425295590883215
0.472635395502249978 0.785229932210358639 0.490668763856084045
0.498634644018141504 0.772411911917135985 0.489911835918723060
0.527878084305471451 0.756000991034961434 0.489154516345610635
0.549006522207497905 0.742757090418175725 0.488396809705919865
0.572976502804435461 0.726237923312236466 0.487638720571159257
0.590449442288306092 0.713140055371094261 0.486880253515145078
0.610448296119315392 0.696991951604744697 0.486121413113973777
0.625154804869203051 0.684287955076361198 0.485362203945993942
0.642130271511857531 0.668702248881805073 0.484602630591779604
0.654716359607144804 0.656477520680371351 0.483842697634101593
0.669357918166612387 0.641502498640169616 0.483082409657900780
0.680294946193935379 0.629762768056392086 0.482321771250259546
0.693107762861031595 0.615377837875756395 0.481560787000374912
0.702742794925369951 0.604091521227473449 0.480799461499530345
0.714100825686743934 0.590245142421075841 0.480037799341068050
0.722692240882755965 0.579364965151667799 0.479275805120361664
0.730885374306205815 0.568648635256954638 0.478513483434788112
0.740617841404186072 0.555467852795158090 0.477750838883700013
0.748032668451188765 0.545082478262906678 0.476987876068398153
0.756879736209119747 0.532283494291425519 0.476224599592103282
0.763647904962466706 0.522178776299684566 0.475461014059928577
0.771754054568639658 0.509700823892711763 0.474697124078852117
0.777977194867481958 0.499830069467515181 0.473932934257688454
0.785454419572406692 0.487617353979884871 0.473168449207061581
0.791211601542454845 0.477938034372883513 0.472403673539376345
0.798147312758083149 0.465940023534880621 0.471638611868791302
0.803500419278088351 0.456413775165457669 0.470873268811190182
0.809963172875065474 0.444585004642253701 0.470107648984154913
0.814960812509519683 0.435177367315257801 0.469341757006936922
0.821004502149641713 0.423477029764100288 0.468575597500429597
0.825684890079170231 0.414157077107114413 0.467809175087140594
0.831351850740043141 0.402548534264650759 0.467042494391163687
0.835744951854772156 0.393288475763352907 0.466275560038151071
0.841068279694225485 0.381738763680444126 0.465508376655285161
0.846212186086987339 0.370208689555075798 0.464740948871250947
0.850202720129929923 0.360992916931935637 0.463973281316208130
0.855040094152816343 0.349476606741611795 0.463205378621762642
0.858792521662707364 0.340261354484697187 0.462437245420939558
0.863339844708877591 0.328733193015185887 0.461668886348154228
0.866865397311870178 0.319498877945749826 0.460900306039185248
0.871134464829759203 0.307935430830825640 0.460131509131145422
0.874440912025873041 0.298664076027357339 0.459362500262455065
0.878439503133903843 0.287043751174590467 0.458593284072812746
0.881531619397061150 0.277718725927921573 0.457823865203168145
0.885264004540933236 0.266021459954729034 0.457054248295693633
0.888143920338797854 0.256627236519976043 0.456284437993756620
0.891611237665406176 0.244834198026015748 0.455514438941891142
0.894278694551642661 0.235356118451254787 0.454744255785770268
0.897479215435286859 0.223449419475588412 0.453973893172177512
0.899931738109839174 0.213873465365509913 0.453203355748979131
0.902861033942296887 0.201835871934075567 0.452432648165096596
0.905094026037331023 0.192148429623839379 0.451661775070477334
0.907745041345410897 0.179963061419284476 0.450890741116067750
0.910237436441017955 0.167688327740475207 0.450119550953784642
0.912114836466884404 0.157800681969351209 0.449348209236487384
0.914312668406257578 0.145351847185215377 0.448576720617949509
0.915949084034157979 0.135317986537754176 0.447805089752831120
0.917838231977073926 0.122677519003725144 0.447033321296650354
0.919221118771921253 0.112483069766262045 0.446261419905755630
0.920784237385956827 0.099632439762467273 0.445489390237297223
0.921898291620333765 0.089262024198051626 0.444717236949199513
0.923114310914064484 0.076181162055360019 0.443944964700132727
0.923940984975245683 0.065617917927770830 0.443172578149484575
0.924784381184801219 0.052284543401791728 0.442400081957332769
0.925301185284404193 0.041509521461633669 0.441627480784416215
0.925740937105516637 0.027898291986011403 0.440854779292107424
0.925940543690511930 0.014120268047410900 0.440081982142383921
0.925918540786029087 0.002971083770996807 0.439309093997800659
0.925651604561309016 -0.011133030116174614 0.438536119521461376
0.925236257909822557 -0.022557931884760574 0.437763063376990780
0.924449297788743185 -0.037027254335775361 0.436989930228506185
0.923592468755939144 -0.048762509030019496 0.436216724740589701
0.922217401809515724 -0.063645238950130412 0.435443451578259699
0.920857184474245027 -0.075733971860279303 0.434670115406943058
0.918805474234094866 -0.091090755486808506 0.433896720892446575
0.916860398737020077 -0.103587793522602778 0.433123272700929207
0.914013998360318380 -0.119496540520700023 0.432349775498873712
0.910659732609059858 -0.135754160805005297 0.431576233953058608
0.907570800035812031 -0.149035946720413703 0.430802652730529700
0.903142532013451071 -0.166018615404213976 0.430029036498572770
0.899092210459847330 -0.179940128672299582 0.429255389924684039
0.893305789105226289 -0.197810218382269587 0.428481717676543417
0.888016302236780408 -0.212523673146996217 0.427708024421985300
0.880441585066490617 -0.231505397257188383 0.426934314828971262
0.873482141879236007 -0.247222732467378303 0.426160593565560908
0.863433785490747674 -0.267630309310309122 0.425386865299884787
0.851554630913593180 -0.289010843930484429 0.424613134700115247
0.840414173989987412 -0.306923633187143552 0.423839406434439070
0.823889332595412860 -0.330481352966892128 0.423065685171028827
0.808017462868287240 -0.350388459500811100 0.422291975578014622
0.783756341114647981 -0.376766465458481914 0.421518282323456672
0.759601264661742714 -0.399148316883650156 0.420744610075315939
0.720993678066512711 -0.428643622622059017 0.419970963501427319
0.680490722940019666 -0.452994067104109610 0.419197347269470222
0.611554867054665996 -0.482258791119864250 0.418423766046941481
0.534192511479255616 -0.500193537499142526 0.417650224501126266
0.394377326227290381 -0.498246065399280624 0.416876727299070882
0.193423719632259850 -0.412908433147617659 0.416103279107553403
0.031135445840979659 -0.199505404063261810 0.415329884593057030
0.087641030240425674 0.251837358970855296 0.414556548421740223
0.412384033751737156 0.453461541470636220 0.413783275259410332
0.761804375239540366 0.377223216787273441 0.413010069771493848
0.898703519756269609 0.243763904106968909 0.412236936623009365
0.969289861817831055 0.098975482389136060 0.411463880478538657
0.988879488645103111 0.009607749552164757 0.410690906002199319
0.993795308539188404 -0.076635085462025077 0.409918017857616057
0.989003941513655893 -0.143312152612291799 0.409145220707892665
0.982012757474613363 -0.187012042787417510 0.408372519215583762
0.971431067202503495 -0.233198789344790991 0.407599918042667209
0.962233681771401894 -0.265183543618436657 0.406827421850515403
0.950309931657025153 -0.300593718783628228 0.406055035299867251
0.940602772921256713 -0.326107032553689724 0.405282763050800465
0.928365703672031417 -0.355285953910889019 0.404510609762702811
0.918524075697252806 -0.376892283083494706 0.403738580094244404
0.906164663672362369 -0.402160651677219483 0.402966678703349568
0.896224072936324445 -0.421224175170281989 0.402194910247168913
0.883714278114072216 -0.443861509542568533 0.401423279382050524
0.873623508292126760 -0.461159097568879017 0.400651790763512761
0.860884526136139749 -0.481914230835545743 0.399880449046215336
0.847982549607530278 -0.501834297424352926 0.399109258883932283
0.837527741997825093 -0.517242158904128724 0.398338224929522700
0.824274595814439071 -0.535913496098324726 0.397567351834903382
0.813512217197255083 -0.550422305490591679 0.396796644251020736
0.799844791447824499 -0.568068768362383403 0.396026106827822577
0.788729665278411263 -0.581821418171493798 0.395255744214229765
0.774597901244705178 -0.598585600230837400 0.394485561058108725
0.763094859864076769 -0.611672630813518081 0.393715562006243303
0.748460522829144437 -0.627643848361818080 0.392945751704306401
0.736543280362692898 -0.640120882776579636 0.392176134796831943
0.721378536386217961 -0.655352376536155745 0.391406715927187232
0.709028602968349908 -0.667251069309724443 0.390637499737544969
0.693314768086240596 -0.681771026769871558 0.389868490868854556
0.680520544515647474 -0.693106220162370779 0.389099693960814785
0.664247071191984673 -0.706925117938707936 0.388331113651845694
0.651003126010636257 -0.717699699578527195 0.387562754579060531
0.634166796762168694 -0.730815378709048891 0.386794621378237391
0.620473288623931030 -0.741023700508390948 0.386026718683791847
0.603077564401757193 -0.753425001198271271 0.385259051128749030
0.585374837653433788 -0.765422190544256864 0.384491623344714872
0.570994239760123645 -0.774724823541571461 0.383724439961849018
0.552749507310593247 -0.785978510707381561 0.382957505608836291
0.537942039403787264 -0.794677258698067490 0.382190824912859439
0.519173476404348522 -0.805164075561589754 0.381424402499570547
0.503955701009976886 -0.813239354401136372 0.380658242993063167
0.484686422195151678 -0.822934036809929603 0.379892351015845064
0.469078673100860100 -0.830365226951591984 0.379126731188809796
0.449336278864270633 -0.839241755433157821 0.378361388131208842
0.433362292459323506 -0.846008022518252134 0.377596326460623632
0.413178398705425276 -0.854040545009644769 0.376831550792938397
0.396864929051172655 -0.860121502651818193 0.376067065742311524
0.376274673815315652 -0.867285076110750119 0.375302875921148027
0.359651087732523800 -0.872661313886748058 0.374538985940071401
0.338692612159085527 -0.878932486940697477 0.373775400407896752
0.321790463932855708 -0.883585977003610190 0.373012123931601880
0.300504368783433173 -0.888943226090094463 0.372249161116299909
0.283356956669663207 -0.892857615488043321 0.371486516565211977
0.266111580045356788 -0.896438748164128496 0.370724194879638425
0.244427647140015303 -0.900442431793973430 0.369962200658932039
0.226987253526391125 -0.903264140967908302 0.369200538500469633
0.205081754675334932 -0.906310932155122151 0.368439212999625065
0.187481963581227373 -0.908361492105948631 0.367678228749740488
0.165399584013604217 -0.910437894336170617 0.366917590342099198
0.147676160541610535 -0.911707397682838150 0.366157302365898329
0.125461478842937679 -0.912802066270782086 0.365397369408220485
0.107649874448992877 -0.913282198781754873 0.364637796054006091
0.085346796129330604 -0.913385575566376229 0.363878586886026256
0.067481702892581485 -0.913069253207615672 0.363119746484854844
0.045132914049025530 -0.912173018334935248 0.362361279428840721
0.027247837212407477 -0.911053867368606274 0.361603190294080168
0.004894283214777972 -0.909150178149042199 0.360845483654389343
-0.012978864994637684 -0.907221828268937047 0.360088164081276974
-0.030836971896407661 -0.904931585682746009 0.359331236143916044
-0.053129758251227011 -0.901557441316546582 0.358574704409116762
-0.070933428125544373 -0.898446829818095427 0.357818573441299359
-0.093141241975999878 -0.894040924722108055 0.357062847802465555
-0.110864036825123913 -0.890098968710263061 0.356307532052171694
-0.132955558569345045 -0.884644921918924410 0.355552630747501208
-0.150573888371782538 -0.879855847391798118 0.354798148443037253
-0.172521575257237381 -0.873329745606585606 0.354044089690834618
-0.190015046377604191 -0.867670305610270254 0.353290459040392801
-0.207447395080470276 -0.861613797501082912 0.352537261038628369
-0.229147347207596330 -0.853472360514510253 0.351784500229847863
-0.246431752945648286 -0.846490558678691940 0.351032181155719714
-0.267939227075664865 -0.837157706869266605 0.350280308355247205
-0.285064637359614126 -0.829188946853156805 0.349528886364741498
-0.306368528804914109 -0.818570119652531569 0.348777919717793483
-0.323328282598915551 -0.809521501554165024 0.348027412945247028
-0.340213439291842723 -0.799951202654914262 0.347277370575171052
-0.361214883695629652 -0.787202845396160589 0.346527797132833160
-0.377932317809995699 -0.776324410163008238 0.345778697140671221
-0.398725070950601168 -0.761789285865846821 0.345030075118266999
-0.415276293430495658 -0.749328787423241272 0.344281935582318011
-0.431753239875991346 -0.736034918215437317 0.343534283046611377
-0.452241602945756715 -0.718073953715036239 0.342787122021995572
-0.468539262397403400 -0.702450885441301187 0.342040457016353661
-0.488774610733615722 -0.681027862392930672 0.341294292534576271
-0.504822363210136960 -0.662040487035712388 0.340548633078533836
-0.520692122529975987 -0.640999478734497252 0.339803483147050112
-0.540130536531684746 -0.610973575453670259 0.339058847235874428
-0.555131719760504017 -0.582991975896274162 0.338314729837655315
-0.569237819123125877 -0.550169980684888871 0.337571135441912362
-0.584364825694762446 -0.499328488175347085 0.336828068535010128
-0.592238025106268884 -0.446841056493195443 0.336085533600130215
-0.589041045240516037 -0.357061160656262255 0.335343535117245406
-0.559637662141016068 -0.254042473880343234 0.334602077563091016
-0.462523215838267554 -0.112612371930694122 0.333861165411139194
-0.071985968311857690 0.015511930384372562 0.333120803131571552
0.335575492771006567 -0.370716497663040434 0.332380995191252027
0.140737117167010373 -0.864285040697204021 0.331641746053699893
-0.221556789797142606 -0.958273347791041452 0.330903060179063069
-0.379194220691851491 -0.915482907546891767 0.330164942024091357
-0.472949146720190505 -0.864263668415502728 0.329427396042108855
-0.546841716591305760 -0.807673814516139399 0.328690426682987813
-0.588008865310789441 -0.769164921802332868 0.327954038393121539
-0.620181647362263444 -0.735417775577637656 0.327218235615397535
-0.652562320438699661 -0.698213996687379823 0.326483022789170574
-0.674338988784540239 -0.671391596473159713 0.325748404350236054
-0.693568146314984646 -0.646510429091196159 0.325014384730803463
-0.714977421600662355 -0.617468214288244721 0.324280968359469235
-0.730501604983604724 -0.595489959387119017 0.323548159661190049
-0.744899485235054781 -0.574370117216714493 0.322815963057256461
-0.761599143839054471 -0.548910088102956273 0.322084382965266092
-0.774084352075009807 -0.529131020841252853 0.321353423799096927
-0.785898229925935832 -0.509764055917888870 0.320623089968880448
-0.797113313505512511 -0.490729316892626055 0.319893385880975489
-0.810373574972144683 -0.467307567027809845 0.319164315937941478
-0.820425946887012203 -0.448807197089798937 0.318435884538511682
-0.830019279799118936 -0.430475064038666755 0.317708096077566726
-0.841403322439562618 -0.407749732296391332 0.316980954946108506
-0.850048349204173825 -0.389691660563792119 0.316254465531233042
-0.858299382139751987 -0.371721368382745831 0.315528632216104443
-0.866168861503677001 -0.353823785424170034 0.314803459379928152
-0.875484455305053255 -0.331536260803692251 0.314078951397925132
-0.882529894247197078 -0.313762995479730855 0.313355112641304667
-0.889220806785529172 -0.296033112042854540 0.312631947477238548
-0.895562783843345311 -0.278342057119593200 0.311909460268834315
-0.903006764212986091 -0.256278417002420544 0.311187655375109562
-0.908580108360768524 -0.238665813224777951 0.310466537150965005
-0.913817901788245734 -0.221086919250588348 0.309746109947158288
-0.918723345573949635 -0.203542432593426359 0.309026378110278277
-0.924392277993910549 -0.181662577786322776 0.308307345982718140
-0.928560523343313626 -0.164202080801139461 0.307589017902649531
-0.932405557102566673 -0.146783295820893167 0.306871398203996282
-0.935930046412441707 -0.129409650106303065 0.306154491216408586
-0.939136675946437904 -0.112084983716229325 0.305438301265236245
-0.942702151152443268 -0.090504432540766178 0.304722832671503130
-0.945203734779779814 -0.073305703203819628 0.304008089751880761
-0.947396693808235879 -0.056170518396488234 0.303294076818662772
-0.949284112692251325 -0.039103801542753780 0.302580798179738097
-0.950869217738880002 -0.022110603845035937 0.301868258138565604
-0.952430631227092483 -0.000980328624964111 0.301156460994148056
-0.953348121945643889 0.015828581363629690 0.300445411041005861
-0.953974860872193631 0.032547123858391480 0.299735112569151418
-0.954314750190553784 0.049170101463373528 0.299025569864063145
-0.954371854169487777 0.065692358940899365 0.298316787206659995
-0.954052015964793276 0.086195797727451229 0.297608768873274754
-0.953488529012749497 0.102472961428003495 0.296901519135629122
-0.952656537728039154 0.118633212196672888 0.296195042260807340
-0.951560743607345327 0.134671810983498064 0.295489342511231157
-0.950205979178307403 0.150584160946937662 0.294784424144633184
-0.948597198912961126 0.166365820394717645 0.294080291414031747
-0.946739469526363897 0.182012514005489456 0.293376948567705464
-0.944075106267469932 0.201374857672332708 0.292674399849167044
-0.941676278119461418 0.216703171066988276 0.291972649497137970
-0.939045617627442097 0.231883878837511048 0.291271701745522582
-0.936188551508301381 0.246913502145308328 0.290571560823383868
-0.933110562714712488 0.261788762983004131 0.289872230954915933
-0.929817179602978827 0.276506586699790724 0.289173716359419908
-0.926313965265238348 0.291064103413439357 0.288476021251277581
-0.922606507085194538 0.305458648416255085 0.287779149839927695
-0.918700406594436636 0.319687761600248976 0.287083106329838189
-0.913546980077631243 0.337238095479805655 0.286387894920482278
-0.909214422294192803 0.351087041044823300 0.285693519806313190
-0.904701409171049908 0.364763949878481597 0.284999985176738024
-0.900013498069430762 0.378267206230925468 0.284307295216093381
-0.895156213922311039 0.391595383283382059 0.283615454103619102
-0.890135041892178291 0.404747238271614129 0.282924466013434350
-0.884955420590494146 0.417721707125999486 0.282234335114511015
-0.879622735853602733 0.430517898715615077 0.281545065570649733
-0.874142315075030041 0.443135088785579889 0.280856661540454244
-0.868519422119496287 0.455572713580633337 0.280169127177306077
-0.862759252800417542 0.467830363257186244 0.279482466629339732
-0.856866930916286629 0.479907775121903468 0.278796684039418097
-0.850847504842544122 0.491804826745468993 0.278111783545106850
-0.844705944665008701 0.503521528994046674 0.277427769278649428
-0.838447139844621825 0.515058019017283431 0.276744645366942488
-0.832075897372329676 0.526414553273555685 0.276062415931510929
-0.825596940429756510 0.537591500567710101 0.275381085088483135
-0.819014907496335764 0.548589335201362882 0.274700656948565658
-0.812334351911676356 0.559408630208724222 0.274021135617018741
-0.805559741812596153 0.570050050798974972 0.273342525193631669
-0.798695460490261411 0.580514347910529915 0.272664829772698014
-0.791745807063990004 0.590802352023043098 0.271988053442990652
-0.784714997481796739 0.600914967176852999 0.271312200287737060
-0.777607165800159095 0.610853165251195485 0.270637274384595228
-0.770426365718832828 0.620617980497659705 0.269963279805628786
-0.763176572303206346 0.630210504392181736 0.269290220617281972
-0.755861683917162908 0.639631880742876358 0.268618100880355593
-0.748485524260747770 0.648883301148875491 0.267946924649982543
-0.741051844543181626 0.657966000741013191 0.267276695975603384
-0.733564325711065890 0.666881254261593948 0.266607418900941251
-0.726026580702364921 0.675630372479777752 0.265939097463978480
-0.718442156731357140 0.684214698897125606 0.265271735696931188
-0.710814537511760158 0.692635606811689009 0.264605337626225900
-0.703147145443569932 0.700894496668933220 0.263939907272474572
-0.697372525784553221 0.706983196228878952 0.263275448650450827
-0.689643589326564999 0.714961997831594087 0.262611965769065092
-0.681883992033318287 0.722782754670691752 0.261949462631341390
-0.674096943884202160 0.730446950676529871 0.261287943234391862
-0.666285602194310322 0.737956088435317903 0.260627411569394229
-0.658453072942009165 0.745311688150964935 0.259967871621566038
-0.650602411860882857 0.752515286849617326 0.259309327370142229
-0.642736625312615217 0.759568437782290662 0.258651782788349882
-0.634858670934522085 0.766472709999856727 0.257995241843384959
-0.628943971936376967 0.771554165174182405 0.257339708496387765
-0.621051695310078200 0.778201721925498635 0.256685186702419799
-0.613155135302001053 0.784704794848466780 0.256031680410439610
-0.605257068186332958 0.791065011136143026 0.255379193563278428
-0.597360221114096146 0.797284013677239667 0.254727730097616900
-0.589467271335368470 0.803363461268775669 0.254077293943961557
-0.583551698461145407 0.807832470997291274 0.253427889026620723
-0.575671857305510071 0.813671737624554137 0.252779519263680752
-0.567803009648532253 0.819376095037102847 0.252132188566982385
-0.559947635035269564 0.824947263855450141 0.251485900842097765
-0.552108156593052901 0.830386981697702975 0.250840659988306292
-0.546240404501276089 0.834381560300121006 0.250196469898570972
-0.538434398762584254 0.839595471511262681 0.249553334459515330
-0.530650646619793664 0.844682798379377431 0.248911257551399867
-0.522891342525725666 0.849645342502636458 0.248270243048098749
-0.517089191474336518 0.853286455119904641 0.247630294817075935
-0.509377752407134787 0.858035014550540764 0.246991416719362256
-0.501696449853691773 0.862663830525283504 0.246353612609532258
-0.494047220147759425 0.867174764929770414 0.245716886335680784
-0.488332468958665167 0.870481734258374273 0.245081241739399380
-0.480743803089712207 0.874790899543632539 0.244446682655753811
-0.473192148909435506 0.878987376086631245 0.243813212913260191
-0.465679156532321670 0.883073075656801043 0.243180836333862671
-0.460070731427282609 0.886065809035799568 0.242549556732909621
-0.452629125294314816 0.889962280360176106 0.241919377919131262
-0.445230300340808904 0.893753282824972684 0.241290303694616182
-0.439710067350109202 0.896528490178140069 0.240662337854788411
-0.432389288240634495 0.900139603794068655 0.240035484188385162
-0.425114777506568842 0.903650606471803508 0.239409746477433349
-0.417887643553679300 0.907063452054509889 0.238785128497226773
-0.412499002608204324 0.909559846081220424 0.238161634016303414
-0.405357187735747471 0.912805617215154630 0.237539266796423398
-0.398265356831480954 0.915958598741545504 0.236918030592545070
-0.392979763201562082 0.918263611409201763 0.236297929152803232
-0.385977251286966028 0.921258884600683059 0.235678966218485830
-0.380759428271961631 0.923447837197965304 0.235061145524012804
-0.373848202970719745 0.926291311479391366 0.234444470796911636
-0.366989856217441179 0.929050673779788672 0.233828945757796114
-0.361881053404444986 0.931066137952625494 0.233214574120343354
-0.355116208434009706 0.933682856077759471 0.232601359591271956
-0.350077899984256702 0.935593489761126107 0.231989305870319185
-0.343407432859674122 0.938073278310076919 0.231378416650218466
-0.336791137671608065 0.940477346740155484 0.230768695616677788
-0.331864522112043203 0.942231795972251152 0.230160146448356639
-0.325343199111778281 0.944507693336914977 0.229552772816844636
-0.320487814962580941 0.946168056245922928 0.228946578386638622
-0.314061380785145561 0.948321191763532245 0.228341566815121244
-0.307689004076279415 0.950406551350053697 0.227737741752538220
-0.302945083419688621 0.951927111314831986 0.227135106841976964
-0.296666813102787807 0.953897913608954928 0.226533665719343968
-0.291993172789661470 0.955334452855320482 0.225933422013343488
-0.285808140123346099 0.957195713558400163 0.225334379345455083
-0.281204030759827583 0.958551930620287096 0.224736541329912165
-0.275111114020456959 0.960308494661508805 0.224139911573680239
-0.270575607857526601 0.961587957107072455 0.223544493676434614
-0.264573462781485413 0.963244491411741510 0.222950291230539055
-0.260105476634955313 0.964450631087296673 0.222357307821024419
-0.254192567008310610 0.966011619115330289 0.221765547025566445
-0.249790885177942318 0.967147728696421294 0.221175012414464467
-0.243965513248699278 0.968617466699186469 0.220585707550619681
-0.239628810151597621 0.969686697514527518 0.219997635989513968
-0.235319526793368872 0.970728195429711560 0.219410801279188383
-0.229616008899289459 0.972074653494883978 0.218825206960221313
-0.225369663824988853 0.973053527649766381 0.218240856565707519
-0.219749070150135284 0.974318380574455634 0.217657753621236849
-0.215564161972737922 0.975237437169863886 0.217075901644872893
-0.210024462975466675 0.976424332773892845 0.216495304147131529
-0.205899453516677822 0.977286237833707161 0.215915964630959911
-0.201799639086050531 0.978124431288443397 0.215337886591715516
-0.196371917374475347 0.979205920482205117 0.214761073517145018
-0.192329778679487362 0.979990533031489197 0.214185528887362697
-0.186977922670543195 0.981002160228572118 0.213611256174830066
-0.182991910870977936 0.981735529597153045 0.213038258844334860
-0.179029485001124034 0.982447621276925309 0.212466540352969940
-0.173782461174609382 0.983364661149847885 0.211896104150112174
-0.169873997230037543 0.984028627956812230 0.211326953677402479
-0.165988209355719618 0.984672599625679212 0.210759092368723977
-0.160841977130827096 0.985500753641737726 0.210192523650182150
-0.157008081967160984 0.986099471882275314 0.209627250940083665
-0.153196002772578610 0.986679375236551803 0.209063277648916135
-0.148146742282800448 0.987423890341804222 0.208500607179326947
-0.144384621493524712 0.987961181687214807 0.207939242926103607
-0.140643521913277669 0.988480743680760221 0.207379188276152232
-0.135687703285331807 0.989146445953444697 0.206820446608478120
-0.131994796230780587 0.989625825742018406 0.206263021294164489
-0.128322194088263841 0.990088475152365421 0.205706915696352854
-0.124669698926798411 0.990534678266619895 0.205152133170222351
-0.119830656274844627 0.991104510956758666 0.204598677062969414
-0.116224354441003264 0.991513406472006142 0.204046550713787689
-0.112637560620865607 0.991906754956032310 0.203495757453848236
-0.109070114120267736 0.992284812798281513 0.202946300606278940
-0.104343353769218827 0.992765536876740740 0.202398183486144662
-0.100820476961721250 0.993108881746900263 0.201851409400427062
-0.097316477582573835 0.993437750379037143 0.201305981648004950
-0.093831234733845081 0.993752375935389454 0.200761903519634410
-0.090364636859323111 0.994052986844237152 0.200219178297928596
-0.085771334363734852 0.994432387235393733 0.199677809257337857
-0.082347860120032146 0.994701160757895497 0.199137799664130727
-0.078942726416742548 0.994956649804773718 0.198599152776373439
-0.075555861949225922 0.995199064913605547 0.198061871843910497
-0.072187204520901771 0.995428613077417812 0.197525960108345194
-0.068836700896774961 0.995645497956380243 0.196991420803020012
-0.065504306645513377 0.995849920082962137 0.196458257152997223
-0.061089223823100391 0.996103437552645632 0.195926472375038851
-0.057798960150680811 0.996279543679270629 0.195396069677588241
-0.054526718963578413 0.996443835414876355 0.194867052260749796
-0.051272491651445429 0.996596501960058223 0.194339423316269994
-0.048036277196294219 0.996737730375384601 0.193813186027518514
-0.044818081859166525 0.996867705744329813 0.193288343569468529
-0.041617918849838620 0.996986611328050110 0.192764899108677640
-0.038435807988522808 0.997094628710990305 0.192242855803268775
-0.035271775327603228 0.997191937938779471 0.191722216802911405
-0.032125852764920582 0.997278717646486568 0.191202985248802360
-0.028998077661903376 0.997355145177083569 0.190685164273646623
-0.025888492383600525 0.997421396692334095 0.190168757001638655
-0.021770755718923007 0.997494205151500557 0.189653766548444014
-0.018703803049085199 0.997537391794675710 0.189140196021179541
-0.015655212001394359 0.997570982302974696 0.188628048518395514
-0.012625041487629940 0.997595148746057259 0.188117327130056300
-0.009613352981630297 0.997610062430781985 0.187608034937522289
-0.006620209995492621 0.997615893948326837 0.187100175013531100
-0.004635116498709901 0.997614819912755801 0.186593750422178684
-0.001673027885672751 0.997605891746015661 0.186088764218901248
0.001270339561602163 0.997588333073841982 0.185585219450456806
0.004194919054243573 0.997562312106318849 0.185083119154906633
0.007100644098788911 0.997527996428222208 0.184582466361596864
0.009987448964163870 0.997485552992295132 0.184083264091140619
0.012855269196239194 0.997435148103301916 0.183585515355399187
0.015704042079035252 0.997376947394399860 0.183089223157464454
0.018533707118031317 0.997311115795082914 0.182594390491640279
0.021344206504382179 0.997237817491757550 0.182101020343424957
0.024135485535078605 0.997157215881991910 0.181609115689492451
0.026907493075010946 0.997069473521043692 0.181118679497675406
0.029660181955445120 0.996974752063395808 0.180629714726946222
0.031484553951588778 0.996907806543808839 0.180142224327400208
0.034204952256349896 0.996801809838748332 0.179656211240236729
0.036905928430160662 0.996689260209540406 0.179171678397742395
0.039587453069003187 0.996570315424101016 0.178688628723273041
0.042249502379755388 0.996445132014172730 0.178207065131235742
0.044892058487995046 0.996313865192975046 0.177726990527071554
0.046642926965498099 0.996223050322468606 0.177248407807238162
0.049252971551713820 0.996081985556184213 0.176771319859192089
0.051843506080444468 0.995935244198343117 0.176295729561371350
0.054414536407763170 0.995782975906619350 0.175821639783178052
0.056966075287859241 0.995625328624984540 0.175349053384961262
0.058656282116634706 0.995517314356124228 0.174877973217999694
0.061175382816184454 0.995351025929656297 0.174408402124484219
0.063675060853577881 0.995179744007469891 0.173940342937500991
0.066155355307466412 0.995003609533104294 0.173473798481014518
0.067798138892722737 0.994883559343961443 0.173008771569850284
0.070246234091818682 0.994699644768363367 0.172545265009677762
0.072675085706183584 0.994511243050090865 0.172083281596993737
0.075084759647763233 0.994318487097622716 0.171622824119105372
0.076680590503813428 0.994187628682617675 0.171163895354113277
0.079058467742677163 0.993987904617083418 0.170706498070894802
0.081417378237060967 0.993784169091932679 0.170250635029087161
0.082979493315211428 0.993646178164041105 0.169796308979071303
0.085307000468162808 0.993436031195525482 0.169343522661954737
0.087615801442979702 0.993222197779459193 0.168892278809555235
0.089144663819635039 0.993077652089185192 0.168442580144384513
0.091422535398661187 0.992857933559860517 0.167994429379631272
0.093682008240193348 0.992634835006350080 0.167547829219145628
0.095178164246424557 0.992484279275530179 0.167102782357422014
0.097407256893303706 0.992255790436533225 0.166659291479583554
0.098883283330055971 0.992101739949544537 0.166217359261365216
0.101082374392098329 0.991868153752461845 0.165776988369098488
0.103263656753037281 0.991631644467165008 0.165338181459694394
0.104708025373013158 0.991472396247713217 0.164900941180628258
0.106859963346423503 0.991231231870428608 0.164465270169923072
0.108284913805274996 0.991068968013491869 0.164031171056134129
0.110407947314497878 0.990823408429812202 0.163598646458332858
0.111813779773210387 0.990658297966663826 0.163167698986090987
0.113908368824445771 0.990408590411336665 0.162738331239465017
0.115295396164870723 0.990240793973672706 0.162310545808980133
0.117362018874123231 0.989987173143538568 0.161884345275615377
0.118730565373742880 0.989816843056425921 0.161459732210787160
0.120769715939360145 0.989559531278059179 0.161036709176334170
0.122120115950348718 0.989386811683684142 0.160615278724501848
0.124132302689350271 0.989126019120110667 0.160195443397927406
0.125464899322135837 0.988951046131005151 0.159777205729623673
0.127450642747249376 0.988686971026425887 0.159360568242964351
0.128765786602139276 0.988509872900991571 0.158945533451668869
0.130725617519973414 0.988242701863805140 0.158532103859786916
0.132023665463707585 0.988063599202094744 0.158120281961683429
0.133314976141419683 0.987883726819088093 0.157710070242023437
0.135239437145947217 0.987612513472253983 0.157301471175757601
0.136514159787970157 0.987430792941436763 0.156894487228106394
0.138414013594427843 0.987156885941023798 0.156489120854546221
0.139672515365952654 0.986973420387620815 0.156085374500793544
0.140924632173325903 0.986789284153386514 0.155683250602791229
0.142790965246537893 0.986511854903909247 0.155282751586692802
0.144027379113529974 0.986326106534985314 0.154883879868848662
0.145257615768600745 0.986139738045701764 0.154486637855791142
0.147091518542424637 0.985859052058154939 0.154091027944219749
0.148306572308075979 0.985671191559220894 0.153697052520987060
0.149515656946737630 0.985482756540621452 0.153304713963084344
0.151318221662728514 0.985199053283854376 0.152914014637626994
0.152512643096451184 0.985009234346898799 0.152524956901840314
0.153701302866962042 0.984818881827080217 0.152137543103045308
0.154884260004944263 0.984628006606958817 0.151751775578644582
0.156648132048947564 0.984340736662534521 0.151367656656108324
0.157817089877104355 0.984148600031345855 0.150985188652959929
0.158980550421586375 0.983955976089594397 0.150604373876762149
0.160138571906590532 0.983762874208716331 0.150225214625103520
0.161865532690312897 0.983472344976437318 0.149847713185584097
0.163010209697858011 0.983278087194076611 0.149471871835801767
0.164149649489142901 0.983083381835722969 0.149097692843338375
0.165283909089470660 0.982888236913561197 0.148725178465746399
0.166413045221030009 0.982692660156344489 0.148354330950535129
0.168097266139584423 0.982398501569741178 0.147985152535156927
0.169213839463367266 0.982201877271702939 0.147617645446993906
0.170325485051080194 0.982004846093572414 0.147251811903344576
0.171432257953194889 0.981807414599088046 0.146887654111410415
0.172534212798581610 0.981609589115090220 0.146525174268282266
0.173631403779159477 0.981411375739089542 0.146164374560927651
0.174723884625265447 0.981212780348599045 0.145805257166176955
0.176353890735267971 0.980914183324963607 0.145447824250710761
0.177434828103902043 0.980714657246639199 0.145092077971046479
0.178511239464069493 0.980514768118431856 0.144738020473525603
0.179583176225272700 0.980314520934509437 0.144385653894300470
0.180650689216194094 0.980113920518816961 0.144034980359321579
0.181713828671298983 0.979912971532953092 0.143686001984324796
0.182772644206316892 0.979711678485991833 0.143338720874818359
0.183827184796256149 0.979510045744060642 0.142993139126070229
0.184877498757542447 0.979308077539136623 0.142649258823095815
0.185923633716661263 0.979105777980509351 0.142307082040644906
0.186965636590785633 0.978903151064065336 0.141966610843189456
0.188003553581632343 0.978700200679086363 0.141627847284910818
0.189037430104492588 0.978496930627537620 0.141290793409687837
0.190067310823583357 0.978293344623152761 0.140955451251084163
0.191093239586202945 0.978089446309955757 0.140621822832335985
0.192115259415280626 0.977885239269532747 0.140289910166339848
0.193133412471634458 0.977680727034622610 0.139959715255640799
0.194147740048558837 0.977475913096082616 0.139631240092419895
0.195158282537592320 0.977270800915721272 0.139304486658482385
0.196165079393070818 0.977065393939604343 0.138979456925245687
0.196667085280057219 0.976962580977534745 0.138656152853727538
0.197668335583552068 0.976756738255750045 0.138334576394534364
0.198665934677222655 0.976550609347948129 0.138014729487848986
0.199659918581321594 0.976344197725492080 0.137696614063419348
0.200650322265349124 0.976137506895492280 0.137380232040546862
0.201637179641465103 0.975930540408658231 0.137065585328074641
0.202620523536602870 0.975723301871687654 0.136752675824376058
0.203110887881827684 0.975619581730160168 0.136441505417343317
0.204089020645807306 0.975411942036941149 0.136132075984376016
0.205063717067887619 0.975204039635894415 0.135824389392369904
0.206035005968075002 0.974995878425319207 0.135518447497705474
0.207002914986921305 0.974787462409332339 0.135214252146237057
0.207485610343310145 0.974683160133882343 0.134911805173281107
0.208448498692827666 0.974474369685563113 0.134611108403605934
0.209408070893005782 0.974265334994382837 0.134312163651419847
0.210364350243234244 0.974056060534232104 0.134014972720361059
0.210841262035605104 0.973951334830916338 0.133719537403486022
0.211792642994595937 0.973741709454730597 0.133425859483258913
0.212740783718685211 0.973531856209667423 0.133133940731541361
0.213685702939844568 0.973321780173517004 0.132843782909580932
0.214156959982065409 0.973216660247265941 0.132555387768000910
0.215097079173784567 0.973006259968701936 0.132268757046789781
0.216034017844830728 0.972795650463382344 0.131983892475290826
0.216501298920273144 0.972690269054167000 0.131700795772191348
0.217433492650432214 0.972479356657921512 0.131419468645512461
0.218362538304233245 0.972268249970488441 0.131139912792598762
0.218825883957267597 0.972162625754254495 0.130862129900108481
0.219750226847906904 0.971951239689772262 0.130586121644002573
0.220671445441884606 0.971739675778812151 0.130311889689535138
0.221130885386102927 0.971633829318122144 0.130039435691243210
0.222047430343327301 0.971422011901804661 0.129768761292936907
0.222504536597721236 0.971316042804863944 0.129499868127689266
0.223416419105432917 0.971103988610646285 0.129232757817826449
0.223871196079430679 0.970997905476346790 0.128967431974918306
0.224778422621227381 0.970785632174182900 0.128703892199768077
0.225682546479564650 0.970573223094076010 0.128442140082403289
0.226133444775679537 0.970466970306349763 0.128182177202065650
0.227032913093242805 0.970254373737537978 0.127924005127202034
0.227481482463404605 0.970148032211834543 0.127667625415454483
0.228376289358819484 0.969935268459652944 0.127413039613651358
0.228822525723213044 0.969828848603608851 0.127160249257797620
0.229712660765817644 0.969615939000255889 0.126909255873065646
0.230156557793428695 0.969509451737235350 0.126660060973786071
0.230599673254316295 0.969402944522030463 0.126412666063438650
0.231483555282320286 0.969189875416833102 0.126167072634643274
0.231924319557527014 0.969083316165231468 0.125923282169150691
0.232803488305743655 0.968870155006696043 0.125681296137833798
0.233241890023309972 0.968763555853224601 0.125441116000678810
0.234116320679615020 0.968550327428044033 0.125202743206776296
0.234552346409536427 0.968443701025409664 0.124966179194312452
0.234987576818113275 0.968337068439311777 0.124731425390560466
0.235855644455252755 0.968123790664076944 0.124498483211871971
0.236288477902429850 0.968017148494982105 0.124267354063668414
0.236720508471995883 0.967910506181182240 0.124038039340432532
0.237582152666813318 0.967697227363039203 0.123810540425700069
0.238011761977508229 0.967590594024649642 0.123584858692051325
0.238440559784495132 0.967483966872986767 0.123360995501102993
0.239295711551422097 0.967270737660845814 0.123138952203499741
0.239722060699300465 0.967164138907693927 0.122918730138906251
0.240147588721058347 0.967057552955722377 0.122700330635999083
0.240996171117852431 0.966844426258929523 0.122483755012458659
0.241419220229084575 0.966737888955170765 0.122269004574961190
0.241841437682443039 0.966631371336104550 0.122056080619171087
0.242262820714683580 0.966524875162457331 0.121844984429732739
0.243103072218732952 0.966311954271168450 0.121635717280263234
0.243521934923777716 0.966205533151045626 0.121428280433344166
0.243939951671588606 0.966099140672177281 0.121222675140514505
0.244357119472499995 0.965992778668353536 0.121018902642262602
0.244773435285871199 0.965886448989574986 0.120816964168019139
0.245603498616653704 0.965673894067835770 0.120616860936149317
0.246017239863344950 0.965567672590341486 0.120418594153945749
0.246430116595480309 0.965461490965306535 0.120222165017621091
0.246842125593801198 0.965355351105766646 0.120027574712300855
0.247253263606578066 0.965249254936677015 0.119834824412016289
0.247663527355021729 0.965143204393590803 0.119643915279697144
0.248072913528035455 0.965037201424029933 0.119454848467164781
0.248481418790291564 0.964931247985431173 0.119267625115125314
0.249295773132046705 0.964719497577695706 0.119082246353162544
0.249701615426239143 0.964613704571684050 0.118898713299731174
0.250106563243177760 0.964507969021871192 0.118717027062150135
0.250510613146733896 0.964402292930468752 0.118537188736595883
0.250913761690093051 0.964296678306244104 0.118359199408095833
0.251316005395276987 0.964191127169782281 0.118183060150521657
0.251717340787762645 0.964085641544565775 0.118008772026582914
0.252117764377785769 0.963980223461790353 0.117836336087820667
0.252517272672013071 0.963874874957328043 0.117665753374601195
0.252915862160513538 0.963769598075088219 0.117497024916109374
0.253313529343566823 0.963664394860043849 0.117330151730342946
0.253710270703988994 0.963559267365385774 0.117165134824105996
0.254106082739639860 0.963454217644054589 0.117001975193003135
0.254500961937080272 0.963349247755547200 0.116840673821433358
0.254894904790556098 0.963244359760930591 0.116681231682584041
0.255287907802408898 0.963139555722703378 0.116523649738425272
0.255679967471531655 0.963034837707770652 0.116367928939703880
0.255679967471531655 0.963034837707770652 0.116214070225937813
0.256071080320337485 0.962930207780296699 0.116062074525410328
0.256461242870194839 0.962825668008150504 0.115911942755164490
0.256850451658091394 0.962721220458407911 0.115763675820997711
0.257238703241393141 0.962616867196075310 0.115617274617456051
0.257625994177128503 0.962512610289466330 0.115472740027829104
0.258012321063746330 0.962408451799137921 0.115330072924144461
0.258012321063746330 0.962408451799137921 0.115189274167162514
0.258397680494066639 0.962304393790208823 0.115050344606371285
0.258782069096921086 0.962200438321299423 0.114913285079981331
0.259165483524650686 0.962096587447741403 0.114778096414920497
0.259547920452351588 0.961992843221696647 0.114644779426829185
0.259547920452351588 0.961992843221696647 0.114513334920055415
0.259929376577636428 0.961889207692140813 0.114383763687649603
0.260309848624336093 0.961785682903830486 0.114256066511360263
0.260689333363511744 0.961682270891421664 0.114130244161628980
0.260689333363511744 0.961682270891421664 0.114006297397585929
0.261067827572519728 0.961578973690617511 0.113884226967045130
0.261445328081126527 0.961475793325449857 0.113764033606500142
0.261821831746289813 0.961372731815067771 0.113645718041119337
0.261821831746289813 0.961372731815067771 0.113529280984741868
0.262197335463245196 0.961269791170630050 0.113414723139873122
0.262571836162075134 0.961166973396112345 0.113302045197680529
0.262571836162075134 0.961166973396112345 0.113191247837989437
0.262945330818450396 0.961064280485326439 0.113082331729278909
0.263317816447251107 0.960961714423465230 0.112975297528677909
0.263317816447251107 0.960961714423465230 0.112870145881961009
0.263689290103262308 0.960859277186870253 0.112766877423544909
0.263689290103262308 0.960859277186870253 0.112665492776484119
0.264059748889406642 0.960756970740684890 0.112565992552467672
0.264059748889406642 0.960756970740684890 0.112468377351815099
0.264429189953229504 0.960654797039563246 0.112372647763472971
0.264797610491452340 0.960552758026487208 0.112278804365011281
0.264797610491452340 0.960552758026487208 0.112186847722619942
0.265165007744905756 0.960450855633927292 0.112096778391105545
0.265165007744905756 0.960450855633927292 0.112008596913887773
0.265531379006111068 0.960349091781496966 0.111922303822996186
0.265531379006111068 0.960349091781496966 0.111837899639067123
0.265896721621642462 0.960247468375594382 0.111755384871340541
0.265896721621642462 0.960247468375594382 0.111674760017656721
0.266261032995278035 0.960145987307961635 0.111596025564453569
0.266261032995278035 0.960145987307961635 0.111519181986763555
0.266624310574797407 0.960044650459389692 0.111444229748210735
0.266624310574797407 0.960044650459389692 0.111371169301008127
0.266624310574797407 0.960044650459389692 0.111300001085954892
0.266986551876497669 0.959943459692832235 0.111230725532433697
0.266986551876497669 0.959943459692832235 0.111163343058408165
0.267347754455598496 0.959842416861327097 0.111097854070420235
0.267347754455598496 0.959842416861327097 0.111034258963587817
0.267347754455598496 0.959842416861327097 0.110972558121602394
0.267707915948538377 0.959741523796441509 0.110912751916726629
0.267707915948538377 0.959741523796441509 0.110854840709792277
0.267707915948538377 0.959741523796441509 0.110798824850197819
0.268067034027331730 0.959640782320305474 0.110744704675906469
0.268067034027331730 0.959640782320305474 0.110692480513444172
0.268067034027331730 0.959640782320305474 0.110642152677897440
0.268425106451249784 0.959540194231636834 0.110593721472911730
0.268425106451249784 0.959540194231636834 0.110547187190689372
0.268425106451249784 0.959540194231636834 0.110502550111987896
0.268425106451249784 0.959540194231636834 0.110459810506118417
0.268782131019514370 0.959439761318241713 0.110418968630943887
0.268782131019514370 0.959439761318241713 0.110380024732877557
0.268782131019514370 0.959439761318241713 0.110342979046881562
0.268782131019514370 0.959439761318241713 0.110307831796465444
0.268782131019514370 0.959439761318241713 0.110274583193684828
0.269138105601825661 0.959339485348959298 0.110243233439140137
0.269138105601825661 0.959339485348959298 0.110213782721975392
0.269138105601825661 0.959339485348959298 0.110186231219877029
0.269138105601825661 0.959339485348959298 0.110160579099072869
0.269138105601825661 0.959339485348959298 0.110136826514331099
0.269138105601825661 0.959339485348959298 0.110114973608959388
0.269138105601825661 0.959339485348959298 0.110095020514803896
0.269493028140870061 0.959239368072293708 0.110076967352248589
0.269493028140870061 0.959239368072293708 0.110060814230214563
0.269493028140870061 0.959239368072293708 0.110046561246159164
0.269493028140870061 0.959239368072293708 0.110034208486075674
0.269493028140870061 0.959239368072293708 0.110023756024492547
0.269493028140870061 0.959239368072293708 0.110015203924473198
0.269493028140870061 0.959239368072293708 0.110008552237615381
0.269493028140870061 0.959239368072293708 0.110003801004051049
0.269493028140870061 0.959239368072293708 0.110000950252446050
0.269493028140870061 0.959239368072293708 0.110000000000000001
