0.221705721876780920 -0.200165257823423426 0.739999999999999991
0.221705721876780920 -0.200165257823423426 0.739999049747553928
0.221705721876780920 -0.200165257823423426 0.739996198995948928
0.221705721876780920 -0.200165257823423426 0.739991447762384680
0.221705721876780920 -0.200165257823423426 0.739984796075526807
0.221705721876780920 -0.200165257823423426 0.739976243975507431
0.254509661137698406 -0.275520178170075236 0.739965791513924276
0.254509661137698406 -0.275520178170075236 0.739953438753840897
0.254509661137698406 -0.275520178170075236 0.739939185769785457
0.254509661137698406 -0.275520178170075236 0.739923032647751389
0.254509661137698406 -0.275520178170075236 0.739904979485196068
0.254509661137698406 -0.275520178170075236 0.739885026391040590
0.254509661137698406 -0.275520178170075236 0.739863173485668879
0.254509661137698406 -0.275520178170075236 0.739839420900927136
0.254509661137698406 -0.275520178170075236 0.739813768780122949
0.269771154363724730 -0.335749510951533991 0.739786217278024627
0.269771154363724730 -0.335749510951533991 0.739756766560859869
0.269771154363724730 -0.335749510951533991 0.739725416806315206
0.269771154363724730 -0.335749510951533991 0.739692168203534561
0.275650526802215134 -0.383901243673065884 0.739657020953118471
0.275650526802215134 -0.383901243673065884 0.739619975267122420
0.275650526802215134 -0.383901243673065884 0.739581031369056063
0.275650526802215134 -0.383901243673065884 0.739540189493881561
0.276403109805458569 -0.422836935126394975 0.739497449888012137
0.276403109805458569 -0.422836935126394975 0.739452812809310633
0.276403109805458569 -0.422836935126394975 0.739406278527088290
0.276403109805458569 -0.422836935126394975 0.739357847322102524
0.274307470381254692 -0.454780609447002271 0.739307519486555820
0.274307470381254692 -0.454780609447002271 0.739255295324093509
0.274307470381254692 -0.454780609447002271 0.739201175149802103
0.270622009313343792 -0.481375587094833413 0.739145159290207743
0.270622009313343792 -0.481375587094833413 0.739087248083273307
0.266061791178394624 -0.503824449868172430 0.739027441878397529
0.266061791178394624 -0.503824449868172430 0.738965741036412216
0.266061791178394624 -0.503824449868172430 0.738902145929579812
0.261042757579266926 -0.523012156076736900 0.738836656941591730
0.261042757579266926 -0.523012156076736900 0.738769274467566239
0.255811011178421976 -0.539597487015442301 0.738699998914045142
0.255811011178421976 -0.539597487015442301 0.738628830698991878
0.250513560226043319 -0.554077602317363360 0.738555770251789201
0.250513560226043319 -0.554077602317363360 0.738480818013236395
0.245238242819043939 -0.566833012495115862 0.738403974435546395
0.245238242819043939 -0.566833012495115862 0.738325239982343340
0.240036893311637467 -0.578158969639878451 0.738244615128659576
0.240036893311637467 -0.578158969639878451 0.738162100360932882
0.234939119388160117 -0.588287567608993034 0.738077696177003806
0.234939119388160117 -0.588287567608993034 0.737991403086112219
0.229960672422275053 -0.597403482227597982 0.737903221608894433
0.229960672422275053 -0.597403482227597982 0.737813152277379980
0.225108626862302652 -0.605655324903407566 0.737721195634988725
0.220384634438236943 -0.613163938617459547 0.737627352236526979
0.220384634438236943 -0.613163938617459547 0.737531622648184837
0.215786994044264657 -0.620028536939212005 0.737434007447532291
0.211311980421006573 -0.626331302586737193 0.737334507223515900
0.211311980421006573 -0.626331302586737193 0.737233122576455124
0.206954702061431794 -0.632140872167075152 0.737129854118038996
0.202709656200136479 -0.637515005954204517 0.737024702471322124
0.202709656200136479 -0.637515005954204517 0.736917668270721027
0.198571086870476254 -0.642502654481973967 0.736808752162010583
0.194533213817936507 -0.647145573783353245 0.736697954802319477
0.194533213817936507 -0.647145573783353245 0.736585276860126870
0.190590376206982492 -0.651479599401934006 0.736470719015258179
0.186737119911090405 -0.655535659861832709 0.736354281958880641
0.182968247408146489 -0.659340589379921682 0.736235966393499863
0.179278842980828607 -0.662917784510453245 0.736115773032954834
0.179278842980828607 -0.662917784510453245 0.735993702602414035
0.175664281717183873 -0.666287738463340773 0.735869755838370998
0.172120228031949124 -0.669468478806879208 0.735743933488639756
0.168642627589930316 -0.672475928270897416 0.735616236312350402
0.165227695231322247 -0.675324203948027391 0.735486665079944646
0.165227695231322247 -0.675324203948027391 0.735355220573170709
0.161871900652019424 -0.678025866789618181 0.735221903585079439
0.158571953028902951 -0.680592130769076320 0.735086714920018758
0.155324785349468308 -0.683033039114053220 0.734949655393628665
0.152127538960777714 -0.685357613495972462 0.734810725832837464
0.148977548661386600 -0.687573980901246440 0.734669927075855544
0.145872328500173037 -0.689689481985604425 0.734527259972170943
0.142809558423347915 -0.691710763991699285 0.734382725382543899
0.139787071778905647 -0.693643860738647922 0.734236324179002309
0.136802843704780241 -0.695494261737699460 0.734088057244835501
0.133854980374529975 -0.697266972122787765 0.733937925474589692
0.130941709069178014 -0.698966564790809874 0.733785929774062096
0.128061369016142512 -0.700597225912973354 0.733632071060296154
0.125212402978100379 -0.702162794777165034 0.733476350261574761
0.122393349499848370 -0.703666798775132940 0.733318768317415937
0.119602835797352536 -0.705112484210240309 0.733159326178566717
0.116839571214073012 -0.706502843498289845 0.732998024806996828
0.114102341223175641 -0.707840639245466585 0.732834865175894024
0.111390001900880387 -0.709128425617034264 0.732669848269657087
0.108701474862280156 -0.710368567342578472 0.732502975083890617
0.106035742591430671 -0.711563256664154209 0.732334246625398921
0.103391844155570956 -0.712714528475024145 0.732163663912179352
0.100768871252499892 -0.713824273879875904 0.731991227973417091
0.098165964576526710 -0.714894252356978455 0.731816939849478376
0.093017137784100257 -0.716921352842070037 0.731640800591904172
0.090469715119138372 -0.717881428792475296 0.731462811263404067
0.087939348089838054 -0.718807662618802468 0.731282972937849940
0.085425376932260766 -0.719701299745905354 0.731101286700268749
0.082927174236396617 -0.720563505545653737 0.730917753646837420
0.080444142853417056 -0.721395371328274027 0.730732374884874636
0.075521345246728488 -0.722972109976202426 0.730545151532835280
0.073080519271996658 -0.723718841814402492 0.730356084720302889
0.070652741883310666 -0.724438960244037422 0.730165175587983772
0.068237540786927287 -0.725133259003874486 0.729972425287699123
0.063443079591773976 -0.726447336952575018 0.729777834982378915
0.061062972529766335 -0.727068477371993094 0.729581405846054243
0.058693745572035216 -0.727666526175973605 0.729383139063850661
0.053986421163044862 -0.728795651982784065 0.729183035831980852
0.051647604984786599 -0.729327797011396051 0.728981097357737307
0.049318229730496543 -0.729838990495771944 0.728777324859485542
0.046997968930327927 -0.730329691725857155 0.728571719566655895
0.042383543047497363 -0.731251322159152450 0.728364282719736744
0.040088781246448157 -0.731683041966694092 0.728155015570267294
0.035522742918385475 -0.732490096046581662 0.727943919380828919
0.033250927101067917 -0.732866089019743705 0.727730995425038829
0.030986234709230953 -0.733224132403276219 0.727516244987541416
0.026477230318560085 -0.733887480324953989 0.727299669364000922
0.024232441200269128 -0.734193297316962479 0.727081269861093782
0.019761145498660870 -0.734754379278733549 0.726861047796500293
0.017534199531780037 -0.735010064336085067 0.726639004498896957
0.015312771111897772 -0.735249435529265805 0.726415141307948709
0.010885646207333843 -0.735679927552675084 0.726189459574299923
0.008679550984328155 -0.735871362909920501 0.725961960659567529
0.004281330031602082 -0.736207310304459406 0.725732645936331688
0.002088829967501649 -0.736352067988988335 0.725501516788128020
-0.002283858968908203 -0.736595686117620163 0.725268574609439609
-0.004464402165340442 -0.736694730152282151 0.725033820805687568
-0.008814750533308602 -0.736847674898985394 0.724797256793223710
-0.013151904743316123 -0.736940836633850127 0.724558883999321224
-0.015315946856896967 -0.736965118685050102 0.724318703862166235
-0.019635769559020522 -0.736969249966022200 0.724076717830849370
-0.021791868390930724 -0.736949140260525049 0.723832927365356760
-0.026097225575766658 -0.736864612309134914 0.723587333936561383
-0.028246793908672518 -0.736800187191129163 0.723339939026213963
-0.032540476980343014 -0.736626939235653033 0.723090744126934415
-0.036827900941439506 -0.736394304355081353 0.722839750742202303
-0.038969642799904058 -0.736255617121627570 0.722586960386348620
-0.043249935842321785 -0.735933237602676149 0.722332374584545467
-0.047526970206220209 -0.735550409351547696 0.722075994872797944
-0.049664638047756338 -0.735336132795934017 0.721817822797934383
-0.053939020091470891 -0.734861399699473727 0.721557859917596800
-0.058213125420852607 -0.734324396155878523 0.721296107800231900
-0.060350448310848015 -0.734032252050593526 0.721032568025081755
-0.064626385782856899 -0.733400027164456514 0.720767242182173473
-0.068905053030475449 -0.732702921327953449 0.720500131872310767
-0.073187667800289791 -0.731939657301640123 0.720231238707063071
-0.075330839216694201 -0.731532778582385190 0.719960564308756767
-0.079621684799393799 -0.730667573582465035 0.719688110310464868
-0.083919577782703314 -0.729732389424152084 0.719413878355997460
-0.088225784881211966 -0.728725429056265694 0.719137870099891496
-0.092541590354980496 -0.727644729977202420 0.718860087207401133
-0.094703498925238716 -0.727076067622029365 0.718580531354487628
-0.099036151361222402 -0.725880695604559589 0.718299204227808685
-0.103381697283533081 -0.724605890733023950 0.718016107524709124
-0.107741490802996831 -0.723249030388415259 0.717731242953210224
-0.112116907419252787 -0.721807275137488658 0.717444612231999179
-0.116509344107810664 -0.720277553623178024 0.717156217090419101
-0.118712387351337434 -0.719478678218931633 0.716866059268458589
-0.123133019698884516 -0.717810699564370491 0.716574140516741065
-0.127574255669348213 -0.716045947341627298 0.716280462596514012
-0.132037562233925487 -0.714180394535015362 0.715985027279638975
-0.136524422671609524 -0.712209691612519902 0.715687836348580131
-0.141036333625841392 -0.710129140169214246 0.715388891596394072
-0.145574801258822328 -0.707933663750896391 0.715088194826718926
-0.150141336301939987 -0.705617775545744896 0.714785747853762921
-0.154737447799568439 -0.703175542575142476 0.714481552502294504
-0.159364635297988777 -0.700600545980196276 0.714175610607630129
-0.164024379162660106 -0.697885836931721348 0.713867924015623934
-0.168718128669160139 -0.695023887650163652 0.713558494582656633
-0.173447287423230012 -0.692006536920732662 0.713247324175623976
-0.178213195565754046 -0.688824929441052669 0.712934414671925309
-0.183017108140216156 -0.685469448223755107 0.712619767959453143
-0.187860168812210016 -0.681929639186471315 0.712303385936580713
-0.192743378025176604 -0.678194126934381858 0.711985270512151103
-0.197667554425119518 -0.674250520613676185 0.711665423605465697
-0.202633288149884738 -0.670085308568791560 0.711343847146272412
-0.207640884300622802 -0.665683740358263831 0.711020543074754374
-0.215230547974744807 -0.658602543472093127 0.710695513341517593
-0.220341606799772077 -0.653536184795722841 0.710368759907580083
-0.225492223542615305 -0.648170027859671594 0.710040284744359096
-0.230680334116266483 -0.642481859683345147 0.709710089833660129
-0.235902981386830468 -0.636447270272982202 0.709378177167664048
-0.241156116067877596 -0.630039403064226788 0.709044548748915870
-0.246434353913891874 -0.623228675063854820 0.708709206590312113
-0.254382898072464281 -0.612184940216568219 0.708372152715089243
-0.259688717112519174 -0.604216814751435294 0.708033389156810689
-0.264985356234485492 -0.595715953594267100 0.707692917959355072
-0.270256641401792785 -0.586636070491425965 0.707350741176904108
-0.278070451013336106 -0.571817032847770301 0.707006860873929721
-0.283178662760095401 -0.561053317163253462 0.706661279125181618
-0.288166378008645974 -0.549506018664461360 0.706313998015675182
-0.292990336866045253 -0.537102138620104030 0.705965019640678482
-0.299798608703431058 -0.516711774538507695 0.705614346105699508
-0.303950036164127302 -0.501796063414210347 0.705261979526474403
-0.307687538657391069 -0.485705371795801366 0.704907922028953582
-0.310897991039303823 -0.468329367301571819 0.704552175749289300
-0.314410129103389502 -0.439593977972339678 0.704194742833822995
-0.315615078585210374 -0.418471042846488839 0.703835625439072410
-0.315639163610172135 -0.395622726389282642 0.703474825731717712
-0.312797717020102561 -0.357837270398603025 0.703112345888589618
-0.308425746793405120 -0.330142800167888106 0.702748188096655402
-0.296915121259187231 -0.284669746340227736 0.702382354553006127
-0.285023109845881140 -0.251745771092147574 0.702014847464843106
-0.268861382446662633 -0.216886733694172329 0.701645669049464793
-0.234580661899140619 -0.161736596397991289 0.701274821534253578
-0.203494334199130794 -0.124016479037948518 0.700902307156661686
-0.141722571238825867 -0.068862830273263120 0.700528128164198294
-0.088981355767321954 -0.035659802167460911 0.700152286814415881
-0.026257443798237579 -0.008216304006377394 0.699774785374896457
0.086019534902193606 0.015042649713947358 0.699395626123237801
0.170819331757401022 0.013242281497560085 0.699014811347040133
0.304780953468671068 -0.024277576313778138 0.698632343343891682
0.391301408724475164 -0.076363521059326062 0.698248224421355368
0.501440476326997397 -0.198813931531383242 0.697862456896954697
0.551112289315797144 -0.312820995997560969 0.697475043098159664
0.550540532548046579 -0.558108871650579874 0.697085985362372984
0.352265372637911689 -0.818681096310630352 0.696695286036915662
0.129028862248773857 0.015810738994200164 0.696302947479013001
0.552741954609649366 -0.310146412157834339 0.695908972055780284
0.571044773927496974 -0.449912312379940560 0.695513362144208891
0.547464764828954786 -0.585342896455331774 0.695116120131151316
0.520846762228251436 -0.649309952358337994 0.694717248413307176
0.475832631250578897 -0.721451868903672744 0.694316749397208888
0.429765172933045059 -0.773951489639487233 0.693914625499206461
0.399828565170973538 -0.801086182396198998 0.693510879145453840
0.357018606026024088 -0.832984066872168971 0.693105512771893584
0.330115338461993091 -0.849639043798276483 0.692698528824242432
0.292340812207901091 -0.869316793665280252 0.692289929757976541
0.257603876102428409 -0.884055099081078710 0.691879718038316605
0.236045314687715724 -0.891744445022474297 0.691467896140213090
0.205930557263223291 -0.900761563750337224 0.691054466548331137
0.178255283913423657 -0.907386453929878600 0.690639431757035682
0.161034268333332065 -0.910747996751625100 0.690222794270376361
0.136866621509050435 -0.914524465846060508 0.689804556602072627
0.114496025258784551 -0.917077076316598516 0.689384721275498102
0.093718194068280858 -0.918665477658953344 0.688963290823665919
0.080660304751458745 -0.919289157584768146 0.688540267789212845
0.062142394269841639 -0.919690413829035602 0.688115654724384629
0.044776352273699804 -0.919563167392554837 0.687689454191019900
0.028430774457019692 -0.919008002173113514 0.687261668760535072
0.018042712764390179 -0.918439518710491232 0.686832301013909019
0.003146332302718768 -0.917336017578127105 0.686401353541667092
-0.011011031449235376 -0.915975946205243585 0.685968828943865794
-0.024514538084641435 -0.914398455331433824 0.685534729830076905
-0.037440883997578223 -0.912633016023912447 0.685099058819371831
-0.049859828691184715 -0.910701048580971673 0.684661818540305611
-0.057889159596068551 -0.909327975499194752 0.684223011630901601
-0.069603218887605234 -0.907147587207183581 0.683782640738634817
-0.080973059096170252 -0.904825640278219878 0.683340708520416507
-0.092055680569757548 -0.902360397459509467 0.682897217642577936
-0.102908676643596431 -0.899743534664943057 0.682452170780854406
-0.113592825946058462 -0.896958857750513650 0.682005570620368706
-0.124175777015788025 -0.893979905714288980 0.681557419855615576
-0.134737699975475744 -0.890765684193037477 0.681107721190444715
-0.145380597728646421 -0.887253005646711723 0.680656477338045240
-0.156244778762449243 -0.883342184895409499 0.680203691020928702
-0.163709781073446747 -0.880436632367446848 0.679749364970912762
-0.175471921983734624 -0.875438313073466645 0.679293501929105314
-0.188385997306179387 -0.869254030700937652 0.678836104645886729
-0.203482047803269950 -0.860922793348604332 0.678377175880894634
-0.223240103924159272 -0.847947329823950713 0.677916718403006269
-0.255596730291859142 -0.821201300640306942 0.677454734990322271
-0.343507205439048779 -0.704700626779673600 0.676991228430149805
0.137582596077504171 -0.966767087288306737 0.676526201518985459
-0.124818547069835695 -0.923049207485241663 0.676059657062499042
-0.172381159636160575 -0.899730402393222772 0.675591597875515815
-0.202600431909830292 -0.883497210141469647 0.675122026782000395
-0.218336687819123854 -0.874903583071236168 0.674650946615038660
-0.231764787700057429 -0.867469804451628024 0.674178360216821981
-0.244050161234402596 -0.860498150212231527 0.673704270438628683
-0.255777602876707311 -0.853596134791491323 0.673228680140807945
-0.267293636074365404 -0.846493736767094718 0.672751592192761816
-0.278837472348525517 -0.838965307845984887 0.672273009472928451
-0.290600173023181918 -0.830787292496400598 0.671792934868764235
-0.302755801339629649 -0.821707354515990751 0.671311371276726909
-0.315480689607530618 -0.811413322013055494 0.670828321602257471
-0.333669128143770699 -0.795066044312167763 0.670343788759763304
-0.348518218762391863 -0.780049444596947250 0.669857775672599853
-0.364690997818568896 -0.761651756458963769 0.669370285273053756
-0.382465470124938589 -0.738428655881339879 0.668881320502324628
-0.402057950212933446 -0.708064490734083840 0.668390884310507527
-0.423354651476808730 -0.666653583563922236 0.667898979656575076
-0.451584136778411915 -0.581474770514303296 0.667405609508359698
-0.462763755216310135 -0.476334776250120773 0.666910776842535635
-0.430288668994699364 -0.307487689916440599 0.666414484644600846
-0.237856174282210370 -0.074460184094590584 0.665916735908859470
0.406126956858849697 -0.186910146903997265 0.665417533638403169
0.478212250476097611 -0.664964444671243493 0.664916880845093483
0.296549540059184880 -0.896376848953078897 0.664414780549543171
0.143266956119213529 -0.967817932327751596 0.663911235781098785
0.012825416841262371 -0.986349405426749426 0.663406249577821461
-0.050805124793059819 -0.983644875049061618 0.662899824986468933
-0.097464126887284952 -0.977059534833631838 0.662391965062477772
-0.133274289831664394 -0.969466805083051830 0.661882672869943733
-0.170162696752161280 -0.959471577507390316 0.661371951481604547
-0.192360788705002395 -0.952479106759558269 0.660859803978820493
-0.211292292631468981 -0.945996735107954567 0.660346233451555964
-0.232839310977565495 -0.938111110187991426 0.659831242998361267
-0.246931342731420478 -0.932704856379153124 0.659314835726353410
-0.263664663956561407 -0.926076355603925094 0.658797014751197674
-0.275007091164742257 -0.921477975506709956 0.658277783197088628
-0.285525609222057442 -0.917152517954609281 0.657757144196731369
-0.298510631642333990 -0.911747845644666599 0.657235100891322421
-0.307609031756529205 -0.907926699574084894 0.656711656430531421
-0.316251681843545185 -0.904275887039288406 0.656186813972481464
-0.327178918979949884 -0.899635443862391027 0.655660576683730012
-0.334994954046337112 -0.896301506817434701 0.655132947739250349
-0.344990064248754225 -0.892021557635286788 0.654603930322411820
-0.352210570822252544 -0.888918246785316502 0.654073527624961182
-0.361522852907352310 -0.884900958856214226 0.653541742847002838
-0.368300474017792479 -0.881965586759906883 0.653008579196979855
-0.377098261802021661 -0.878139014198741186 0.652474039891654756
-0.383538244930575811 -0.875324902167921248 0.651938128156089536
-0.391939868429106109 -0.871634782797201524 0.651400847223626678
-0.398117604150585447 -0.868906249816259191 0.650862200335869279
-0.406209368545059124 -0.865310526697516069 0.650322190742662065
-0.412180855337183849 -0.862639505097891557 0.649780821702071409
-0.420028053000919444 -0.859104568402543567 0.649238096480365567
-0.425836486985521678 -0.856468233322814188 0.648694018351995028
-0.433490543476009571 -0.852966213542175389 0.648148590599572971
-0.439170752441480183 -0.850345209147855163 0.647601816513855399
-0.446674262127021215 -0.846851840872641537 0.647053699393721038
-0.452256033137666380 -0.844228772890674550 0.646504242546151686
-0.459646887680590477 -0.840721383896653629 0.645953449286212344
-0.466990061152761426 -0.837195584638849688 0.645401322937030675
-0.472473930673666331 -0.834534167596989507 0.644847866829777683
-0.479766134123927324 -0.830955198331008393 0.644293084303647068
-0.485230157008877894 -0.828241814573796198 0.643736978705835461
-0.492526995616527075 -0.824572851374016480 0.643179553391521885
-0.499867709578628028 -0.820824773789362028 0.642620811723847774
-0.505434187684140945 -0.817940097094576046 0.642060757073896426
-0.513018394997255545 -0.813940898163415305 0.641499392820673031
-0.518944862987682276 -0.810747568884033543 0.640936722351083898
-0.527634285334067643 -0.805909894212914812 0.640372749059916258
-0.539868439312404580 -0.798561735545605611 0.639807476349817827
-0.374315557732537663 -0.870262277064199119 0.639240907631276056
-0.530144320324347662 -0.806324788737348364 0.638673046322597582
-0.543772046408161125 -0.798251041377702197 0.638103895849887803
-0.552742397908409844 -0.793029480408163678 0.637533459647030010
-0.558796488105552491 -0.789507185517843824 0.636961741155665062
-0.566539175181519084 -0.784972389921121727 0.636388743825169967
-0.574123431740109824 -0.780480159136266338 0.635814471112637336
-0.579775438042393065 -0.777093655025433594 0.635238926482855071
-0.587312966284919247 -0.772520634769243708 0.634662113408284490
-0.594890182796645295 -0.767853902751359452 0.634084035369040122
-0.602539532881509077 -0.763068252799075863 0.633504695852868616
-0.610289708830555999 -0.758139981564694088 0.632924098355127196
-0.616185480602948643 -0.754335440176153282 0.632342246378763129
-0.624181193046773886 -0.749096677416794532 0.631759143434292514
-0.632360877185290438 -0.743639927133926903 0.631174793039778748
-0.640761893991367071 -0.737928927376623522 0.630589198720811650
-0.647234083474403810 -0.733452626088836657 0.630002364010486038
-0.656133670325077967 -0.727184054252291157 0.629414292449380408
-0.665398957857957773 -0.720511516892111681 0.628824987585535511
-0.675106273019343339 -0.713350713012896320 0.628234452974433477
-0.685351712115886080 -0.705591034950021845 0.627642692178975614
-0.696258186808053736 -0.697084212110580581 0.627049708769460978
-0.707985500579420779 -0.687626682578305282 0.626455506323565503
-0.717444313093786423 -0.679741200428335524 0.625860088426319683
-0.731159639150165463 -0.667852842644613975 0.625263458670087813
-0.746472067093855274 -0.653861637960183595 0.624665620654545006
-0.763880749062117226 -0.636882375750316587 0.624066577986656545
-0.784085009961458801 -0.615461853492130118 0.623466334280656009
-0.808054382986426067 -0.587060496912346630 0.622864893158023070
-0.837024708451738153 -0.546881857055714349 0.622262258247461841
-0.871925389077118806 -0.484954005465841220 0.621658433184878789
-0.909255577446666186 -0.378145332219240404 0.621053421613361412
-0.913109188130925453 -0.169961814495835084 0.620447227183155481
-0.769922907719175376 0.095149569831708414 0.619839853551643394
-0.089908897991590159 0.107688539856010290 0.619231304383322301
0.012253217103006558 -0.501542038691328407 0.618621583349781567
-0.209640431064816002 -0.709257896978545022 0.618010694129680793
-0.354563981609279488 -0.751595244209911861 0.617398640408728050
-0.442715775037914927 -0.754871585664547373 0.616785425879656679
-0.500765957582154586 -0.748068122073955344 0.616171054242203975
-0.542051756137877150 -0.738650438590535696 0.615555529203088425
-0.573280394852290320 -0.728794680069144274 0.614938854475987173
-0.598071224496795173 -0.719158121054711330 0.614321033781514036
-0.618517139783257952 -0.709912958001634897 0.613702070847196968
-0.635901891685055842 -0.701069114364934576 0.613081969407454963
-0.651052518679751557 -0.692584348195379396 0.612460733203576524
-0.664524043129196884 -0.684403618093598953 0.611838365983696564
-0.676701921856082467 -0.676473097722180672 0.611214871502773316
-0.690517527875759152 -0.666839159566816386 0.610590253522566684
-0.700682438894498105 -0.659305809128529208 0.609964515811614816
-0.710214194902016649 -0.651889913648087238 0.609337662145211567
-0.719220859873524909 -0.644562849796991300 0.608709696305383963
-0.727786518248388803 -0.637300334156424508 0.608080622080868771
-0.735977506447027974 -0.630081663305121942 0.607450443267090412
-0.743846803014050706 -0.622889068727559114 0.606819163666137418
-0.751437181181562552 -0.615707181367890155 0.606186787086739787
-0.758783512200652099 -0.608522591088082487 0.605553317344246333
-0.765914474924536237 -0.601323484538819564 0.604918758260600598
-0.772853843183228584 -0.594099346196130140 0.604283113664319305
-0.781288555862977963 -0.585019633027351826 0.603646387390467831
-0.787864657832827997 -0.577705821433434297 0.603008583280637778
-0.794303009994245524 -0.570339007306856938 0.602369705182924098
-0.800615169907468505 -0.562911826860124420 0.601729756951901340
-0.806811054796112814 -0.555417243601473265 0.601088742448600111
-0.812899231344713535 -0.547848419914509721 0.600446665540484759
-0.820369254282331317 -0.538272684809738666 0.599803530101429061
-0.826240967945253146 -0.530512009589469979 0.599159340011693797
-0.832026115790742371 -0.522654744272754934 0.598514099157902213
-0.837729765177479546 -0.514693487816372142 0.597867811433017704
-0.843356541198425402 -0.506620333270375367 0.597220480736319392
-0.850288428808600560 -0.496358361324891473 0.596572110973379255
-0.855757611442835686 -0.488000630092429333 0.595922706056038476
-0.861163211781084570 -0.479499403998197349 0.595272269902383133
-0.866509162834812940 -0.470842158589085402 0.594620806436721661
-0.871799504511468037 -0.462014408680164190 0.593968319589560312
-0.878340751157838051 -0.450713813025878429 0.593314813297580179
-0.883522084973705768 -0.441435510972968514 0.592660291503612213
-0.888663134085641904 -0.431918672695451422 0.592004758156615130
-0.893769837080506169 -0.422132425917986609 0.591348217211650096
-0.900115446749697012 -0.409461817267385064 0.590690672629857860
-0.905171666467445957 -0.398915112528103410 0.590032128378433995
-0.910220422019881070 -0.387934871418621319 0.589372588430605804
-0.916538896527827385 -0.373470074461840718 0.588712056765608116
-0.921617039317809361 -0.361166603219991389 0.588050537368658643
-0.926734286972318300 -0.348041051536714718 0.587388034230934886
-0.931910175472197122 -0.333868789670177579 0.586724551349549261
-0.938493975666474523 -0.314176818004111680 0.586060092727525461
-0.943872252820173174 -0.296222701236917074 0.585394662373774133
-0.949345113949193631 -0.275427286676023564 0.584728264303068901
-0.956191160639281779 -0.243221775075755764 0.584060902536021609
-0.961247263290901044 -0.209153283984791660 0.583392581099058893
-0.964511788500465150 -0.161505686579867080 0.582723304024396649
-0.956413627729062021 -0.060122645640615702 0.582053075350017379
-0.892489891171103888 0.107686768702671298 0.581381899119644441
-0.133896838226541970 0.212139196258187529 0.580709779382718061
-0.412097063971007538 -0.638915270059590146 0.580036720194371247
-0.735699528179928119 -0.565388199993229645 0.579362725615404806
-0.848634896972571551 -0.466958118246801446 0.578687799712263029
-0.885830898139367440 -0.417229641199849954 0.578011946557009382
-0.907651213045477578 -0.380926328585628027 0.577335170227301964
-0.925308093587344671 -0.345795708514944178 0.576657474806368309
-0.935460470263239641 -0.322385056473326492 0.575978864382981293
-0.945405906280792019 -0.296416611877932556 0.575299343051434375
-0.952000364796767529 -0.277088898600736100 0.574618914911516843
-0.959192715016062181 -0.253521652967095001 0.573937584068489048
-0.964424548355491407 -0.234250250311490882 0.573255354633057546
-0.969413406031586655 -0.213562741964384628 0.572572230721350661
-0.975575754656363370 -0.183058580094395018 0.571888216454893183
-0.980541622599519158 -0.150110558086822665 0.571203315960581826
-0.984615124619528048 -0.075696702027123974 0.570517533370660246
-0.943843995351488774 0.115598534352382543 0.569830872822694068
-0.699543691771328469 -0.527580163724831297 0.569143338459545789
-0.914513555960150271 -0.331236642817111404 0.568454934429350356
-0.951478597798906645 -0.253200941635690735 0.567765664885489074
-0.962343017103927112 -0.220404921142948518 0.567075533986565739
-0.969949772213034134 -0.191552498868051924 0.566384545896380986
-0.973965481471682604 -0.173077784692214354 0.565692704783906763
-0.977647450854480682 -0.153030038288159254 0.565000014823262009
-0.979915197143979233 -0.138486798804274447 0.564306480193686899
-0.982167049360178401 -0.121494529306674981 0.563612105079517756
-0.983610233092781505 -0.108554098293380419 0.562916893670161955
-0.985053245514844633 -0.092943286116990431 0.562220850160072394
-0.985959381250729017 -0.080781585864863892 0.561523978748722397
-0.986817411774448816 -0.065869729301573143 0.560826283640580292
-0.987301790940869672 -0.054107714702788079 0.560127769045084101
-0.987670630903083158 -0.039547159832140966 0.559428439176616110
-0.987784061622109633 -0.027971777220531457 0.558728298254477340
-0.987704898868163594 -0.013547274528919573 0.558027350502862229
-0.987466751634610285 -0.002012171210998781 0.557325600150833100
-0.986950019108259857 0.012441638289456547 0.556623051432294513
-0.986358655569321563 0.024063537085877218 0.555919708585968286
-0.985389755693116154 0.038710060712198735 0.555215575855366850
-0.984152473371754821 0.053548547286327686 0.554510657488768932
-0.982955225786779963 0.065610498224577651 0.553804957739192694
-0.981172685625041563 0.081014228549704859 0.553098480864371078
-0.979488379374580664 0.093686798303668661 0.552391231126725279
-0.976999277992381288 0.110135800921348725 0.551683212793339983
-0.973972739409533883 0.127555678626197933 0.550974430135936832
-0.971029166850178038 0.142531488314825094 0.550264887430848670
-0.966375959407713370 0.163309250098915004 0.549554588958994228
-0.961389499842267292 0.182641831898159412 0.548843539005852032
-0.951992688992924885 0.213320840704449510 0.548131741861434318
-0.933107947583209363 0.261104061353686911 0.547419201820261936
-0.889226808771190091 0.338179712013383704 0.546705923181337261
-0.124290741167007765 0.387660968644700399 0.545991910248119217
-0.967861591768876872 -0.042816958539362238 0.545277167328497070
-0.978305028076348004 0.078941539605082434 0.544561698734763899
-0.972746506559328483 0.139507365474847767 0.543845508783591502
-0.966594478917979005 0.174508996254680582 0.543128601796003752
-0.961975978477376481 0.195579264898644023 0.542410982097350503
-0.956466024837674511 0.217696052660319661 0.541692654017281949
-0.951096211719149709 0.237166322424703424 0.540973621889721756
-0.946822939129682517 0.251580115180435437 0.540253890052841745
-0.941444039304331848 0.268646121180597497 0.539533462849035028
-0.935973943574457956 0.284983875182791779 0.538812344624890471
-0.931506445578388242 0.297681593001416223 0.538090539731165718
-0.925784208091366745 0.313212582607002799 0.537368052522761430
-0.919888794170290014 0.328459048600472592 0.536644887358695422
-0.915036237547080855 0.340500269797625488 0.535921048602074901
-0.908788420224381666 0.355401096446487486 0.535196540620071826
-0.902327040376582068 0.370170933129181645 0.534471367783895701
-0.896997020590206695 0.381912624075738172 0.533745534468767047
-0.890125235782403212 0.396516354437987883 0.533019045053891527
-0.883012509864588235 0.411055334734495070 0.532291903922433307
-0.875650176548927517 0.425543826588957785 0.531564115461488407
-0.869574881801833177 0.437105953030413941 0.530835684062058610
-0.861741839820117983 0.451530582203282516 0.530106614119024488
-0.853635263450104320 0.465931204651609643 0.529376910031119641
-0.845246246648397537 0.480314190814950359 0.528646576200903162
-0.838325438593339523 0.491811485135577098 0.527915617034733886
-0.829404231165357886 0.506175570957022480 0.527184036942743628
-0.820173136909835954 0.520534957135983301 0.526451840338810095
-0.810621099299983605 0.534893059206898336 0.525719031640530909
-0.802740419855182741 0.546380621701686886 0.524985615269196515
-0.792580024745314971 0.560743622611273640 0.524251595649763980
-0.782062792844415933 0.575112698473860928 0.523516977210829459
-0.771173737039514973 0.589489823212100195 0.522781764384602554
-0.762183832932315619 0.600998435235366113 0.522045961606878439
-0.750583226160228767 0.615393959347915520 0.521309573317012220
-0.738560969092664998 0.629801226055431096 0.520572603957891289
-0.726095913906881107 0.644220771407660653 0.519835057975908787
-0.713164821613785027 0.658652595821474396 0.519096939820936853
-0.702467306822062598 0.670206483411593501 0.518358253946300196
-0.688631201710155905 0.684658232115779031 0.517619004808748007
-0.674250786107510658 0.699118283070923940 0.516879196868428425
-0.659292534977123368 0.713583227550359633 0.516138834588860784
-0.643719474662503788 0.728048202682686552 0.515397922436909073
-0.630791089717348985 0.739615801102576298 0.514656464882754738
-0.614005751278831502 0.754062581951907451 0.513914466399869707
-0.596480441597885047 0.768484834412922591 0.513171931464990072
-0.578161396184397325 0.782868342765091318 0.512428864558087671
-0.558989289426106706 0.797194948635848610 0.511685270162344774
-0.538898689222835570 0.811441658794699427 0.510941152764125550
-0.522116674214477161 0.822762301135345542 0.510196516852949977
-0.500186200143487580 0.836787504128029158 0.509451366921466198
-0.477116610982357470 0.850632481381372041 0.508705707465423762
-0.452813995008365056 0.864243670595755242 0.507959542983646317
-0.427175658894563881 0.877554750325993616 0.507212877978004517
-0.400089780614278245 0.890483805893838021 0.506465716953388712
-0.377297800155258656 0.900484894120262891 0.505718064417682078
-0.347295215293546566 0.912456463933532969 0.504969924881733090
-0.315484032830209038 0.923701489174498458 0.504221302859328868
-0.281720735766823271 0.934040675585012359 0.503472202867166985
-0.245857595179198307 0.943254858896325876 0.502722629424828926
-0.207746983827468645 0.951076948511181630 0.501972587054753117
-0.167248025794292154 0.957182710828367034 0.501222080282206495
-0.124236473173878537 0.961180557269131985 0.500471113635258535
-0.087953899191662854 0.962548391648272883 0.499719691644752828
-0.040217685880147402 0.961509172857427874 0.498967818844280431
0.010146366874402457 0.956818068504932784 0.498215499770152170
0.063014539080743892 0.947739449048095373 0.497462738961371664
0.118112738829178221 0.933440253686922405 0.496709540959607176
0.174962475563120556 0.913006383792693610 0.495955910309165471
0.232818952460899564 0.885479924241832972 0.495201851556962724
0.290607332503723059 0.849925962354121101 0.494447369252498770
0.346869271377046817 0.805537429731952637 0.493692467947828284
0.389539538402594809 0.763294442080612257 0.492937152197534589
0.438099459023048365 0.701965250637399008 0.492181426558700674
0.479047414542099981 0.631604066046866031 0.491425295590883215
0.509849608279752786 0.553448033075988888 0.490668763856084045
0.528206137434759193 0.469631493326306659 0.489911835918723060
0.532432066955591976 0.383137826801356995 0.489154516345610635
0.521823542530416296 0.297560694708227547 0.488396809705919865
0.496898805569857216 0.216687546115581026 0.487638720571159257
0.459421180946192553 0.143989269979559187 0.486880253515145078
0.412176725286846846 0.082148112591141464 0.486121413113973777
0.358565104289686631 0.032749339243587167 0.485362203945993942
0.302122866366265452 -0.003799357983677421 0.484602630591779604
0.257135055843615068 -0.024187818250096124 0.483842697634101593
0.203422971888173321 -0.039759041574711190 0.483082409657900780
0.154479415794429475 -0.046051726678998685 0.482321771250259546
0.111751933599390202 -0.045169955027914307 0.481560787000374912
0.076066926484686062 -0.039273069486988568 0.480799461499530345
0.047741313481309097 -0.030444685008938873 0.480037799341068050
0.026694465036733166 -0.020632268507632820 0.479275805120361664
0.012535562700820102 -0.011638066186368128 0.478513483434788112
0.004613169712729249 -0.005140016988262113 0.477750838883700013
0.002021097272387646 -0.002722069975467369 0.476987876068398153
0.003558820359800467 -0.005893282092447471 0.476224599592103282
0.007648601330474099 -0.016072009264705065 0.475461014059928577
0.012219401503190872 -0.034505038628107942 0.474697124078852117
0.014585353789611285 -0.062084413793279003 0.473932934257688454
0.011379882657116890 -0.099026084753976451 0.473168449207061581
-0.001344967447547848 -0.144403771545390192 0.472403673539376345
-0.027702997381811825 -0.195616100076867749 0.471638611868791302
-0.071119795996795437 -0.248015802062936219 0.470873268811190182
-0.133107663463018333 -0.295079797791968967 0.470107648984154913
-0.212099557656903248 -0.329457405816681925 0.469341757006936922
-0.303069220262938810 -0.344808361187667556 0.468575597500429597
-0.398466373260077444 -0.337685017594647141 0.467809175087140594
-0.490207015119798584 -0.308440621004150539 0.467042494391163687
-0.571717485412831961 -0.260697440789461110 0.466275560038151071
-0.639078693115776475 -0.199835312628653256 0.465508376655285161
-0.691039005290595032 -0.131399324173832682 0.464740948871250947
-0.721952632107401016 -0.074372504767822922 0.463973281316208130
-0.748736098353837698 -0.003192365585877821 0.463205378621762642
-0.764363343943242235 0.065700443221773652 0.462437245420939558
-0.770996450151490875 0.130938392985875618 0.461668886348154228
-0.770562393905068199 0.191882252844277512 0.460900306039185248
-0.764663484546886041 0.248364074039034322 0.460131509131145422
-0.754576423002027874 0.300495062350843889 0.459362500262455065
-0.741291112357864490 0.348535110774531254 0.458593284072812746
-0.725561481098139560 0.392810100317478317 0.457823865203168145
-0.707954813719660070 0.433662508116503420 0.457054248295693633
-0.688894231014238745 0.471423758084349331 0.456284437993756620
-0.668693081838914294 0.506400099641622803 0.455514438941891142
-0.647581825238001452 0.538866560243190018 0.454744255785770268
-0.625728612420152541 0.569065506457788195 0.453973893172177512
-0.603254856740446432 0.597207683177366389 0.453203355748979131
-0.580246936266193281 0.623474458397170972 0.452432648165096596
-0.556764966063942213 0.648020536231072364 0.451661775070477334
-0.532849374556678579 0.670976727373629234 0.450890741116067750
-0.508525845310987989 0.692452561291758917 0.450119550953784642
-0.483809047187331032 0.712538638673226976 0.449348209236487384
-0.458705469395742138 0.731308687352075770 0.448576720617949509
-0.433215597460663626 0.748821320550936975 0.447805089752831120
-0.407335606518112514 0.765121514265828973 0.447033321296650354
-0.381058704318534502 0.780241828815181782 0.446261419905755630
-0.348990219387746103 0.796857772170959433 0.445489390237297223
-0.321808318222862266 0.809441836341160403 0.444717236949199513
-0.294199539911181085 0.820877103096947502 0.443944964700132727
-0.266154908546114566 0.831152654380818756 0.443172578149484575
-0.237666895498972186 0.840248413028339858 0.442400081957332769
-0.208730145166895975 0.848135348397971223 0.441627480784416215
-0.179342243151219216 0.854775595138707933 0.440854779292107424
-0.149504553993508704 0.860122504440407498 0.440081982142383921
-0.119223154674382770 0.864120648224037224 0.439309093997800659
-0.088509889963632682 0.866705798940683003 0.438536119521461376
-0.057383575671376086 0.867804911208013063 0.437763063376990780
-0.025871376390442846 0.867336136501988042 0.436989930228506185
0.005989615810332471 0.865208908875519489 0.436216724740589701
0.038150575873842352 0.861324148378652232 0.435443451578259699
0.070548889774310897 0.855574639764627776 0.434670115406943058
0.103105828528557486 0.847845657409638687 0.433896720892446575
0.135723940183169300 0.838015923225663650 0.433123272700929207
0.168284159841434577 0.825959002588451785 0.432349775498873712
0.200642656029597743 0.811545263620764512 0.431576233953058608
0.232627458527440489 0.794644546366223503 0.430802652730529700
0.264034950066080187 0.775129708952993046 0.430029036498572770
0.294626355097955372 0.752881234509231501 0.429255389924684039
0.324124425069757194 0.727793091200352849 0.428481717676543417
0.352210603514050646 0.699780031277854819 0.427708024421985300
0.378523054875714082 0.668786485414814336 0.426934314828971262
0.402656056605848245 0.634797143430921196 0.426160593565560908
0.424161375295644016 0.597849199766415484 0.425386865299884787
0.442552360597949390 0.558046067258618717 0.424613134700115247
0.457311570625670127 0.515572114825772365 0.423839406434439070
0.467902754612359639 0.470707659688925695 0.423065685171028827
0.473787917980128315 0.423843052795861763 0.422291975578014622
0.474449931299967098 0.375490269762874251 0.421518282323456672
0.469420672526809246 0.326290022357519083 0.420744610075315939
0.458313987838335157 0.277012133646749925 0.419970963501427319
0.440861841999187487 0.228546900324526292 0.419197347269470222
0.416950994004754438 0.181885530545945751 0.418423766046941481
0.386656549575304431 0.138088598026458120 0.417650224501126266
0.350268054785272231 0.098242814072515380 0.416876727299070882
0.308303677620948513 0.063408172358126111 0.416103279107553403
0.261508703144819554 0.034559398171190220 0.415329884593057030
0.210836117137471885 0.012527228132114071 0.414556548421740223
0.157409323877440721 -0.002054081869918567 0.413783275259410332
0.102469642510453318 -0.008786816297751993 0.413010069771493848
0.047313599169241438 -0.007532582954239257 0.412236936623009365
-0.006773382324062917 0.001584708234096287 0.411463880478538657
-0.058579869744802907 0.018195410654397726 0.410690906002199319
-0.107021692328003626 0.041717347399899130 0.409918017857616057
-0.151181203613698578 0.071400808637772428 0.409145220707892665
-0.190330472150922358 0.106379565730565423 0.408372519215583762
-0.229962202994861531 0.154030766863198165 0.407599918042667209
-0.256487637684481629 0.197358282414500319 0.406827421850515403
-0.276950768516446844 0.242992324176162539 0.406055035299867251
-0.291361643238019719 0.290070104937690199 0.405282763050800465
-0.299847174106522563 0.337804682573868642 0.404510609762702811
-0.302623381414608039 0.385495416518750134 0.403738580094244404
-0.299969517467922608 0.432531269602748625 0.402966678703349568
-0.292205296744004805 0.478388572867500583 0.402194910247168913
-0.279671824188798490 0.522624827595749242 0.401423279382050524
-0.262716336110012327 0.564869919496843398 0.400651790763512761
-0.241680549536693767 0.604815847386673489 0.399880449046215336
-0.216892235503656883 0.642205779543006949 0.399109258883932283
-0.188659559506298591 0.676822982305440690 0.398338224929522700
-0.157267737902275134 0.708479935387120174 0.397567351834903382
-0.122977617773153691 0.737007761316726517 0.396796644251020736
-0.086025881402792104 0.762245950815298334 0.396026106827822577
-0.046626695905395199 0.784032254893113567 0.395255744214229765
-0.004974770957734853 0.802192532281416071 0.394485561058108725
0.038750041454239825 0.816530282670438701 0.393715562006243303
0.084376258933696269 0.826815562856804465 0.392945751704306401
0.131731771289879951 0.832772983374021170 0.392176134796831943
0.180631345258909615 0.834068540639732570 0.391406715927187232
0.230859141764660214 0.830295203014789651 0.390637499737544969
0.282144074674091083 0.820957530017375703 0.389868490868854556
0.334124933416069803 0.805456328339588579 0.389099693960814785
0.386301055797574566 0.783075724991678657 0.388331113651845694
0.437963089197898836 0.752977547422321258 0.387562754579060531
0.488097453553738458 0.714212290076572942 0.386794621378237391
0.535258671920741502 0.665763239641163351 0.386026718683791847
0.577408380092343076 0.606651541541505024 0.385259051128749030
0.611733769036559294 0.536144969776580660 0.384491623344714872
0.634490184900902254 0.454127401633471373 0.383724439961849018
0.640973060963378916 0.361683839865372447 0.382957505608836291
0.630838327459215309 0.282206460631810485 0.382190824912859439
0.594603232321586517 0.180669803356070857 0.381424402499570547
0.528751055140201487 0.084862915967458430 0.380658242993063167
0.433242806151257653 0.006180560374644706 0.379892351015845064
0.313831598282813540 -0.043351168042480431 0.379126731188809796
0.182394923035624379 -0.054817338672057736 0.378361388131208842
0.054394348503356671 -0.025985208128892594 0.377596326460623632
-0.055723005260858785 0.037664801667128545 0.376831550792938397
-0.138563326516508878 0.125240987650384134 0.376067065742311524
-0.191137913570451845 0.224428052736021899 0.375302875921148027
-0.215592232119081462 0.324775763495312841 0.374538985940071401
-0.216853477172040204 0.419143836676317327 0.373775400407896752
-0.200582462616693769 0.503606123249877635 0.373012123931601880
-0.171952738134978717 0.576639564112856218 0.372249161116299909
-0.135157999151662322 0.638228370190339067 0.371486516565211977
-0.093358666182852101 0.689162397287661932 0.370724194879638425
-0.048824657070028699 0.730576609837228164 0.369962200658932039
-0.003131096439281555 0.763684114555396754 0.369200538500469633
0.042658983524360261 0.789638612228184544 0.368439212999625065
0.087846953471277411 0.809474317494522477 0.367678228749740488
0.131987591051083430 0.824088428849414800 0.366917590342099198
0.174809043162593214 0.834244962812551005 0.366157302365898329
0.216156526463011756 0.840587974509011349 0.365397369408220485
0.248119815095721730 0.843282820203496319 0.364637796054006091
0.286656010186390531 0.844063762003956164 0.363878586886026256
0.323620364562782203 0.842333240122296045 0.363119746484854844
0.359038046200475247 0.838421770525286325 0.362361279428840721
0.392948141161879760 0.832608132756314179 0.361603190294080168
0.425397647939685819 0.825128503252853140 0.360845483654389343
0.456437499048894857 0.816183957422218609 0.360088164081276974
0.486119962141314033 0.805946596231912338 0.359331236143916044
0.514496977445931702 0.794564535543018202 0.358574704409116762
0.541619128825530760 0.782165965898755200 0.357818573441299359
0.567535041123298667 0.768862457730888349 0.357062847802465555
0.592291062077031749 0.754751656136883886 0.356307532052171694
0.611290366372740479 0.742939848893984900 0.355552630747501208
0.634067685754063359 0.727585722500222465 0.354798148443037253
0.655802097818847796 0.711640887542539513 0.354044089690834618
0.676530973321431750 0.695167043302751253 0.353290459040392801
0.696289551484939317 0.678219491201154434 0.352537261038628369
0.715111085103455557 0.660848002288305869 0.351784500229847863
0.733026988479747788 0.643097538296426019 0.351032181155719714
0.750066981773041763 0.625008853014743293 0.350280308355247205
0.766259227806387444 0.606618995624998103 0.349528886364741498
0.778620655830118635 0.591713058380458512 0.348777919717793483
0.793353435502626381 0.572864208968140387 0.348027412945247028
0.807310076616803096 0.553801569718292641 0.347277370575171052
0.820513886452749586 0.534551448700779419 0.346527797132833160
0.832987121884848691 0.515137966731315067 0.345778697140671221
0.844751063284959636 0.495583252227920212 0.345030075118266999
0.855826078751471098 0.475907609640703444 0.344281935582318011
0.864203203515602980 0.460092597701420802 0.343534283046611377
0.874086775064578214 0.440245179715830548 0.342787122021995572
0.883334039065484244 0.420325162204586988 0.342040457016353661
0.891962336676736745 0.400347111920167364 0.341294292534576271
0.899988296175328828 0.380324333875500187 0.340548633078533836
0.907427857017475303 0.360268954750746384 0.339803483147050112
0.914296289452753985 0.340191998887311942 0.339058847235874428
0.919389667093989726 0.324121646383556894 0.338314729837655315
0.925266471856172834 0.304030378750456465 0.337571135441912362
0.930611467019543115 0.283943111637033285 0.336828068535010128
0.935437497886958180 0.263867274274769081 0.336085533600130215
0.939756790364679961 0.243809486331171721 0.335343535117245406
0.942855195530900581 0.227780214169245043 0.334602077563091016
0.946291205190738727 0.207769204509703931 0.333861165411139194
0.949251441567218524 0.187790892591346237 0.333120803131571552
0.951745800529703478 0.167849261121509108 0.332380995191252027
0.953783565109866283 0.147947703848475942 0.331641746053699893
0.955090874613345853 0.132057240544310339 0.330903060179063069
0.956328198333730173 0.112234640776425976 0.330164942024091357
0.957131639516199395 0.092458817026358830 0.329427396042108855
0.957508126051468400 0.072731273549083708 0.328690426682987813
0.957463954081558599 0.053053101047100315 0.327954038393121539
0.957129565539006411 0.037346598516272589 0.327218235615397535
0.956342028431192537 0.017758842465025293 0.326483022789170574
0.955148031262938124 -0.001778425728173993 0.325748404350236054
0.953551386671286583 -0.021265412351058943 0.325014384730803463
0.951986290165228954 -0.036819114829940824 0.324280968359469235
0.949672290270195507 -0.056216982738587828 0.323548159661190049
0.946962613807379561 -0.075566544767342314 0.322815963057256461
0.943858360959713649 -0.094868938949234038 0.322084382965266092
0.941091108063766280 -0.110277784215099928 0.321353423799096927
0.937276887589564844 -0.129498761526165573 0.320623089968880448
0.933066916705938887 -0.148676753233368431 0.319893385880975489
0.928459122791177260 -0.167813565272686926 0.319164315937941478
0.924484449570444733 -0.183094673482794235 0.318435884538511682
0.919152230214875354 -0.202162380028758193 0.317708096077566726
0.913411009716197153 -0.221194731518820020 0.316980954946108506
0.907254596376801170 -0.240194075094093074 0.316254465531233042
0.902025504683744206 -0.255371455486480547 0.315528632216104443
0.895101708149262487 -0.274317779355122859 0.314803459379928152
0.887737609317581056 -0.293238501460688361 0.314078951397925132
0.881521069107435107 -0.308358659829636950 0.313355112641304667
0.873331734830611550 -0.327241048900629494 0.312631947477238548
0.864661482466497766 -0.346106937121102742 0.311909460268834315
0.855490495494413694 -0.364960208146772769 0.311187655375109562
0.847777488661424217 -0.380036656202351719 0.310466537150965005
0.837642722773134452 -0.398878640210987789 0.309746109947158288
0.826928791345604708 -0.417721950499736649 0.309026378110278277
0.817914183770893755 -0.432801989291158262 0.308307345982718140
0.806051350411248868 -0.451665381058738102 0.307589017902649531
0.793472739582453235 -0.470552489996200307 0.306871398203996282
0.782845421187934765 -0.485687039092052297 0.306154491216408586
0.768777748180224929 -0.504648431488250004 0.305438301265236245
0.756822761307951453 -0.519863333931796956 0.304722832671503130
0.740872756180464664 -0.538958217258690753 0.304008089751880761
0.723607891810610693 -0.558164937749092149 0.303294076818662772
0.708654495389000938 -0.573635547366473819 0.302580798179738097
0.688183293202411894 -0.593144490790549650 0.301868258138565604
0.665141955516900363 -0.612895893437391592 0.301156460994148056
0.644196753275471545 -0.628912163572321492 0.300445411041005861
0.613479396292685442 -0.649231597205360056 0.299735112569151418
0.583451069963551117 -0.665672366740737709 0.299025569864063145
0.534288686250652178 -0.685946428434437205 0.298316787206659995
0.459705099552328800 -0.702989537258589703 0.297608768873274754
0.357874122915794124 -0.703446539525428238 0.296901519135629122
0.084810762915674964 -0.569379494644798201 0.296195042260807340
0.197301367055845500 0.202051874566915951 0.295489342511231157
0.930037148788918300 -0.317708156965174848 0.294784424144633184
0.817891945128108810 -0.571388332294086143 0.294080291414031747
0.749662301544795739 -0.645687896628257985 0.293376948567705464
0.689134735211058280 -0.697647959949992957 0.292674399849167044
0.651434369072699249 -0.726169809759083740 0.291972649497137970
0.611550756744467572 -0.754212271140653923 0.291271701745522582
0.583097086322831859 -0.773149229458809484 0.290571560823383868
0.550089600445301086 -0.794108338889117693 0.289872230954915933
0.524957553159474344 -0.809347386381560452 0.289173716359419908
0.494476354023238585 -0.826973205445713400 0.288476021251277581
0.470516006316588409 -0.840147685070329331 0.287779149839927695
0.440797780290774932 -0.855630633024123899 0.287083106329838189
0.411107023279133621 -0.870131037576549415 0.286387894920482278
0.387253844735958475 -0.881070412032935235 0.285693519806313190
0.357202765453029092 -0.893946686165636217 0.284999985176738024
0.332914203083751914 -0.903615916707896760 0.284307295216093381
0.302183947478372517 -0.914907739206912596 0.283615454103619102
0.277271639729043062 -0.923294095340098320 0.282924466013434350
0.252046961674866843 -0.931090321055239700 0.282234335114511015
0.220057765612984291 -0.939979155757999507 0.281545065570649733
0.194090980896899301 -0.946380527186805098 0.280856661540454244
0.161159627710217190 -0.953458462420498587 0.280169127177306077
0.134439082667892396 -0.958352498293126187 0.279482466629339732
0.100579704030558104 -0.963468218080037797 0.278796684039418097
0.073137895290340538 -0.966727541614196051 0.278111783545106850
0.038415856054115016 -0.969716587677190489 0.277427769278649428
0.010323888139934678 -0.971207249279793183 0.276744645366942488
-0.025149480205815311 -0.971901484555115047 0.276062415931510929
-0.053785269735299457 -0.971490027598151062 0.275381085088483135
-0.082620032345442351 -0.970191940082689719 0.274700656948565658
-0.118897164984728687 -0.967285944322536229 0.274021135617018741
-0.148065657939896789 -0.963906790735800545 0.273342525193631669
-0.184651378043097059 -0.958330378404424588 0.272664829772698014
-0.213973729643848365 -0.952763898942441845 0.271988053442990652
-0.243300511550990251 -0.946196210040840979 0.271312200287737060
-0.279901383093006828 -0.936555722519882727 0.270637274384595228
-0.309083148953117448 -0.927682904427122867 0.269963279805628786
-0.345363609202218702 -0.915123901991435118 0.269290220617281972
-0.374175327664273361 -0.903892008294592486 0.268618100880355593
-0.402748543019798122 -0.891599894410362692 0.267946924649982543
-0.438060244765900331 -0.874736142441491338 0.267276695975603384
-0.465930911160959915 -0.860041237960975868 0.266607418900941251
-0.493417356911694860 -0.844271882855264333 0.265939097463978480
-0.527170751797633175 -0.823041454069459943 0.265271735696931188
-0.553640942567084293 -0.804832487596931490 0.264605337626225900
-0.579597479136326310 -0.785520790931931723 0.263939907272474572
-0.611269951582819604 -0.759796209898635833 0.263275448650450827
-0.635954130337964330 -0.737903569259839687 0.262611965769065092
-0.660031775277234223 -0.714779208431201019 0.261949462631341390
-0.683486167477837525 -0.690327599549114046 0.261287943234391862
-0.711914755836837387 -0.657660888926891340 0.260627411569394229
-0.733947520683902788 -0.629536457444425435 0.259967871621566038
-0.755361275600424098 -0.599179629339574582 0.259309327370142229
-0.781282604549163096 -0.556902967970171581 0.258651782788349882
-0.801329849295991381 -0.517800646585180990 0.257995241843384959
-0.820566828308264551 -0.470611705626895527 0.257339708496387765
-0.837904273922495335 -0.407729132207893086 0.256685186702419799
-0.844147445314648470 -0.268820440812961747 0.256031680410439610
-0.693805101893290477 0.027772583968920406 0.255379193563278428
-0.101277796278787080 -0.755766010652281217 0.254727730097616900
-0.698672186603850998 -0.708344693469313391 0.254077293943961557
-0.819076730971503242 -0.565725901199459091 0.253427889026620723
-0.855230403240431647 -0.499389962059625991 0.252779519263680752
-0.877817923408928613 -0.449090569574590259 0.252132188566982385
-0.894314600751397792 -0.406764785834524967 0.251485900842097765
-0.907348623277469568 -0.368955399235962878 0.250840659988306292
-0.920459295429464364 -0.325536844969587624 0.250196469898570972
-0.929065191195928564 -0.292820267696628278 0.249553334459515330
-0.936322579246354758 -0.261366260804130446 0.248911257551399867
-0.942413464065533057 -0.230882084614679295 0.248270243048098749
-0.947461440833378465 -0.201179659466083294 0.247630294817075935
-0.951556042596306439 -0.172134903848800591 0.246991416719362256
-0.954765912174410425 -0.143664391071031516 0.246353612609532258
-0.957617401687177239 -0.108799021936976825 0.245716886335680784
-0.959025429564746013 -0.081439457547027472 0.245081241739399380
-0.959699939611092567 -0.054526309696745823 0.244446682655753811
-0.959675915409967550 -0.028042890175979218 0.243813212913260191
-0.958985342817384234 -0.001977888209602208 0.243180836333862671
-0.957657904728773213 0.023676238127207538 0.242549556732909621
-0.955721455710078605 0.048924394226108503 0.241919377919131262
-0.953202352058143521 0.073769655109128085 0.241290303694616182
-0.950125685435010303 0.098213844127914007 0.240662337854788411
-0.946515451387163087 0.122257950689759920 0.240035484188385162
-0.941287319830913849 0.151751133219545864 0.239409746477433349
-0.936559407897249674 0.174896267560347651 0.238785128497226773
-0.931369652538309278 0.197641899865616866 0.238161634016303414
-0.925738465967443691 0.219987981287643131 0.237539266796423398
-0.919685570943994168 0.241934516740117400 0.236918030592545070
-0.913230039910267077 0.263481615501656830 0.236297929152803232
-0.906390329497351765 0.284629525154988849 0.235678966218485830
-0.899184311655289559 0.305378653407760325 0.235061145524012804
-0.891629302262995416 0.325729581173532901 0.234444470796911636
-0.883742087800013065 0.345683069348627414 0.233828945757796114
-0.875538950400752580 0.365240061269532013 0.233214574120343354
-0.867035691511008011 0.384401682235276543 0.232601359591271956
-0.858247654239160829 0.403169237177384010 0.231989305870319185
-0.849189744444251327 0.421544207260226345 0.231378416650218466
-0.839876450587254131 0.439528245921845917 0.230768695616677788
-0.830321862261803267 0.457123174884735028 0.230160146448356639
-0.820539687438818000 0.474330980258344581 0.229552772816844636
-0.813061742205617888 0.486984069997192071 0.228946578386638622
-0.802913183956964094 0.503519670179200851 0.228341566815121244
-0.792572893109419141 0.519674428785816822 0.227737741752538220
-0.782053276673853826 0.535450920322317003 0.227135106841976964
-0.771366423073843621 0.550851870684436973 0.226533665719343968
-0.760524111435695871 0.565880155520098294 0.225933422013343488
-0.749537819486021384 0.580538798912095366 0.225334379345455083
-0.738418730201441775 0.594830972151387805 0.224736541329912165
-0.727177737183478112 0.608759992627636359 0.224139911573680239
-0.715825448895639260 0.622329322654691763 0.223544493676434614
-0.707244417722430962 0.632272437152683331 0.222950291230539055
-0.695722042458663092 0.645221071211658170 0.222357307821024419
-0.684116097355110697 0.657820271948399649 0.221765547025566445
-0.672436142195982911 0.670074031398820713 0.221175012414464467
-0.660691458846145108 0.681986477686205905 0.220585707550619681
-0.648891050782542611 0.693561871974406996 0.219997635989513968
-0.640009434045509140 0.702024863825610024 0.219410801279188383
-0.628132331484341000 0.713021057786024204 0.218825206960221313
-0.616222819667763710 0.723692573040201848 0.218240856565707519
-0.604288847693379094 0.734044133509524688 0.217657753621236849
-0.592338080007558831 0.744080574276398732 0.217075901644872893
-0.583368431393055054 0.751404075523024240 0.216495304147131529
-0.571405852588426244 0.760901003073797044 0.215915964630959911
-0.559446076582786778 0.770096627913470555 0.215337886591715516
-0.547495689479157610 0.778996142366187860 0.214761073517145018
-0.538542859522821660 0.785479623050820308 0.214185528887362697
-0.526623881303478480 0.793873665884590074 0.213611256174830066
-0.514730913839376414 0.801986249996493816 0.213038258844334860
-0.505831579759959404 0.807889250243547852 0.212466540352969940
-0.493997203929575968 0.815522393506458831 0.211896104150112174
-0.482203289471271834 0.822889133599500222 0.211326953677402479
-0.470454560625393758 0.829995008519013422 0.210759092368723977
-0.461675352016975848 0.835156564422147585 0.210192523650182150
-0.450016231342283302 0.841819303356034943 0.209627250940083665
-0.438413865977731909 0.848236477479189288 0.209063277648916135
-0.429751575216739679 0.852891552836177236 0.208500607179326947
-0.418257285749283114 0.858892364813549136 0.207939242926103607
-0.406829312577387414 0.864662868354264869 0.207379188276152232
-0.398303667841030884 0.868842917054375663 0.206820446608478120
-0.386998825514487388 0.874223597089554882 0.206263021294164489
-0.378568618763531317 0.878117538759530358 0.205706915696352854
-0.367394819336973044 0.883125024428436767 0.205152133170222351
-0.356298983672264535 0.887926615559605503 0.204598677062969414
-0.348029463816526496 0.891395866943802240 0.204046550713787689
-0.337074681219658334 0.895849796923962161 0.203495757453848236
-0.328912909701380374 0.899064258367194613 0.202946300606278940
-0.318104127902558098 0.903186303848248717 0.202398183486144662
-0.310053429195414954 0.906157652082586362 0.201851409400427062
-0.299394587781132038 0.909963162413779392 0.201305981648004950
-0.291457562015803529 0.912702737288486277 0.200761903519634410
-0.280951677586657678 0.916206592843828105 0.200219178297928596
-0.270534225917682725 0.919544562931030263 0.199677809257337857
-0.262779517191695233 0.921941947516166094 0.199137799664130727
-0.252518105209725841 0.925000620316799749 0.198599152776373439
-0.244880880325804851 0.927193662631677684 0.198061871843910497
-0.237294197182874367 0.929302198926343692 0.197525960108345194
-0.227257343692880753 0.931985223056081558 0.196991420803020012
-0.219788777789063472 0.933903498579059632 0.196458257152997223
-0.209909432972979870 0.936339139620588123 0.195926472375038851
-0.202558923118659695 0.938076500560110826 0.195396069677588241
-0.192836764359556434 0.940276938029767084 0.194867052260749796
-0.185603901560734585 0.941842307658074529 0.194339423316269994
-0.176038180496354280 0.943819158427131266 0.193813186027518514
-0.168922264262419242 0.945221039925069562 0.193288343569468529
-0.161856192717177494 0.946555355314850244 0.192764899108677640
-0.152511971550753134 0.948231847681782591 0.192242855803268775
-0.145561445180598104 0.949414107482468017 0.191722216802911405
-0.136370511810789685 0.950892932662529944 0.191202985248802360
-0.129534337506189701 0.951930654003022347 0.190685164273646623
-0.122746774037720330 0.952908635671498860 0.190168757001638655
-0.113771874110354332 0.954121891990500570 0.189653766548444014
-0.107096755448612357 0.954965411346824111 0.189140196021179541
-0.100469394923181299 0.955753348649583057 0.188628048518395514
-0.091706747212035533 0.956719518510291134 0.188117327130056300
-0.085189790627691830 0.957382334490140652 0.187608034937522289
-0.078719705028803544 0.957993422552950502 0.187100175013531100
-0.072296223748498589 0.958553883456780831 0.186593750422178684
-0.063803619686166546 0.959224268329904928 0.186088764218901248
-0.057487854980908581 0.959670744446096124 0.185585219450456806
-0.051217821664994556 0.960070090739196691 0.185083119154906633
-0.042928476873676125 0.960530965520449032 0.184582466361596864
-0.036764171646580079 0.960824196371678152 0.184083264091140619
-0.030644772260892961 0.961073551141003679 0.183585515355399187
-0.024570044052846296 0.961279962549508094 0.183089223157464454
-0.018539759346093920 0.961444344601872114 0.182594390491640279
-0.010568134547244978 0.961599687853805118 0.182101020343424957
-0.004640708514995817 0.961669456215899388 0.181609115689492451
0.001242976976461863 0.961700116092482737 0.181118679497675406
0.007083114701878168 0.961692508757360232 0.180629714726946222
0.012879888648479998 0.961647460576733670 0.180142224327400208
0.020541766988216914 0.961530556743802167 0.179656211240236729
0.026238023671147415 0.961401281530113838 0.179171678397742395
0.031891464546977000 0.961237220918533142 0.178688628723273041
0.037502234234277454 0.961039144271564227 0.178207065131235742
0.043070468294776232 0.960807809443858796 0.177726990527071554
0.048596293344242703 0.960543963355136254 0.177248407807238162
0.054079827211110654 0.960248342538798205 0.176771319859192089
0.059521179160717974 0.959921673664976494 0.176295729561371350
0.064920450157842535 0.959564674036989418 0.175821639783178052
0.070277733165551803 0.959178052061210762 0.175349053384961262
0.077355608892389682 0.958617685512954676 0.174877973217999694
0.082615239151340170 0.958164652910731496 0.174408402124484219
0.087833138258067989 0.957684300503678587 0.173940342937500991
0.093009369036375522 0.957177302859429924 0.173473798481014518
0.098143988611700095 0.956644327653381032 0.173008771569850284
0.103237048954994026 0.956086035945535095 0.172545265009677762
0.108288597456185354 0.955503082425638528 0.172083281596993737
0.113298677526483427 0.954896115625437414 0.171622824119105372
0.118267329210248684 0.954265778100577999 0.171163895354113277
0.123194589829998202 0.953612706578999769 0.170706498070894802
0.128080494640891940 0.952937532078785621 0.170250635029087161
0.132925077511370726 0.952240879992910738 0.169796308979071303
0.136131859165100955 0.951764819592763711 0.169343522661954737
0.140907645761881473 0.951033746184384077 0.168892278809555235
0.145642199111151172 0.950282835742844112 0.168442580144384513
0.150335553848774950 0.949512693294241705 0.167994429379631272
0.154987746427952600 0.948723918255633514 0.167547829219145628
0.159598815816831552 0.947917104359549345 0.167102782357422014
0.164168804165345461 0.947092839558067778 0.166659291479583554
0.168697757484689237 0.946251705900019502 0.166217359261365216
0.173185726283268338 0.945394279392325565 0.165776988369098488
0.176154963553342980 0.944813891782282700 0.165338181459694394
0.180574751286693258 0.943930573611417634 0.164900941180628258
0.184953715939739693 0.943032467792978890 0.164465270169923072
0.189291929781820190 0.942120126676126768 0.164031171056134129
0.193589472312941324 0.941194095689340759 0.163598646458332858
0.197846430790379224 0.940254913112561708 0.163167698986090987
0.200661903220972992 0.939621747437943355 0.162738331239465017
0.204851438089141580 0.938661821565312859 0.162310545808980133
0.209000663019671296 0.937690142784817660 0.161884345275615377
0.213109697501372541 0.936707221143897040 0.161459732210787160
0.215826789161121246 0.936045942158831856 0.161036709176334170
0.219869131441943311 0.935045393304734462 0.160615278724501848
0.223871649887656066 0.934034920666828361 0.160195443397927406
0.227834500716583899 0.933015002827064732 0.159777205729623673
0.230454445608480218 0.932330042480674526 0.159360568242964351
0.234351559547492150 0.931295421279305424 0.158945533451668869
0.238209474290322687 0.930252585906649720 0.158532103859786916
0.240759736162892646 0.929553018606844139 0.158120281961683429
0.244552758460330977 0.928497474959864677 0.157710070242023437
0.248307126668162736 0.927434879376801691 0.157301471175757601
0.250788674605358641 0.926722771122196476 0.156894487228106394
0.254479122912192490 0.925649344779309713 0.156489120854546221
0.258131538795474347 0.924569956607801613 0.156085374500793544
0.260545477846836404 0.923847245222644275 0.155683250602791229
0.264135072525777337 0.922758781321266541 0.155282751586692802
0.266507376177632260 0.922030368211975038 0.154883879868848662
0.270034898247204669 0.920933861655193087 0.154486637855791142
0.273525555110742447 0.919833004677294674 0.154091027944219749
0.275832324509651394 0.919096853034873096 0.153697052520987060
0.279262200329134902 0.917989502590167206 0.153304713963084344
0.281528732851570207 0.917249327444468188 0.152914014637626994
0.284898689897355062 0.916136386572759531 0.152524956901840314
0.287125573696396019 0.915392773228002943 0.152137543103045308
0.290436513396203466 0.914275094854692383 0.151751775578644582
0.292624361756877838 0.913528595290172385 0.151367656656108324
0.295877221740075469 0.912406982533359834 0.150985188652959929
0.298026671058532755 0.911658115676438063 0.150604373876762149
0.301222422014764124 0.910533322372018006 0.150225214625103520
0.303334129634863392 0.909782574524604204 0.149847713185584097
0.306473772019830726 0.908655305962444926 0.149471871835801767
0.308548414010540173 0.907903131353743453 0.149097692843338375
0.310608422808036522 0.907150506167541004 0.148725178465746399
0.313671243529779542 0.906020866670559699 0.148354330950535129
0.315695160309033773 0.905267398073047458 0.147985152535156927
0.318704374650995936 0.904136783845831848 0.147617645446993906
0.320692911099567990 0.903382852059088859 0.147251811903344576
0.322667497221195920 0.902628834850457418 0.146887654111410415
0.325603473999754200 0.901497767137318551 0.146525174268282266
0.327543694093503646 0.900743769947716100 0.146164374560927651
0.329470373022146101 0.899989869494914441 0.145805257166176955
0.332335259773392344 0.898859304897284384 0.145447824250710761
0.334228602459882562 0.898105852875718869 0.145092077971046479
0.336108818147798527 0.897352658417812421 0.144738020473525603
0.338904788807011026 0.896223441523884556 0.144385653894300470
0.340752707765888563 0.895471072060738393 0.144034980359321579
0.342587916701814044 0.894719100852698457 0.143686001984324796
0.344410534972160454 0.893967564573848295 0.143338720874818359
0.347121115991534224 0.892841152160683604 0.142993139126070229
0.348912779751899715 0.892090853810670770 0.142649258823095815
0.350692270409939555 0.891341107039920200 0.142307082040644906
0.352459707032424907 0.890591941957103894 0.141966610843189456
0.354215208523351033 0.889843387286946785 0.141627847284910818
0.356826341928957069 0.888721759339214490 0.141290793409687837
0.358552524259963368 0.887974847608002715 0.140955451251084163
0.360267185666050205 0.887228636408369797 0.140621822832335985
0.361970443793349139 0.886483148629441331 0.140289910166339848
0.363662415914416448 0.885738405943393148 0.139959715255640799
0.365343218896338140 0.884994428834231406 0.139631240092419895
0.367843735796101912 0.883879940590612145 0.139304486658482385
0.369497124283634348 0.883137959503230041 0.138979456925245687
0.371139749035872879 0.882396806742442141 0.138656152853727538
0.372771724733609089 0.881656497794802041 0.138334576394534364
0.374393165478193457 0.880917047121566821 0.138014729487848986
0.376004184800039554 0.880178468170759176 0.137696614063419348
0.377604895607517033 0.879440773416761301 0.137380232040546862
0.379195410176931091 0.878703974380973918 0.137065585328074641
0.380775840116578890 0.877968081665165379 0.136752675824376058
0.382346296360591531 0.877233104970307709 0.136441505417343317
0.383906889130404549 0.876499053131520434 0.136132075984376016
0.385457727924025217 0.875765934139619340 0.135824389392369904
0.386998921488566683 0.875033755170741667 0.135518447497705474
0.388530577806577626 0.874302522609671784 0.135214252146237057
0.390052804072695491 0.873572242077771732 0.134911805173281107
0.391565706665899016 0.872842918463136774 0.134611108403605934
0.393069391143494651 0.872114555940569636 0.134312163651419847
0.394563962216790465 0.871387158000169748 0.134014972720361059
0.396049523718312313 0.870660727480441099 0.133719537403486022
0.397526178602935709 0.869935266584794809 0.133425859483258913
0.398994028919158084 0.869210776912802685 0.133133940731541361
0.399724684005238584 0.868848896625227352 0.132843782909580932
0.401179516775720002 0.868125865534534191 0.132555387768000910
0.402625796003903857 0.867403807201358013 0.132268757046789781
0.404063620419681579 0.866682721319611771 0.131983892475290826
0.405493087748165393 0.865962607105927429 0.131700795772191348
0.406914294704763702 0.865243463319499750 0.131419468645512461
0.408327336976572919 0.864525288289216487 0.131139912792598762
0.409030825970653211 0.864166563424815459 0.130862129900108481
0.410431798312670071 0.863449837529443265 0.130586121644002573
0.411824840520143565 0.862734074528328732 0.130311889689535138
0.413210044503068197 0.862019271471599735 0.130039435691243210
0.413899735570663785 0.861662228919470641 0.129768761292936907
0.415273352061354739 0.860948859605549899 0.129499868127689266
0.416639355107999876 0.860236441615920611 0.129232757817826449
0.417997832561157801 0.859524971084303369 0.128967431974918306
0.418674276323636907 0.859169589847317061 0.128703892199768077
0.420021627499502337 0.858459532809757953 0.128442140082403289
0.421361667421453312 0.857750412744979873 0.128182177202065650
0.422028971819227494 0.857396202695957621 0.127924005127202034
0.423358201092156994 0.856688479753107357 0.127667625415454483
0.424680325541671344 0.855981682540795097 0.127413039613651358
0.425338748595677829 0.855628629646766670 0.127160249257797620
0.426650365903546380 0.854923212398794652 0.126909255873065646
0.427955076535482204 0.854218709366430407 0.126660060973786071
0.428604865925064527 0.853866799247364305 0.126412666063438650
0.429899360219583582 0.853163658978157491 0.126167072634643274
0.430544083806381761 0.852812427713234733 0.125923282169150691
0.431828529900493530 0.852110640180434142 0.125681296137833798
0.433106368185787294 0.851409749100684676 0.125441116000678810
0.433742831666405815 0.851059638439016997 0.125202743206776296
0.435010891012936829 0.850360084392746129 0.124966179194312452
0.435642504075309300 0.850010640057863753 0.124731425390560466
0.436900939243831943 0.849312414503479607 0.124498483211871971
0.437527777966304487 0.848963632427802040 0.124267354063668414
0.438776738474896955 0.848266727682732702 0.124038039340432532
0.439398876277074968 0.847918604273340426 0.123810540425700069
0.440638506268497709 0.847223013685546977 0.123584858692051325
0.441256013860371277 0.846875545901612625 0.123360995501102993
0.441871993282461517 0.846528296092657340 0.123138952203499741
0.443099397293564512 0.845834449456839943 0.122918730138906251
0.443710836451028823 0.845487852230057513 0.122700330635999083
0.444929224710768900 0.844795309163543395 0.122483755012458659
0.445536187744694279 0.844449363097353523 0.122269004574961190
0.446745685640928369 0.843758121567724229 0.122056080619171087
0.447348233785740457 0.843412826069436905 0.121844984429732739
0.447949323393201759 0.843067747453319360 0.121635717280263234
0.449147152364779700 0.842378241172171083 0.121428280433344166
0.449743904118091287 0.842033813761115191 0.121222675140514505
0.450339222131592887 0.841689603730357838 0.121018902642262602
0.451525580485404254 0.841001836739978526 0.120816964168019139
0.452116632317719036 0.840658280345299436 0.120616860936149317
0.452706273395911296 0.840314942461061642 0.120418594153945749
0.453294509174289484 0.839971823478479873 0.120222165017621091
0.454466786117966426 0.839286243976233415 0.120027574712300855
0.455050837624410176 0.838943784455334352 0.119834824412016289
0.455633504526244182 0.838601545827286632 0.119643915279697144
0.456214791704808831 0.838259528706588375 0.119454848467164781
0.457373245846800669 0.837576161676818920 0.119267625115125314
0.457950421991105971 0.837234813236901965 0.119082246353162544
0.458526236776097995 0.836893689242500960 0.118898713299731174
0.459100694500395923 0.836552790552526182 0.118717027062150135
0.459673799346322687 0.836212118076429034 0.118537188736595883
0.460815966530484566 0.835531455672446910 0.118359199408095833
0.461385036646859592 0.835191467824835332 0.118183060150521657
0.461952769429143983 0.834851710360031474 0.118008772026582914
0.462519168471812236 0.834512184453354067 0.117836336087820667
0.463084237253222564 0.834172891334064692 0.117665753374601195
0.463647979129689303 0.833833832289761046 0.117497024916109374
0.464210397345154291 0.833495008661207848 0.117330151730342946
0.464771495022998860 0.833156421847409789 0.117165134824105996
0.465331275167400027 0.832818073305879758 0.117001975193003135
0.465889740677392417 0.832479964544667661 0.116840673821433358
0.466446894318927052 0.832142097139484171 0.116681231682584041
0.467002738759997815 0.831804472713320697 0.116523649738425272
0.467557276543939360 0.831467092953191655 0.116367928939703880
0.468110510096532484 0.831129959606238478 0.116214070225937813
0.468662441736670266 0.830793074473945792 0.116062074525410328
0.469213073658463320 0.830456439423556070 0.115911942755164490
0.469762407955917227 0.830120056373539250 0.115763675820997711
0.470310446605982868 0.829783927304583502 0.115617274617456051
0.470857191464392755 0.829448054262536094 0.115472740027829104
0.471402644284931005 0.829112439347313601 0.115330072924144461
0.471946806705721700 0.828777084721700419 0.115189274167162514
0.472489680260287370 0.828441992605215338 0.115050344606371285
0.473031266365524006 0.828107165281925184 0.114913285079981331
0.473571566335901917 0.827772605092271130 0.114778096414920497
0.474110581373201057 0.827438314439944977 0.114644779426829185
0.474110581373201057 0.827438314439944977 0.114513334920055415
0.474648312576679055 0.827104295785848653 0.114383763687649603
0.475184760935341122 0.826770551653904673 0.114256066511360263
0.475719927342104665 0.826437084622242191 0.114130244161628980
0.476253812572891511 0.826103897336952220 0.114006297397585929
0.476786417306081178 0.825770992500313161 0.113884226967045130
0.476786417306081178 0.825770992500313161 0.113764033606500142
0.477317742129513167 0.825438372867078440 0.113645718041119337
0.477847787515744082 0.825106041260200929 0.113529280984741868
0.478376553841186158 0.824774000559406861 0.113414723139873122
0.478376553841186158 0.824774000559406861 0.113302045197680529
0.478904041388884538 0.824442253699933181 0.113191247837989437
0.479430250341854269 0.824110803677084336 0.113082331729278909
0.479430250341854269 0.824110803677084336 0.112975297528677909
0.479955180790754832 0.823779653541872436 0.112870145881961009
0.480478832729068606 0.823448806404465605 0.112766877423544909
0.480478832729068606 0.823448806404465605 0.112665492776484119
0.481001206050295560 0.823118265436402208 0.112565992552467672
0.481522300572089113 0.822788033855747836 0.112468377351815099
0.481522300572089113 0.822788033855747836 0.112372647763472971
0.482042116015535593 0.822458114940547214 0.112278804365011281
0.482560652004391688 0.822128512029785985 0.112186847722619942
0.482560652004391688 0.822128512029785985 0.112096778391105545
0.483077908084208252 0.821799228511560731 0.112008596913887773
0.483077908084208252 0.821799228511560731 0.111922303822996186
0.483593883723406393 0.821470267822832279 0.111837899639067123
0.483593883723406393 0.821470267822832279 0.111755384871340541
0.484108578285003310 0.821141633467742826 0.111674760017656721
0.484108578285003310 0.821141633467742826 0.111596025564453569
0.484621991066925939 0.820813328992232805 0.111519181986763555
0.484621991066925939 0.820813328992232805 0.111444229748210735
0.485134121282948527 0.820485357996665776 0.111371169301008127
0.485134121282948527 0.820485357996665776 0.111300001085954892
0.485644968066326010 0.820157724133850685 0.111230725532433697
0.485644968066326010 0.820157724133850685 0.111163343058408165
0.486154530472425406 0.819830431107501312 0.111097854070420235
0.486154530472425406 0.819830431107501312 0.111034258963587817
0.486154530472425406 0.819830431107501312 0.110972558121602394
0.486662807482506343 0.819503482670220107 0.110912751916726629
0.486662807482506343 0.819503482670220107 0.110854840709792277
0.487169798007922372 0.819176882621198477 0.110798824850197819
0.487169798007922372 0.819176882621198477 0.110744704675906469
0.487169798007922372 0.819176882621198477 0.110692480513444172
0.487675500879550194 0.818850634813244049 0.110642152677897440
0.487675500879550194 0.818850634813244049 0.110593721472911730
0.487675500879550194 0.818850634813244049 0.110547187190689372
0.488179914871058274 0.818524743138011379 0.110502550111987896
0.488179914871058274 0.818524743138011379 0.110459810506118417
0.488179914871058274 0.818524743138011379 0.110418968630943887
0.488179914871058274 0.818524743138011379 0.110380024732877557
0.488683038676106074 0.818199211541114524 0.110342979046881562
0.488683038676106074 0.818199211541114524 0.110307831796465444
0.488683038676106074 0.818199211541114524 0.110274583193684828
0.488683038676106074 0.818199211541114524 0.110243233439140137
0.488683038676106074 0.818199211541114524 0.110213782721975392
0.489184870928581317 0.817874044009194945 0.110186231219877029
0.489184870928581317 0.817874044009194945 0.110160579099072869
0.489184870928581317 0.817874044009194945 0.110136826514331099
0.489184870928581317 0.817874044009194945 0.110114973608959388
0.489184870928581317 0.817874044009194945 0.110095020514803896
0.489184870928581317 0.817874044009194945 0.110076967352248589
0.489184870928581317 0.817874044009194945 0.110060814230214563
0.489184870928581317 0.817874044009194945 0.110046561246159164
0.489685410190743409 0.817549244577981282 0.110034208486075674
0.489685410190743409 0.817549244577981282 0.110023756024492547
0.489685410190743409 0.817549244577981282 0.110015203924473198
0.489685410190743409 0.817549244577981282 0.110008552237615381
0.489685410190743409 0.817549244577981282 0.110003801004051049
0.489685410190743409 0.817549244577981282 0.110000950252446050
0.489685410190743409 0.817549244577981282 0.110000000000000001
