-0.037689943527967229 0.911806119875952947 0.739999999999999991
-0.037689943527967229 0.911806119875952947 0.739999049747553928
-0.037689943527967229 0.911806119875952947 0.739996198995948928
-0.037689943527967229 0.911806119875952947 0.739991447762384680
-0.037689943527967229 0.911806119875952947 0.739984796075526807
-0.037689943527967229 0.911806119875952947 0.739976243975507431
-0.037689943527967229 0.911806119875952947 0.739965791513924276
-0.037689943527967229 0.911806119875952947 0.739953438753840897
-0.037689943527967229 0.911806119875952947 0.739939185769785457
-0.037689943527967229 0.911806119875952947 0.739923032647751389
-0.037689943527967229 0.911806119875952947 0.739904979485196068
-0.037689943527967229 0.911806119875952947 0.739885026391040590
-0.037689943527967229 0.911806119875952947 0.739863173485668879
-0.037689943527967229 0.911806119875952947 0.739839420900927136
-0.037689943527967229 0.911806119875952947 0.739813768780122949
-0.037689943527967229 0.911806119875952947 0.739786217278024627
-0.037689943527967229 0.911806119875952947 0.739756766560859869
-0.037689943527967229 0.911806119875952947 0.739725416806315206
-0.037689943527967229 0.911806119875952947 0.739692168203534561
-0.037689943527967229 0.911806119875952947 0.739657020953118471
-0.037689943527967229 0.911806119875952947 0.739619975267122420
-0.037689943527967229 0.911806119875952947 0.739581031369056063
-0.037689943527967229 0.911806119875952947 0.739540189493881561
-0.037689943527967229 0.911806119875952947 0.739497449888012137
-0.037689943527967229 0.911806119875952947 0.739452812809310633
-0.037689943527967229 0.911806119875952947 0.739406278527088290
-0.037689943527967229 0.911806119875952947 0.739357847322102524
-0.037689943527967229 0.911806119875952947 0.739307519486555820
-0.037689943527967229 0.911806119875952947 0.739255295324093509
-0.037689943527967229 0.911806119875952947 0.739201175149802103
-0.037689943527967229 0.911806119875952947 0.739145159290207743
-0.037689943527967229 0.911806119875952947 0.739087248083273307
-0.037689943527967229 0.911806119875952947 0.739027441878397529
-0.037689943527967229 0.911806119875952947 0.738965741036412216
-0.037689943527967229 0.911806119875952947 0.738902145929579812
-0.037689943527967229 0.911806119875952947 0.738836656941591730
-0.037689943527967229 0.911806119875952947 0.738769274467566239
-0.037689943527967229 0.911806119875952947 0.738699998914045142
-0.037689943527967229 0.911806119875952947 0.738628830698991878
-0.037689943527967229 0.911806119875952947 0.738555770251789201
-0.037689943527967229 0.911806119875952947 0.738480818013236395
-0.037689943527967229 0.911806119875952947 0.738403974435546395
-0.037689943527967229 0.911806119875952947 0.738325239982343340
-0.037689943527967229 0.911806119875952947 0.738244615128659576
-0.037689943527967229 0.911806119875952947 0.738162100360932882
-0.037689943527967229 0.911806119875952947 0.738077696177003806
-0.037689943527967229 0.911806119875952947 0.737991403086112219
-0.037689943527967229 0.911806119875952947 0.737903221608894433
-0.037689943527967229 0.911806119875952947 0.737813152277379980
-0.037689943527967229 0.911806119875952947 0.737721195634988725
-0.037689943527967229 0.911806119875952947 0.737627352236526979
-0.037689943527967229 0.911806119875952947 0.737531622648184837
-0.037689943527967229 0.911806119875952947 0.737434007447532291
-0.037689943527967229 0.911806119875952947 0.737334507223515900
-0.037689943527967229 0.911806119875952947 0.737233122576455124
-0.037689943527967229 0.911806119875952947 0.737129854118038996
-0.037689943527967229 0.911806119875952947 0.737024702471322124
-0.037689943527967229 0.911806119875952947 0.736917668270721027
-0.037689943527967229 0.911806119875952947 0.736808752162010583
-0.037689943527967229 0.911806119875952947 0.736697954802319477
-0.037689943527967229 0.911806119875952947 0.736585276860126870
-0.037689943527967229 0.911806119875952947 0.736470719015258179
-0.037689943527967229 0.911806119875952947 0.736354281958880641
-0.037689943527967229 0.911806119875952947 0.736235966393499863
-0.037689943527967229 0.911806119875952947 0.736115773032954834
-0.037689943527967229 0.911806119875952947 0.735993702602414035
-0.037689943527967229 0.911806119875952947 0.735869755838370998
-0.037689943527967229 0.911806119875952947 0.735743933488639756
-0.037689943527967229 0.911806119875952947 0.735616236312350402
-0.037689943527967229 0.911806119875952947 0.735486665079944646
-0.037689943527967229 0.911806119875952947 0.735355220573170709
-0.037689943527967229 0.911806119875952947 0.735221903585079439
-0.037689943527967229 0.911806119875952947 0.735086714920018758
-0.037689943527967229 0.911806119875952947 0.734949655393628665
-0.037689943527967229 0.911806119875952947 0.734810725832837464
-0.037689943527967229 0.911806119875952947 0.734669927075855544
-0.037689943527967229 0.911806119875952947 0.734527259972170943
-0.037689943527967229 0.911806119875952947 0.734382725382543899
-0.037689943527967229 0.911806119875952947 0.734236324179002309
-0.037689943527967229 0.911806119875952947 0.734088057244835501
-0.037689943527967229 0.911806119875952947 0.733937925474589692
-0.037689943527967229 0.911806119875952947 0.733785929774062096
-0.037689943527967229 0.911806119875952947 0.733632071060296154
-0.037689943527967229 0.911806119875952947 0.733476350261574761
-0.037689943527967229 0.911806119875952947 0.733318768317415937
-0.037689943527967229 0.911806119875952947 0.733159326178566717
-0.037689943527967229 0.911806119875952947 0.732998024806996828
-0.037689943527967229 0.911806119875952947 0.732834865175894024
-0.037689943527967229 0.911806119875952947 0.732669848269657087
-0.037689943527967229 0.911806119875952947 0.732502975083890617
-0.037689943527967229 0.911806119875952947 0.732334246625398921
-0.037689943527967229 0.911806119875952947 0.732163663912179352
-0.037689943527967229 0.911806119875952947 0.731991227973417091
-0.037689943527967229 0.911806119875952947 0.731816939849478376
-0.037689943527967229 0.911806119875952947 0.731640800591904172
-0.037689943527967229 0.911806119875952947 0.731462811263404067
-0.037689943527967229 0.911806119875952947 0.731282972937849940
-0.037689943527967229 0.911806119875952947 0.731101286700268749
-0.037689943527967229 0.911806119875952947 0.730917753646837420
-0.037689943527967229 0.911806119875952947 0.730732374884874636
-0.037689943527967229 0.911806119875952947 0.730545151532835280
-0.037689943527967229 0.911806119875952947 0.730356084720302889
-0.037689943527967229 0.911806119875952947 0.730165175587983772
-0.035551727408628775 0.912273817771996343 0.729972425287699123
-0.033407017383413729 0.912737186046180815 0.729777834982378915
-0.031255715470619172 0.913196176254073455 0.729581405846054243
-0.026932946944742520 0.914100823473458890 0.729383139063850661
-0.024761287238586005 0.914546378336464016 0.729183035831980852
-0.022582649466778848 0.914987350805982258 0.728981097357737307
-0.018204059787967686 0.915855332308192494 0.728777324859485542
-0.016003919348580697 0.916282230421497590 0.728571719566655895
-0.011581480216023399 0.917121555568234603 0.728364282719736744
-0.009358996439762346 0.917533864818201983 0.728155015570267294
-0.004891042144922697 0.918343473400750732 0.727943919380828919
-0.002645390089230981 0.918740647842467562 0.727730995425038829
0.001869713113174576 0.919519415686245511 0.727516244987541416
0.004139342101676380 0.919900876851889482 0.727299669364000922
0.006417140175178915 0.920276965935963753 0.727081269861093782
0.010997592144081747 0.921012749515046303 0.726861047796500293
0.015611759338632791 0.921726196837079570 0.726639004498896957
0.017931698823959008 0.922074360701750972 0.726415141307948709
0.022597708591355514 0.922753189844262578 0.726189459574299923
0.024943944216405611 0.923083699492648346 0.725961960659567529
0.029663284429079506 0.923726509658708950 0.725732645936331688
0.032036549575878148 0.924038646333073310 0.725501516788128020
0.036810664991311026 0.924643962806228736 0.725268574609439609
0.041622077016177428 0.925223426932834769 0.725033820805687568
0.044041959469330094 0.925503242833916606 0.724797256793223710
0.048910449304030545 0.926042586667757295 0.724558883999321224
0.051359202501992163 0.926301927989760410 0.724318703862166235
0.056286082173265417 0.926799471943279496 0.724076717830849370
0.061252589154104753 0.927268177111643555 0.723832927365356760
0.063750872239658585 0.927491464386932307 0.723587333936561383
0.068777825983080854 0.927915393728686144 0.723339939026213963
0.073845719933440912 0.928308425824441841 0.723090744126934415
0.078955044157496768 0.928669695202805956 0.722839750742202303
0.081525389896850320 0.928838141796122341 0.722586960386348620
0.086697730940076545 0.929150091373728615 0.722332374584545467
0.091912630782962690 0.929428008544709083 0.722075994872797944
0.097170499407692512 0.929670942955264534 0.721817822797934383
0.099815668248765255 0.929778988010704799 0.721557859917596800
0.105138703151314350 0.929967613369298562 0.721296107800231900
0.110505618758604540 0.930118774228443135 0.721032568025081755
0.115916731742274570 0.930231435836638365 0.720767242182173473
0.121372329637502940 0.930304539659598362 0.720500131872310767
0.124116892048737215 0.930325920160681274 0.720231238707063071
0.129639690031907118 0.930337651089605533 0.719960564308756767
0.135207557181115434 0.930307075418630780 0.719688110310464868
0.140820670567065043 0.930233053410173261 0.719413878355997460
0.146479173366993509 0.930114422878229208 0.719137870099891496
0.152183173858631837 0.929949999596348054 0.718860087207401133
0.157932744505610345 0.929738577741576533 0.718580531354487628
0.163727921053443026 0.929478930373457191 0.718299204227808685
0.169568701698572410 0.929169809944043967 0.718016107524709124
0.175455046333412190 0.928809948834668608 0.717731242953210224
0.178415281969280248 0.928610589043322054 0.717444612231999179
0.184369811912748649 0.928172197606059735 0.717156217090419101
0.190369633678925620 0.927679812345297283 0.716866059268458589
0.196414568255151023 0.927132099895796258 0.716574140516741065
0.202504395960193928 0.926527709427442892 0.716280462596514012
0.208638856238403725 0.925865273220542795 0.715985027279638975
0.217923561908715924 0.924759751200568858 0.715687836348580131
0.224168194900192075 0.923946110965998990 0.715388891596394072
0.230456226518248264 0.923069512663054592 0.715088194826718926
0.236787213256843876 0.922128518842915357 0.714785747853762921
0.243160672162063829 0.921121677602857347 0.714481552502294504
0.249576081695362717 0.920047522764690484 0.714175610607630129
0.256032882774256232 0.918904573927678103 0.713867924015623934
0.262530480089772589 0.917691336358928522 0.713558494582656633
0.269068243618415248 0.916406300708186738 0.713247324175623976
0.275645510415723216 0.915047942505813672 0.712934414671925309
0.285583953724916295 0.912869551331791040 0.712619767959453143
0.292256881772138544 0.911321110409605506 0.712303385936580713
0.298966766102759240 0.909693878689739499 0.711985270512151103
0.305712825598382754 0.907986249855171734 0.711665423605465697
0.312494261464682344 0.906196594149282664 0.711343847146272412
0.319310261144120811 0.904323255452574859 0.711020543074754374
0.329597268226495765 0.901352644515964641 0.710695513341517593
0.336496072242950195 0.899262646324733739 0.710368759907580083
0.343426553966316994 0.897082904185804164 0.710040284744359096
0.350387898790890662 0.894811589449718947 0.709710089833660129
0.360886042910518512 0.891228780383939712 0.709378177167664048
0.367921102642535636 0.888720149696637041 0.709044548748915870
0.374984346639566368 0.886113051745263780 0.708709206590312113
0.385630577288573584 0.882013039994080761 0.708372152715089243
0.392761410747305917 0.879150118896764310 0.708033389156810689
0.399918291672502368 0.876180698403799862 0.707692917959355072
0.410701493127043404 0.871521154563886791 0.707350741176904108
0.417921733541861795 0.868273740618933365 0.707006860873929721
0.425166888922190511 0.864909925803920343 0.706661279125181618
0.436081255015456193 0.859638605272437073 0.706313998015675182
0.443388784780596901 0.855968617429233136 0.705965019640678482
0.454397901879765587 0.850219680774476294 0.705614346105699508
0.461770090540876643 0.846217668475791163 0.705261979526474403
0.469169527225643090 0.842074106780287934 0.704907922028953582
0.480322437258733637 0.835580452898975645 0.704552175749289300
0.487795833342521690 0.831056072844401639 0.704194742833822995
0.499068142529101200 0.823957312449175472 0.703835625439072410
0.506628169559060426 0.819003627095774789 0.703474825731717712
0.518043720420041431 0.811215162797909950 0.703112345888589618
0.525709950628052036 0.805766284122176990 0.702748188096655402
0.537304513622640312 0.797171664524424450 0.702382354553006127
0.545105670093193551 0.791135727969418667 0.702014847464843106
0.556930826208822727 0.781570391562201650 0.701645669049464793
0.564907744921110400 0.774815795768887705 0.701274821534253578
0.577035928840567314 0.764040482306943769 0.700902307156661686
0.585245315098122720 0.756372928645252851 0.700528128164198294
0.597775923114580721 0.744028301899475331 0.700152286814415881
0.610609168558694293 0.730490950475109369 0.699774785374896457
0.619359669210935770 0.720675903970169784 0.699395626123237801
0.632822670684019428 0.704515781146737741 0.699014811347040133
0.642050176647264603 0.692591989077205650 0.698632343343891682
0.656313871652016267 0.672542741147555412 0.698248224421355368
0.671119405911841826 0.649162655392785060 0.697862456896954697
0.681285612741659996 0.631161093613751500 0.697475043098159664
0.696874260825318670 0.599295950492341745 0.697085985362372984
0.712463529206873281 0.559338747663619462 0.696695286036915662
0.722310546828714317 0.526328726616368092 0.696302947479013001
0.734193531105333030 0.462755915937062057 0.695908972055780284
0.736169378508338190 0.373565424851702188 0.695513362144208891
0.723315643875254155 0.292743708013950110 0.695116120131151316
0.647629339707529561 0.128921441337396997 0.694717248413307176
0.404302429350969383 -0.048932655478312631 0.694316749397208888
-0.052006765544526573 0.037140369439234322 0.693914625499206461
-0.225060663298621400 0.344230957022798045 0.693510879145453840
-0.109913085832532176 0.733171640539141301 0.693105512771893584
0.095449403760119622 0.872873775179176636 0.692698528824242432
0.244418955403946148 0.901132139983074509 0.692289929757976541
0.344066186077580882 0.894580076719515338 0.691879718038316605
0.392597598331298314 0.884062933603637857 0.691467896140213090
0.448123609858117056 0.865788698223252107 0.691054466548331137
0.489861935665204695 0.847342394375993235 0.690639431757035682
0.522579670437428034 0.829819146287211318 0.690222794270376361
0.549135297627266206 0.813467161182041987 0.689804556602072627
0.571316637074388511 0.798249650218191054 0.689384721275498102
0.590287609834065918 0.784043118548829909 0.688963290823665919
0.601550201596932066 0.775064865143419102 0.688540267789212845
0.616794764287641017 0.762238539330888365 0.688115654724384629
0.630437032634068029 0.750076459502439730 0.687689454191019900
0.642795724183946371 0.738475767679330986 0.687261668760535072
0.654108772304586972 0.727348854593750427 0.686832301013909019
0.664557673870310728 0.716620986302015428 0.686401353541667092
0.674283692111994237 0.706227826427368255 0.685968828943865794
0.683398916815693869 0.696113151460037938 0.685534729830076905
0.691993998108109465 0.686226821206940230 0.685099058819371831
0.700143684372162234 0.676522972107286069 0.684661818540305611
0.707910887976346825 0.666958363177898028 0.684223011630901601
0.715349755730661951 0.657490786388262194 0.683782640738634817
0.722508068948808591 0.648077438340929790 0.683340708520416507
0.729429204539543519 0.638673127824061604 0.682897217642577936
0.736153832483847359 0.629228156127227045 0.682452170780854406
0.742721495453461222 0.619685641988476754 0.682005570620368706
0.749172207215031971 0.609977952359718745 0.681557419855615576
0.755548216635226533 0.600021709559890648 0.681107721190444715
0.761896115137449481 0.589710510762228135 0.680656477338045240
0.770410368984449923 0.575160363193662372 0.680203691020928702
0.776920202647511715 0.563381911240169897 0.679749364970912762
0.783630622171942015 0.550527914064379620 0.679293501929105314
0.790652736692149638 0.536136476543515372 0.678836104645886729
0.798131269182788317 0.519480160413006375 0.678377175880894634
0.806250245340985994 0.499341418158113948 0.677916718403006269
0.815211514419933891 0.473518834837197533 0.677454734990322271
0.828445963087230064 0.421945515192545806 0.676991228430149805
0.836941218367264317 0.354410674101789891 0.676526201518985459
0.824888187480944501 0.218163576446878865 0.676059657062499042
0.573233718639087009 -0.102127709771311609 0.675591597875515815
-0.032052132928718335 0.620130576300939595 0.675122026782000395
0.550194278988874075 0.772013607130678459 0.674650946615038660
0.656199130769857142 0.708259307293526486 0.674178360216821981
0.703246064306127572 0.666011361706008165 0.673704270438628683
0.729837011873413988 0.636725135538453557 0.673228680140807945
0.751852973595619645 0.608684088488007813 0.672751592192761816
0.763308456876420127 0.592483195365968829 0.672273009472928451
0.772314304094602777 0.578876774712215991 0.671792934868764235
0.779714875474877833 0.567079896885294810 0.671311371276726909
0.787906265212574453 0.553335149755406208 0.670828321602257471
0.793163258264605320 0.544114795592310907 0.670343788759763304
0.797861957785851894 0.535597737814324959 0.669857775672599853
0.803461294645435142 0.525094218775722377 0.669370285273053756
0.807267497999407779 0.517725703404608550 0.668881320502324628
0.810801686478528683 0.510711244117948548 0.668390884310507527
0.815163871368169257 0.501814703956131924 0.667898979656575076
0.818214496886468523 0.495429537641760398 0.667405609508359698
0.822033594268815171 0.487236902691498552 0.666910776842535635
0.824736038925181769 0.481299925477826740 0.666414484644600846
0.827316529367077447 0.475517749005468615 0.665916735908859470
0.830588439871460360 0.468019963010277706 0.665417533638403169
0.832928810337783543 0.462537357538036598 0.664916880845093483
0.835913622273616874 0.455392823574326089 0.664414780549543171
0.838059425094784372 0.450146029286385974 0.663911235781098785
0.840807855839821316 0.443283438574663513 0.663406249577821461
0.842791156039702338 0.438227204193011088 0.662899824986468933
0.845339687228674919 0.431594917723925109 0.662391965062477772
0.847184016022276443 0.426695846413964408 0.661882672869943733
0.849559901606623424 0.420255089984315933 0.661371951481604547
0.851283130675164812 0.415487693671401870 0.660859803978820493
0.853507376981596733 0.409208432292982649 0.660346233451555964
0.855123470114706463 0.404552688907500513 0.659831242998361267
0.857212691330977994 0.398411024248415291 0.659314835726353410
0.858732817578631069 0.393850809048520711 0.658797014751197674
0.860700437016716169 0.387827280945006736 0.658277783197088628
0.862133704286041969 0.383349326952580005 0.657757144196731369
0.863990759051633250 0.377427772032248532 0.657235100891322421
0.865344713272636512 0.373020962108911169 0.656711656430531421
0.867100409766784930 0.367187727081163817 0.656186813972481464
0.868801755017567734 0.361399601038257690 0.655660576683730012
0.870043492202548063 0.357085987688605389 0.655132947739250349
0.871655157062565245 0.351368519761567633 0.654603930322411820
0.872831997323553765 0.347104258117152731 0.654073527624961182
0.874360042723244746 0.341448062666390051 0.653541742847002838
0.875842697241043466 0.335823111557555620 0.653008579196979855
0.876925847565592886 0.331623388059214874 0.652474039891654756
0.878332763719666398 0.326047184508715671 0.651938128156089536
0.879698308967399312 0.320495726823690874 0.651400847223626678
0.880696076973798037 0.316347117655232546 0.650862200335869279
0.881992185748304180 0.310834045011910476 0.650322190742662065
0.883250150695957914 0.305340319062497922 0.649780821702071409
0.884470983159164170 0.299864208062844195 0.649238096480365567
0.885362804806095416 0.295767705953500548 0.648694018351995028
0.886520864364301442 0.290318586113573418 0.648148590599572971
0.887644199054991034 0.284882876079971759 0.647601816513855399
0.888733564300399403 0.279459233118164119 0.647053699393721038
0.889528718122030493 0.275398664339960186 0.646504242546151686
0.890560286320041916 0.269993183321455776 0.645953449286212344
0.891559682184352220 0.264596541798258145 0.645401322937030675
0.892527468603994789 0.259207725099330322 0.644847866829777683
0.893232879050644080 0.255170682512324443 0.644293084303647068
0.894146576113143299 0.249793357377810332 0.643736978705835461
0.895029999700969081 0.244421472461912676 0.643179553391521885
0.895883567288038973 0.239054300973331219 0.642620811723847774
0.896707664206878530 0.233691187374773929 0.642060757073896426
0.897502646169365703 0.228331545220726462 0.641499392820673031
0.898079974521643787 0.224313776761803946 0.640936722351083898
0.898824780694594483 0.218958998570460389 0.640372749059916258
0.899541316685916081 0.213606417577857977 0.639807476349817827
0.900229847773070135 0.208255686855720767 0.639240907631276056
0.900890620209354287 0.202906517856080298 0.638673046322597582
0.901523863216494248 0.197558677895785045 0.638103895849887803
0.902129790905137008 0.192211987508985716 0.637533459647030010
0.902708604125018965 0.186866317663889336 0.636961741155665062
0.903260492249286395 0.181521586789818890 0.636388743825169967
0.903785634889141987 0.176177757662128842 0.635814471112637336
0.904162043572199536 0.172170478432295604 0.635238926482855071
0.904640790296731501 0.166828259236961762 0.634662113408284490
0.905093248353024293 0.161487040389444003 0.634084035369040122
0.905519574873653088 0.156146919979086030 0.633504695852868616
0.905919924447527003 0.150808023092347088 0.632924098355127196
0.906294450436884058 0.145470497630052709 0.632342246378763129
0.906643306219999112 0.140134509965457343 0.631759143434292514
0.906966646359139927 0.134800240417094319 0.631174793039778748
0.907264627693252557 0.129467878591126739 0.630589198720811650
0.907537410355629182 0.124137618547770390 0.630002364010486038
0.907785158715106455 0.118809653837547657 0.629414292449380408
0.908008042244013103 0.113484172413155726 0.628824987585535511
0.908206236312463777 0.108161351396653116 0.628234452974433477
0.908419537281226375 0.101511809575305090 0.627642692178975614
0.908562856615806713 0.096195529571985627 0.627049708769460978
0.908682105471402490 0.090882345633295503 0.626455506323565503
0.908777491574658147 0.085572328004044629 0.625860088426319683
0.908849231653924505 0.080265506831255717 0.625263458670087813
0.908897551867619002 0.074961866233342889 0.624665620654545006
0.908922688196478590 0.069661338209552115 0.624066577986656545
0.908924886811044441 0.064363796369333592 0.623466334280656009
0.908904404426522317 0.059069049505711790 0.622864893158023070
0.908861508652886618 0.053776834878665525 0.622262258247461841
0.908796478359262361 0.048486811245473438 0.621658433184878789
0.908684507553576215 0.041876703363942891 0.621053421613361412
0.908570755251615569 0.036589904588303357 0.620447227183155481
0.908435857556229354 0.031303553898289760 0.619839853551643394
0.908280146199458072 0.026016888764740120 0.619231304383322301
0.908103966947848340 0.020729023615243980 0.618621583349781567
0.907907680458066468 0.015438938968490190 0.618010694129680793
0.907634621833713795 0.008821421532929752 0.617398640408728050
0.907394497134460742 0.003521837565232055 0.616785425879656679
0.907135553967903685 -0.001784359793103596 0.616171054242203975
0.906858230396300868 -0.007098912753966402 0.615555529203088425
0.906486433301355365 -0.013756861087819539 0.614938854475987173
0.906169478892089542 -0.019097745835735647 0.614321033781514036
0.905835740837555248 -0.024454274137735099 0.613702070847196968
0.905485775392331549 -0.029829293117795974 0.613081969407454963
0.905120176484340844 -0.035225997111838547 0.612460733203576524
0.904642168006457359 -0.042007878829699863 0.611838365983696564
0.904243797489644896 -0.047467179459980302 0.611214871502773316
0.903832053428833326 -0.052961562943110385 0.610590253522566684
0.903299829820531142 -0.059887021623731052 0.609964515811614816
0.902861128121913659 -0.065480825950825439 0.609337662145211567
0.902412033147142800 -0.071129740654220674 0.608709696305383963
0.901953667755163280 -0.076841871531840134 0.608080622080868771
0.901369588321448534 -0.084085272931996524 0.607450443267090412
0.900895147800941043 -0.089975983617111621 0.606819163666137418
0.900416055192941212 -0.095966018981864298 0.606186787086739787
0.899813422374661331 -0.103616800645865481 0.605553317344246333
0.899330828189335074 -0.109890545724052824 0.604918758260600598
0.898850359157411294 -0.116324540968131551 0.604283113664319305
0.898256896060441234 -0.124634244383395376 0.603646387390467831
0.897791586548149056 -0.131537062679673855 0.603008583280637778
0.897227536958794092 -0.140554770303896626 0.602369705182924098
0.896795156761001744 -0.148147391439817644 0.601729756951901340
0.896384138402753550 -0.156153189550767069 0.601088742448600111
0.895906971246505757 -0.166885359499412744 0.600446665540484759
0.895559112955239822 -0.176205292149959447 0.599803530101429061
0.895169436581101041 -0.189063771956480942 0.599159340011693797
0.894889388278606424 -0.200628414848497638 0.598514099157902213
0.894620646353580851 -0.213732444152313517 0.597867811433017704
0.894230960591659629 -0.233163077620050063 0.597220480736319392
0.893736119935238382 -0.252283615199410893 0.596572110973379255
0.892381204128657846 -0.283356703598063697 0.595922706056038476
0.889645810983973995 -0.317788736722885046 0.595272269902383133
0.879379810544831275 -0.384018528403216597 0.594620806436721661
0.851333323358851368 -0.475946407022519224 0.593968319589560312
0.669931943846115208 -0.702769070388499451 0.593314813297580179
-0.017038897771357475 -0.575338966612314540 0.592660291503612213
0.413273711236914476 0.188499384065410280 0.592004758156615130
0.655889343658222379 0.105725146011490800 0.591348217211650096
0.751459822920173770 0.017488476964056365 0.590690672629857860
0.782932736945540997 -0.027482387076798176 0.590032128378433995
0.803166748817668696 -0.066284046914043271 0.589372588430605804
0.812271211787895964 -0.089243158494125230 0.588712056765608116
0.819128696759103381 -0.111900569825216234 0.588050537368658643
0.822453811546870250 -0.126840599135620180 0.587388034230934886
0.824924049758498756 -0.142841126613812930 0.586724551349549261
0.825972132591294428 -0.154105109676126728 0.586060092727525461
0.826462714054860381 -0.166796618232474325 0.585394662373774133
0.826358676280688154 -0.176107492100458063 0.584728264303068901
0.825748944254845907 -0.186948063890832739 0.584060902536021609
0.824710129361750255 -0.197103888574279407 0.583392581099058893
0.823622018006993084 -0.204843792941862723 0.582723304024396649
0.821985272672198786 -0.214139196432120260 0.582053075350017379
0.820478080952291799 -0.221330491938439400 0.581381899119644441
0.818369143869774662 -0.230075790196814012 0.580709779382718061
0.816026982503321063 -0.238605438856368812 0.580036720194371247
0.813993193423549810 -0.245306476172140797 0.579362725615404806
0.811256369257578158 -0.253562951831140249 0.578687799712263029
0.808912823044143137 -0.260093309263572658 0.578011946557009382
0.805790059591464547 -0.268187014731947670 0.577335170227301964
0.802448712461113267 -0.276227099981183777 0.576657474806368309
0.799613666203942697 -0.282635397997083870 0.575978864382981293
0.795859280466614805 -0.290632598093663874 0.575299343051434375
0.791859247925093546 -0.298631831350312238 0.574618914911516843
0.788472076381803944 -0.305043788461067833 0.573937584068489048
0.783988685189911161 -0.313087437853895922 0.573255354633057546
0.779207705784897176 -0.321176690746320381 0.572572230721350661
0.775151474355036285 -0.327690450514094955 0.571888216454893183
0.769766702890009702 -0.335897190415246905 0.571203315960581826
0.763999782478876677 -0.344188310462668901 0.570517533370660246
0.759083757021942973 -0.350890994004915802 0.569830872822694068
0.752520560380566250 -0.359367790205633197 0.569143338459545789
0.745440411760139310 -0.367966294078232004 0.568454934429350356
0.737777115302047148 -0.376699446997098342 0.567765664885489074
0.731173890905397639 -0.383791258426824822 0.567075533986565739
0.722250562906558091 -0.392797218125413627 0.566384545896380986
0.712478816062746434 -0.401969035170348710 0.565692704783906763
0.701722972501146791 -0.411313253558049097 0.565000014823262009
0.692298862021343275 -0.418913808649022723 0.564306480193686899
0.679324414292183931 -0.428565501855395548 0.563612105079517756
0.664789113875262960 -0.438366750526498095 0.562916893670161955
0.648379785292801381 -0.448277168224436473 0.562220850160072394
0.633637970365107828 -0.456234926978229094 0.561523978748722397
0.612771189902488134 -0.466113077711738488 0.560826283640580292
0.588591800371471963 -0.475716665766436564 0.560127769045084101
0.560263251893052372 -0.484691640964613812 0.559428439176616110
0.533881500046434754 -0.491024733421520754 0.558728298254477340
0.495064417388239808 -0.497057411753435652 0.558027350502862229
0.448052702847535067 -0.499440305906155235 0.557325600150833100
0.390579760770370765 -0.495295833416515008 0.556623051432294513
0.320123982229675530 -0.479484777071720158 0.555919708585968286
0.234944390276354137 -0.442863143015603478 0.555215575855366850
0.157544603222453367 -0.388400681441380069 0.554510657488768932
0.060619901779489616 -0.270362224132908946 0.553804957739192694
0.000333822042287414 -0.078512555032156650 0.553098480864371078
0.045766430448956438 0.168391377711503837 0.552391231126725279
0.236292207053200476 0.372912031111970077 0.551683212793339983
0.495782092377774819 0.436328142627384064 0.550974430135936832
0.674313958673878222 0.393771069865049561 0.550264887430848670
0.824032744225159375 0.288146199213513310 0.549554588958994228
0.905794977368224674 0.174989031855480037 0.548843539005852032
0.945212805763351538 0.075618335654272006 0.548131741861434318
0.960986895982103184 -0.006394191228243251 0.547419201820261936
0.964031065173339030 -0.073188503162962715 0.546705923181337261
0.960304386113958963 -0.127921218461207298 0.545991910248119217
0.953014131049189417 -0.173391149221097163 0.545277167328497070
0.945808628417681208 -0.204590084648578530 0.544561698734763899
0.935913903579630002 -0.238542964593992435 0.543845508783591502
0.925542388012255302 -0.268089946203246887 0.543128601796003752
0.914988339626610747 -0.294210624747807625 0.542410982097350503
0.904390353224845844 -0.317647609147372445 0.541692654017281949
0.893794922903580424 -0.338972993570371084 0.540973621889721756
0.883190857308487232 -0.358636438191818119 0.540253890052841745
0.872527091798330323 -0.377000113048513830 0.539533462849035028
0.861720330739992879 -0.394364634631806599 0.538812344624890471
0.850655567749570851 -0.410989075483124910 0.538090539731165718
0.839180392577060674 -0.427107377336725602 0.537368052522761430
0.827092224751543981 -0.442943056043675898 0.536644887358695422
0.814115489682625482 -0.458723916311288171 0.535921048602074901
0.799862277269433708 -0.474698549510296719 0.535196540620071826
0.783763228566363823 -0.491156531255664885 0.534471367783895701
0.764940616093426007 -0.508453858673034498 0.533745534468767047
0.741960475424466526 -0.527041562563710375 0.533019045053891527
0.712309157494262712 -0.547476308892039909 0.532291903922433307
0.671174565708328785 -0.570296734576620445 0.531564115461488407
0.608247734525865558 -0.595134675275366454 0.530835684062058610
0.526251206314288567 -0.612561874252199434 0.530106614119024488
0.333091924692028529 -0.595935370932105246 0.529376910031119641
-0.000317102828210833 -0.250530602105010769 0.528646576200903162
0.723349336054030290 0.302568881318162730 0.527915617034733886
0.969402276210213021 -0.054600088016198312 0.527184036942743628
0.965720750577642950 -0.234470384958507860 0.526451840338810095
0.939220131776765443 -0.325770601848524743 0.525719031640530909
0.914802313282597979 -0.380592228290436152 0.524985615269196515
0.894425677433781763 -0.417907357183153416 0.524251595649763980
0.877359629573199573 -0.445664134156391445 0.523516977210829459
0.862760635421031208 -0.467676612935009117 0.522781764384602554
0.849985490332259008 -0.485978596559092701 0.522045961606878439
0.838574871099376229 -0.501746427757075231 0.521309573317012220
0.828201955137661594 -0.515705344769287755 0.520572603957891289
0.818631057713123056 -0.528325957342828501 0.519835057975908787
0.809689093594796461 -0.539926696681839458 0.519096939820936853
0.801246523045840098 -0.550730647190848854 0.518358253946300196
0.793204621035746515 -0.560898738287794241 0.517619004808748007
0.785486866190650890 -0.570549990661034512 0.516879196868428425
0.778033020833312827 -0.579774333339630354 0.516138834588860784
0.770794990237453237 -0.588640982393995427 0.515397922436909073
0.763733876523352340 -0.597204074103602212 0.514656464882754738
0.756817848256845616 -0.605506546987324645 0.513914466399869707
0.750020576173966447 -0.613582876500963548 0.513171931464990072
0.741989894408700668 -0.623014985155018741 0.512428864558087671
0.735381292699252898 -0.630685230794079787 0.511685270162344774
0.728832308302031828 -0.638202527998358748 0.510941152764125550
0.722329860058437356 -0.645582052262944517 0.510196516852949977
0.715862656832876976 -0.652836511941478737 0.509451366921466198
0.709420891458471092 -0.659976601784032280 0.508705707465423762
0.702995996322321015 -0.667011358919753272 0.507959542983646317
0.696580446411970478 -0.673948445258920836 0.507212877978004517
0.690167599235391949 -0.680794373751302473 0.506465716953388712
0.682467501811662602 -0.688896910749324576 0.505718064417682078
0.676040762552383212 -0.695560676195727923 0.504969924881733090
0.669600011665169248 -0.702148330375908514 0.504221302859328868
0.663141118371781690 -0.708663209278803885 0.503472202867166985
0.656660353670357466 -0.715108156548002638 0.502722629424828926
0.650154337781929881 -0.721485592220626359 0.501972587054753117
0.643619995131900935 -0.727797570807037442 0.501222080282206495
0.637054515577438862 -0.734045830573107683 0.500471113635258535
0.629131223717011245 -0.741461677640815164 0.499719691644752828
0.622488450819550510 -0.747574575930191942 0.498967818844280431
0.615806967929140248 -0.753627644178315514 0.498215499770152170
0.609084759564396228 -0.759621685751078357 0.497462738961371664
0.602319941487170718 -0.765557349554300104 0.496709540959607176
0.595510743731199721 -0.771435148866327358 0.495955910309165471
0.587278779087152314 -0.778412673791460508 0.495201851556962724
0.580366185386465117 -0.784164409388278361 0.494447369252498770
0.573404152000511758 -0.789859184941083425 0.493692467947828284
0.566391244018433992 -0.795497094734652355 0.492937152197534589
0.559326079624609118 -0.801078158813878116 0.492181426558700674
0.552207322313827964 -0.806602329646995075 0.491425295590883215
0.543592245717189226 -0.813156077055172566 0.490668763856084045
0.536351060783751499 -0.818554615723932733 0.489911835918723060
0.529052237416499982 -0.823895711850965884 0.489154516345610635
0.521694565610803740 -0.829179082060905071 0.488396809705919865
0.514276854610182799 -0.834404393564143532 0.487638720571159257
0.505294697415170413 -0.840597589998544503 0.486880253515145078
0.497740787142985641 -0.845693764020190697 0.486121413113973777
0.490123128814716702 -0.850730492593129717 0.485362203945993942
0.482440589661016994 -0.855707242411754887 0.484602630591779604
0.474692048223379348 -0.860623431867633126 0.483842697634101593
0.465305113239154133 -0.866442027943109094 0.483082409657900780
0.457407475777703021 -0.871222693690852035 0.482321771250259546
0.449440326377452126 -0.875940602423135539 0.481560787000374912
0.441402596210342835 -0.880594958484218981 0.480799461499530345
0.433293232305117515 -0.885184911856843892 0.480037799341068050
0.423465982953781073 -0.890606564992728611 0.479275805120361664
0.415195409529727610 -0.895051563414609674 0.478513483434788112
0.406849964256698615 -0.899429057265021648 0.477750838883700013
0.398428685733659582 -0.903737952840409586 0.476987876068398153
0.388221741392640929 -0.908816446974938796 0.476224599592103282
0.379630394684567718 -0.912970272092815671 0.475461014059928577
0.370960351650532871 -0.917051580908805786 0.474697124078852117
0.362210797337848445 -0.921059014871138837 0.473932934257688454
0.353380961512982039 -0.924991150318855704 0.473168449207061581
0.342678174919392509 -0.929608217439938489 0.472403673539376345
0.333669255635427875 -0.933369361786455132 0.471638611868791302
0.324577939657170633 -0.937050211143596878 0.470873268811190182
0.315403691239017681 -0.940649066697708425 0.470107648984154913
0.304284468064586644 -0.944856974179555609 0.469341757006936922
0.294926221968198732 -0.948269146643332617 0.468575597500429597
0.285483805499308629 -0.951593460079955267 0.467809175087140594
0.275956997527648573 -0.954827952129661428 0.467042494391163687
0.264413248551835511 -0.958587928804206402 0.466275560038151071
0.254700435707190753 -0.961617620709763532 0.465508376655285161
0.244903129555609750 -0.964550829275002020 0.464740948871250947
0.235021503415885707 -0.967385362683812255 0.463973281316208130
0.223052648811292775 -0.970653396353813314 0.463205378621762642
0.212986650636685870 -0.973262903481935671 0.462437245420939558
0.202837609291999621 -0.975766424917750674 0.461668886348154228
0.192606161991943081 -0.978161598005372057 0.460900306039185248
0.180220721976391662 -0.980889416078486676 0.460131509131145422
0.169810812229052033 -0.983037768628634567 0.459362500262455065
0.159321343229806511 -0.985070039402057063 0.458593284072812746
0.146630588571034559 -0.987352083720771767 0.457823865203168145
0.135970309704790571 -0.989120334764033049 0.457054248295693633
0.125234589871129398 -0.990764641602920992 0.456284437993756620
0.114424979918275493 -0.992282550434664512 0.455514438941891142
0.101358280980557547 -0.993933758678913315 0.454744255785770268
0.090392184530141029 -0.995165022183934767 0.453973893172177512
0.079357991526010585 -0.996262145454035131 0.453203355748979131
0.068257764878475846 -0.997222765389375709 0.452432648165096596
0.054853403286617586 -0.998192052876413438 0.451661775070477334
0.043615726721507098 -0.998844238719984734 0.450890741116067750
0.032319373714835675 -0.999352636641157255 0.450119550953784642
0.018689852313260924 -0.999769863181600882 0.449348209236487384
0.007273417502509427 -0.999954374330100926 0.448576720617949509
-0.004193296977774486 -0.999988370638720037 0.447805089752831120
-0.015707481518882294 -0.999869888925872141 0.447033321296650354
-0.029583092672202105 -0.999523784081152167 0.446261419905755630
-0.041191446898686424 -0.999063305851628503 0.445489390237297223
-0.052837788416070897 -0.998444575210993945 0.444717236949199513
-0.066859182466375677 -0.997490908977511692 0.443944964700132727
-0.078578137201499199 -0.996518386729270067 0.443172578149484575
-0.090325012871171950 -0.995382679794623915 0.442400081957332769
-0.102096578450356856 -0.994082428849229149 0.441627480784416215
-0.116250455445602474 -0.992303146168928452 0.440854779292107424
-0.128064829906633426 -0.990636548831317243 0.440081982142383921
-0.139893387678241943 -0.988801651479290777 0.439309093997800659
-0.154101712418884651 -0.986376232833263478 0.438536119521461376
-0.165949801269433095 -0.984167718101578104 0.437763063376990780
-0.177801457512728300 -0.981788044762194723 0.436989930228506185
-0.192023489284876725 -0.978705507683866549 0.436216724740589701
-0.203871344163830182 -0.975946887916443018 0.435443451578259699
-0.215712202160810884 -0.973015112988701691 0.434670115406943058
-0.227542792942706296 -0.969909727141205602 0.433896720892446575
-0.241721374570024461 -0.965953569220702191 0.433123272700929207
-0.253517969288218625 -0.962465009786738879 0.432349775498873712
-0.265293979649902978 -0.958801885811080945 0.431576233953058608
-0.279393559426145466 -0.954175508230306724 0.430802652730529700
-0.291113166373192012 -0.950127916429581720 0.430029036498572770
-0.302802147656505705 -0.945905521787928194 0.429255389924684039
-0.314457428892926771 -0.941508385586178664 0.428481717676543417
-0.328395000367092016 -0.936001339841515900 0.427708024421985300
-0.339965476146398882 -0.931220286402193786 0.426934314828971262
-0.351492628263823714 -0.926265089100916983 0.426160593565560908
-0.365263887100095330 -0.920089416666606930 0.425386865299884787
-0.376685425893775128 -0.914752254482317673 0.424613134700115247
-0.388054348609689181 -0.909242113697589227 0.423839406434439070
-0.401623611221663956 -0.902402281698376996 0.423065685171028827
-0.412866838984330187 -0.896513320250154511 0.422291975578014622
-0.424048485152224264 -0.890453063611100104 0.421518282323456672
-0.435165813397992318 -0.884222137589676827 0.420744610075315939
-0.448417899929280939 -0.876520691319030210 0.419970963501427319
-0.459384246514108696 -0.869916718952351231 0.419197347269470222
-0.470277721854826636 -0.863144381799274552 0.418423766046941481
-0.483250028115192465 -0.854796481038565426 0.417650224501126266
-0.493974037052119952 -0.847656656407749454 0.416876727299070882
-0.504616921210245706 -0.840351210203297949 0.416103279107553403
-0.517277752066194085 -0.831367385290353811 0.415329884593057030
-0.527733332609253258 -0.823700948128899935 0.414556548421740223
-0.538099824331334853 -0.815872047230842279 0.413783275259410332
-0.548374796633095629 -0.807881750982562874 0.413010069771493848
-0.560580576025192290 -0.798081913539470889 0.412236936623009365
-0.570645784942958256 -0.789740492716115128 0.411463880478538657
-0.580611880485794596 -0.781241344676986471 0.410690906002199319
-0.592437106820658532 -0.770835888917691614 0.409918017857616057
-0.602177040027250032 -0.761994087199984960 0.409145220707892665
-0.611810545985743914 -0.752998583611398375 0.408372519215583762
-0.621335397076443363 -0.743850703069207975 0.407599918042667209
-0.632618698873394947 -0.732674016992148402 0.406827421850515403
-0.641896806468146064 -0.723195710147857884 0.406055035299867251
-0.651059320638451955 -0.713569448740022372 0.405282763050800465
-0.661898789064166992 -0.701824647783075184 0.404510609762702811
-0.670799621390624434 -0.691877936860875953 0.403738580094244404
-0.679578222281630784 -0.681787890375834982 0.402966678703349568
-0.689948370535627742 -0.669492684394754511 0.402194910247168913
-0.698451033626578566 -0.659092423173553987 0.401423279382050524
-0.706825148706260675 -0.648553456643528925 0.400651790763512761
-0.715068811978736063 -0.637877183919588919 0.399880449046215336
-0.724786382740985169 -0.624886309211144075 0.399109258883932283
-0.732736524446785720 -0.613912616334009620 0.398338224929522700
-0.740550361896192277 -0.602805655315095557 0.397567351834903382
-0.748226144446758279 -0.591566449596780730 0.396796644251020736
-0.757252443335133307 -0.577906005546997226 0.396026106827822577
-0.764618534257487159 -0.566378468454358353 0.395255744214229765
-0.771841230584784488 -0.554720402489767617 0.394485561058108725
-0.780316955266943779 -0.540558022819206840 0.393715562006243303
-0.787218655753970653 -0.528611019516867509 0.392945751704306401
-0.793972020254172128 -0.516530220838701148 0.392176134796831943
-0.800575577634441982 -0.504312546222871583 0.391406715927187232
-0.808300066984713905 -0.489463809400747241 0.390637499737544969
-0.814568979046449870 -0.476924843520904307 0.389868490868854556
-0.820683478696033530 -0.464223801954734949 0.389099693960814785
-0.826642071721459870 -0.451343464476708700 0.388331113651845694
-0.833584285311717466 -0.435612544205318919 0.387562754579060531
-0.839193759127060068 -0.422224004347007020 0.386794621378237391
-0.844640664864770629 -0.408504152309245305 0.386026718683791847
-0.850956025873619848 -0.391414325094339322 0.385259051128749030
-0.856023742980267066 -0.376339494593863233 0.384491623344714872
-0.860887495853027596 -0.359865925269863440 0.383724439961849018
-0.865455955351639106 -0.340316632176758449 0.382957505608836291
-0.869572456931823168 -0.301859685729550908 0.382190824912859439
-0.775121833557485096 -0.029978680486804132 0.381424402499570547
-0.876028267445191022 -0.380650615306668605 0.380658242993063167
-0.883187421503563774 -0.334607840886765595 0.379892351015845064
-0.888417088228628971 -0.307564254364964929 0.379126731188809796
-0.892279683830053849 -0.289922950598941798 0.378361388131208842
-0.895899422010331903 -0.273874225651769221 0.377596326460623632
-0.899319386816272992 -0.258599878659867666 0.376831550792938397
-0.902554403038482445 -0.243746999451572244 0.376067065742311524
-0.906200435724630493 -0.226237276220211697 0.375302875921148027
-0.909044945411100480 -0.211797856949169722 0.374538985940071401
-0.911714201252688428 -0.197438663771723200 0.373775400407896752
-0.914208395895167225 -0.183126248887022336 0.373012123931601880
-0.916970082681539567 -0.165982633693592452 0.372249161116299909
-0.919078209308992866 -0.151705446150195211 0.371486516565211977
-0.921010021636845533 -0.137426125816479616 0.370724194879638425
-0.922764842300456301 -0.123137909525834255 0.369962200658932039
-0.924341911184412557 -0.108836003511604273 0.369200538500469633
-0.925998585247556183 -0.091650936173554520 0.368439212999625065
-0.927181578122555861 -0.077308355602592971 0.367678228749740488
-0.928183926383502111 -0.062944402169132052 0.366917590342099198
-0.929004591810676628 -0.048558089012934402 0.366157302365898329
-0.929748012695402526 -0.031264204618539848 0.365397369408220485
-0.930165004956619024 -0.016827100346755219 0.364637796054006091
-0.930396556958573817 -0.002366808582294544 0.363878586886026256
-0.930441353627854073 0.012116436835280797 0.363119746484854844
-0.930298010394571051 0.026622235430361907 0.362361279428840721
-0.929875599875537473 0.044058188576010793 0.361603190294080168
-0.929313125761896730 0.058611509484741975 0.360845483654389343
-0.928557602582180119 0.073185207211109049 0.360088164081276974
-0.927607344944030299 0.087778360742646666 0.359331236143916044
-0.926460595694229561 0.102389942319747462 0.358574704409116762
-0.925115526835344260 0.117018817755509430 0.357818573441299359
-0.923236986038942997 0.134594539189923756 0.357062847802465555
-0.921448840628878441 0.149256930907645968 0.356307532052171694
-0.919456070793168156 0.163932242128402239 0.355552630747501208
-0.917256574074540643 0.178618855929150333 0.354798148443037253
-0.914848191694992874 0.193315025452943323 0.354044089690834618
-0.912228713528223656 0.208018866896729659 0.353290459040392801
-0.908803514441920868 0.225670735171810966 0.352537261038628369
-0.905711631116653537 0.240384093992187020 0.351784500229847863
-0.902401307121534324 0.255098077476428153 0.351032181155719714
-0.898870189514506923 0.269810133994446921 0.350280308355247205
-0.895115913366968163 0.284517530436470156 0.349528886364741498
-0.891136112114840451 0.299217343532527713 0.348777919717793483
-0.886928428821715076 0.313906451576689949 0.348027412945247028
-0.881575119033390475 0.331514549634206956 0.347277370575171052
-0.876857925787140058 0.346168090085688551 0.346527797132833160
-0.871905520806248724 0.360799513386770632 0.345778697140671221
-0.866715731145158763 0.375404784439799410 0.345030075118266999
-0.861286466454162403 0.389979635577465178 0.344281935582318011
-0.855615735474993144 0.404519562804168176 0.343534283046611377
-0.849701663205914448 0.419019823172193440 0.342787122021995572
-0.843542508582210360 0.433475433579842528 0.342040457016353661
-0.835825788833746364 0.450755857232571333 0.341294292534576271
-0.829122101202960260 0.465094517409649244 0.340548633078533836
-0.822168872880157720 0.479370980496222177 0.339803483147050112
-0.814965126051693911 0.493579275986156141 0.339058847235874428
-0.807510112761572252 0.507713212676207393 0.338314729837655315
-0.799803333003867190 0.521766387931779763 0.337571135441912362
-0.791844552206301788 0.535732199007775023 0.336828068535010128
-0.783633817985331715 0.549603856264859969 0.336085533600130215
-0.775171475968009949 0.563374398289321010 0.335343535117245406
-0.766458184460714786 0.577036708916697894 0.334602077563091016
-0.755672390950072437 0.593278396861046886 0.333861165411139194
-0.746410951905409070 0.606676909945228049 0.333120803131571552
-0.736902916722535384 0.619943609694902142 0.332380995191252027
-0.727150384017751117 0.633070954333545100 0.331641746053699893
-0.717155816066412655 0.646051362053237876 0.330903060179063069
-0.706922042553437713 0.658877237026735285 0.330164942024091357
-0.696452262129188426 0.671540996161413273 0.329427396042108855
-0.685750041692938517 0.684035096379277396 0.328690426682987813
-0.674819313330488280 0.696352062220395363 0.327954038393121539
-0.663664368954890005 0.708484513440091002 0.327218235615397535
-0.652289852628423317 0.720425192398911451 0.326483022789170574
-0.640700750666942653 0.732166990928815653 0.325748404350236054
-0.628902379581293136 0.743702976460389409 0.325014384730803463
-0.616900371968151617 0.755026417162653507 0.324280968359469235
-0.604700660521308220 0.766130805837567097 0.323548159661190049
-0.592309460306148949 0.777009882378642103 0.322815963057256461
-0.579733249500117509 0.787657654589317691 0.322084382965266092
-0.566978748760985640 0.798068417229641391 0.321353423799096927
-0.554052899513071462 0.808236769090364571 0.320623089968880448
-0.540962841300416275 0.818157628049805408 0.319893385880975489
-0.527715888493737628 0.827826243986535704 0.319164315937941478
-0.514319506560885209 0.837238209517814802 0.318435884538511682
-0.500781288135157321 0.846389468538837342 0.317708096077566726
-0.487108929086028541 0.855276322583317095 0.316980954946108506
-0.473310204849199889 0.863895435011578616 0.316254465531233042
-0.459392947194774526 0.872243833103557797 0.315528632216104443
-0.445365021586188181 0.880318908159091418 0.314803459379928152
-0.431234305343149049 0.888118413679411134 0.314078951397925132
-0.417008666783575177 0.895640461741267435 0.313355112641304667
-0.402695945370271480 0.902883517753524933 0.312631947477238548
-0.388303933072877028 0.909846393686269628 0.311909460268834315
-0.373840356987579447 0.916528239952043133 0.311187655375109562
-0.359312863302952812 0.922928536089026141 0.310466537150965005
-0.344729002613570201 0.929047080427763072 0.309746109947158288
-0.330096216678981258 0.934883978870140742 0.309026378110278277
-0.315421826564900365 0.940439632976115436 0.308307345982718140
-0.303657195747702058 0.944682111296348159 0.307589017902649531
-0.288925942872360064 0.949733433206521704 0.306871398203996282
-0.274172859266719027 0.954506100343890496 0.306154491216408586
-0.259404723957919303 0.959001521017558978 0.305438301265236245
-0.244628157544030472 0.963221336742171363 0.304722832671503130
-0.229849618011043533 0.967167409004332512 0.304008089751880761
-0.215075397717915229 0.970841806196160562 0.303294076818662772
-0.200311621373248094 0.974246790831861720 0.302580798179738097
-0.185564245013489726 0.977384807102177455 0.301868258138565604
-0.173782046607297791 0.979704753988969168 0.301156460994148056
-0.159078661047476200 0.982368920677345603 0.300445411041005861
-0.144407456957002300 0.984773828690154063 0.299735112569151418
-0.129773754691653587 0.986922507076066879 0.299025569864063145
-0.115182711870853993 0.988818113491040540 0.298316787206659995
-0.100639326306349142 0.990463924782625349 0.297608768873274754
-0.086148439306188929 0.991863328187214233 0.296901519135629122
-0.074596684381243228 0.992807778891630632 0.296195042260807340
-0.060212009558957391 0.993772505284824748 0.295489342511231157
-0.045892588410793078 0.994500827918063490 0.294784424144633184
-0.031642702621965835 0.994996483948922816 0.294080291414031747
-0.017466496482839211 0.995263287060227597 0.293376948567705464
-0.003367981043518042 0.995305122054090385 0.292674399849167044
0.007852281105975079 0.995179265982112593 0.291972649497137970
0.021801255063180036 0.994826156605641998 0.291271701745522582
0.035661981805425957 0.994259295003660837 0.290571560823383868
0.049430920445636628 0.993482795434933674 0.289872230954915933
0.063104645285037175 0.992500823734938642 0.289173716359419908
0.073972840722186961 0.991570136964874616 0.288476021251277581
0.087466903794910622 0.990228966627943907 0.287779149839927695
0.100856748641513894 0.988694238289804406 0.287083106329838189
0.114139361875264245 0.986970288411220364 0.286387894920482278
0.124686286847001726 0.985457828126939162 0.285693519806313190
0.137768619122314084 0.983404330794485748 0.284999985176738024
0.150735829224410811 0.981173955062968339 0.284307295216093381
0.163585291509214970 0.978771174320798076 0.283615454103619102
0.173778382752516836 0.976727843885419889 0.282924466013434350
0.186409603862368434 0.974026103492598327 0.282234335114511015
0.198916261919797999 0.971164639124697304 0.281545065570649733
0.211296116202885575 0.968148027595955529 0.280856661540454244
0.221107261144457556 0.965626121333086118 0.280169127177306077
0.233253553168630667 0.962341842566082017 0.279482466629339732
0.245267322773634722 0.958915331615299626 0.278796684039418097
0.254781683047353436 0.956074832016979403 0.278111783545106850
0.266552353155343646 0.952403995390860736 0.277427769278649428
0.278185632931305604 0.948603927683212444 0.276744645366942488
0.287392308343884184 0.945473950004620090 0.276062415931510929
0.298774526426351161 0.941452972922028231 0.275381085088483135
0.310015387372760853 0.937315758409965394 0.274700656948565658
0.318905496496733110 0.933925399732262296 0.274021135617018741
0.329889004225347671 0.929590581155648188 0.273342525193631669
0.340728142892418040 0.925152398831283751 0.272664829772698014
0.349294942738559322 0.921530486242624347 0.271988053442990652
0.359872200451575863 0.916917676242593460 0.271312200287737060
0.370303079568451821 0.912214127571752353 0.270637274384595228
0.378542071289334980 0.908388930478057022 0.269963279805628786
0.388708378787957720 0.903533159336478153 0.269290220617281972
0.396735336495646185 0.899591816614013218 0.268618100880355593
0.406636332102611797 0.894597806673206764 0.267946924649982543
0.416389898079732701 0.889532892179262902 0.267276695975603384
0.424086693293860506 0.885432675647745970 0.266607418900941251
0.433575334417812375 0.880250439563998954 0.265939097463978480
0.441060600267830671 0.876061546957270121 0.265271735696931188
0.450285536485708571 0.870774803227189809 0.264605337626225900
0.457560545142740971 0.866507265840626095 0.263939907272474572
0.466523729501490569 0.861128264829523316 0.263275448650450827
0.473590327272634448 0.856791642301531153 0.262611965769065092
0.482294412680993989 0.851332020808275192 0.261949462631341390
0.490855944711264425 0.845832398610218528 0.261287943234391862
0.497603287311034981 0.841406103709171016 0.260627411569394229
0.505911137311050529 0.835842647502832992 0.259967871621566038
0.512457170996309053 0.831369319367793236 0.259309327370142229
0.520515573479146787 0.825751929156901099 0.258651782788349882
0.526863900386011608 0.821239200953081117 0.257995241843384959
0.534677610572621975 0.815577056192237415 0.257339708496387765
0.540832224980410503 0.811031980239318329 0.256685186702419799
0.548406456986628266 0.805333531230414845 0.256031680410439610
0.554371694885206878 0.800762575771620799 0.255379193563278428
0.560254235000026801 0.796182042469707474 0.254727730097616900
0.567492545293431072 0.790444597095295132 0.254077293943961557
0.573192470669992571 0.785846505325460742 0.253427889026620723
0.580205580352233463 0.780090363765502337 0.252779519263680752
0.585727845393005930 0.775479782832084408 0.252132188566982385
0.592522058649355032 0.769710937669734196 0.251485900842097765
0.597871783871429918 0.765092391374312730 0.250840659988306292
0.603146500976027400 0.760471619372449004 0.250196469898570972
0.609636006582936041 0.754693656433665705 0.249553334459515330
0.614745777200404575 0.750070537594234699 0.248911257551399867
0.621032426521154313 0.744291770425473675 0.248270243048098749
0.625982581523690573 0.739669599044595838 0.247630294817075935
0.630863512240876112 0.735048786881679739 0.246991416719362256
0.636868935695491412 0.729275477202539713 0.246353612609532258
0.641597964167206714 0.724659582532461766 0.245716886335680784
0.647416829177239528 0.718893884312232556 0.245081241739399380
0.651999252480285341 0.714285158115284813 0.244446682655753811
0.656518200030206778 0.709680243637406449 0.243813212913260191
0.662079180276378909 0.703929979789434612 0.243180836333862671
0.666459035392605759 0.699334851191776186 0.242549556732909621
0.670778704820759852 0.694744547105194621 0.241919377919131262
0.675039177028170512 0.690159324560656540 0.241290303694616182
0.680283005922433626 0.684435296972646157 0.240662337854788411
0.684413829533703000 0.679862331827923994 0.240035484188385162
0.688488573747712884 0.675295134096563832 0.239409746477433349
0.693504552793196560 0.669594506665479261 0.238785128497226773
0.697456481637131143 0.665040887722012419 0.238161634016303414
0.701355281068278380 0.660493537492093497 0.237539266796423398
0.705201820886592223 0.655952582095521652 0.236918030592545070
0.709937799825846927 0.650285556291875122 0.236297929152803232
0.713669836234479771 0.645759400138592787 0.235678966218485830
0.717352305487567565 0.641239986857013444 0.235061145524012804
0.720985992645199580 0.636727410845481678 0.234444470796911636
0.725460663372680670 0.631096444778926680 0.233828945757796114
0.728987350631085662 0.626599584752019712 0.233214574120343354
0.732467658755493800 0.622109856398850525 0.232601359591271956
0.735902280258271646 0.617627352519639072 0.231989305870319185
0.739291885217259970 0.613152169685740045 0.231378416650218466
0.743466571210615101 0.607568642109183044 0.230768695616677788
0.746757222010544952 0.603110314255677737 0.230160146448356639
0.750004878077954240 0.598659664913927858 0.229552772816844636
0.753210113611411436 0.594216822522198651 0.228946578386638622
0.756373480498249817 0.589781926364817521 0.228341566815121244
0.759495508562708088 0.585355127667036346 0.227737741752538220
0.762576705871593319 0.580936590612788240 0.227135106841976964
0.766371523731993243 0.575425309828301312 0.226533665719343968
0.769362599575354245 0.571026034759763546 0.225933422013343488
0.772314350845633157 0.566635654492907870 0.225334379345455083
0.775227198366624126 0.562254396921556210 0.224736541329912165
0.778101544028699799 0.557882506334737127 0.224139911573680239
0.780937771555459626 0.553520243654312405 0.223544493676434614
0.783736247311033751 0.549167886568396546 0.222950291230539055
0.786497321180521625 0.544825729503608858 0.222357307821024419
0.789221327491601676 0.540494083477691123 0.221765547025566445
0.791908586007623150 0.536173275777235947 0.221175012414464467
0.794559402938466830 0.531863649536763683 0.220585707550619681
0.797174072022791336 0.527565563127658121 0.219997635989513968
0.799752875630164173 0.523279389430965414 0.219410801279188383
0.802296085879676601 0.519005514992546990 0.218825206960221313
0.804803965803050136 0.514744339011864671 0.218240856565707519
0.807276770519478659 0.510496272208066593 0.217657753621236849
0.809714748396493600 0.506261735603296681 0.217075901644872893
0.812118142241981200 0.502041159144105520 0.216495304147131529
0.814487190469711297 0.497834980252858939 0.215915964630959911
0.816822128253073432 0.493643642282435291 0.215337886591715516
0.819123188668377855 0.489467592869316404 0.214761073517145018
0.821390603795877361 0.485307282240769189 0.214185528887362697
0.823624605796884124 0.481163161441684806 0.213611256174830066
0.825825427932897482 0.477035680544150187 0.213038258844334860
0.827993305561350423 0.472925286779446452 0.212466540352969940
0.830128477043950652 0.468832422709767382 0.211896104150112174
0.832231184619508402 0.464757524351230744 0.211326953677402479
0.834301675209678573 0.460701019308258131 0.210759092368723977
0.835833552321827988 0.457670962656535285 0.210192523650182150
0.837848273964084234 0.453647643079348295 0.209627250940083665
0.839831487445033220 0.449643834649206875 0.209063277648916135
0.841783463111593466 0.445659917521216309 0.208500607179326947
0.843704478764919052 0.441696255214534261 0.207939242926103607
0.845594820035831085 0.437753193039947308 0.207379188276152232
0.847454780655995665 0.433831056662835668 0.206820446608478120
0.848829995191163755 0.430903371043116823 0.206263021294164489
0.850637521479817527 0.427018574626658654 0.205706915696352854
0.852415517954363544 0.423155487736970259 0.205152133170222351
0.854164309818077561 0.419314351336713131 0.204598677062969414
0.855884230593425666 0.415495381434417277 0.204046550713787689
0.857155429773241329 0.412645816208258631 0.203495757453848236
0.858825653123644561 0.408866079653504522 0.202946300606278940
0.860467963936427771 0.405108969115988982 0.202398183486144662
0.862082724950664625 0.401374601320513613 0.201851409400427062
0.863275938306438673 0.398588805206327224 0.201305981648004950
0.864843380725311972 0.394894435781533715 0.200761903519634410
0.866384305439074076 0.391222988888134671 0.200219178297928596
0.867522828996410200 0.388484456114739918 0.199677809257337857
0.869018280650632469 0.384853141227446571 0.199137799664130727
0.870488289138953486 0.381244722717121343 0.198599152776373439
0.871933253405200337 0.377659141279096666 0.198061871843910497
0.873000783256175472 0.374984891829715727 0.197525960108345194
0.874402889941143124 0.371439055580893462 0.196991420803020012
0.875781065044479390 0.367915762835094362 0.196458257152997223
0.876799236851211639 0.365287996928766789 0.195926472375038851
0.878136514747828389 0.361803776131485844 0.195396069677588241
0.879124483729929240 0.359205106452181511 0.194867052260749796
0.880422118097881401 0.355759373675677948 0.194339423316269994
0.881697661155626755 0.352335329417579168 0.193813186027518514
0.882640066083616892 0.349781382433544674 0.193288343569468529
0.883877928117040801 0.346394692273089166 0.192764899108677640
0.884792536825214415 0.343868453531569418 0.192242855803268775
0.885993952731363166 0.340518275595785569 0.191722216802911405
0.887175090164834868 0.337188552863894597 0.191202985248802360
0.888047872372139335 0.334704496216362890 0.190685164273646623
0.889194466574739883 0.331409808022385621 0.190168757001638655
0.890041786275213354 0.328951650241230520 0.189653766548444014
0.891155016320732796 0.325690977497123280 0.189140196021179541
0.891977746866927101 0.323257935893467130 0.188628048518395514
0.893058761468646711 0.320030214008431457 0.188117327130056300
0.893857751838292636 0.317621476755936105 0.187608034937522289
0.894907665202017255 0.314425608923483535 0.187100175013531100
0.895683737067455299 0.312040345014241494 0.186593750422178684
0.896703625221814127 0.308875215456774210 0.186088764218901248
0.897457570382616865 0.306512584579101743 0.185585219450456806
0.898202267178560221 0.304159396098190427 0.185083119154906633
0.899181046183212040 0.301036233886778026 0.184582466361596864
0.899904691323234029 0.298704481048449488 0.184083264091140619
0.900855880958629562 0.295609348092795265 0.183585515355399187
0.901559185305042976 0.293298207866087401 0.183089223157464454
0.902253980930381783 0.290995655017617316 0.182594390491640279
0.903167348232638445 0.287938692756903536 0.182101020343424957
0.903842756162920535 0.285655618434197067 0.181609115689492451
0.904730693993127777 0.282624119412486774 0.181118679497675406
0.905387336523751030 0.280359770685919663 0.180629714726946222
0.906036117959024612 0.278103227056939240 0.180142224327400208
0.906889111617636967 0.275106425003244892 0.179656211240236729
0.907519951601097441 0.272867607407215718 0.179171678397742395
0.908143267180647085 0.270636188536227285 0.178688628723273041
0.908962813127899616 0.267672278884986958 0.178207065131235742
0.909568934727374989 0.265457694799268118 0.177726990527071554
0.910167836039313838 0.263250153620670557 0.177248407807238162
0.910759602060694062 0.261049559581733703 0.176771319859192089
0.911537665696459221 0.258126085468539213 0.176295729561371350
0.912113097427180497 0.255941359634424437 0.175821639783178052
0.912681656974426270 0.253763301608333824 0.175349053384961262
0.913243417369030475 0.251591840125763078 0.174877973217999694
0.913981976058430901 0.248706707560962553 0.174408402124484219
0.914528141047247001 0.246550394913887805 0.173940342937500991
0.915067731567673404 0.244400485363065051 0.173473798481014518
0.915600809628922874 0.242256934458658452 0.173008771569850284
0.916127434858810985 0.240119704172183090 0.172545265009677762
0.916647664580539034 0.237988762920859714 0.172083281596993737
0.917331450543141691 0.235157248440272082 0.171622824119105372
0.917836967925047542 0.233040895306902252 0.171163895354113277
0.918336265174499733 0.230930772912326332 0.170706498070894802
0.918829390498649756 0.228826877880684426 0.170250635029087161
0.919316390226848301 0.226729213285998737 0.169796308979071303
0.919797308891898813 0.224637788631459834 0.169343522661954737
0.920272189326641454 0.222552619757458020 0.168892278809555235
0.920741072748967548 0.220473728794582130 0.168442580144384513
0.921203998866610529 0.218401144016347082 0.167994429379631272
0.921812032749221077 0.215647567479626212 0.167547829219145628
0.922261205102784754 0.213589840886206472 0.167102782357422014
0.922704542797743832 0.211538557690395534 0.166659291479583554
0.923142080098245055 0.209493771338576745 0.166217359261365216
0.923573850278767261 0.207455540625334889 0.165776988369098488
0.923999885723830294 0.205423929491912988 0.165338181459694394
0.924420218028768503 0.203399006803114069 0.164900941180628258
0.924834878103198310 0.201380846095668947 0.164465270169923072
0.925243896266672916 0.199369525343783049 0.164031171056134129
0.925647302345926515 0.197365126699857729 0.163598646458332858
0.926045125779496048 0.195367736180996843 0.163167698986090987
0.926307254331799723 0.194040080019420136 0.162738331239465017
0.926695838007916217 0.192054570492290078 0.162310545808980133
0.927078916339315828 0.190076315222487857 0.161884345275615377
0.927456518130744367 0.188105411874572304 0.161459732210787160
0.927828672220836648 0.186141960549262520 0.161036709176334170
0.928195407571244413 0.184186063420516022 0.160615278724501848
0.928556753345446628 0.182237824401164261 0.160195443397927406
0.928912738988066145 0.180297348781844058 0.159777205729623673
0.929263394298243672 0.178364742876587989 0.159360568242964351
0.929494218113621873 0.177080763822280107 0.158945533451668869
0.929836056939921329 0.175161511995381158 0.158532103859786916
0.930172647149527965 0.173250415645443023 0.158120281961683429
0.930504020409063326 0.171347581734718590 0.157710070242023437
0.930830209026357713 0.169453116571869622 0.157301471175757601
0.931044804014892868 0.168194841142927431 0.156894487228106394
0.931362425259606441 0.166314557179539635 0.156489120854546221
0.931674951518003946 0.164442919485115191 0.156085374500793544
0.931982417834673060 0.162580028910281671 0.155683250602791229
0.932284860080454747 0.160725984025918700 0.155282751586692802
0.932483715191999019 0.159494915885177835 0.154883879868848662
0.932777866017233892 0.157655825662222804 0.154486637855791142
0.933067092633512063 0.155825830433275914 0.154091027944219749
0.933257193962173659 0.154610929769607386 0.153697052520987060
0.933538300823597456 0.152796285605491411 0.153304713963084344
0.933814589645071025 0.150990961599366036 0.152914014637626994
0.933996125937906041 0.149792628409289363 0.152524956901840314
0.934264477246223857 0.148003007352533300 0.152137543103045308
0.934528123013159462 0.146222902494566875 0.151751775578644582
0.934701294251602199 0.145041485074890564 0.151367656656108324
0.934957195151633336 0.143277382924039909 0.150985188652959929
0.935208509111269737 0.141522959789618707 0.150604373876762149
0.935373526117844190 0.140358747395794292 0.150225214625103520
0.935617297702761586 0.138620568480143092 0.149847713185584097
0.935777329883591524 0.137467227549947335 0.149471871835801767
0.936013690264511533 0.135745412143084443 0.149097692843338375
0.936168826167133816 0.134603013820846107 0.148725178465746399
0.936397909736847556 0.132897655890470090 0.148354330950535129
0.936622692952123304 0.131202206809263311 0.147985152535156927
0.936770184014336094 0.130077421897915380 0.147617645446993906
0.936987911351939928 0.128398526739036345 0.147251811903344576
0.937130745378384700 0.127284788857527476 0.146887654111410415
0.937341558060978852 0.125622473881791596 0.146525174268282266
0.937479829888366201 0.124519791817385428 0.146164374560927651
0.937616303661420236 0.123421530662863821 0.145805257166176955
0.937817676736446781 0.121782422426312598 0.145447824250710761
0.937949722995642277 0.120695200363096222 0.145092077971046479
0.938144527586959986 0.119072629486319581 0.144738020473525603
0.938272243538000761 0.117996414237745317 0.144385653894300470
0.938460625898165146 0.116390319872536341 0.144034980359321579
0.938584109273615130 0.115325062715742943 0.143686001984324796
0.938705927049962474 0.114264171576868578 0.143338720874818359
0.938885565030269098 0.112680996075183282 0.142993139126070229
0.939003287429736710 0.111630968250917673 0.142649258823095815
0.939119399106678965 0.110585262555587815 0.142307082040644906
0.939290580743203485 0.109024775697820764 0.141966610843189456
0.939402734022439789 0.107989809233790146 0.141627847284910818
0.939513331227454618 0.106959109696147359 0.141290793409687837
0.939676343364998501 0.105421021861513531 0.140955451251084163
0.939783118243426641 0.104400910264857871 0.140621822832335985
0.939888391201441853 0.103384999959526158 0.140289910166339848
0.939992177585771471 0.102373270407638550 0.139959715255640799
0.940145103242308044 0.100863468235954545 0.139631240092419895
0.940245239886197570 0.099862095859033384 0.139304486658482385
0.940343943114359426 0.098864826603656641 0.138979456925245687
0.940441227936703150 0.097871636729712608 0.138656152853727538
0.940584528272145115 0.096389447272076101 0.138334576394534364
0.940678332153102037 0.095406347852567963 0.138014729487848986
0.940770769436492182 0.094427239811116170 0.137696614063419348
0.940861854698699096 0.093452096705895715 0.137380232040546862
0.940951602411489230 0.092480891530590026 0.137065585328074641
0.941040026935686669 0.091513596763520610 0.136752675824376058
0.941170213873726791 0.090069925233838555 0.136441505417343317
0.941255392495156884 0.089112282911993468 0.136132075984376016
0.941339297269714104 0.088158450928691068 0.135824389392369904
0.941421942019101343 0.087208399714673257 0.135518447497705474
0.941503340438492708 0.086262099292014061 0.135214252146237057
0.941583506092322664 0.085319519314146552 0.134911805173281107
0.941662452412772355 0.084380629076375890 0.134611108403605934
0.941740192697185785 0.083445397540849287 0.134312163651419847
0.941816740106750871 0.082513793348636733 0.134014972720361059
0.941892107662922418 0.081585784857696131 0.133719537403486022
0.941966308247253359 0.080661340145115390 0.133425859483258913
0.942039354599738865 0.079740427026028349 0.133133940731541361
0.942111259316557370 0.078823013081497251 0.132843782909580932
0.942182034847641736 0.077909065689514112 0.132555387768000910
0.942251693499290721 0.076998551998771703 0.132268757046789781
0.942320247428836022 0.076091438995307625 0.131983892475290826
0.942387708645772149 0.075187693496809538 0.131700795772191348
0.942454089010074214 0.074287282177484759 0.131419468645512461
0.942519400233205129 0.073390171566705964 0.131139912792598762
0.942583653874811800 0.072496328095450091 0.130862129900108481
0.942646861343713116 0.071605718095821946 0.130586121644002573
0.942709033897732418 0.070718307813585790 0.130311889689535138
0.942739735558167480 0.070275792000737414 0.130039435691243210
0.942800376515123273 0.069393117881177080 0.129768761292936907
0.942860010036207674 0.068513558854464751 0.129499868127689266
0.942918646845783193 0.067637081028274704 0.129232757817826449
0.942976297516862516 0.066763650482386971 0.128967431974918306
0.943032972468806907 0.065893233326929646 0.128703892199768077
0.943060947264961369 0.065459144178036721 0.128442140082403289
0.943116177842652448 0.064593183595215709 0.128182177202065650
0.943170458085685559 0.063730151778876198 0.127924005127202034
0.943223797880177406 0.062870015002112145 0.127667625415454483
0.943250118157922701 0.062441021724842949 0.127413039613651358
0.943302065488439534 0.061585164396015302 0.127160249257797620
0.943353096426593707 0.060732118132984292 0.126909255873065646
0.943403220331780590 0.059881849533162779 0.126660060973786071
0.943427945030375970 0.059457746461915317 0.126412666063438650
0.943476725604973199 0.058611582062819245 0.126167072634643274
0.943524621887755655 0.057768112494428536 0.125923282169150691
0.943548241186551673 0.057347378007526484 0.125681296137833798
0.943594827552920679 0.056507889187368265 0.125441116000678810
0.943640551440695363 0.055671013495387167 0.125202743206776296
0.943663092607247123 0.055253545465461296 0.124966179194312452
0.943707538609084517 0.054420528971907245 0.124731425390560466
0.943729445507022979 0.054004972520984573 0.124498483211871971
0.943772632185525429 0.053175743373226003 0.124267354063668414
0.943814989386564607 0.052348999669680818 0.124038039340432532
0.943835859404619004 0.051936550086921163 0.123810540425700069
0.943876987140191082 0.051113476104797828 0.123584858692051325
0.943897246777488874 0.050702844016655590 0.123360995501102993
0.943937162323650769 0.049883370607490318 0.123138952203499741
0.943956820099629668 0.049474521734126864 0.122918730138906251
0.943995540260440302 0.048658580943201413 0.122700330635999083
0.944014604460586382 0.048251481617762881 0.122483755012458659
0.944052145574395429 0.047439006786382965 0.122269004574961190
0.944070624252232538 0.047033624031511512 0.122056080619171087
0.944107002198109502 0.046224549911257462 0.121844984429732739
0.944124903179852426 0.045820851470634250 0.121635717280263234
0.944142613296919064 0.045417707427247767 0.121428280433344166
0.944177464273304956 0.044613068721987614 0.121222675140514505
0.944194606781019075 0.044211567223844117 0.121018902642262602
0.944228329896964036 0.043410183068941843 0.120816964168019139
0.944244912105471457 0.043010293773918074 0.120616860936149317
0.944261309134380999 0.042610935304478903 0.120418594153945749
0.944293550769193857 0.041813797916145590 0.120222165017621091
0.944309396912612287 0.041416012646493916 0.120027574712300855
0.944325060952408979 0.041018745485690455 0.119834824412016289
0.944355845713025777 0.040225753193193381 0.119643915279697144
0.944370967911186909 0.039830022009194610 0.119454848467164781
0.944385910959582242 0.039434796851287590 0.119267625115125314
0.944400675579605053 0.039040074770485766 0.119082246353162544
0.944429672376486784 0.038252128419659248 0.118898713299731174
0.944443905958193275 0.037858898508610295 0.118717027062150135
0.944457963919418164 0.037466160438511142 0.118537188736595883
0.944471846945255433 0.037073911495754730 0.118359199408095833
0.944499090894520887 0.036290870421535171 0.118183060150521657
0.944512453153111720 0.035900073118708353 0.118008772026582914
0.944525643146606475 0.035509754604146293 0.117836336087820667
0.944538661526449275 0.035119912403298981 0.117665753374601195
0.944551508936591122 0.034730544116236162 0.117497024916109374
0.944564186015470764 0.034341647370701223 0.117330151730342946
0.944589031701085435 0.033565259292455740 0.117165134824105996
0.944601201552740966 0.033177763496108847 0.117001975193003135
0.944613203563473891 0.032790730306896110 0.116840673821433358
0.944625038341413203 0.032404157611906015 0.116681231682584041
0.944636706487713140 0.032018043376137451 0.116523649738425272
0.944648208598441785 0.031632385604459079 0.116367928939703880
0.944659545264236788 0.031247182363454640 0.116214070225937813
0.944670717069427957 0.030862431777894661 0.116062074525410328
0.944681724593616323 0.030478132024511717 0.115911942755164490
0.944692568410563260 0.030094281345144525 0.115763675820997711
0.944703249089067554 0.029710878037843058 0.115617274617456051
0.944713767192734588 0.029327920458117107 0.115472740027829104
0.944724123279900518 0.028945407030577297 0.115330072924144461
0.944734317904459719 0.028563336225981228 0.115189274167162514
0.944744351614839051 0.028181706594076927 0.115050344606371285
0.944754224955320909 0.027800516733136216 0.114913285079981331
0.944763938465511099 0.027419765306769872 0.114778096414920497
0.944773492680212601 0.027039451048362861 0.114644779426829185
0.944782888130091703 0.026659572751049854 0.114513334920055415
0.944792125341424649 0.026280129276773034 0.114383763687649603
0.944801204836638653 0.025901119542530493 0.114256066511360263
0.944801204836638653 0.025901119542530493 0.114130244161628980
0.944810127134056321 0.025522542533489956 0.114006297397585929
0.944818892747747108 0.025144397315733980 0.113884226967045130
0.944827502188370971 0.024766683006322898 0.113764033606500142
0.944835955963022944 0.024389398787973027 0.113645718041119337
0.944835955963022944 0.024389398787973027 0.113529280984741868
0.944844254574762843 0.024012543929329111 0.113414723139873122
0.944852398523829851 0.023636117745950924 0.113302045197680529
0.944860388306789423 0.023260119634780974 0.113191247837989437
0.944868224417313107 0.022884549055682435 0.113082331729278909
0.944868224417313107 0.022884549055682435 0.112975297528677909
0.944875907345844701 0.022509405542536054 0.112870145881961009
0.944883437580268493 0.022134688686737458 0.112766877423544909
0.944883437580268493 0.022134688686737458 0.112665492776484119
0.944890815605097245 0.021760398175159679 0.112565992552467672
0.944898041902702657 0.021386533741403979 0.112468377351815099
0.944898041902702657 0.021386533741403979 0.112372647763472971
0.944905116953105750 0.021013095188861353 0.112278804365011281
0.944912041233361366 0.020640082412638705 0.112186847722619942
0.944912041233361366 0.020640082412638705 0.112096778391105545
0.944918815218834696 0.020267495357734755 0.112008596913887773
0.944918815218834696 0.020267495357734755 0.111922303822996186
0.944925439382445442 0.019895334054201408 0.111837899639067123
0.944931914195256129 0.019523598599767100 0.111755384871340541
0.944931914195256129 0.019523598599767100 0.111674760017656721
0.944938240126684925 0.019152289155090652 0.111596025564453569
0.944938240126684925 0.019152289155090652 0.111519181986763555
0.944944417644145385 0.018781405966552089 0.111444229748210735
0.944944417644145385 0.018781405966552089 0.111371169301008127
0.944950447213682043 0.018410949343739325 0.111300001085954892
0.944950447213682043 0.018410949343739325 0.111230725532433697
0.944956329299805442 0.018040919673531608 0.111163343058408165
0.944956329299805442 0.018040919673531608 0.111097854070420235
0.944962064365716614 0.017671317415819343 0.111034258963587817
0.944962064365716614 0.017671317415819343 0.110972558121602394
0.944962064365716614 0.017671317415819343 0.110912751916726629
0.944967652873699993 0.017302143092119748 0.110854840709792277
0.944967652873699993 0.017302143092119748 0.110798824850197819
0.944973095284774911 0.016933397307326181 0.110744704675906469
0.944973095284774911 0.016933397307326181 0.110692480513444172
0.944973095284774911 0.016933397307326181 0.110642152677897440
0.944978392059217409 0.016565080732494741 0.110593721472911730
0.944978392059217409 0.016565080732494741 0.110547187190689372
0.944978392059217409 0.016565080732494741 0.110502550111987896
0.944983543656483960 0.016197194114633828 0.110459810506118417
0.944983543656483960 0.016197194114633828 0.110418968630943887
0.944983543656483960 0.016197194114633828 0.110380024732877557
0.944983543656483960 0.016197194114633828 0.110342979046881562
0.944988550535563854 0.015829738265573767 0.110307831796465444
0.944988550535563854 0.015829738265573767 0.110274583193684828
0.944988550535563854 0.015829738265573767 0.110243233439140137
0.944988550535485694 0.015829738269667326 0.110213782721975392
0.944988550535485694 0.015829738269667326 0.110186231219877029
0.944993413154537554 0.015462714092250918 0.110160579099072869
0.944993413154537554 0.015462714092250918 0.110136826514331099
0.944993413154537554 0.015462714092250918 0.110114973608959388
0.944993413154537554 0.015462714092250918 0.110095020514803896
0.944993413154537554 0.015462714092250918 0.110076967352248589
0.944993413154537554 0.015462714092250918 0.110060814230214563
0.944993413154537554 0.015462714092250918 0.110046561246159164
0.944993413154537554 0.015462714092250918 0.110034208486075674
0.944993413154537554 0.015462714092250918 0.110023756024492547
0.944998131971877431 0.015096122537505197 0.110015203924473198
0.944998131971833910 0.015096122539635604 0.110008552237615381
0.944998131971833910 0.015096122539635604 0.110003801004051049
0.944998131971833910 0.015096122539635604 0.110000950252446050
0.944998131971833910 0.015096122539635604 0.110000000000000001
