-0.397687031755068587 -0.079781042475375347 0.739999999999999991
-0.397687031755068587 -0.079781042475375347 0.739999049747553928
-0.282998896268121969 -0.017537824932838009 0.739996198995948928
-0.282998896268121969 -0.017537824932838009 0.739991447762384680
-0.282998896268121969 -0.017537824932838009 0.739984796075526807
-0.282998896268121969 -0.017537824932838009 0.739976243975507431
-0.282998896268121969 -0.017537824932838009 0.739965791513924276
-0.282998896268121969 -0.017537824932838009 0.739953438753840897
-0.282998896268121969 -0.017537824932838009 0.739939185769785457
-0.282998896268121969 -0.017537824932838009 0.739923032647751389
-0.282998896268121969 -0.017537824932838009 0.739904979485196068
-0.282998896268121969 -0.017537824932838009 0.739885026391040590
-0.282998896268121969 -0.017537824932838009 0.739863173485668879
-0.282998896268121969 -0.017537824932838009 0.739839420900927136
-0.148877473238353514 0.012151881453305174 0.739813768780122949
-0.148877473238353514 0.012151881453305174 0.739786217278024627
-0.148877473238353514 0.012151881453305174 0.739756766560859869
-0.148877473238353514 0.012151881453305174 0.739725416806315206
-0.148877473238353514 0.012151881453305174 0.739692168203534561
-0.009756927704912953 0.002253728479850373 0.739657020953118471
-0.009756927704912953 0.002253728479850373 0.739619975267122420
-0.009756927704912953 0.002253728479850373 0.739581031369056063
-0.009756927704912953 0.002253728479850373 0.739540189493881561
-0.009756927704912953 0.002253728479850373 0.739497449888012137
0.117888706225016404 -0.045627220687793714 0.739452812809310633
0.117888706225016404 -0.045627220687793714 0.739406278527088290
0.117888706225016404 -0.045627220687793714 0.739357847322102524
0.221406873709072499 -0.121952326626709046 0.739307519486555820
0.221406873709072499 -0.121952326626709046 0.739255295324093509
0.221406873709072499 -0.121952326626709046 0.739201175149802103
0.295337577953668495 -0.213671322436555289 0.739145159290207743
0.295337577953668495 -0.213671322436555289 0.739087248083273307
0.295337577953668495 -0.213671322436555289 0.739027441878397529
0.340832865126311613 -0.308940168364995216 0.738965741036412216
0.340832865126311613 -0.308940168364995216 0.738902145929579812
0.340832865126311613 -0.308940168364995216 0.738836656941591730
0.362851876828054420 -0.399583587942179463 0.738769274467566239
0.362851876828054420 -0.399583587942179463 0.738699998914045142
0.367426972651929751 -0.481239442053350175 0.738628830698991878
0.367426972651929751 -0.481239442053350175 0.738555770251789201
0.367426972651929751 -0.481239442053350175 0.738480818013236395
0.360031927842638988 -0.552364169214942358 0.738403974435546395
0.360031927842638988 -0.552364169214942358 0.738325239982343340
0.344971310413670018 -0.613093873529292566 0.738244615128659576
0.344971310413670018 -0.613093873529292566 0.738162100360932882
0.325357837368856706 -0.664385243121356273 0.738077696177003806
0.325357837368856706 -0.664385243121356273 0.737991403086112219
0.303323232448809987 -0.707487578518796179 0.737903221608894433
0.303323232448809987 -0.707487578518796179 0.737813152277379980
0.280270872602028986 -0.743662697004135342 0.737721195634988725
0.280270872602028986 -0.743662697004135342 0.737627352236526979
0.257093758882925516 -0.774057760805902828 0.737531622648184837
0.234339660731906319 -0.799661686970088770 0.737434007447532291
0.234339660731906319 -0.799661686970088770 0.737334507223515900
0.212328252372076309 -0.821302707276918453 0.737233122576455124
0.212328252372076309 -0.821302707276918453 0.737129854118038996
0.191231188695571430 -0.839663645501053879 0.737024702471322124
0.171125668654620477 -0.855302948918038375 0.736917668270721027
0.171125668654620477 -0.855302948918038375 0.736808752162010583
0.152029782199239072 -0.868675855415986464 0.736697954802319477
0.133925619139062146 -0.880153375385932302 0.736585276860126870
0.133925619139062146 -0.880153375385932302 0.736470719015258179
0.116774259418788662 -0.890038385022670964 0.736354281958880641
0.100525415949864028 -0.898578863180040321 0.736235966393499863
0.100525415949864028 -0.898578863180040321 0.736115773032954834
0.085123569787431963 -0.905978596473219988 0.735993702602414035
0.070511811419677106 -0.912405757874585222 0.735869755838370998
0.056634185988634678 -0.917999751145658793 0.735743933488639756
0.056634185988634678 -0.917999751145658793 0.735616236312350402
0.043437066947622338 -0.922876664195226626 0.735486665079944646
0.030869902628209989 -0.927133616868357158 0.735355220573170709
0.018885562129803191 -0.930852234106586462 0.735221903585079439
0.018885562129803191 -0.930852234106586462 0.735086714920018758
0.007440429174718377 -0.934101428379069842 0.734949655393628665
-0.003505658496522790 -0.936939636371063145 0.734810725832837464
-0.013989560530706213 -0.939416623880986013 0.734669927075855544
-0.024045034731966508 -0.941574948150886493 0.734527259972170943
-0.033702960691990080 -0.943451147617259789 0.734382725382543899
-0.033702960691990080 -0.943451147617259789 0.734236324179002309
-0.042991569443809219 -0.945076713974949190 0.734088057244835501
-0.051936668781877637 -0.946478889754634234 0.733937925474589692
-0.060561858241634847 -0.947681325474624803 0.733785929774062096
-0.068888730335680715 -0.948704623336792174 0.733632071060296154
-0.076937056632453149 -0.949566788851131327 0.733476350261574761
-0.084724958221969904 -0.950283607510142625 0.733318768317415937
-0.092269060951673143 -0.950868960115486939 0.733159326178566717
-0.099584636137270421 -0.951335087763994225 0.732998024806996828
-0.106685727721356483 -0.951692815331670383 0.732834865175894024
-0.113585266959424558 -0.951951740622135167 0.732669848269657087
-0.120295175695300516 -0.952120394992702068 0.732502975083890617
-0.126826459305373174 -0.952206380224117632 0.732334246625398921
-0.133189290293635465 -0.952216485502497156 0.732163663912179352
-0.139393083512260096 -0.952156787731116117 0.731991227973417091
-0.145446563844292553 -0.952032737786840499 0.731816939849478376
-0.151357827121152866 -0.951849234920788656 0.731640800591904172
-0.157134395021757522 -0.951610691095284844 0.731462811263404067
-0.162783264551985218 -0.951321086787052517 0.731282972937849940
-0.168310952692884153 -0.950984019500464850 0.731101286700268749
-0.173723536739863904 -0.950602746055147163 0.730917753646837420
-0.179026690756375173 -0.950180219536037374 0.730732374884874636
-0.184225718587801679 -0.949719121660889121 0.730545151532835280
-0.189325583750837412 -0.949221891187977063 0.730356084720302889
-0.194330936574000745 -0.948690748911358739 0.730165175587983772
-0.199246138822423480 -0.948127719698999893 0.729972425287699123
-0.208822228241519026 -0.946913234886385569 0.729777834982378915
-0.213490587872003590 -0.946265013731721005 0.729581405846054243
-0.218083777390523537 -0.945591403399010377 0.729383139063850661
-0.222605014422634417 -0.944893700532420500 0.729183035831980852
-0.227057336000310639 -0.944173094300202465 0.728981097357737307
-0.235766554638393300 -0.942667447801303959 0.728777324859485542
-0.240028734134380806 -0.941884330214564303 0.728571719566655895
-0.244232583975280582 -0.941082169271765467 0.728364282719736744
-0.248380412501131020 -0.940261742624740493 0.728155015570267294
-0.252474410913652025 -0.939423765173974301 0.727943919380828919
-0.260509142774579538 -0.937697733488450869 0.727730995425038829
-0.264453740295881146 -0.936810838300301985 0.727516244987541416
-0.268352248659726900 -0.935908718232102976 0.727299669364000922
-0.272206379289650968 -0.934991841004024549 0.727081269861093782
-0.279787966358464368 -0.933115494172451321 0.726861047796500293
-0.283518473320440945 -0.932156776252113461 0.726639004498896957
-0.287210712359411591 -0.931184809323546414 0.726415141307948709
-0.294485791535637198 -0.929202294429443132 0.726189459574299923
-0.298071194902598480 -0.928192262603843687 0.725961960659567529
-0.301623463401520686 -0.927170017308170946 0.725732645936331688
-0.308633178620223547 -0.925089657978161561 0.725501516788128020
-0.312092807625717117 -0.924031877250179989 0.725268574609439609
-0.318926762980532352 -0.921881800813213914 0.725033820805687568
-0.322303040312624467 -0.920789725537483617 0.724797256793223710
-0.325653428081449203 -0.919686410899005713 0.724558883999321224
-0.332280079062972300 -0.917446323802420416 0.724318703862166235
-0.335558042303030934 -0.916309643752835967 0.724076717830849370
-0.342047295273794849 -0.914003134037122522 0.723832927365356760
-0.345260132116447460 -0.912833312554045762 0.723587333936561383
-0.348452769831656906 -0.911652430116432821 0.723339939026213963
-0.354780305896322090 -0.909257356130950711 0.723090744126934415
-0.357916585872942616 -0.908043070377245520 0.722839750742202303
-0.364137493479175234 -0.905580674445752853 0.722586960386348620
-0.367223402936890431 -0.904332397475676730 0.722332374584545467
-0.373349230441283653 -0.901801179258028940 0.722075994872797944
-0.376390348392969809 -0.900517999834270944 0.721817822797934383
-0.382431905488267165 -0.897915815224185732 0.721557859917596800
-0.388422988079770937 -0.895264807986969169 0.721296107800231900
-0.391400979125205273 -0.893920553884580138 0.721032568025081755
-0.397324547811822193 -0.891193549447603206 0.720767242182173473
-0.400271180367234303 -0.889810361555777529 0.720500131872310767
-0.406136737777863965 -0.887003417889950407 0.720231238707063071
-0.409056687289603982 -0.885579140786845631 0.719960564308756767
-0.414873463376972229 -0.882687560423543127 0.719688110310464868
-0.420662761122368889 -0.879736539681731600 0.719413878355997460
-0.423548357543718279 -0.878237899086144136 0.719137870099891496
-0.429303946521594870 -0.875192520455787881 0.718860087207401133
-0.432174941737980933 -0.873644990065999050 0.718580531354487628
-0.437905853998431960 -0.870498111605229052 0.718299204227808685
-0.443625390228069127 -0.867279035932874809 0.718016107524709124
-0.446482180755165659 -0.865641168738049860 0.717731242953210224
-0.452192429741828716 -0.862306036029405809 0.717444612231999179
-0.457901811570801898 -0.858887716867707041 0.717156217090419101
-0.463614731653847034 -0.855380979229744876 0.716866059268458589
-0.466473937245342696 -0.853592665823486252 0.716574140516741065
-0.472200775835809827 -0.849942234881282399 0.716280462596514012
-0.477942919304911451 -0.846187672849834538 0.715985027279638975
-0.480821311873742219 -0.844269015826588420 0.715687836348580131
-0.486596048754524002 -0.840343830675174708 0.715388891596394072
-0.492399358104082530 -0.836293958894734901 0.715088194826718926
-0.498237108164243270 -0.832109419802233630 0.714785747853762921
-0.504115560156866316 -0.827778998002451916 0.714481552502294504
-0.507072127100729464 -0.825555191660089616 0.714175610607630129
-0.513024370737025892 -0.820981729168883012 0.713867924015623934
-0.519035072398806641 -0.816227573235091985 0.713558494582656633
-0.525112355050959434 -0.811275383123318150 0.713247324175623976
-0.531265044235410100 -0.806105340692334860 0.712934414671925309
-0.537502760245184730 -0.800694692577591072 0.712619767959453143
-0.540656751833790361 -0.797891092307745353 0.712303385936580713
-0.547042037582826879 -0.792069033209507278 0.711985270512151103
-0.553540568859256510 -0.785932604404442126 0.711665423605465697
-0.560165606691225504 -0.779443357960183603 0.711343847146272412
-0.566931723681744382 -0.772556024276722542 0.711020543074754374
-0.573854919383494089 -0.765216935990786551 0.710695513341517593
-0.580952710741898026 -0.757361998519603508 0.710368759907580083
-0.588244167813348096 -0.748914050034068857 0.710040284744359096
-0.595749843211539454 -0.739779389364217388 0.709710089833660129
-0.603491506345011697 -0.729843155645824582 0.709378177167664048
-0.611491528576377008 -0.718963102082339156 0.709044548748915870
-0.619771651175053173 -0.706961091676461817 0.708709206590312113
-0.628350662837598883 -0.693611313000593643 0.708372152715089243
-0.637240138235357190 -0.678623699923904700 0.708033389156810689
-0.646436685907087916 -0.661620227422545337 0.707692917959355072
-0.655907800776271754 -0.642100464107854041 0.707350741176904108
-0.665565735815609627 -0.619390707047283495 0.707006860873929721
-0.675218320849180098 -0.592567817209541770 0.706661279125181618
-0.684474032600253190 -0.560344191185116358 0.706313998015675182
-0.692553108247520588 -0.520894868222648744 0.705965019640678482
-0.697898678311637766 -0.471607675323711006 0.705614346105699508
-0.697348416698536422 -0.408771968329204927 0.705261979526474403
-0.684326548437632076 -0.327416523064716969 0.704907922028953582
-0.644952635254592455 -0.222366881401222960 0.704552175749289300
-0.550877963483586530 -0.094877333877181114 0.704194742833822995
-0.355454284920947161 0.022187214568978986 0.703835625439072410
-0.041897555821100579 0.016985691335695517 0.703474825731717712
0.235143952352070529 -0.226679178442508317 0.703112345888589618
0.222718197279573121 -0.697197514509929173 0.702748188096655402
0.075921798751576508 -0.857928881740966820 0.702382354553006127
-0.060536072585359924 -0.925227975897725763 0.702014847464843106
-0.167331445122468447 -0.946613085681710542 0.701645669049464793
-0.248385244173760067 -0.947412142650211342 0.701274821534253578
-0.310583248748971863 -0.939239222575555255 0.700902307156661686
-0.380118706269178208 -0.920722642235319189 0.700528128164198294
-0.415797007798947460 -0.907119200393868730 0.700152286814415881
-0.445617873496408023 -0.893446952049535392 0.699774785374896457
-0.471089192766600717 -0.879998149654344308 0.699395626123237801
-0.503380759769368358 -0.860422138938620296 0.699014811347040133
-0.522001749732662668 -0.847748178467775060 0.698632343343891682
-0.538886408602587852 -0.835307782503509122 0.698248224421355368
-0.554401172823109190 -0.823023594018323035 0.697862456896954697
-0.575704571930914066 -0.804703038943432869 0.697475043098159664
-0.588899091472248282 -0.792428138494961076 0.697085985362372984
-0.601476323133688151 -0.779993902849198451 0.696695286036915662
-0.619456490568994877 -0.760822689183291323 0.696302947479013001
-0.630997072958770944 -0.747535343281310771 0.695908972055780284
-0.642272410993123377 -0.733700619679821919 0.695513362144208891
-0.653343699635194453 -0.719180012567337767 0.695116120131151316
-0.669665861579520905 -0.695759756741799240 0.694717248413307176
-0.680396733430127854 -0.678773257229986715 0.694316749397208888
-0.696272666906613380 -0.650638876105553043 0.693914625499206461
-0.706662394277950967 -0.629675350825811719 0.693510879145453840
-0.716804097772922422 -0.606508665486897636 0.693105512771893584
-0.731195016775979201 -0.566563286796654353 0.692698528824242432
-0.739822988360841149 -0.535565060888013034 0.692289929757976541
-0.750012576197865988 -0.480483916211685791 0.691879718038316605
-0.753621266439488569 -0.436513456166357283 0.691467896140213090
-0.752869805387207158 -0.385266189780313129 0.691054466548331137
-0.737497971866726054 -0.291743809205236015 0.690639431757035682
-0.711009881851768832 -0.216855422008978532 0.690222794270376361
-0.627586383678732873 -0.088591990410985921 0.689804556602072627
-0.526873686349229264 -0.003114754250854557 0.689384721275498102
-0.287709929526302699 0.073942262570400513 0.688963290823665919
-0.087036083673046272 0.042981001990277178 0.688540267789212845
0.161813200179852901 -0.164170935098891912 0.688115654724384629
0.229156589711603270 -0.359098545048686879 0.687689454191019900
0.193020662120011233 -0.614226339958539258 0.687261668760535072
0.122903952127161653 -0.730817026503745582 0.686832301013909019
0.005912715791891510 -0.836112530557376332 0.686401353541667092
-0.065805921446980775 -0.874583046433153322 0.685968828943865794
-0.157566350873140526 -0.904411452661110671 0.685534729830076905
-0.208587149631689561 -0.912994166255593598 0.685099058819371831
-0.272405770498541089 -0.916337670270445104 0.684661818540305611
-0.324114434078573710 -0.913175415652816014 0.684223011630901601
-0.353335875559478818 -0.909058969114238558 0.683782640738634817
-0.391006142361393971 -0.901222214899211060 0.683340708520416507
-0.412785565088200967 -0.895360035460239900 0.682897217642577936
-0.441478255900867866 -0.886101331103113399 0.682452170780854406
-0.466327822143198290 -0.876625846365330696 0.682005570620368706
-0.481161549733843508 -0.870303485905441154 0.681557419855615576
-0.501276653543600514 -0.860909094199847180 0.681107721190444715
-0.519261638774680567 -0.851684729366769866 0.680656477338045240
-0.530261145818531343 -0.845647919679136884 0.680203691020928702
-0.545504189984545973 -0.836772162315800094 0.679749364970912762
-0.559460732473951561 -0.828111915488925709 0.679293501929105314
-0.568151667397310045 -0.822454516281883929 0.678836104645886729
-0.580391941292246583 -0.814133521831529205 0.678377175880894634
-0.591799474846422924 -0.805997556119422809 0.677916718403006269
-0.598999368984303615 -0.800668573294420649 0.677454734990322271
-0.609263595855796480 -0.792805654205008037 0.676991228430149805
-0.618957918497659021 -0.785085289962367039 0.676526201518985459
-0.628151825022847943 -0.777492162622737126 0.676059657062499042
-0.634032313673846382 -0.772493555468288795 0.675591597875515815
-0.642517445777933904 -0.765080640283390734 0.675122026782000395
-0.650638722237204759 -0.757758183808413976 0.674650946615038660
-0.658434034885774233 -0.750514010983725388 0.674178360216821981
-0.663466087430219398 -0.745722419745907250 0.673704270438628683
-0.670788248054473346 -0.738583899170814573 0.673228680140807945
-0.677861746756763028 -0.731495100787930674 0.672751592192761816
-0.684708819202440533 -0.724446593040367182 0.672273009472928451
-0.691348888315650445 -0.717429535254793027 0.671792934868764235
-0.697798982382283550 -0.710435610974278986 0.671311371276726909
-0.702000975602466437 -0.705781950208693831 0.670828321602257471
-0.708166849092195738 -0.698809324666235243 0.670343788759763304
-0.714178890563417879 -0.691839746165029523 0.669857775672599853
-0.720047885802235665 -0.684866303554089506 0.669370285273053756
-0.725783409887555298 -0.677882343143204391 0.668881320502324628
-0.731393976852422800 -0.670881420441460818 0.668390884310507527
-0.736887166137007998 -0.663857254194765267 0.667898979656575076
-0.740487448008577021 -0.659158516969622132 0.667405609508359698
-0.745799645021306468 -0.652081957156006031 0.666910776842535635
-0.751010870991197232 -0.644965869942310865 0.666414484644600846
-0.756126078701173654 -0.637804203053125796 0.665916735908859470
-0.761149664389697556 -0.630590868460455312 0.665417533638403169
-0.766085516857674564 -0.623319699690743412 0.664916880845093483
-0.770937058438794565 -0.615984407812801171 0.664414780549543171
-0.775707278699168001 -0.608578535455672198 0.663911235781098785
-0.780398761497539284 -0.601095408177069079 0.663406249577821461
-0.785013705886941415 -0.593528082367447252 0.662899824986468933
-0.789553941133513404 -0.585869288823561152 0.662391965062477772
-0.794020935976071041 -0.578111370968256266 0.661882672869943733
-0.798415802052425683 -0.570246216583579213 0.661371951481604547
-0.802739291264442545 -0.562265181680251080 0.660859803978820493
-0.806991786638628583 -0.554159004905440455 0.660346233451555964
-0.811173285981489745 -0.545917710632226050 0.659831242998361267
-0.815283377400509157 -0.537530498411924351 0.659314835726353410
-0.819321205359699323 -0.528985616109810874 0.658797014751197674
-0.823285425556666173 -0.520270213377226232 0.658277783197088628
-0.827174146337166016 -0.511370171421957842 0.657757144196731369
-0.830984853660167166 -0.502269904114214794 0.657235100891322421
-0.834714315710210597 -0.492952124259621149 0.656711656430531421
-0.838358462018556683 -0.483397567409570850 0.656186813972481464
-0.843075694385555852 -0.470252177115687342 0.655660576683730012
-0.846498999487020787 -0.460056528374491125 0.655132947739250349
-0.849815064225952876 -0.449540882030300792 0.654603930322411820
-0.853013786566361731 -0.438672666326105354 0.654073527624961182
-0.856082743975753235 -0.427414610209144619 0.653541742847002838
-0.859006614454905559 -0.415723831450300008 0.653008579196979855
-0.861766416916157851 -0.403550709389827622 0.652474039891654756
-0.864338505062704932 -0.390837481755727967 0.651938128156089536
-0.867423610244390186 -0.372927702960557328 0.651400847223626678
-0.869428477625001528 -0.358669747529483385 0.650862200335869279
-0.871111853777657208 -0.343593999249330317 0.650322190742662065
-0.872406510754745512 -0.327579974161758991 0.649780821702071409
-0.873224468504922635 -0.310482081337352556 0.649238096480365567
-0.873366391969051081 -0.285686738918011884 0.648694018351995028
-0.872546312203966945 -0.265298714198304919 0.648148590599572971
-0.870672523331494808 -0.243058369709497124 0.647601816513855399
-0.867409561523635020 -0.218603478493375469 0.647053699393721038
-0.862277162438012446 -0.191479249318206701 0.646504242546151686
-0.851262144539867371 -0.150154069527982159 0.645953449286212344
-0.838388954590446156 -0.114335510876961866 0.645401322937030675
-0.819514547985308539 -0.073389399332646155 0.644847866829777683
-0.791578810791036203 -0.026358684822675671 0.644293084303647068
-0.731050464684209422 0.046762173054830380 0.643736978705835461
-0.656144370838231072 0.107518385954070372 0.643179553391521885
-0.538777120653013863 0.163955456142835271 0.642620811723847774
-0.284212914988526244 0.177117045845953697 0.642060757073896426
-0.040176211721935529 0.045026817634464776 0.641499392820673031
0.104452391325670330 -0.265128193668024315 0.640936722351083898
0.011018979473905843 -0.598668161552086353 0.640372749059916258
-0.293184504551262270 -0.793854823362937001 0.639807476349817827
-0.483451407086931240 -0.795667689527280064 0.639240907631276056
-0.615137357473634738 -0.752315019006841057 0.638673046322597582
-0.726480318311662709 -0.678478829283221119 0.638103895849887803
-0.780289817098447358 -0.624326082676405325 0.637533459647030010
-0.828936839612965048 -0.557868787859927551 0.636961741155665062
-0.854396894514152794 -0.511963190528309853 0.636388743825169967
-0.873553173772503078 -0.468442504704433826 0.635814471112637336
-0.892006570331419391 -0.412295542253279357 0.635238926482855071
-0.901623670274780631 -0.370119004551237474 0.634662113408284490
-0.907938418065688202 -0.326453243289491990 0.634084035369040122
-0.910633921891427223 -0.263094252968944065 0.633504695852868616
-0.906783390747022189 -0.208819674902415542 0.632924098355127196
-0.887783361547792138 -0.120987955353734578 0.632342246378763129
-0.852769986459414930 -0.036865328619537396 0.631759143434292514
-0.735602881275408738 0.108995786312396870 0.631174793039778748
-0.514477884172319100 0.216384307445516511 0.630589198720811650
-0.104604694651671021 0.116257408608505947 0.630002364010486038
-0.042072517870528903 -0.595051203322479405 0.629414292449380408
-0.403122818542076877 -0.766278778556066298 0.628824987585535511
-0.679060756636879148 -0.693307037191646880 0.628234452974433477
-0.776938636462530252 -0.615861308389939799 0.627642692178975614
-0.846757504624415569 -0.527759468048577540 0.627049708769460978
-0.877116357488629483 -0.472577459163867064 0.626455506323565503
-0.902628594841246024 -0.408820992422843643 0.625860088426319683
-0.914888313330078584 -0.365704764460672849 0.625263458670087813
-0.925112698179302306 -0.311594609090889985 0.624665620654545006
-0.929120135224928756 -0.272033733156907986 0.624066577986656545
-0.929963892929842495 -0.218786850813174394 0.623466334280656009
-0.926955890292027629 -0.177305248454450781 0.622864893158023070
-0.916876699616145041 -0.118203912319662208 0.622262258247461841
-0.897069374742806680 -0.052697296302384178 0.621658433184878789
-0.872622239640694186 0.001962411282428578 0.621053421613361412
-0.819611933971869489 0.083215057097520306 0.620447227183155481
-0.755789248548675685 0.149130041208057451 0.619839853551643394
-0.618417112029403415 0.232234672196734993 0.619231304383322301
-0.459968462338406048 0.266610109356644254 0.618621583349781567
-0.181286626440109927 0.195397457413993419 0.618010694129680793
0.036145752133662418 -0.092787220328103021 0.617398640408728050
0.030300491662099749 -0.374484088525606329 0.616785425879656679
-0.158916456441906634 -0.629080018782901096 0.616171054242203975
-0.325677636238823731 -0.703238148762442394 0.615555529203088425
-0.504425843767048798 -0.712491747160393873 0.614938854475987173
-0.628406376135025924 -0.679852053979388637 0.614321033781514036
-0.694702025991551397 -0.647140095100437684 0.613702070847196968
-0.759089844910301514 -0.602361132679043787 0.613081969407454963
-0.805071317822845467 -0.560085738738999805 0.612460733203576524
-0.831382511529816792 -0.530758650537046073 0.611838365983696564
-0.858874747882343414 -0.494838303216540876 0.611214871502773316
-0.880146927237007826 -0.462206310079868232 0.610590253522566684
-0.893116221023830592 -0.439607799821513212 0.609964515811614816
-0.907420554114612199 -0.411612173917353719 0.609337662145211567
-0.919098886950702743 -0.385688934524634486 0.608709696305383963
-0.926510807092454480 -0.367398220216051286 0.608080622080868771
-0.934961078166217652 -0.344313022714586692 0.607450443267090412
-0.942081282336392767 -0.322493525254226698 0.606819163666137418
-0.948123025370759098 -0.301736280237792698 0.606186787086739787
-0.952061565392580578 -0.286762719713283931 0.605553317344246333
-0.956640624304533116 -0.267474745951590875 0.604918758260600598
-0.960556344131502704 -0.248847620995536700 0.604283113664319305
-0.963112782754704577 -0.235246905068707324 0.603646387390467831
-0.966072037183430377 -0.217531569862069674 0.603008583280637778
-0.968570093042860680 -0.200221272928442162 0.602369705182924098
-0.970652188895688717 -0.183244989995454854 0.601729756951901340
-0.972353410614529068 -0.166539863521159126 0.601088742448600111
-0.973395806407413633 -0.154154866229236354 0.600446665540484759
-0.974491006980682251 -0.137791833323219315 0.599803530101429061
-0.975263460011203565 -0.121556723097459574 0.599159340011693797
-0.975723590724677292 -0.105404729772179739 0.598514099157902213
-0.975867353279886274 -0.093319705979450551 0.597867811433017704
-0.975792150577125317 -0.077212156026963852 0.597220480736319392
-0.975410129504715617 -0.061074647250916936 0.596572110973379255
-0.974715432006207028 -0.044867642869325597 0.595922706056038476
-0.973697942015884998 -0.028551434997256098 0.595272269902383133
-0.972343018135150228 -0.012085532341939487 0.594620806436721661
-0.971093794177215308 0.000387261406542105 0.593968319589560312
-0.969097852796909742 0.017217128779757784 0.593314813297580179
-0.966696595335257092 0.034317186653803344 0.592660291503612213
-0.963852789040827274 0.051736555708014664 0.592004758156615130
-0.960520507798977796 0.069528343924613378 0.591348217211650096
-0.956643293470466505 0.087750460255305252 0.590690672629857860
-0.952151755000122169 0.106466487029997336 0.590032128378433995
-0.948329251183403832 0.120869575266887963 0.589372588430605804
-0.942545024143541244 0.140623287172970901 0.588712056765608116
-0.935859581733481494 0.161082490789189459 0.588050537368658643
-0.928117643783698210 0.182339957197662217 0.587388034230934886
-0.919123890882378558 0.204497621416914022 0.586724551349549261
-0.908630677734426073 0.227666010826619081 0.586060092727525461
-0.896321306913783866 0.251962021556162707 0.585394662373774133
-0.881787111475593743 0.277503623151446832 0.584728264303068901
-0.864495918885539116 0.304398945733785176 0.584060902536021609
-0.843748641132893828 0.332725167235716712 0.583392581099058893
-0.818619942588155736 0.362488916777357395 0.582723304024396649
-0.787878856536852967 0.393553185304335140 0.582053075350017379
-0.760173356283860402 0.417471959919499147 0.581381899119644441
-0.715361711240604992 0.449516484954718465 0.580709779382718061
-0.659130977531117490 0.480222727303620978 0.580036720194371247
-0.588304709388468794 0.506528089619075694 0.579362725615404806
-0.499542721143720170 0.522845540052881419 0.578687799712263029
-0.390760030305442929 0.519632458857817725 0.578011946557009382
-0.264643344691297688 0.482360060894744702 0.577335170227301964
-0.134959457948757577 0.393689419589838496 0.576657474806368309
-0.032122324021686452 0.243888100592035140 0.575978864382981293
0.004283974440904573 0.048806378525839071 0.575299343051434375
-0.046418002998718851 -0.145372208250910073 0.574618914911516843
-0.164829655420249938 -0.290537810940418084 0.573937584068489048
-0.308854032097844733 -0.368809892318595678 0.573255354633057546
-0.444827220104517917 -0.391260010481955134 0.572572230721350661
-0.557985804637210037 -0.378154947199360880 0.571888216454893183
-0.646487585949281907 -0.346270395760638394 0.571203315960581826
-0.713801446792971306 -0.306215470872046092 0.570517533370660246
-0.764480048114440702 -0.263832636767681095 0.569830872822694068
-0.802563989105014808 -0.222045908305600892 0.569143338459545789
-0.831216759088569956 -0.182169563830265890 0.568454934429350356
-0.857296100772812819 -0.135694087216832349 0.567765664885489074
-0.872391622025876612 -0.101250794907340291 0.567075533986565739
-0.883640973990210465 -0.069077467884626820 0.566384545896380986
-0.891888984720031530 -0.038954024253102182 0.565692704783906763
-0.897756594333696478 -0.010646573948247251 0.565000014823262009
-0.901703256446205081 0.016070369278201435 0.564306480193686899
-0.904070845891861929 0.041404605355816859 0.563612105079517756
-0.905114530757352598 0.065543481646524959 0.562916893670161955
-0.905024524882827031 0.088654298557826250 0.562220850160072394
-0.903941442327476086 0.110886155290676469 0.561523978748722397
-0.901967116204874908 0.132372353980878488 0.560826283640580292
-0.899172144167138088 0.153232928902043597 0.560127769045084101
-0.894589948575935989 0.178594418964102108 0.559428439176616110
-0.890076476618381074 0.198433948862924536 0.558728298254477340
-0.884805714995825499 0.217975025724004512 0.558027350502862229
-0.878751889048870249 0.237306920203646965 0.557325600150833100
-0.871866825943085733 0.256516942532349579 0.556623051432294513
-0.864076993016876682 0.275692242498110751 0.555919708585968286
-0.855278603750019961 0.294921522666058644 0.555215575855366850
-0.845330152683062330 0.314296606721342464 0.554510657488768932
-0.830981510975371318 0.338867528838925403 0.553804957739192694
-0.817648254737158076 0.358929864665597231 0.553098480864371078
-0.802270222102316022 0.379466917410579696 0.552391231126725279
-0.784337179883772384 0.400581926584885728 0.551683212793339983
-0.763138169673191813 0.422361496302842809 0.550974430135936832
-0.737662452556096637 0.444842510687102954 0.550264887430848670
-0.697500900971030791 0.473772859278584924 0.549554588958994228
-0.655893718117546709 0.497031123851072287 0.548843539005852032
-0.601929050560731982 0.518980496270012304 0.548131741861434318
-0.529882996834942221 0.536202831247747036 0.547419201820261936
-0.431292465072152242 0.540209314945534147 0.546705923181337261
-0.256321275660766068 0.492266292246644088 0.545991910248119217
-0.085691046844692226 0.346996683184530308 0.545277167328497070
0.003676847399068477 0.035676241520712915 0.544561698734763899
-0.184911027304850262 -0.316322327968470707 0.543845508783591502
-0.544739471851897750 -0.413066133462057838 0.543128601796003752
-0.838399422308547249 -0.265855716847573031 0.542410982097350503
-0.935978523323496736 -0.123511304220540907 0.541692654017281949
-0.973885712419604532 -0.007652867579966527 0.540973621889721756
-0.984665597445361307 0.082267346009677389 0.540253890052841745
-0.981628093885897779 0.168327229870308293 0.539533462849035028
-0.973363209088540904 0.222862956817933555 0.538812344624890471
-0.962732470511435623 0.268865251656240922 0.538090539731165718
-0.950821235904981688 0.309011363672164419 0.537368052522761430
-0.934663074151197870 0.354046978204751672 0.536644887358695422
-0.920503625429379246 0.388233057201902376 0.535921048602074901
-0.904226575624498707 0.423453352021976037 0.535196540620071826
-0.882594624483551637 0.465008291446958766 0.534471367783895701
-0.816815499429997427 0.561326615613398250 0.533745534468767047
-0.109295945792586308 -0.132955058710622409 0.533019045053891527
-0.920135195311307608 0.332446698079504610 0.532291903922433307
-0.895100109707962055 0.420215223029013041 0.531564115461488407
-0.873386956043419982 0.469041234680966701 0.530835684062058610
-0.859078801327093355 0.496069574476503572 0.530106614119024488
-0.845912207405316696 0.518784337777041582 0.529376910031119641
-0.830187904159239931 0.543945136414360597 0.528646576200903162
-0.817841379188530615 0.562505206694167592 0.527915617034733886
-0.805515447492178072 0.580145685134135780 0.527184036942743628
-0.789962210964490374 0.601286087463406282 0.526451840338810095
-0.777295280327729543 0.617668521052186614 0.525719031640530909
-0.764347829376343713 0.633700968994562963 0.524985615269196515
-0.751051284205005221 0.649463596062181625 0.524251595649763980
-0.733837795224857925 0.668878171484518669 0.523516977210829459
-0.719509627657253903 0.684233453442624540 0.522781764384602554
-0.704608118367629710 0.699468151790071158 0.522045961606878439
-0.685055965940903566 0.718377561029821754 0.521309573317012220
-0.668569123401820287 0.733415770740504569 0.520572603957891289
-0.651226935123507378 0.748380859214730298 0.519835057975908787
-0.628179926734828808 0.766977352171933302 0.519096939820936853
-0.608495402126536300 0.781746761616990860 0.518358253946300196
-0.587548448104370347 0.796386982572132252 0.517619004808748007
-0.559338536109600937 0.814428363194422134 0.516879196868428425
-0.534918472120838095 0.828562283805573840 0.516138834588860784
-0.501716861788413571 0.845673628850369452 0.515397922436909073
-0.472703671580279761 0.858723960487295490 0.514656464882754738
-0.441196028283101838 0.870967002861529727 0.513914466399869707
-0.397801227809566171 0.884661569942980175 0.513171931464990072
-0.359434344279808360 0.893808719665039497 0.512428864558087671
-0.317404118683028758 0.900715313568777765 0.511685270162344774
-0.259134454407895121 0.904965700131407647 0.510941152764125550
-0.207540333747119776 0.903531649450554086 0.510196516852949977
-0.136572972040918450 0.893283503084619346 0.509451366921466198
-0.074861050563441001 0.875971482673766566 0.508705707465423762
-0.009631987704290912 0.847975752801716887 0.507959542983646317
0.073998803648127220 0.793766457758548594 0.507212877978004517
0.138477716930650474 0.731718955159307294 0.506465716953388712
0.195120825465296660 0.651016433881038692 0.505718064417682078
0.244029179905459664 0.524490181537353606 0.504969924881733090
0.256131972569509148 0.407675180914799984 0.504221302859328868
0.227831729260874027 0.256281981808393899 0.503472202867166985
0.169383553057644520 0.145129335370515478 0.502722629424828926
0.060713865429028346 0.036502686791863005 0.501972587054753117
-0.042279946698931800 -0.018572476474784244 0.501222080282206495
-0.147740017343539531 -0.044869647586393009 0.500471113635258535
-0.270324644793323521 -0.043593409802299685 0.499719691644752828
-0.355176437213540752 -0.022540140586098767 0.498967818844280431
-0.442166997033738851 0.019300967775076866 0.498215499770152170
-0.497098712781331109 0.059596854582280367 0.497462738961371664
-0.540539220212091998 0.102422091705046819 0.496709540959607176
-0.581297696729926594 0.156351120370451679 0.495955910309165471
-0.605083310068933011 0.198286972768077718 0.495201851556962724
-0.626137250784568389 0.248104327970253724 0.494447369252498770
-0.637469581098699889 0.285515405683272272 0.493692467947828284
-0.646281325431480091 0.329097050806891112 0.492937152197534589
-0.649940378528271134 0.361472269349328856 0.492181426558700674
-0.651210444354594964 0.399008156783151324 0.491425295590883215
-0.650120685816981903 0.426859376488762321 0.490668763856084045
-0.647534196329959233 0.452934456527313567 0.489911835918723060
-0.642605786259285994 0.483251261393335296 0.489154516345610635
-0.637565616368352073 0.505850020295275815 0.488396809705919865
-0.630166184361131920 0.532236690724306016 0.487638720571159257
-0.623526167481449511 0.551995415888641872 0.486880253515145078
-0.614494416620120165 0.575172890273325077 0.486121413113973777
-0.606782966397908630 0.592608730959282570 0.485362203945993942
-0.596642580123659561 0.613152889967957027 0.484602630591779604
-0.588192589740946681 0.628674482264375722 0.483842697634101593
-0.577276260829641563 0.647037611270077639 0.483082409657900780
-0.568300917788452042 0.660964870920223380 0.482321771250259546
-0.556823247199274229 0.677500706957473664 0.481560787000374912
-0.547460974860322303 0.690083938851807965 0.480799461499530345
-0.535562084724840570 0.705069630855342355 0.480037799341068050
-0.525903695235381496 0.716505340005947677 0.479275805120361664
-0.516134338750468769 0.727482900351508310 0.478513483434788112
-0.503781270635427325 0.740602219130756745 0.477750838883700013
-0.493795370203579498 0.750645449076623228 0.476987876068398153
-0.481194233000751592 0.762670099444619498 0.476224599592103282
-0.471024648814553692 0.771890123073227574 0.475461014059928577
-0.458208698664824499 0.782944194991800457 0.474697124078852117
-0.447876848819319551 0.791429733896348520 0.473932934257688454
-0.434867543107539112 0.801612464500610411 0.473168449207061581
-0.424387048015623602 0.809434560481340437 0.472403673539376345
-0.411197758266624191 0.818825470939508415 0.471638611868791302
-0.400576865317593678 0.826041063273738052 0.470873268811190182
-0.387215362069637581 0.834703859043109175 0.470107648984154913
-0.376458576517076482 0.841358507539635592 0.469341757006936922
-0.362928706813887891 0.849344054800127313 0.468575597500429597
-0.352037895141573465 0.855474022851383076 0.467809175087140594
-0.338340717332485996 0.862822630085312126 0.467042494391163687
-0.327315851494636156 0.868456484031590703 0.466275560038151071
-0.313450395468382159 0.875199655346220018 0.465508376655285161
-0.299490453208743346 0.881617295507941212 0.464740948871250947
-0.288253805872554003 0.886521273821325617 0.463973281316208130
-0.274121140139683306 0.892368046083938826 0.463205378621762642
-0.262744680799110508 0.896821664115505568 0.462437245420939558
-0.248434926548819046 0.902111944585486158 0.461668886348154228
-0.236914731552069435 0.906124507600575391 0.460900306039185248
-0.222422446288828457 0.910867318626354061 0.460131509131145422
-0.210753721632847668 0.914444037919112884 0.459362500262455065
-0.196072335984828539 0.918643468529377061 0.458593284072812746
-0.184249334852147284 0.921785718257148279 0.457823865203168145
-0.169370998060142219 0.925441147425045685 0.457054248295693633
-0.157386857153022142 0.928146564882651903 0.456284437993756620
-0.142302183291328821 0.931252687008275126 0.455514438941891142
-0.130148680774751779 0.933515110311909924 0.454744255785770268
-0.114846397402359024 0.936061748254477077 0.453973893172177512
-0.102513632545847333 0.937870973756214754 0.453203355748979131
-0.086980130540259548 0.939842649327503610 0.452432648165096596
-0.074456123206792291 0.941183977675592254 0.451661775070477334
-0.058674904693099328 0.942559190878628939 0.450890741116067750
-0.042747661794893477 0.943591187234987916 0.450119550953784642
-0.029896132289049582 0.944162858001612815 0.449348209236487384
-0.013688182537571758 0.944550272916000466 0.448576720617949509
-0.000601780445816047 0.944590222640294463 0.447805089752831120
0.015914000114932492 0.944290083067507835 0.447033321296650354
0.029259158080576719 0.943759292039024533 0.446261419905755630
0.046115605962185280 0.942716229472373324 0.445489390237297223
0.059748369089407394 0.941564435402719724 0.444717236949199513
0.076985037724525307 0.939707064841676210 0.443944964700132727
0.090940040320107662 0.937869353008759843 0.443172578149484575
0.108604220390141060 0.935105244647271183 0.442400081957332769
0.122922670334743855 0.932497299529627455 0.441627480784416215
0.141070291904663692 0.928705950158960736 0.440854779292107424
0.159514026491519467 0.924278374434464256 0.440081982142383921
0.174496710208032535 0.920240302841922819 0.439309093997800659
0.193528960199394695 0.914517536518102192 0.438536119521461376
0.209012891182436045 0.909351745555270430 0.437763063376990780
0.228711338468199910 0.902085844493697442 0.436989930228506185
0.244760598193539014 0.895561994696253083 0.436216724740589701
0.265205946443800689 0.886417206808104985 0.435443451578259699
0.281883513196987179 0.878221358378492023 0.434670115406943058
0.303148334368326999 0.866736990633267701 0.433896720892446575
0.320502783233849897 0.856435484221922838 0.433123272700929207
0.342626956805563543 0.841970865859575923 0.432349775498873712
0.365218039018377183 0.825481811479334970 0.431576233953058608
0.383602445370687273 0.810609730479607604 0.430802652730529700
0.406909983495422456 0.789582368647828270 0.430029036498572770
0.425738269203369657 0.770512605338739665 0.429255389924684039
0.449328918477938544 0.743387083337536669 0.428481717676543417
0.468046960261237877 0.718634202219379459 0.427708024421985300
0.490844873374945478 0.683209256178726410 0.426934314828971262
0.508153527165623453 0.650707306452992240 0.426160593565560908
0.527733779554772298 0.604006244347804366 0.425386865299884787
0.543555755637968208 0.549520580195331010 0.424613134700115247
0.551989052345796094 0.499611387951745811 0.423839406434439070
0.554547428239434814 0.428682853274715003 0.423065685171028827
0.547497037532081454 0.365084437542512741 0.422291975578014622
0.522654406257400006 0.278226264999949680 0.421518282323456672
0.485940729693752571 0.205316141978946876 0.420744610075315939
0.413815708155971518 0.116365806405176381 0.419970963501427319
0.332870164301244886 0.054549422609573989 0.419197347269470222
0.204627173753147928 0.002095352150530971 0.418423766046941481
0.087364715628423795 -0.010455849414953068 0.417650224501126266
-0.061158810407876366 0.017929330608372304 0.416876727299070882
-0.191046109500887573 0.092112207748162506 0.416103279107553403
-0.270173842049683588 0.174906113357162302 0.415329884593057030
-0.332916443487717928 0.291689493267428435 0.414556548421740223
-0.356178775382322288 0.385212428752689018 0.413783275259410332
-0.358614424477487703 0.492844580401096799 0.413010069771493848
-0.345214342465253177 0.568144251156280089 0.412236936623009365
-0.316289032138918458 0.647646650959628145 0.411463880478538657
-0.287369406810179528 0.700194677154499678 0.410690906002199319
-0.247709706033646115 0.753787176686148142 0.409918017857616057
-0.206783788049674178 0.796102791372017227 0.409145220707892665
-0.174304408766154162 0.823297664081658276 0.408372519215583762
-0.134859538023589964 0.850543905625331109 0.407599918042667209
-0.104554216414056600 0.867916833847001801 0.406827421850515403
-0.068435416564287255 0.885170896375065075 0.406055035299867251
-0.040988742356698749 0.896042908261273308 0.405282763050800465
-0.008455960631762793 0.906657461134779630 0.404510609762702811
0.016211834103057821 0.913177556582812189 0.403738580094244404
0.045456125396372726 0.919304069537633994 0.402966678703349568
0.067666404644981470 0.922849113304288093 0.402194910247168913
0.094066092948659197 0.925870320073849062 0.401423279382050524
0.114180211541466181 0.927330505508089598 0.400651790763512761
0.138173362524130594 0.928147349146320244 0.399880449046215336
0.160999423626720761 0.928012225576164029 0.399109258883932283
0.178492574817064042 0.927318341471653929 0.398338224929522700
0.199481486507767647 0.925820456931880753 0.397567351834903382
0.215625799452955624 0.924180388623966564 0.396796644251020736
0.235064777941353831 0.921648465808649120 0.396026106827822577
0.250067773649635394 0.919281227822848379 0.395255744214229765
0.268190808285400317 0.915944660140567635 0.394485561058108725
0.282221163527312691 0.913004526213103462 0.393715562006243303
0.299218319080125084 0.909026351742230565 0.392945751704306401
0.312413109191749083 0.905623935684557235 0.392176134796831943
0.328439054498017802 0.901122029139419523 0.391406715927187232
0.340910057609311257 0.897337951766699726 0.390637499737544969
0.356091250928159575 0.892398878746663904 0.389868490868854556
0.367930144336217513 0.888292775868972595 0.389099693960814785
0.382370673534156380 0.882980993732352948 0.388331113651845694
0.393653218859540854 0.878597541330917053 0.387562754579060531
0.407439480874380422 0.872961592151806576 0.386794621378237391
0.418228869340516729 0.868334584234654261 0.386026718683791847
0.431433310704251283 0.862411304202307605 0.385259051128749030
0.444341689008400542 0.856340972853634641 0.384491623344714872
0.454466967773143771 0.851383824477242701 0.383724439961849018
0.466885392388437737 0.845066650995860424 0.382957505608836291
0.476639046310307124 0.839919752717281698 0.382190824912859439
0.488616725847852096 0.833373615851818905 0.381424402499570547
0.498035771866003230 0.828049145865225267 0.380658242993063167
0.509616499092929054 0.821286805437636103 0.379892351015845064
0.518734314581081990 0.815793103275419096 0.379126731188809796
0.529958167860375862 0.808822732658716514 0.378361388131208842
0.538805817605618520 0.803164559920404253 0.377596326460623632
0.549710817390203998 0.795989867333440348 0.376831550792938397
0.558318411393916803 0.790168335138825673 0.376067065742311524
0.568942313301118441 0.782788241544212227 0.375302875921148027
0.577340568245098273 0.776800342769242369 0.374538985940071401
0.587723060019329391 0.769208082454329811 0.373775400407896752
0.595945336816045224 0.763045663249897754 0.373012123931601880
0.606131086786641848 0.755227000189799602 0.372249161116299909
0.614216384704910023 0.748874814706938841 0.371486516565211977
0.622255818696398788 0.742430792293784059 0.370724194879638425
0.632257605056626537 0.734236824836716706 0.369962200658932039
0.640237014877628074 0.727560493647185225 0.369200538500469633
0.650209904794417093 0.719046059058187303 0.368439212999625065
0.658211269712783209 0.712082108711059369 0.367678228749740488
0.668283315710754500 0.703155690681159129 0.366917590342099198
0.676437608245343713 0.695806047207403244 0.366157302365898329
0.686824741488736512 0.686299415440056459 0.365397369408220485
0.695365758397505918 0.678375660234456501 0.364637796054006091
0.706479091994160924 0.667946800088923820 0.363878586886026256
0.715884708570009187 0.659039042699200883 0.363119746484854844
0.728639698155170823 0.646875613605821465 0.362361279428840721
0.740085622408365507 0.635899913756845181 0.361603190294080168
0.757048655952395344 0.619511157765558540 0.360845483654389343
0.774415651634864033 0.602435684628585100 0.360088164081276974
0.798517677376219148 0.577689951815610114 0.359331236143916044
0.852274784140218733 0.513181362703946209 0.358574704409116762
0.944027568691690910 0.300141991999542723 0.357818573441299359
0.255219901952584260 0.664819471050654087 0.357062847802465555
0.572100854465873887 0.688444472424667331 0.356307532052171694
0.660972402233101608 0.653771860563462037 0.355552630747501208
0.692413749495845221 0.635039669064694223 0.354798148443037253
0.716880400990389077 0.617067035570678768 0.354044089690834618
0.731040936517095230 0.604980625597174582 0.353290459040392801
0.742621788326528587 0.594054968677525386 0.352537261038628369
0.754882591785678403 0.581403520194529011 0.351784500229847863
0.763525182607314501 0.571797258444590506 0.351032181155719714
0.773334093247981524 0.560198640586841101 0.350280308355247205
0.780594073325281190 0.551136648530433759 0.349528886364741498
0.789115736746197394 0.539980656431433337 0.348777919717793483
0.795580301491391362 0.531141583941973416 0.348027412945247028
0.801787946405524421 0.522345092293314384 0.347277370575171052
0.809243201072596507 0.511374155902313388 0.346527797132833160
0.814997977010323837 0.502595239662563364 0.345778697140671221
0.821963908691785150 0.491595672513192139 0.345030075118266999
0.827373924940458805 0.482761387876790737 0.344281935582318011
0.832652679352067659 0.473886022273338980 0.343534283046611377
0.839081152958944920 0.462721830487489383 0.342787122021995572
0.844097225259883399 0.453726001239826093 0.342040457016353661
0.850218718533377049 0.442390580178800896 0.341294292534576271
0.855002723023772782 0.433243061523647444 0.340548633078533836
0.859690101589037248 0.424019727880521946 0.339803483147050112
0.865417749793855662 0.412376877245105966 0.339058847235874428
0.869897233978498829 0.402966319481430468 0.338314729837655315
0.874287201240183665 0.393465661518658860 0.337571135441912362
0.879650392425836758 0.381457013721176741 0.336828068535010128
0.883842298209744692 0.371739059853858245 0.336085533600130215
0.888959237678438097 0.359446503428865305 0.335343535117245406
0.892954258634592435 0.349491712025154055 0.334602077563091016
0.896861193219877673 0.339425455959241118 0.333861165411139194
0.901619797741649354 0.326680039533441102 0.333120803131571552
0.905325328144392261 0.316348896626416631 0.332380995191252027
0.908939309058631517 0.305893647298950522 0.331641746053699893
0.913325554813529950 0.292643914788684345 0.330903060179063069
0.916727245713618855 0.281894550992143500 0.330164942024091357
0.920031194330100277 0.271007618404915718 0.329427396042108855
0.924019912311706437 0.257198788743349949 0.328690426682987813
0.927094547757305376 0.245986034501372020 0.327954038393121539
0.930062455939764110 0.234620865173910342 0.327218235615397535
0.933617087235879994 0.220192526504564057 0.326483022789170574
0.936332048000624528 0.208466046589285414 0.325748404350236054
0.938928148421288467 0.196570305182928839 0.325014384730803463
0.941999293857380904 0.181453894784185887 0.324280968359469235
0.944311056242095104 0.169156035360404244 0.323548159661190049
0.946488000309193556 0.156669292981203467 0.322815963057256461
0.949010652874376914 0.140784927066893384 0.322084382965266092
0.950862140299377434 0.127847903531284279 0.321353423799096927
0.952557914459859933 0.114698527928143945 0.320623089968880448
0.954090300686822212 0.101328578367567201 0.319893385880975489
0.955763189598553886 0.084292508014680911 0.319164315937941478
0.956896139390914335 0.070393148394643335 0.318435884538511682
0.957835486509751366 0.056242192189254803 0.317708096077566726
0.958720114779334276 0.038182577793321459 0.316980954946108506
0.959180808717555733 0.023423217676389718 0.316254465531233042
0.959406722610986362 0.008372276021265890 0.315528632216104443
0.959382139865336825 -0.006985020924681284 0.314803459379928152
0.958972209827479327 -0.026637359508931036 0.314078951397925132
0.958316525283093967 -0.042745962840213259 0.313355112641304667
0.957344860201982506 -0.059220349001358086 0.312631947477238548
0.956031154398591987 -0.076083367925371792 0.311909460268834315
0.953862187225203662 -0.097748050549470222 0.311187655375109562
0.951662871000075183 -0.115584402416302801 0.310466537150965005
0.949006464996335675 -0.133905823913658073 0.309746109947158288
0.945844292381492702 -0.152751184781661775 0.309026378110278277
0.941091432226954905 -0.177113463369961144 0.308307345982718140
0.936562792336963046 -0.197312090306731081 0.307589017902649531
0.931294439492336257 -0.218208065182342481 0.306871398203996282
0.925178413611879247 -0.239874938927168213 0.306154491216408586
0.918080223591224431 -0.262399457552711102 0.305438301265236245
0.907562956273502475 -0.291919526513437999 0.304722832671503130
0.897558002672231625 -0.316779349137164212 0.304008089751880761
0.885812401111773839 -0.342907271592338803 0.303294076818662772
0.871916590294022464 -0.370482358675991386 0.302580798179738097
0.855310594898647691 -0.399712800578985783 0.301868258138565604
0.829518080169310501 -0.438935062726452663 0.301156460994148056
0.803413515116600530 -0.472746919114821584 0.300445411041005861
0.770503287977093665 -0.508898112031348049 0.299735112569151418
0.727993330249461112 -0.547275097601995553 0.299025569864063145
0.671526440077297559 -0.586998165924741522 0.298316787206659995
0.570555036390840820 -0.633656219184632774 0.297608768873274754
0.452343380977104192 -0.656822857162311813 0.296901519135629122
0.288143456754028526 -0.638810992738430339 0.296195042260807340
0.088992399186550664 -0.519813262623835204 0.295489342511231157
-0.042301774620754157 -0.235882739923968188 0.294784424144633184
0.069622498266345922 0.106177700006974990 0.294080291414031747
0.358164591618886363 0.259094902039943620 0.293376948567705464
0.647503205606639320 0.199024089544639154 0.292674399849167044
0.771166040135321973 0.092905609207763695 0.291972649497137970
0.834614748371250492 -0.009078748813497683 0.291271701745522582
0.864863013513265333 -0.096829764664460694 0.290571560823383868
0.876835628974430570 -0.170998213109688435 0.289872230954915933
0.878334938069954774 -0.234284868308805183 0.289173716359419908
0.873496312246257789 -0.289224382601931618 0.288476021251277581
0.864582450954073045 -0.337790721226878032 0.287779149839927695
0.852873874245191343 -0.381443674137858568 0.287083106329838189
0.835414958343695280 -0.430695868810949123 0.286387894920482278
0.819703313322917682 -0.466762638559944487 0.285693519806313190
0.802710234274955470 -0.500452637402937883 0.284999985176738024
0.784583004859513045 -0.532159347988651832 0.284307295216093381
0.765411999921117081 -0.562175264181897782 0.283615454103619102
0.745252069705018894 -0.590717748828947675 0.282924466013434350
0.724135776018022481 -0.617947410289619192 0.282234335114511015
0.702081820098609977 -0.643981323416845441 0.281545065570649733
0.679100561662903668 -0.668902673842670881 0.280856661540454244
0.655197737881827447 -0.692767899077389449 0.280169127177306077
0.630377044817283516 -0.715612061359536367 0.279482466629339732
0.604641985043805841 -0.737452960697702942 0.278796684039418097
0.577997231781134269 -0.758294343481677124 0.278111783545106850
0.550449666436951812 -0.778128458109576426 0.277427769278649428
0.522009188748274955 -0.796938137134596825 0.276744645366942488
0.492689362017316168 -0.814698535384981715 0.276062415931510929
0.462507932431453994 -0.831378617857126745 0.275381085088483135
0.431487246090577592 -0.846942465509422093 0.274700656948565658
0.399654577258112043 -0.861350448211958386 0.274021135617018741
0.367042374674816374 -0.874560299987584444 0.273342525193631669
0.333688428663460601 -0.886528120811940767 0.272664829772698014
0.299635959028804355 -0.897209320924259979 0.271988053442990652
0.264933622574687166 -0.906559516896657147 0.271312200287737060
0.229635438648338575 -0.914535383455910234 0.270637274384595228
0.193800631541425794 -0.921095460854521653 0.269963279805628786
0.157493389587549826 -0.926200914294922906 0.269290220617281972
0.120782542236771318 -0.929816239459807070 0.268618100880355593
0.083741158264276749 -0.931909906467144333 0.267946924649982543
0.046446070320063704 -0.932454933572446132 0.267276695975603384
0.008977333184605307 -0.931429381620446417 0.266607418900941251
-0.028582374703301605 -0.928816760558117016 0.265939097463978480
-0.066148394858392134 -0.924606340238806501 0.265271735696931188
-0.103634764112729427 -0.918793359169610691 0.264605337626225900
-0.140954906905672750 -0.911379126716716836 0.263939907272474572
-0.168783873686378261 -0.904771841446821545 0.263275448650450827
-0.205605424719108698 -0.894576747636330660 0.262611965769065092
-0.242025106956263281 -0.882814864295218049 0.261949462631341390
-0.277960042244526806 -0.869509328581925423 0.261287943234391862
-0.313329767789005897 -0.854688375134580514 0.260627411569394229
-0.348056718533001241 -0.838384851020940403 0.259967871621566038
-0.382066625342275312 -0.820635650224061486 0.259309327370142229
-0.415288818567795315 -0.801481076796861647 0.258651782788349882
-0.447656428235325698 -0.780964145241138885 0.257995241843384959
-0.471333281860084607 -0.764709400064128797 0.257339708496387765
-0.502056149036459010 -0.741917272800240002 0.256685186702419799
-0.531760436876945408 -0.717888704275918998 0.256031680410439610
-0.560393332151239321 -0.692669726940006503 0.255379193563278428
-0.587905132221159032 -0.666305022859028817 0.254727730097616900
-0.614248690814228615 -0.638836876890126248 0.254077293943961557
-0.633212389793578301 -0.617535098963445162 0.253427889026620723
-0.657403004308824812 -0.588226225399134495 0.252779519263680752
-0.680302014908852448 -0.557907706565100692 0.252132188566982385
-0.701863157032792784 -0.526600848730956805 0.251485900842097765
-0.722036503955513442 -0.494316839655888240 0.250840659988306292
-0.736222205523217155 -0.469462051501144118 0.250196469898570972
-0.753825248695803474 -0.435453541869890492 0.249553334459515330
-0.769857407606761357 -0.400418862288083877 0.248911257551399867
-0.784219087112573598 -0.364295498448967692 0.248270243048098749
-0.793816108294023270 -0.336430215609322514 0.247630294817075935
-0.804906465756720424 -0.298130999132452668 0.246991416719362256
-0.813824663947640747 -0.258331854015725559 0.246353612609532258
-0.820220251741890949 -0.216733300881471525 0.245716886335680784
-0.823049014664063439 -0.184095556908724034 0.245081241739399380
-0.823552962617714823 -0.138163481872088212 0.244446682655753811
-0.819127399230208608 -0.088642294515688058 0.243813212913260191
-0.807522637887663652 -0.034199754862378251 0.243180836333862671
-0.791647003129473004 0.011023759812021694 0.242549556732909621
-0.754388992943198611 0.079251232340309286 0.241919377919131262
-0.682158560556442195 0.158313248777519233 0.241290303694616182
-0.580116432388954939 0.220311215441251207 0.240662337854788411
-0.303388129308169496 0.241477286723744133 0.240035484188385162
0.051619800310097164 -0.194495584544331412 0.239409746477433349
-0.425380128118140688 -0.704238212744612513 0.238785128497226773
-0.756543948110007691 -0.594903297351803251 0.238161634016303414
-0.914975305703400132 -0.396106278297047809 0.237539266796423398
-0.962394075573351993 -0.256576810626981788 0.236918030592545070
-0.974917846636590424 -0.179760983411408171 0.236297929152803232
-0.979970366097717704 -0.099538618360622277 0.235678966218485830
-0.979616375468323697 -0.050123943246386971 0.235061145524012804
-0.976381967102311954 0.006417856532001665 0.234444470796911636
-0.971324953919735057 0.055574152263807575 0.233828945757796114
-0.966760332543906031 0.088948938986624260 0.233214574120343354
-0.959922842332792126 0.129933788775910830 0.232601359591271956
-0.954335240645159733 0.158562549279585352 0.231989305870319185
-0.946363041175552588 0.194461773560943463 0.231378416650218466
-0.937858482630363754 0.228197818829682542 0.230768695616677788
-0.931160323912051835 0.252289890917237303 0.230160146448356639
-0.921833023902878468 0.283005176208668607 0.229552772816844636
-0.914557372090784915 0.305093556340818084 0.228946578386638622
-0.904505525621429718 0.333403918938581234 0.228341566815121244
-0.894076699596333957 0.360520705501022332 0.227737741752538220
-0.886022967946873630 0.380133465433852291 0.227135106841976964
-0.874995081055607971 0.405380484745436198 0.226533665719343968
-0.866520349105057375 0.423674164539214582 0.225933422013343488
-0.854968294220824765 0.447254988014630483 0.225334379345455083
-0.846127947119571955 0.464358771885693022 0.224736541329912165
-0.834124505889637602 0.486421674891068190 0.224139911573680239
-0.824972242422830293 0.502432569080259572 0.223544493676434614
-0.812587651058019445 0.523092179613225627 0.222950291230539055
-0.803174994644613616 0.538087322533945311 0.222357307821024419
-0.790476224741417877 0.557437208598170253 0.221765547025566445
-0.780851992303471243 0.571481130121376912 0.221175012414464467
-0.767902101353608035 0.589601306436441375 0.220585707550619681
-0.758111977118662628 0.602750297356956066 0.219997635989513968
-0.748263900814284844 0.615531529946331091 0.219410801279188383
-0.735055881255796129 0.632016546482639052 0.218825206960221313
-0.725101202758742236 0.643974015216648099 0.218240856565707519
-0.711776383745986951 0.659391418337867963 0.217657753621236849
-0.701752246944513436 0.670570517430975510 0.217075901644872893
-0.688357746890777999 0.684978954474173118 0.216495304147131529
-0.678297696929243799 0.695422405147652412 0.215915964630959911
-0.668231649139815032 0.705563099588160547 0.215337886591715516
-0.654809949416195081 0.718625640057182880 0.214761073517145018
-0.644749849291306187 0.728087975758579864 0.214185528887362697
-0.631353438141898704 0.740271538379585703 0.213611256174830066
-0.621324562869136732 0.749093344700882957 0.213038258844334860
-0.611316035026692406 0.757651789340120452 0.212466540352969940
-0.598009592451195116 0.768664591066758107 0.211896104150112174
-0.588063102889478273 0.776633579422873144 0.211326953677402479
-0.578148919232458147 0.784360371679495016 0.210759092368723977
-0.564985648464612411 0.794296490883590001 0.210192523650182150
-0.555158693957931493 0.801481560266489312 0.209627250940083665
-0.545373745048076675 0.808444190492459414 0.209063277648916135
-0.532396811145886772 0.817391441594872203 0.208500607179326947
-0.522719367013255942 0.823856835985256386 0.207939242926103607
-0.513091673039841156 0.830118172875280447 0.207379188276152232
-0.500335549584999484 0.838158258353075780 0.206820446608478120
-0.490831420105801775 0.843963676215180092 0.206263021294164489
-0.481383123236400146 0.849582077814999281 0.205706915696352854
-0.471992200961715402 0.855018320562009215 0.205152133170222351
-0.459562665673171777 0.861991465971439164 0.204598677062969414
-0.450310963641673778 0.867020916974055034 0.204046550713787689
-0.441120960896307923 0.871883577158703127 0.203495757453848236
-0.431993734883239555 0.876583816300716356 0.202946300606278940
-0.419923445713085985 0.882605497842435804 0.202398183486144662
-0.410946388883554226 0.886943145836530222 0.201851409400427062
-0.402035075091760230 0.891132170626527498 0.201305981648004950
-0.393190227140592374 0.895176488854329544 0.200761903519634410
-0.384412499455854095 0.899079918099102371 0.200219178297928596
-0.372814283916470868 0.904071746927913145 0.199677809257337857
-0.364195364440895175 0.907660741234426971 0.199137799664130727
-0.355645309023359224 0.911120884512716667 0.198599152776373439
-0.347164524929071017 0.914455590560412146 0.198061871843910497
-0.338753372383001794 0.917668186005332398 0.197525960108345194
-0.330412167854876981 0.920761912569818319 0.196991420803020012
-0.322141187107804039 0.923739929338775911 0.196458257152997223
-0.311222855834252798 0.927535935263370415 0.195926472375038851
-0.303116595207281792 0.930255800493740681 0.195396069677588241
-0.295081218544597901 0.932869918199181969 0.194867052260749796
-0.287116855471467813 0.935381115167017607 0.194339423316269994
-0.279223607778141758 0.937792147309378543 0.193813186027518514
-0.271401551252981821 0.940105701766065782 0.193288343569468529
-0.263650737331659946 0.942324398969443200 0.192764899108677640
-0.255971194616873510 0.944450794654287162 0.192242855803268775
-0.248362930216023181 0.946487381826608964 0.191722216802911405
-0.240825930953454170 0.948436592674715140 0.191202985248802360
-0.233360164431507755 0.950300800428908521 0.190685164273646623
-0.225965579998102795 0.952082321154983036 0.190168757001638655
-0.216216741630489206 0.954332957380442770 0.189653766548444014
-0.208987955030395800 0.955930240467242731 0.189140196021179541
-0.201830059446837295 0.957452165814685618 0.188628048518395514
-0.194742933189774592 0.958900821116119628 0.188117327130056300
-0.187726439505087439 0.960278245469587954 0.187608034937522289
-0.180780426893975610 0.961586430784065915 0.187100175013531100
-0.176188826587783898 0.962421051061132515 0.186593750422178684
-0.169359906472065558 0.963618140505493992 0.186088764218901248
-0.162600993034118957 0.964751081983164394 0.185585219450456806
-0.155911882390337930 0.965821705390564667 0.185083119154906633
-0.149292356597046705 0.966831799170127848 0.184582466361596864
-0.142742183683613300 0.967783111365759785 0.184083264091140619
-0.136261117629969841 0.968677350624851163 0.183585515355399187
-0.129848898355803322 0.969516187139838337 0.183089223157464454
-0.123505251662718973 0.970301253540632569 0.182594390491640279
-0.117229889171779678 0.971034145734185339 0.182101020343424957
-0.111022508287092925 0.971716423691808329 0.181609115689492451
-0.104882792117734880 0.972349612194789881 0.181118679497675406
-0.098810409429213375 0.972935201532980853 0.180629714726946222
-0.094799391701918201 0.973299871056381383 0.180142224327400208
-0.088838456300832092 0.973809348597662439 0.179656211240236729
-0.082943900659356362 0.974275037339226380 0.179171678397742395
-0.077115340691999545 0.974698306445934470 0.178688628723273041
-0.071352377893608709 0.975080493353262856 0.178207065131235742
-0.065654599432741878 0.975422904265334179 0.177726990527071554
-0.061892083638291129 0.975629711536216693 0.177248407807238162
-0.056301989585588463 0.975908648478639229 0.176771319859192089
-0.050775909492436988 0.976151143508686481 0.176295729561371350
-0.045313378816224881 0.976358392227542060 0.175821639783178052
-0.039913919305964107 0.976531561051264818 0.175349053384961262
-0.036349076886965759 0.976628636620732182 0.174877973217999694
-0.031053636721911637 0.976747519621385396 0.174408402124484219
-0.025819927237675344 0.976835293427516627 0.173940342937500991
-0.020647422162328066 0.976893020712566784 0.173473798481014518
-0.017232822408801252 0.976915325403207913 0.173008771569850284
-0.012161121840496447 0.976925262288402152 0.172545265009677762
-0.007149163020148896 0.976907853276302029 0.172083281596993737
-0.002196376390960819 0.976864062176228565 0.171622824119105372
0.001072894075405284 0.976820675508333292 0.171163895354113277
0.005928355112764128 0.976734985240913067 0.170706498070894802
0.010726214137210421 0.976625356248929988 0.170250635029087161
0.013893084899396002 0.976539401488226155 0.169796308979071303
0.018596293053471713 0.976391795106554827 0.169343522661954737
0.023243536349977334 0.976222514352888870 0.168892278809555235
0.026310917304617265 0.976098017421287767 0.168442580144384513
0.030866287425260708 0.975894388512718480 0.167994429379631272
0.035367386252145749 0.975671177601589612 0.167547829219145628
0.038338287522458492 0.975511858689553923 0.167102782357422014
0.042750375616142422 0.975257648249661102 0.166659291479583554
0.045662542193993183 0.975078324125104201 0.166217359261365216
0.049987443170435797 0.974795070051324375 0.165776988369098488
0.054260916130265069 0.974495286213349132 0.165338181459694394
0.057081656660834590 0.974286567033031514 0.164900941180628258
0.061270901956520629 0.973960658917330746 0.164465270169923072
0.064036112521166200 0.973735098091173423 0.164031171056134129
0.068142998574333591 0.973384764024041838 0.163598646458332858
0.070853928165305169 0.973143462413271876 0.163167698986090987
0.074880332337809496 0.972770307537742740 0.162738331239465017
0.077538234427476038 0.972514304991894285 0.162310545808980133
0.081486038609442424 0.972119844610322748 0.161884345275615377
0.084092168257100086 0.971850122207350786 0.161459732210787160
0.087963254633931010 0.971435785154128206 0.161036709176334170
0.090518865733778375 0.971153267456044800 0.160615278724501848
0.094315112744213947 0.970720399489116481 0.160195443397927406
0.096821455397011924 0.970425956805603951 0.159777205729623673
0.100544733937119712 0.969975823998312170 0.159360568242964351
0.103003052009483287 0.969670274644315988 0.158945533451668869
0.106655221866762573 0.969204066767014094 0.158532103859786916
0.109066750700369530 0.968888179309492337 0.158120281961683429
0.111459907415789761 0.968568361090331065 0.157710070242023437
0.115015621561740500 0.968081508666126744 0.157301471175757601
0.117363700209280664 0.967752348990708389 0.156894487228106394
0.120852704688359902 0.967251985616375709 0.156489120854546221
0.123156911879874598 0.966914142673673704 0.156085374500793544
0.125443905030809266 0.966573001167245982 0.155683250602791229
0.128842533009244142 0.966055313181728215 0.155282751586692802
0.131087318444068957 0.965706339245523626 0.154883879868848662
0.133315548870097833 0.965354391311578075 0.154486637855791142
0.136627259896578812 0.964821083193393658 0.154091027944219749
0.138814912909481059 0.964462076435061322 0.153697052520987060
0.140986655832911256 0.964100390469707968 0.153304713963084344
0.144214835447789846 0.963553010353889405 0.152914014637626994
0.146347594322427499 0.963184967462496378 0.152524956901840314
0.148465072617525395 0.962814512548884505 0.152137543103045308
0.150567447207011540 0.962441717174306155 0.151751775578644582
0.153693073161184135 0.961878287292504019 0.151367656656108324
0.155758453227355098 0.961499940606507675 0.150985188652959929
0.157809337672196848 0.961119488203559524 0.150604373876762149
0.159845897018099259 0.960736992850529825 0.150225214625103520
0.162874245860556710 0.960159552104855818 0.149847713185584097
0.164875728782457098 0.959772212093252364 0.149471871835801767
0.166863471726955870 0.959383034705577509 0.149097692843338375
0.168837638448281646 0.958992074826757523 0.148725178465746399
0.170798391152478968 0.958599385708073015 0.148354330950535129
0.173714719884458635 0.958007222288483451 0.147985152535156927
0.175642636850777578 0.957610432709442905 0.147617645446993906
0.177557695038324581 0.957212088019235519 0.147251811903344576
0.179460049451833470 0.956812234638740100 0.146887654111410415
0.181349853436343522 0.956410917586313025 0.146525174268282266
0.183227258683772098 0.956008180512738504 0.146164374560927651
0.185092415194518800 0.955604065745837561 0.145805257166176955
0.187867507524448252 0.954995399856949145 0.145447824250710761
0.189702687246319557 0.954588017700898961 0.145092077971046479
0.191526129724109040 0.954179396133663982 0.144738020473525603
0.193337977156347873 0.953769572008451805 0.144385653894300470
0.195138369964898029 0.953358581066727995 0.144034980359321579
0.196927446757131808 0.952946457980639927 0.143686001984324796
0.198705344323973576 0.952533236387201665 0.143338720874818359
0.200472197610413572 0.952118948928293518 0.142993139126070229
0.202228139696804143 0.951703627288102316 0.142649258823095815
0.203973301774422910 0.951287302231625054 0.142307082040644906
0.205707813129175743 0.950870003641053341 0.141966610843189456
0.207431801121423454 0.950451760552713298 0.141627847284910818
0.209145391147487592 0.950032601198432580 0.141290793409687837
0.210848706645949902 0.949612553035703133 0.140955451251084163
0.212541869051431409 0.949191642790391477 0.140621822832335985
0.214224997771841619 0.948769896493811937 0.140289910166339848
0.215898210184844952 0.948347339514517440 0.139959715255640799
0.217561621590239396 0.947923996601168106 0.139631240092419895
0.219215345199232747 0.947499891915829506 0.139304486658482385
0.220859492112294276 0.947075049070104091 0.138979456925245687
0.221678008441893559 0.946862358074607946 0.138656152853727538
0.223307993931486704 0.946436451149630265 0.138334576394534364
0.224928671064615060 0.946009862928377188 0.138014729487848986
0.226540143345472567 0.945582615386523218 0.137696614063419348
0.228142512062154079 0.945154730111172903 0.137380232040546862
0.229735876254442029 0.944726228338966356 0.137065585328074641
0.231320332705141574 0.944297130987479916 0.136752675824376058
0.232109250140456136 0.944082365430057746 0.136441505417343317
0.233680521411841313 0.943652413329962858 0.136132075984376016
0.235243116814966458 0.943221916795463189 0.135824389392369904
0.236797125018790022 0.942790895913105498 0.135518447497705474
0.238342632332496196 0.942359370607724234 0.135214252146237057
0.239112224478611690 0.942143424986551348 0.134911805173281107
0.240645137075342519 0.941711180134930492 0.134611108403605934
0.242169754105665935 0.941278480184097655 0.134312163651419847
0.243686153473071765 0.940845344754504653 0.134014972720361059
0.244441295210186815 0.940628619862198256 0.133719537403486022
0.245945508822597081 0.940194867977719784 0.133425859483258913
0.247441688844863228 0.939760729667889594 0.133133940731541361
0.248929904607915198 0.939326224632974993 0.132843782909580932
0.249671046877250113 0.939108840775254361 0.132555387768000910
0.251147440818253020 0.938673822800835111 0.132268757046789781
0.252616032969121995 0.938238487815762467 0.131983892475290826
0.253347422429011926 0.938020707728926428 0.131700795772191348
0.254804424828908860 0.937584935046743340 0.131419468645512461
0.256253772380635569 0.937148896062106829 0.131139912792598762
0.256975592691241483 0.936930783151469937 0.130862129900108481
0.258413559233924783 0.936494383515358964 0.130586121644002573
0.259844002324208068 0.936057769683124929 0.130311889689535138
0.260556417743545321 0.935839389092225193 0.130039435691243210
0.261975665312766615 0.935402494023702236 0.129768761292936907
0.262682508599110354 0.935183984988912309 0.129499868127689266
0.264090660859390480 0.934746857683514176 0.129232757817826449
0.264791980057211718 0.934528244981206568 0.128967431974918306
0.266189128997566971 0.934090935570457082 0.128703892199768077
0.267578989478379492 0.933653533205285324 0.128442140082403289
0.268271197541751105 0.933434804399784213 0.128182177202065650
0.269650190006175294 0.932997306229510937 0.127924005127202034
0.270336982251026370 0.932778542812949696 0.127667625415454483
0.271705177277613508 0.932341002384272310 0.127413039613651358
0.272386587036496264 0.932122231476826268 0.127160249257797620
0.273744047428093440 0.931684703736529896 0.126909255873065646
0.274420104194337766 0.931465953168849836 0.126660060973786071
0.275094382528103920 0.931247215693278285 0.126412666063438650
0.276437614671727727 0.930809792845149309 0.126167072634643274
0.277106573519467214 0.930591113959379324 0.125923282169150691
0.278439188376655711 0.930153837687659024 0.125681296137833798
0.279102848640203183 0.929935246954539885 0.125441116000678810
0.280424884511551786 0.929498177136317327 0.125202743206776296
0.281083263607668554 0.929279704873977153 0.124966179194312452
0.281739885604068596 0.929061278969212201 0.124731425390560466
0.283047863932587296 0.928624580184741033 0.124498483211871971
0.283699222789938255 0.928406314349592310 0.124267354063668414
0.284348829595989283 0.928188108962576752 0.124038039340432532
0.285642790858823659 0.927751893918495218 0.123810540425700069
0.286287146927481917 0.927533891526401089 0.123584858692051325
0.286929754187528085 0.927315964106869117 0.123360995501102993
0.288209724335820594 0.926880349005819060 0.123138952203499741
0.288847088002011143 0.926662668796870426 0.122918730138906251
0.289482704410002734 0.926445078508234099 0.122700330635999083
0.290748695920361122 0.926010182917003544 0.122483755012458659
0.291379071028098124 0.925792885286127021 0.122269004574961190
0.292007698882414013 0.925575692921899673 0.122056080619171087
0.292634579259943961 0.925358609720017711 0.121844984429732739
0.293883096275038835 0.924924786496567730 0.121635717280263234
0.294504732047978168 0.924708054378330591 0.121428280433344166
0.295124618628176738 0.924491447225099794 0.121222675140514505
0.295742755385404787 0.924274969042446326 0.121018902642262602
0.296359141625583411 0.924058623852623384 0.120816964168019139
0.297586659417214960 0.923626348640072425 0.120616860936149317
0.298197789232233224 0.923410426757641511 0.120418594153945749
0.298807165058683877 0.923194654148518867 0.120222165017621091
0.299414785882561374 0.922979034922067898 0.120027574712300855
0.300020650617936147 0.922763573208474353 0.119834824412016289
0.300624758127295000 0.922548273151774234 0.119643915279697144
0.301227107229580626 0.922333138907168837 0.119454848467164781
0.301827696686275737 0.922118174646070710 0.119267625115125314
0.303023591480859222 0.921688772821095181 0.119082246353162544
0.303618894130945949 0.921474343655323436 0.118898713299731174
0.304212431748246859 0.921260101273548626 0.118717027062150135
0.304804202893055376 0.921046049899682973 0.118537188736595883
0.305394206093043852 0.920832193765729334 0.118359199408095833
0.305982439837859832 0.920618537113661928 0.118183060150521657
0.306568902596549009 0.920405084189413247 0.118008772026582914
0.307153592811937604 0.920191839244878018 0.117836336087820667
0.307736508902932471 0.919978806536915439 0.117665753374601195
0.308317649273479044 0.919765990324601157 0.117497024916109374
0.308897012299407303 0.919553394873551699 0.117330151730342946
0.309474596357655840 0.919341024445626709 0.117165134824105996
0.310050399802901555 0.919128883307148592 0.117001975193003135
0.310624420984101479 0.918916975723131912 0.116840673821433358
0.311196658251094604 0.918705305954693907 0.116681231682584041
0.311767109940091325 0.918493878264356356 0.116523649738425272
0.312335774390869625 0.918282696909724083 0.116367928939703880
0.312335774390869625 0.918282696909724083 0.116214070225937813
0.312902649946916300 0.918071766143347734 0.116062074525410328
0.313467734957716071 0.917861090211825603 0.115911942755164490
0.314031027774060834 0.917650673357477076 0.115763675820997711
0.314592526762006386 0.917440519813089272 0.115617274617456051
0.315152230300161207 0.917230633802815110 0.115472740027829104
0.315710136774859873 0.917021019543907911 0.115330072924144461
0.315710136774859873 0.917021019543907911 0.115189274167162514
0.316266244604868685 0.916811681237368337 0.115050344606371285
0.316820552212956741 0.916602623078489831 0.114913285079981331
0.317373058056477475 0.916393849245219272 0.114778096414920497
0.317923760610405670 0.916185363904483241 0.114644779426829185
0.317923760610405670 0.916185363904483241 0.114513334920055415
0.318472658380444917 0.915977171207056129 0.114383763687649603
0.319019749903967809 0.915769275287068751 0.114256066511360263
0.319565033748083427 0.915561680262615640 0.114130244161628980
0.319565033748083427 0.915561680262615640 0.114006297397585929
0.320108508514301893 0.915354390233781956 0.113884226967045130
0.320650172846254522 0.915147409279569612 0.113764033606500142
0.321190025418471026 0.914940741462044960 0.113645718041119337
0.321190025418471026 0.914940741462044960 0.113529280984741868
0.321728064954846127 0.914734390819017085 0.113414723139873122
0.322264290220085348 0.914528361367190290 0.113302045197680529
0.322264290220085348 0.914528361367190290 0.113191247837989437
0.322798700026471708 0.914322657099358893 0.113082331729278909
0.323331293232384576 0.914117281984777375 0.112975297528677909
0.323331293232384576 0.914117281984777375 0.112870145881961009
0.323862068748923426 0.913912239966413242 0.112766877423544909
0.323862068748923426 0.913912239966413242 0.112665492776484119
0.324391025537901556 0.913707534961512025 0.112565992552467672
0.324391025537901556 0.913707534961512025 0.112468377351815099
0.324918162616209483 0.913503170859666591 0.112372647763472971
0.325443479061673591 0.913299151520396535 0.112278804365011281
0.325443479061673591 0.913299151520396535 0.112186847722619942
0.325966974002286691 0.913095480777017188 0.112096778391105545
0.325966974002286691 0.913095480777017188 0.112008596913887773
0.326488646632428048 0.912892162430161802 0.111922303822996186
0.326488646632428048 0.912892162430161802 0.111837899639067123
0.327008496211081079 0.912689200248230526 0.111755384871340541
0.327008496211081079 0.912689200248230526 0.111674760017656721
0.327526522058147584 0.912486597968572011 0.111596025564453569
0.327526522058147584 0.912486597968572011 0.111519181986763555
0.328042723557837979 0.912284359295875813 0.111444229748210735
0.328042723557837979 0.912284359295875813 0.111371169301008127
0.328042723557837979 0.912284359295875813 0.111300001085954892
0.328557100165973059 0.912082487899198879 0.111230725532433697
0.328557100165973059 0.912082487899198879 0.111163343058408165
0.329069651409609309 0.911880987411720634 0.111097854070420235
0.329069651409609309 0.911880987411720634 0.111034258963587817
0.329069651409609309 0.911880987411720634 0.110972558121602394
0.329580376881723869 0.911679861432614702 0.110912751916726629
0.329580376881723869 0.911679861432614702 0.110854840709792277
0.329580376881723869 0.911679861432614702 0.110798824850197819
0.330089276255188857 0.911479113521343587 0.110744704675906469
0.330089276255188857 0.911479113521343587 0.110692480513444172
0.330089276255188857 0.911479113521343587 0.110642152677897440
0.330596349268188150 0.911278747203048578 0.110593721472911730
0.330596349268188150 0.911278747203048578 0.110547187190689372
0.330596349268188150 0.911278747203048578 0.110502550111987896
0.330596349268188150 0.911278747203048578 0.110459810506118417
0.331101595748642785 0.911078765958736048 0.110418968630943887
0.331101595748642785 0.911078765958736048 0.110380024732877557
0.331101595748642785 0.911078765958736048 0.110342979046881562
0.331101595748642785 0.911078765958736048 0.110307831796465444
0.331101595748642785 0.911078765958736048 0.110274583193684828
0.331605015591838082 0.910879173233776540 0.110243233439140137
0.331605015591838082 0.910879173233776540 0.110213782721975392
0.331605015591838082 0.910879173233776540 0.110186231219877029
0.331605015591838082 0.910879173233776540 0.110160579099072869
0.331605015591838082 0.910879173233776540 0.110136826514331099
0.331605015591838082 0.910879173233776540 0.110114973608959388
0.331605015591838082 0.910879173233776540 0.110095020514803896
0.332106608776405743 0.910679972431352791 0.110076967352248589
0.332106608776405743 0.910679972431352791 0.110060814230214563
0.332106608776405743 0.910679972431352791 0.110046561246159164
0.332106608776405743 0.910679972431352791 0.110034208486075674
0.332106608776405743 0.910679972431352791 0.110023756024492547
0.332106608776405743 0.910679972431352791 0.110015203924473198
0.332106608776405743 0.910679972431352791 0.110008552237615381
0.332106608776405743 0.910679972431352791 0.110003801004051049
0.332106608776405743 0.910679972431352791 0.110000950252446050
0.332106608776405743 0.910679972431352791 0.110000000000000001
