-0.636086653162425519 -0.377585756851265830 0.739999999999999991
-0.636086653162425519 -0.377585756851265830 0.739999049747553928
-0.636086653162425519 -0.377585756851265830 0.739996198995948928
-0.636086653162425519 -0.377585756851265830 0.739991447762384680
-0.636086653162425519 -0.377585756851265830 0.739984796075526807
-0.636086653162425519 -0.377585756851265830 0.739976243975507431
-0.636086653162425519 -0.377585756851265830 0.739965791513924276
-0.636086653162425519 -0.377585756851265830 0.739953438753840897
-0.636086653162425519 -0.377585756851265830 0.739939185769785457
-0.636086653162425519 -0.377585756851265830 0.739923032647751389
-0.636086653162425519 -0.377585756851265830 0.739904979485196068
-0.636086653162425519 -0.377585756851265830 0.739885026391040590
-0.636086653162425519 -0.377585756851265830 0.739863173485668879
-0.636086653162425519 -0.377585756851265830 0.739839420900927136
-0.636086653162425519 -0.377585756851265830 0.739813768780122949
-0.636086653162425519 -0.377585756851265830 0.739786217278024627
-0.636086653162425519 -0.377585756851265830 0.739756766560859869
-0.636086653162425519 -0.377585756851265830 0.739725416806315206
-0.636086653162425519 -0.377585756851265830 0.739692168203534561
-0.636086653162425519 -0.377585756851265830 0.739657020953118471
-0.636086653162425519 -0.377585756851265830 0.739619975267122420
-0.636086653162425519 -0.377585756851265830 0.739581031369056063
-0.636086653162425519 -0.377585756851265830 0.739540189493881561
-0.636086653162425519 -0.377585756851265830 0.739497449888012137
-0.636086653162425519 -0.377585756851265830 0.739452812809310633
-0.636086653162425519 -0.377585756851265830 0.739406278527088290
-0.636086653162425519 -0.377585756851265830 0.739357847322102524
-0.636086653162425519 -0.377585756851265830 0.739307519486555820
-0.636086653162425519 -0.377585756851265830 0.739255295324093509
-0.636086653162425519 -0.377585756851265830 0.739201175149802103
-0.636086653162425519 -0.377585756851265830 0.739145159290207743
-0.636086653162425519 -0.377585756851265830 0.739087248083273307
-0.636086653162425519 -0.377585756851265830 0.739027441878397529
-0.636086653162425519 -0.377585756851265830 0.738965741036412216
-0.636086653162425519 -0.377585756851265830 0.738902145929579812
-0.636086653162425519 -0.377585756851265830 0.738836656941591730
-0.636086653162425519 -0.377585756851265830 0.738769274467566239
-0.636086653162425519 -0.377585756851265830 0.738699998914045142
-0.636086653162425519 -0.377585756851265830 0.738628830698991878
-0.636086653162425519 -0.377585756851265830 0.738555770251789201
-0.636086653162425519 -0.377585756851265830 0.738480818013236395
-0.636086653162425519 -0.377585756851265830 0.738403974435546395
-0.636086653162425519 -0.377585756851265830 0.738325239982343340
-0.636086653162425519 -0.377585756851265830 0.738244615128659576
-0.636086653162425519 -0.377585756851265830 0.738162100360932882
-0.636086653162425519 -0.377585756851265830 0.738077696177003806
-0.636086653162425519 -0.377585756851265830 0.737991403086112219
-0.636086653162425519 -0.377585756851265830 0.737903221608894433
-0.636086653162425519 -0.377585756851265830 0.737813152277379980
-0.636086653162425519 -0.377585756851265830 0.737721195634988725
-0.636086653162425519 -0.377585756851265830 0.737627352236526979
-0.636086653162425519 -0.377585756851265830 0.737531622648184837
-0.636086653162425519 -0.377585756851265830 0.737434007447532291
-0.636086653162425519 -0.377585756851265830 0.737334507223515900
-0.636086653162425519 -0.377585756851265830 0.737233122576455124
-0.636086653162425519 -0.377585756851265830 0.737129854118038996
-0.636086653162425519 -0.377585756851265830 0.737024702471322124
-0.636086653162425519 -0.377585756851265830 0.736917668270721027
-0.636086653162425519 -0.377585756851265830 0.736808752162010583
-0.636086653162425519 -0.377585756851265830 0.736697954802319477
-0.636086653162425519 -0.377585756851265830 0.736585276860126870
-0.636086653162425519 -0.377585756851265830 0.736470719015258179
-0.636086653162425519 -0.377585756851265830 0.736354281958880641
-0.636086653162425519 -0.377585756851265830 0.736235966393499863
-0.636086653162425519 -0.377585756851265830 0.736115773032954834
-0.636086653162425519 -0.377585756851265830 0.735993702602414035
-0.636086653162425519 -0.377585756851265830 0.735869755838370998
-0.636086653162425519 -0.377585756851265830 0.735743933488639756
-0.636086653162425519 -0.377585756851265830 0.735616236312350402
-0.636086653162425519 -0.377585756851265830 0.735486665079944646
-0.636086653162425519 -0.377585756851265830 0.735355220573170709
-0.636086653162425519 -0.377585756851265830 0.735221903585079439
-0.636086653162425519 -0.377585756851265830 0.735086714920018758
-0.636086653162425519 -0.377585756851265830 0.734949655393628665
-0.636086653162425519 -0.377585756851265830 0.734810725832837464
-0.636086653162425519 -0.377585756851265830 0.734669927075855544
-0.636086653162425519 -0.377585756851265830 0.734527259972170943
-0.636086653162425519 -0.377585756851265830 0.734382725382543899
-0.636086653162425519 -0.377585756851265830 0.734236324179002309
-0.636086653162425519 -0.377585756851265830 0.734088057244835501
-0.636086653162425519 -0.377585756851265830 0.733937925474589692
-0.636086653162425519 -0.377585756851265830 0.733785929774062096
-0.636086653162425519 -0.377585756851265830 0.733632071060296154
-0.636086653162425519 -0.377585756851265830 0.733476350261574761
-0.636086653162425519 -0.377585756851265830 0.733318768317415937
-0.636086653162425519 -0.377585756851265830 0.733159326178566717
-0.636086653162425519 -0.377585756851265830 0.732998024806996828
-0.636086653162425519 -0.377585756851265830 0.732834865175894024
-0.636086653162425519 -0.377585756851265830 0.732669848269657087
-0.636086653162425519 -0.377585756851265830 0.732502975083890617
-0.636086653162425519 -0.377585756851265830 0.732334246625398921
-0.636086653162425519 -0.377585756851265830 0.732163663912179352
-0.636086653162425519 -0.377585756851265830 0.731991227973417091
-0.636086653162425519 -0.377585756851265830 0.731816939849478376
-0.636086653162425519 -0.377585756851265830 0.731640800591904172
-0.636086653162425519 -0.377585756851265830 0.731462811263404067
-0.636086653162425519 -0.377585756851265830 0.731282972937849940
-0.636086653162425519 -0.377585756851265830 0.731101286700268749
-0.636086653162425519 -0.377585756851265830 0.730917753646837420
-0.636086653162425519 -0.377585756851265830 0.730732374884874636
-0.636086653162425519 -0.377585756851265830 0.730545151532835280
-0.636086653162425519 -0.377585756851265830 0.730356084720302889
-0.636086653162425519 -0.377585756851265830 0.730165175587983772
-0.636764815258140882 -0.376525145055981614 0.729972425287699123
-0.637444613665157256 -0.375467514738003327 0.729777834982378915
-0.638125976016316487 -0.374412257935670068 0.729581405846054243
-0.639493154654932505 -0.372306772113601026 0.729383139063850661
-0.640178873266105564 -0.371255636596993677 0.729183035831980852
-0.640865958042389106 -0.370205045746885564 0.728981097357737307
-0.642244100276541774 -0.368104143554736751 0.728777324859485542
-0.642935106439857518 -0.367053231999351248 0.728571719566655895
-0.644320889207815717 -0.364949178295073617 0.728364282719736744
-0.645015635356397943 -0.363895575640847735 0.728155015570267294
-0.646408779929545374 -0.361784196493019405 0.727943919380828919
-0.647107161710348655 -0.360726054517217953 0.727730995425038829
-0.648507515271309676 -0.358604041733729617 0.727516244987541416
-0.649209479645154186 -0.357539871834037293 0.727299669364000922
-0.649912632732443818 -0.356473408015111848 0.727081269861093782
-0.651322501722127467 -0.354333088675614527 0.726861047796500293
-0.652737123186300949 -0.352182126973448473 0.726639004498896957
-0.653446219185862209 -0.351102380731199204 0.726415141307948709
-0.654867992095352069 -0.348933849353120218 0.726189459574299923
-0.655580674237823957 -0.347844872979956921 0.725961960659567529
-0.657009644939419934 -0.345657046607549812 0.725732645936331688
-0.657725940065584269 -0.344558024810288854 0.725501516788128020
-0.659162167091373541 -0.342349354251736404 0.725268574609439609
-0.660603266583523752 -0.340125994893466344 0.725033820805687568
-0.661325652219937887 -0.339008619635271624 0.724797256793223710
-0.662774112073436061 -0.336762118863045912 0.724558883999321224
-0.663500192649300935 -0.335632854384430801 0.724318703862166235
-0.664956069773829705 -0.333361960175287020 0.724076717830849370
-0.666416918732118058 -0.331074143867296333 0.723832927365356760
-0.667149213203841351 -0.329923730877022758 0.723587333936561383
-0.668617550861436705 -0.327609585726504116 0.723339939026213963
-0.670090894852042762 -0.325277279228348093 0.723090744126934415
-0.671569250070124246 -0.322926339390132267 0.722839750742202303
-0.672310306808843960 -0.321743737588545131 0.722586960386348620
-0.673796174915300972 -0.319363987086600631 0.722332374584545467
-0.675287039391162969 -0.316964470052810365 0.722075994872797944
-0.676782882159512877 -0.314544749189862582 0.721817822797934383
-0.677532662679523723 -0.313327177849619165 0.721557859917596800
-0.679035922188071517 -0.310876348429996563 0.721296107800231900
-0.680544080492673786 -0.308404255132556426 0.721032568025081755
-0.682057090986140646 -0.305910485670560728 0.720767242182173473
-0.683574898015480659 -0.303394633727114393 0.720500131872310767
-0.684335580279360034 -0.302128301371658470 0.720231238707063071
-0.685860457114683686 -0.299578575817487869 0.719960564308756767
-0.687389949534351286 -0.297005775157805352 0.719688110310464868
-0.688923967655721614 -0.294409510346984815 0.719413878355997460
-0.690462411269109899 -0.291789395999862422 0.719137870099891496
-0.692005169740904535 -0.289145049527779807 0.718860087207401133
-0.693552122085297262 -0.286476089896797403 0.718580531354487628
-0.695103137284837302 -0.283782135811806946 0.718299204227808685
-0.696658075086886153 -0.281062802863661532 0.718016107524709124
-0.698216787621291246 -0.278317698959318682 0.717731242953210224
-0.698997511861451204 -0.276935356473134442 0.717444612231999179
-0.700561601298653747 -0.274150823802814192 0.717156217090419101
-0.702129092862648241 -0.271339439640506552 0.716866059268458589
-0.703699871264294341 -0.268500667939385651 0.716574140516741065
-0.705273902884219428 -0.265633817183147825 0.716280462596514012
-0.706851386531676895 -0.262737844899623874 0.715985027279638975
-0.709226955485148580 -0.258334178898722899 0.715687836348580131
-0.710830562141732125 -0.255344815738819564 0.715388891596394072
-0.710835918550814183 -0.253411484099064555 0.715088194826718926
-0.713859211855499387 -0.249300068921895657 0.714785747853762921
-0.715686527926229887 -0.246907986851707645 0.714481552502294504
-0.717142495554321857 -0.243406059037394068 0.714175610607630129
-0.718718089271405569 -0.240256186993417775 0.713867924015623934
-0.720300668082322959 -0.237104554034281934 0.713558494582656633
-0.721884474386951025 -0.233931432807670509 0.713247324175623976
-0.723468000065973005 -0.230731917240103057 0.712934414671925309
-0.725841139539092683 -0.225879233243682948 0.712619767959453143
-0.727420983121777054 -0.222607234628961259 0.712303385936580713
-0.728998427769999791 -0.219305133104472499 0.711985270512151103
-0.730572965132506913 -0.215972574920615723 0.711665423605465697
-0.732144078702154921 -0.212609282627817836 0.711343847146272412
-0.733711239018030925 -0.209215027135653514 0.711020543074754374
-0.736053370892616132 -0.204065166879154547 0.710695513341517593
-0.737608228108272312 -0.200592700435812343 0.710368759907580083
-0.739157151202934126 -0.197088684272762577 0.710040284744359096
-0.740699534706024343 -0.193552991282773285 0.709710089833660129
-0.742999478967079185 -0.188189812465573092 0.709378177167664048
-0.744522744770638290 -0.184574456354935634 0.709044548748915870
-0.746037207456338169 -0.180927076337230541 0.708709206590312113
-0.748290884054341410 -0.175395798756921600 0.708372152715089243
-0.749780284699558153 -0.171668048083153862 0.708033389156810689
-0.751258388866661186 -0.167908047048948766 0.707692917959355072
-0.753452706026280450 -0.162207474738124663 0.707350741176904108
-0.754899220400917170 -0.158366655408619383 0.707006860873929721
-0.756331707496911698 -0.154493447032849757 0.706661279125181618
-0.758452325880192957 -0.148622843865944987 0.706313998015675182
-0.759846088446093804 -0.144668545623825306 0.705965019640678482
-0.761904562705838506 -0.138676198302749631 0.705614346105699508
-0.763254111873043373 -0.134640668160792842 0.705261979526474403
-0.764584360971192756 -0.130572605253762464 0.704907922028953582
-0.766541444807410821 -0.124409452679713012 0.704552175749289300
-0.767819198484006815 -0.120259931229715816 0.704194742833822995
-0.769692821046690567 -0.113974415928030481 0.703835625439072410
-0.770911689895071417 -0.109743172924745003 0.703474825731717712
-0.772691939270355732 -0.103334788885725282 0.703112345888589618
-0.773845082884710656 -0.099021393452780715 0.702748188096655402
-0.775521321837558397 -0.092489317924715986 0.702382354553006127
-0.776601378662937103 -0.088093080817858271 0.702014847464843106
-0.778162121929618200 -0.081436025350798413 0.701645669049464793
-0.779161114251405107 -0.076955890086618350 0.701274821534253578
-0.780593863165964685 -0.070171921420833117 0.700902307156661686
-0.781503069589182253 -0.065606333353618651 0.700528128164198294
-0.782794090884020077 -0.058692657830284878 0.700152286814415881
-0.783992862470418883 -0.051699363414101529 0.699774785374896457
-0.784737907468048612 -0.046992109568167961 0.699395626123237801
-0.785769639584736890 -0.039862178562664385 0.699014811347040133
-0.786397354428902906 -0.035061867896175047 0.698632343343891682
-0.787243471123116878 -0.027788906914874734 0.698248224421355368
-0.787968154113657948 -0.020426208116900935 0.697862456896954697
-0.788379679673150813 -0.015466140569350140 0.697475043098159664
-0.788882792397334720 -0.007945601176548467 0.697085985362372984
-0.789239946980583862 -0.000324327981023720 0.696695286036915662
-0.789391519731856173 0.004815143624906204 0.696302947479013001
-0.789480019491579643 0.012616873277336960 0.695908972055780284
-0.789389743616093265 0.020535953557611675 0.695513362144208891
-0.789222747972748717 0.025884515373176875 0.695116120131151316
-0.788799362476571009 0.034017962567633953 0.694717248413307176
-0.788151250607957987 0.042293542572363785 0.694316749397208888
-0.787256251933765694 0.050723383086314411 0.693914625499206461
-0.786509878100662085 0.056435833463861440 0.693510879145453840
-0.785144032123667790 0.065155126123957463 0.693105512771893584
-0.783452357781794562 0.074071370415529914 0.692698528824242432
-0.781394990715740922 0.083205499167261721 0.692289929757976541
-0.778924294524974692 0.092581849796866789 0.691879718038316605
-0.777019662941163647 0.098981120478182527 0.691467896140213090
-0.773726517378863665 0.108826383857662912 0.691054466548331137
-0.769837701805069052 0.119000135708224652 0.690639431757035682
-0.765254350817615059 0.129544907283669630 0.690222794270376361
-0.759852874208956974 0.140510155200886944 0.689804556602072627
-0.753476907141577668 0.151953168767808067 0.689384721275498102
-0.745926002051717774 0.163939794194780164 0.688963290823665919
-0.740113708961500416 0.172269367242979810 0.688540267789212845
-0.729985153768869077 0.185331526975514249 0.688115654724384629
-0.717783653044036019 0.199150876679775879 0.687689454191019900
-0.702938790046636952 0.213809408851209082 0.687261668760535072
-0.684657608312038701 0.229366953902629039 0.686832301013909019
-0.661813042245030125 0.245818007149478046 0.686401353541667092
-0.632765315916766324 0.262995388369936745 0.685968828943865794
-0.595073620552361460 0.280352493000863179 0.685534729830076905
-0.545038995600171106 0.296458291223415382 0.685099058819371831
-0.477049199991750661 0.307789319128732641 0.684661818540305611
-0.383025825415424181 0.305778249250715617 0.684223011630901601
-0.254105038521452720 0.269828685605602359 0.683782640738634817
-0.094483957638922686 0.154552548336205492 0.683340708520416507
0.026699928823339655 -0.105074598060350244 0.682897217642577936
-0.064658035361823019 -0.463486723199003026 0.682452170780854406
-0.383495317894422150 -0.658617381612469188 0.682005570620368706
-0.676006033667255979 -0.619047753903500531 0.681557419855615576
-0.841896628077475784 -0.496837981667548001 0.681107721190444715
-0.921749876283002645 -0.379495011119918568 0.680656477338045240
-0.964941256909612410 -0.258897170314523195 0.680203691020928702
-0.976350470937198511 -0.191602696730322875 0.679749364970912762
-0.979850062866244542 -0.138554905367284098 0.679293501929105314
-0.979454594632489739 -0.095825523144626390 0.678836104645886729
-0.977150783661465350 -0.060629742557470390 0.678377175880894634
-0.973952047936265775 -0.031026647515715822 0.677916718403006269
-0.970386679889421400 -0.005653840260434861 0.677454734990322271
-0.965522282449744917 0.023234734515712174 0.676991228430149805
-0.961961386207102587 0.042066306015142496 0.676526201518985459
-0.958543156535785035 0.059008080149130671 0.676059657062499042
-0.955291380675635349 0.074418113167142808 0.675591597875515815
-0.952211796891452189 0.088571756207834584 0.675122026782000395
-0.948365715312718294 0.105853758501396722 0.674650946615038660
-0.945663680348147295 0.117836087357471697 0.674178360216821981
-0.943104887896760058 0.129123227349738579 0.673704270438628683
-0.940676783298374009 0.139818963071678903 0.673228680140807945
-0.937621268873787495 0.153305958501346318 0.672751592192761816
-0.935450899647134460 0.162930959501732253 0.672273009472928451
-0.933372326202520863 0.172200343902438546 0.671792934868764235
-0.931375461382516701 0.181163318872212376 0.671311371276726909
-0.928824056431495904 0.192710517946775961 0.670828321602257471
-0.926982772029195434 0.201116327639070946 0.670343788759763304
-0.925194705835836739 0.209340481928111166 0.669857775672599853
-0.922880864920905264 0.220074661830198470 0.669370285273053756
-0.921189343066997068 0.227987422511307991 0.668881320502324628
-0.919528215275435379 0.235811028309773019 0.668390884310507527
-0.917349828054087713 0.246147805358551575 0.667898979656575076
-0.915735318735288129 0.253862521738749070 0.667405609508359698
-0.913596281379453590 0.264148850466037810 0.666910776842535635
-0.911993540541810699 0.271900638306602993 0.666414484644600846
-0.910383991958972905 0.279719142138758758 0.665916735908859470
-0.908212885738762354 0.290309988249711548 0.665417533638403169
-0.906553012080920428 0.298432470623514912 0.664916880845093483
-0.904274495148550406 0.309599469406772798 0.664414780549543171
-0.902496030791372750 0.318311172707402112 0.663911235781098785
-0.899991118606073948 0.330534260593497164 0.663406249577821461
-0.897973027541875357 0.340301218586951670 0.662899824986468933
-0.895011514267978869 0.354414206427729528 0.662391965062477772
-0.892498425719075561 0.366098110875573146 0.661882672869943733
-0.888545623153699005 0.383754056366357288 0.661371951481604547
-0.884880317943783412 0.399197212215681607 0.660859803978820493
-0.878374089405484559 0.424270880462175148 0.660346233451555964
-0.871332552434933794 0.448272380246471425 0.659831242998361267
-0.855786777337383953 0.492357508064365623 0.659314835726353410
-0.833404305226610687 0.541827689712869431 0.658797014751197674
-0.755508942525603411 0.654688843463670400 0.658277783197088628
-0.541978622955216705 0.794419140279696068 0.657757144196731369
0.052517524427830531 0.075569260524312093 0.657235100891322421
-0.595548886026925905 -0.128472706258368097 0.656711656430531421
-0.805328006285953690 0.062656761696025909 0.656186813972481464
-0.849549966193680728 0.160080989751496927 0.655660576683730012
-0.861310480244163124 0.203769542230250067 0.655132947739250349
-0.867993305685790473 0.243517790489276686 0.654603930322411820
-0.870040829711223207 0.265455462856441948 0.654073527624961182
-0.870909855443380065 0.288516637933293685 0.653541742847002838
-0.870637383504759055 0.307045913994306696 0.653008579196979855
-0.870001672811514082 0.318944428894409604 0.652474039891654756
-0.868794592864897020 0.332926069719478746 0.651938128156089536
-0.867312694351428104 0.345325749441964147 0.651400847223626678
-0.866074834611585076 0.353843517024650334 0.650862200335869279
-0.864299425941095656 0.364393539707326797 0.650322190742662065
-0.862412790238163751 0.374213466401277506 0.649780821702071409
-0.860437405920106091 0.383457198665540233 0.649238096480365567
-0.858906593506863381 0.390081088587452551 0.648694018351995028
-0.856807901449420761 0.398571551611524744 0.648148590599572971
-0.854649718428106997 0.406734526010220143 0.647601816513855399
-0.852436842104856485 0.414624059280609525 0.647053699393721038
-0.850743283782607662 0.420387742192557645 0.646504242546151686
-0.848441829763118660 0.427896060209197349 0.645953449286212344
-0.846092218579048927 0.435228771913248935 0.645401322937030675
-0.843695471769179584 0.442409508383533823 0.644847866829777683
-0.841867363039221051 0.447707149504428858 0.644293084303647068
-0.839389443667470481 0.454666667289440107 0.643736978705835461
-0.836865454851430934 0.461520062748808357 0.643179553391521885
-0.834295415693081188 0.468279128702790037 0.642620811723847774
-0.831679237049911646 0.474953805000286389 0.642060757073896426
-0.829016757005326288 0.481552504218077049 0.641499392820673031
-0.826989387722059988 0.486456006935495455 0.640936722351083898
-0.824245363916697560 0.492938284915202085 0.640372749059916258
-0.821454415134672988 0.499361763578762052 0.639807476349817827
-0.818616299233543732 0.505731032520888024 0.639240907631276056
-0.815730784330060965 0.512049998312603671 0.638673046322597582
-0.812797657058240253 0.518321979219300677 0.638103895849887803
-0.809816729150601544 0.524549783927179103 0.637533459647030010
-0.806787842710991132 0.530735777478904880 0.636961741155665062
-0.803710874414526488 0.536881936977251617 0.636388743825169967
-0.800585738811367298 0.542989899047038316 0.635814471112637336
-0.798210248659548149 0.547546618003495356 0.635238926482855071
-0.795000737380293865 0.553590791170579855 0.634662113408284490
-0.791743037718366627 0.559599825681445839 0.634084035369040122
-0.788437223982243029 0.565574403048082930 0.633504695852868616
-0.785083415250892092 0.571515016512919027 0.632924098355127196
-0.781681775373527787 0.577421993110110776 0.632342246378763129
-0.778232512548508781 0.583295513478159555 0.631759143434292514
-0.774735878511224163 0.589135629762278179 0.631174793039778748
-0.771192167355880476 0.594942281880911472 0.630589198720811650
-0.767601714010302083 0.600715312385032840 0.630002364010486038
-0.763964892376688520 0.606454480108414851 0.629414292449380408
-0.760282113184595820 0.612159472705641527 0.628824987585535511
-0.756553821545007388 0.617829918255443977 0.628234452974433477
-0.751830184277856084 0.624868748514981642 0.627642692178975614
-0.748001276470405818 0.630459866216512177 0.627049708769460978
-0.744128506208432627 0.636014940751549851 0.626455506323565503
-0.740212432048178659 0.641533457184906286 0.625860088426319683
-0.736253630511955026 0.647014888929299481 0.625263458670087813
-0.732252692464365973 0.652458704788570043 0.624665620654545006
-0.728210219405504344 0.657864375393690248 0.624066577986656545
-0.724126819713187930 0.663231379050050696 0.623466334280656009
-0.720003104824461837 0.668559207066585004 0.622864893158023070
-0.715839685445527119 0.673847368497602406 0.622262258247461841
-0.711637167762867229 0.679095394389364393 0.621658433184878789
-0.706329948483165881 0.685598313649008917 0.621053421613361412
-0.702041627250346356 0.690754458462594201 0.620447227183155481
-0.697716101887550955 0.695869137395215831 0.619839853551643394
-0.693353918597253038 0.700942010875844734 0.619231304383322301
-0.688955600430627979 0.705972775716287027 0.618621583349781567
-0.684521644097378035 0.710961166521975718 0.618010694129680793
-0.678929791446237219 0.717136725107753392 0.617398640408728050
-0.674417308593160847 0.722029006057271383 0.616785425879656679
-0.669870584473991615 0.726878321386040027 0.616171054242203975
-0.665289972018320519 0.731684573594092336 0.615555529203088425
-0.659517023004080105 0.737631746753338979 0.614938854475987173
-0.654861239205844159 0.742340954328577163 0.614321033781514036
-0.650172423740785654 0.747007051809693290 0.613702070847196968
-0.645450743352696144 0.751630104964319812 0.613081969407454963
-0.640696316027756563 0.756210215525069840 0.612460733203576524
-0.634707329581573054 0.761875176754663985 0.611838365983696564
-0.629879389631808895 0.766359216053819847 0.611214871502773316
-0.625018730416502466 0.770800876093408749 0.610590253522566684
-0.618896727381429756 0.776293723277416969 0.609964515811614816
-0.613961974249126685 0.780640950061895489 0.609337662145211567
-0.608993946814549547 0.784946679367672262 0.608709696305383963
-0.603992349457887823 0.789211238845411667 0.608080622080868771
-0.597692595151512296 0.794484581123816036 0.607450443267090412
-0.592614063746410458 0.798657829009741693 0.606819163666137418
-0.587500568484735419 0.802791131556387372 0.606186787086739787
-0.581058657690251779 0.807902230569047974 0.605553317344246333
-0.575864305711319191 0.811947226521885446 0.604918758260600598
-0.570632879964362183 0.815953716453499567 0.604283113664319305
-0.564040225671392115 0.820908415380550927 0.603646387390467831
-0.558722310372574693 0.824830054900521081 0.603008583280637778
-0.552018545786202464 0.829680309709491470 0.602369705182924098
-0.546609101671698072 0.833519737223342494 0.601729756951901340
-0.541157084456790671 0.837323526210066005 0.601088742448600111
-0.534280186580956218 0.842029032440810954 0.600446665540484759
-0.528727413257042200 0.845754789458411316 0.599803530101429061
-0.521719787042024041 0.850364708111104872 0.599159340011693797
-0.516058246357485539 0.854015621983255979 0.598514099157902213
-0.510345374561572029 0.857634372460888361 0.597867811433017704
-0.503128927452334396 0.862113681647896479 0.597220480736319392
-0.497292701713422158 0.865662753493674164 0.596572110973379255
-0.489914447809488618 0.870057449710089803 0.595922706056038476
-0.483942064890525880 0.873540942943056398 0.595272269902383133
-0.476384272779914797 0.877856499186800421 0.594620806436721661
-0.470259974928755653 0.881279115071490482 0.593968319589560312
-0.462500673457527767 0.885521883062159954 0.593314813297580179
-0.456204788883046497 0.888889146468788249 0.592660291503612213
-0.448216320296479565 0.893066688471350290 0.592004758156615130
-0.441723862415744795 0.896385264383856128 0.591348217211650096
-0.433470749072781325 0.900506825820495793 0.590690672629857860
-0.426749328881917800 0.903784971076599275 0.590032128378433995
-0.418185055468347666 0.907862157368632405 0.589372588430605804
-0.411191691792429315 0.911110370348552023 0.588712056765608116
-0.402253717747184047 0.915158125194870387 0.588050537368658643
-0.394929816594102534 0.918390089815316335 0.587388034230934886
-0.385531590379972144 0.922428124184958453 0.586724551349549261
-0.377794757982349350 0.925662095377781879 0.586060092727525461
-0.367812426300950623 0.929716992446286694 0.585394662373774133
-0.359542541701152407 0.932977840142620973 0.584728264303068901
-0.348791775769502599 0.937086153412346023 0.584060902536021609
-0.337499162382953410 0.941245014895142340 0.583392581099058893
-0.327999291259626902 0.944621030352120306 0.582723304024396649
-0.315418089621435194 0.948920854342663933 0.582053075350017379
-0.304666569849535718 0.952440746930841353 0.581381899119644441
-0.290148615657670139 0.956965596664590690 0.580709779382718061
-0.274088146679253131 0.961659641322788250 0.580036720194371247
-0.259777602078862802 0.965557755948818874 0.579362725615404806
-0.239403250008850765 0.970624621819763056 0.578687799712263029
-0.220369156332285598 0.974819809113415703 0.578011946557009382
-0.191543768785118584 0.980122862216226576 0.577335170227301964
-0.153966537921723989 0.985017071901537089 0.576657474806368309
-0.113419859808451429 0.987585703614021204 0.575978864382981293
-0.038657875149654630 0.984503796694471633 0.575299343051434375
0.091362244909183432 0.952563097329981678 0.574618914911516843
0.274587933357667180 0.828970856374811937 0.573937584068489048
0.279008771995330085 0.152507484381867647 0.573255354633057546
-0.538208675772842593 0.289346183905501486 0.572572230721350661
-0.564570437062887676 0.603551895535848093 0.571888216454893183
-0.493817100934877073 0.760960521978475524 0.571203315960581826
-0.436796519557187513 0.829141142034003908 0.570517533370660246
-0.402440769760433803 0.859829729569513979 0.569830872822694068
-0.368765363347057007 0.884475045246371216 0.569143338459545789
-0.341795525181943005 0.900955931037416891 0.568454934429350356
-0.319193965058986229 0.912799132288942827 0.567765664885489074
-0.303294763779494381 0.920146455757604453 0.567075533986565739
-0.285379686372224661 0.927521824296490882 0.566384545896380986
-0.269073353148446492 0.933456651914247537 0.565692704783906763
-0.253956259060349243 0.938339329629490737 0.565000014823262009
-0.242519413248661941 0.941660096925072021 0.564306480193686899
-0.228862902378138500 0.945226667538762166 0.563612105079517756
-0.215766400919205126 0.948259391123746243 0.562916893670161955
-0.203106630578476333 0.950847674905352380 0.562220850160072394
-0.193228857594898495 0.952642351972190604 0.561523978748722397
-0.181130350562304032 0.954581729533713008 0.560826283640580292
-0.169250846962841262 0.956217574016056004 0.560127769045084101
-0.157539756198982139 0.957577554298457700 0.559428439176616110
-0.148263680285842525 0.958480874135362537 0.558728298254477340
-0.136754224102867250 0.959392136279065166 0.558027350502862229
-0.125310570137663391 0.960071683846332569 0.557325600150833100
-0.113904794479868288 0.960527117492068427 0.556623051432294513
-0.102511721100732867 0.960762887484355010 0.555919708585968286
-0.091108117664021215 0.960780689589230907 0.555215575855366850
-0.081962876763451598 0.960637529561303882 0.554510657488768932
-0.070485522747094242 0.960259344397289993 0.553804957739192694
-0.058937703766445582 0.959654945519996971 0.553098480864371078
-0.047298327882890012 0.958816865651439310 0.552391231126725279
-0.035545772350945082 0.957735102167131647 0.551683212793339983
-0.023657471750911097 0.956396885698159394 0.550974430135936832
-0.014033072750504749 0.955131116430793514 0.550264887430848670
-0.001838939441449361 0.953288920248152150 0.549554588958994228
0.010562796905838057 0.951136477484051834 0.548843539005852032
0.023202351730883142 0.948646335427777765 0.548131741861434318
0.036113228841562095 0.945785325539806321 0.547419201820261936
0.049332892375741066 0.942513326087659697 0.546705923181337261
0.062903543866766276 0.938781655280771066 0.545991910248119217
0.076873025282356788 0.934530971867069349 0.545277167328497070
0.088372158383229538 0.930708376742729215 0.544561698734763899
0.103202217908119509 0.925328763270704791 0.543845508783591502
0.118604625894788984 0.919180034760140208 0.543128601796003752
0.134659598814331871 0.912127921707701184 0.542410982097350503
0.151459396918226241 0.904002238878158781 0.541692654017281949
0.169109775381341698 0.894584802214623886 0.540973621889721756
0.187730909173879634 0.883592348028532815 0.540253890052841745
0.207456919236345017 0.870652013892714072 0.539533462849035028
0.228432196605840077 0.855265582901634680 0.538812344624890471
0.250800808155413169 0.836756524193765783 0.538090539731165718
0.274681266673274083 0.814190434949784381 0.537368052522761430
0.300110405720241780 0.786254288651376254 0.536644887358695422
0.326921468412014415 0.751072930637577407 0.535921048602074901
0.354480173710855551 0.705935721403109451 0.535196540620071826
0.381110460790924033 0.646918951106691287 0.534471367783895701
0.402843862966362987 0.568489932704468237 0.533745534468767047
0.410765110967053371 0.463620391099112128 0.533019045053891527
0.385983327007543398 0.326508976013146046 0.532291903922433307
0.293713753223163010 0.164101457773568910 0.531564115461488407
0.092741621111043698 0.024337993602559980 0.530835684062058610
-0.140222222906098926 -0.002142615675794900 0.530106614119024488
-0.417223464018937840 0.130034533910743239 0.529376910031119641
-0.556175680778656867 0.370438746248881734 0.528646576200903162
-0.550279242817754644 0.628550053814205256 0.527915617034733886
-0.482533229795644059 0.771354492336618014 0.527184036942743628
-0.404021481208269639 0.861144064682368038 0.526451840338810095
-0.330510476136527287 0.916500540668682806 0.525719031640530909
-0.265991025891354260 0.950644624971237362 0.524985615269196515
-0.210326710381530169 0.971724669858514134 0.524251595649763980
-0.162243882153705110 0.984604072688926024 0.523516977210829459
-0.120348280753250547 0.992201338546689904 0.522781764384602554
-0.083420719528708887 0.996300715245240887 0.522045961606878439
-0.050468790209227232 0.998017444842645207 0.521309573317012220
-0.020704368069122792 0.998063707998312122 0.520572603957891289
0.006495200295440429 0.996902750631811330 0.519835057975908787
0.031623970017468139 0.994840023296316600 0.519096939820936853
0.055077763284488046 0.992078234766965217 0.518358253946300196
0.077177921315635667 0.988751262735690695 0.517619004808748007
0.098189566808534745 0.984945358355098333 0.516879196868428425
0.118335647032904612 0.980712494784154565 0.516138834588860784
0.137807858285755536 0.976078690477760746 0.515397922436909073
0.156775329905414595 0.971048968822688430 0.514656464882754738
0.175391753741355128 0.965609911899550033 0.513914466399869707
0.193801501240181029 0.959730315237234732 0.513171931464990072
0.215818404235861294 0.952021336236205551 0.512428864558087671
0.234271028426285777 0.944965487301363649 0.511685270162344774
0.252980429568483378 0.937225239483478356 0.510941152764125550
0.272112787133675815 0.928659124581994955 0.510196516852949977
0.291856298336940989 0.919075599481745109 0.509451366921466198
0.312430020910818840 0.908212646830091730 0.508705707465423762
0.334094500418843421 0.895706021704538724 0.507959542983646317
0.357164019409024258 0.881038681292410475 0.507212877978004517
0.382018768995784908 0.863457938633683364 0.506465716953388712
0.414841586060046619 0.836886724245030744 0.505718064417682078
0.445281699061015945 0.808021233823225105 0.504969924881733090
0.478971381196685753 0.769792260077649892 0.504221302859328868
0.515748438752297700 0.716950323536319489 0.503472202867166985
0.553341466509602919 0.640374655096603296 0.502722629424828926
0.582387102038139703 0.524404679997466983 0.501972587054753117
0.570930894241190257 0.347037276547472018 0.501222080282206495
0.430317017174466576 0.112643824806594198 0.500471113635258535
-0.028556850669802278 0.007588740126876681 0.499719691644752828
-0.335314573261250859 0.289000564248530489 0.498967818844280431
-0.349214470290480361 0.599486945408681082 0.498215499770152170
-0.251635883672395200 0.777401480028216185 0.497462738961371664
-0.150517388706555788 0.865077372168034819 0.496709540959607176
-0.067687845216118536 0.907845410744045123 0.495955910309165471
0.009146606576759420 0.931308700497826214 0.495201851556962724
0.059216391915545397 0.939482694729673939 0.494447369252498770
0.100239668475843424 0.942321305646139140 0.493692467947828284
0.134624056755423049 0.942126552739612433 0.492937152197534589
0.164052314050030845 0.940139371829141757 0.492181426558700674
0.189707869304062471 0.937059156420973816 0.491425295590883215
0.216687785949867928 0.932484071643322032 0.490668763856084045
0.236700288926926905 0.928216757908898682 0.489911835918723060
0.254933110777890604 0.923688834939495385 0.489154516345610635
0.271712011029899003 0.918988663670679551 0.488396809705919865
0.287287579039726348 0.914173029025599604 0.487638720571159257
0.304662323520731249 0.908292708265077242 0.486880253515145078
0.318222476344078520 0.903334775358836550 0.486121413113973777
0.331075587996283061 0.898339889814264714 0.485362203945993942
0.343318155012736381 0.893317009755781211 0.484602630591779604
0.355029341579705726 0.888271604973754014 0.483842697634101593
0.368472859297194921 0.882191638930240885 0.483082409657900780
0.379230715566479248 0.877105380908519083 0.482321771250259546
0.389631936511498522 0.872001576103346387 0.481560787000374912
0.399714383808267848 0.866879757316971977 0.480799461499530345
0.409510428337550858 0.861738991948399757 0.480037799341068050
0.420926568104374177 0.855543301621326191 0.479275805120361664
0.430185310188105019 0.850356210832802883 0.478513483434788112
0.439234408578066116 0.845145608327934061 0.477750838883700013
0.448091704233662846 0.839909854895632524 0.476987876068398153
0.458489221577905282 0.833591408317369109 0.476224599592103282
0.466977161910600902 0.828294465710255556 0.475461014059928577
0.475317346862274059 0.822967067932774743 0.474697124078852117
0.483520417570624528 0.817607599862000933 0.473932934257688454
0.491595866995791719 0.812214482068231103 0.473168449207061581
0.501129840212346744 0.805696158405590168 0.472403673539376345
0.508953188612369378 0.800223651874134356 0.471638611868791302
0.516673152283288140 0.794712719954409508 0.470873268811190182
0.524295767153683423 0.789161961805939560 0.470107648984154913
0.533322033076479740 0.782446573510437560 0.469341757006936922
0.540748907632835896 0.776803480852078732 0.468575597500429597
0.548094077140059865 0.771116369188844297 0.467809175087140594
0.555361481828987369 0.765384015915377081 0.467042494391163687
0.563984712012607581 0.758443810792001516 0.466275560038151071
0.571093102483086423 0.752607818339181556 0.465508376655285161
0.578133976674552574 0.746722936297342210 0.464740948871250947
0.585109910760507668 0.740788103833850187 0.463973281316208130
0.593398562221543302 0.733598930070212818 0.463205378621762642
0.600239469882670962 0.727550649515527059 0.462437245420939558
0.607022065785335130 0.721449262874765962 0.461668886348154228
0.613747982875327613 0.715293855852286109 0.460900306039185248
0.621746298005962927 0.707834821843606132 0.460131509131145422
0.628352391147128486 0.701557512903975500 0.459362500262455065
0.634905869169566817 0.695223475575144745 0.458593284072812746
0.642701918387810434 0.687546651891182137 0.457823865203168145
0.649142796838985681 0.681085105145710745 0.457054248295693633
0.655533637169128158 0.674564434642247801 0.456284437993756620
0.661874988227548866 0.667983951605212289 0.455514438941891142
0.669419896576311180 0.660007489170928108 0.454744255785770268
0.675653779352947681 0.653293124504392697 0.453973893172177512
0.681839234878615863 0.646516917794058066 0.453203355748979131
0.687976402160247469 0.639678285039028682 0.452432648165096596
0.695277338097700204 0.631388732925677876 0.451661775070477334
0.701308367436486058 0.624410811405761379 0.450890741116067750
0.707291032882310433 0.617368732653823526 0.450119550953784642
0.714406151000526846 0.608832842252088335 0.449348209236487384
0.720281741844131074 0.601647864584426206 0.448576720617949509
0.726108226773516607 0.594397166334823090 0.447805089752831120
0.731885260232869039 0.587080283828493532 0.447033321296650354
0.738751868038675985 0.578212021001593746 0.446261419905755630
0.744418663455253649 0.570747939181855068 0.445489390237297223
0.750034599844490391 0.563216235316479685 0.444717236949199513
0.756705851318789979 0.554088306369276085 0.443944964700132727
0.762208009760360072 0.546406275151694154 0.443172578149484575
0.767657518326611110 0.538655200804770029 0.442400081957332769
0.773053751501174946 0.530834631769392828 0.441627480784416215
0.779457985568575817 0.521357569575164770 0.440854779292107424
0.784734674543141497 0.513382485073883399 0.440081982142383921
0.789955904076342974 0.505336404102612047 0.439309093997800659
0.796147135869440303 0.495586695580191972 0.438536119521461376
0.801243732136300513 0.487382664443017199 0.437763063376990780
0.806282431450449533 0.479106004570963528 0.436989930228506185
0.812251302157349087 0.469077374876824382 0.436216724740589701
0.817159737276437648 0.460638989251627773 0.435443451578259699
0.822007592772457718 0.452126166565301579 0.434670115406943058
0.826793977890248111 0.443538300567661803 0.433896720892446575
0.832455205686714494 0.433132920075872563 0.433123272700929207
0.837103088094974468 0.424377722633403343 0.432349775498873712
0.841686465388510774 0.415545401891237398 0.431576233953058608
0.847099945577328262 0.404843835392315943 0.430802652730529700
0.851537806623887006 0.395839370760301512 0.430029036498572770
0.855907809537183595 0.386755489170794442 0.429255389924684039
0.860208831949650587 0.377591431966888491 0.428481717676543417
0.865277366447277374 0.366487635816643675 0.427708024421985300
0.869422485415099811 0.357144431411063057 0.426934314828971262
0.873494759108992547 0.347718503644850019 0.426160593565560908
0.878283496109130479 0.336297026859057158 0.425386865299884787
0.882190860871821858 0.326686169956663108 0.424613134700115247
0.886021041530222320 0.316989891618546848 0.423839406434439070
0.890513307999847625 0.305240382133807886 0.423065685171028827
0.894168445640519338 0.295353119973973399 0.422291975578014622
0.897741507733873401 0.285377644357913129 0.421518282323456672
0.901230839713871745 0.275313074626672871 0.420744610075315939
0.905305089627985948 0.263116747543544971 0.419970963501427319
0.908604071262240409 0.252853077025431638 0.419197347269470222
0.911813584808625177 0.242497510998048227 0.418423766046941481
0.915544166074617971 0.229948320448186833 0.417650224501126266
0.918549915568527053 0.219387577833944136 0.416876727299070882
0.921459724218374410 0.208732240979133399 0.416103279107553403
0.924821770545339206 0.195819841562757391 0.415329884593057030
0.927512704162861912 0.184953602039145681 0.414556548421740223
0.930100417577968464 0.173990289563984213 0.413783275259410332
0.932582460364837829 0.162929196191416603 0.413010069771493848
0.935417848113400341 0.149525875711061795 0.412236936623009365
0.937658360883411812 0.138247375984526466 0.411463880478538657
0.939784772333900786 0.126869122556925173 0.410690906002199319
0.942181870366604057 0.113082835827122530 0.409918017857616057
0.944047190952207682 0.101483432677867191 0.409145220707892665
0.945789051266971326 0.089782886491482972 0.408372519215583762
0.947404332443189889 0.077980913676743924 0.407599918042667209
0.949171056840202976 0.063684386796597936 0.406827421850515403
0.950496428598617715 0.051658695713349301 0.406055035299867251
0.951684619095110373 0.039531261336786083 0.405282763050800465
0.952924427036591415 0.024844203243645391 0.404510609762702811
0.953798355547895493 0.012493483805649408 0.403738580094244404
0.954523575308693695 0.000041783360209213 0.402966678703349568
0.955192210736158120 -0.015032842114206191 0.402194910247168913
0.955576839070759743 -0.027704756978875977 0.401423279382050524
0.955800369058477317 -0.040475570158641394 0.400651790763512761
0.955858768217886068 -0.053344321456281096 0.399880449046215336
0.955705094402765631 -0.068914512456727917 0.399109258883932283
0.955385676393935457 -0.081994548999966110 0.398338224929522700
0.954887781574189187 -0.095168341684569779 0.397567351834903382
0.954207120759763883 -0.108434212330270618 0.396796644251020736
0.953142970087527241 -0.124472159266370341 0.396026106827822577
0.952044910222871188 -0.137933760703276342 0.395255744214229765
0.950750084952727503 -0.151480780927630176 0.394485561058108725
0.948930320123821058 -0.167846419553168702 0.393715562006243303
0.947186983444331387 -0.181572257864948572 0.392945751704306401
0.945232653248883836 -0.195374767770374047 0.392176134796831943
0.943062878927108716 -0.209250768220618388 0.391406715927187232
0.940168517082127897 -0.225994176068703978 0.390637499737544969
0.937509178021010303 -0.240019585812689340 0.389868490868854556
0.934620286527220068 -0.254106841333945677 0.389099693960814785
0.931497508935579477 -0.268251844022652175 0.388331113651845694
0.927435421433434271 -0.285295981149087940 0.387562754579060531
0.923783108369453321 -0.299552531540909828 0.386794621378237391
0.919883433618017499 -0.313852263175420199 0.386026718683791847
0.914871600900968307 -0.331061894608491170 0.385259051128749030
0.910413575451946677 -0.345438761508516712 0.384491623344714872
0.905695526850246235 -0.359842124621046144 0.383724439961849018
0.900713704619135580 -0.374266365021656500 0.382957505608836291
0.894382216814468611 -0.391594836791194167 0.382190824912859439
0.888807431822506544 -0.406044364706578509 0.381424402499570547
0.882957618818299039 -0.420495644777238275 0.380658242993063167
0.876829501696858582 -0.434942389430719611 0.379892351015845064
0.869103951531783991 -0.452263468839837091 0.379126731188809796
0.862352571959097425 -0.466677550816232745 0.378361388131208842
0.855313109131735638 -0.481066297010590782 0.377596326460623632
0.847982673991917513 -0.495423101617919581 0.376831550792938397
0.840358407016012054 -0.509741383006143578 0.376067065742311524
0.830817363997472969 -0.526863340970314620 0.375302875921148027
0.822536369092057962 -0.541074282903602266 0.374538985940071401
0.813951786728283833 -0.555226749948844245 0.373775400407896752
0.805059893114952074 -0.569315373733555896 0.373012123931601880
0.793977553773005051 -0.586131205846950332 0.372249161116299909
0.784391856146749555 -0.600065549506799689 0.371486516565211977
0.774478569861054789 -0.613927803398267913 0.370724194879638425
0.764224816314904354 -0.627721969802002455 0.369962200658932039
0.753609862904333294 -0.641459698414331925 0.369200538500469633
0.740342207891474091 -0.657909640271577500 0.368439212999625065
0.728755283098688089 -0.671663784475261649 0.367678228749740488
0.716495894450500437 -0.685630407163555167 0.366917590342099198
0.703034473244898761 -0.700294650292791143 0.366157302365898329
0.681219418019505252 -0.722477844166552807 0.365397369408220485
0.833178134617670096 -0.356742824543885839 0.364637796054006091
0.681954212338374388 -0.722696112299260007 0.363878586886026256
0.663354659896335019 -0.740787364080338406 0.363119746484854844
0.648278638292972276 -0.754746230331662993 0.362361279428840721
0.631070984268670587 -0.769964427989427769 0.361603190294080168
0.616838356747515970 -0.782002163420583929 0.360845483654389343
0.602517700631849062 -0.793635562209691225 0.360088164081276974
0.588038271267672052 -0.804931040971294864 0.359331236143916044
0.573365858914151483 -0.815918852297313535 0.358574704409116762
0.558483218017423955 -0.826612751934103440 0.357818573441299359
0.540335092052703692 -0.839064710012662474 0.357062847802465555
0.524967312447555567 -0.849124684390759610 0.356307532052171694
0.509377498228757553 -0.858894550641470689 0.355552630747501208
0.493567762491730511 -0.868370677375032041 0.354798148443037253
0.477541556931867950 -0.877548567269668123 0.354044089690834618
0.461303331067836553 -0.886423203882704791 0.353290459040392801
0.441545002723615077 -0.896664984412461785 0.352537261038628369
0.424859629380051951 -0.904853576414031191 0.351784500229847863
0.407981073782603842 -0.912721565692360293 0.351032181155719714
0.390916294580766932 -0.920263519578693123 0.350280308355247205
0.373672659013751851 -0.927474115534458576 0.349528886364741498
0.356257906379234046 -0.934348185093307304 0.348777919717793483
0.338680119108832445 -0.940880749685311768 0.348027412945247028
0.317383419701798508 -0.948262357562965619 0.347277370575171052
0.299476950316413637 -0.954027208824447692 0.346527797132833160
0.281435358958755599 -0.959436225293010758 0.345778697140671221
0.263267941838122077 -0.964485512683266877 0.345030075118266999
0.244984239554365768 -0.969171488433024697 0.344281935582318011
0.226594021037304361 -0.973490898698033291 0.343534283046611377
0.208107267409076091 -0.977440834059221442 0.342787122021995572
0.189534155207829513 -0.981018744129768971 0.342040457016353661
0.167147018033637573 -0.984818123349459840 0.341294292534576271
0.148420589445130313 -0.987570454355928273 0.340548633078533836
0.129641473691727516 -0.989945161440384802 0.339803483147050112
0.110820469380016051 -0.991941336339593471 0.339058847235874428
0.091968471092327198 -0.993558487446973837 0.338314729837655315
0.073096447247060992 -0.994796547036246759 0.337571135441912362
0.054215417112279451 -0.995655877012080914 0.336828068535010128
0.035336426969190815 -0.996137273118282596 0.336085533600130215
0.016470525481447562 -0.996241967507754955 0.335343535117245406
-0.002371261772070643 -0.995971629594141650 0.334602077563091016
-0.024934125521873796 -0.995155176857279944 0.333861165411139194
-0.043684331430313583 -0.994067789976087246 0.333120803131571552
-0.062375600157983213 -0.992613628029000772 0.332380995191252027
-0.080997289565612141 -0.990796164336644747 0.331641746053699893
-0.099538917817237393 -0.988619283586844366 0.330903060179063069
-0.117990189489268149 -0.986087270820273032 0.330164942024091357
-0.136341021097618087 -0.983204798498887866 0.329427396042108855
-0.154581565876834637 -0.979976911717241439 0.328690426682987813
-0.172702237534178238 -0.976409011642438429 0.327954038393121539
-0.190693732850079956 -0.972506837283768966 0.327218235615397535
-0.208547052848882697 -0.968276445730576141 0.326483022789170574
-0.226253522501503657 -0.963724190982152562 0.325748404350236054
-0.243804808669582818 -0.958856701556539348 0.325014384730803463
-0.261192936193128999 -0.953680857051633302 0.324280968359469235
-0.278410302047850888 -0.948203763840389180 0.323548159661190049
-0.295449687438919140 -0.942432730106703476 0.322815963057256461
-0.312304267717477935 -0.936375240446350343 0.322084382965266092
-0.328967620198842570 -0.930038930202344627 0.321353423799096927
-0.345433729752426588 -0.923431559777151856 0.320623089968880448
-0.361696992207136636 -0.916560989115498437 0.319893385880975489
-0.377752215616646514 -0.909435152551002490 0.319164315937941478
-0.393594619431793247 -0.902062034204741181 0.318435884538511682
-0.409219831662511468 -0.894449644109194253 0.317708096077566726
-0.424623884094376625 -0.886605995230546950 0.316980954946108506
-0.439803205723289126 -0.878539081513425524 0.316254465531233042
-0.454754614501181209 -0.870256857087867597 0.315528632216104443
-0.469475307550166754 -0.861767216740823239 0.314803459379928152
-0.483962849978440635 -0.853077977747987104 0.314078951397925132
-0.498215162438846448 -0.844196863148028220 0.313355112641304667
-0.512230507667738588 -0.835131486465345185 0.312631947477238548
-0.526007476072670288 -0.825889337967932402 0.311909460268834315
-0.539544970561427917 -0.816477772459477502 0.311187655375109562
-0.552842190783123577 -0.806903998600388972 0.310466537150965005
-0.565898616951013622 -0.797175069726492880 0.309746109947158288
-0.578713993308097585 -0.787297876200864000 0.309026378110278277
-0.591288311481022011 -0.777279139182645906 0.308307345982718140
-0.601174346203492194 -0.769166643867502886 0.307589017902649531
-0.613315464311214198 -0.758909508148725265 0.306871398203996282
-0.625216675192645122 -0.748528712108481376 0.306154491216408586
-0.636878759453358700 -0.738030301178061343 0.305438301265236245
-0.648302666647797676 -0.727420140141877836 0.304722832671503130
-0.659489499940855151 -0.716703914109239504 0.304008089751880761
-0.670440501234661479 -0.705887130524599393 0.303294076818662772
-0.681157036956537065 -0.694975122004653389 0.302580798179738097
-0.691640584384684454 -0.683973050088913848 0.301868258138565604
-0.699860726315108095 -0.675109908945835446 0.301156460994148056
-0.709928922287700326 -0.663958201265288039 0.300445411041005861
-0.719768748658755841 -0.652730012545018057 0.299735112569151418
-0.729381991986913225 -0.641429899990356045 0.299025569864063145
-0.738770494142734324 -0.630062276404038113 0.298316787206659995
-0.747936142946507565 -0.618631417061702327 0.297608768873274754
-0.756880863520801972 -0.607141466954411735 0.296901519135629122
-0.763878884335139618 -0.597909668321724541 0.296195042260807340
-0.772430874922757749 -0.586323412889149687 0.295489342511231157
-0.780767462245542387 -0.574689043388051712 0.294784424144633184
-0.788890648085096235 -0.563010278694206390 0.294080291414031747
-0.796802440708427873 -0.551290744092677421 0.293376948567705464
-0.804504850552402173 -0.539533978972842387 0.292674399849167044
-0.810517372989502771 -0.530104089183982663 0.291972649497137970
-0.817847953585977949 -0.518288983116443003 0.291271701745522582
-0.824974763834509628 -0.506446163671467664 0.290571560823383868
-0.831899794895375799 -0.494578911325265214 0.289872230954915933
-0.838625028496653546 -0.482690455129290208 0.289173716359419908
-0.843862686481110402 -0.473166564372466014 0.288476021251277581
-0.850233246210391314 -0.461247938304305771 0.287779149839927695
-0.856409503287553497 -0.449316928538444849 0.287083106329838189
-0.862393401634613421 -0.437376623066865255 0.286387894920482278
-0.867043323030238677 -0.427819744921918432 0.285693519806313190
-0.872685848899743988 -0.415870412190928684 0.284999985176738024
-0.878141420022622854 -0.403920310660130788 0.284307295216093381
-0.883411957915716806 -0.391972453995187209 0.283615454103619102
-0.887496454933180634 -0.382417802264363116 0.282924466013434350
-0.892438774034713389 -0.370481542836467337 0.282234335114511015
-0.897201443742316251 -0.358555906790199552 0.281545065570649733
-0.901786396402901036 -0.346643868973023572 0.280856661540454244
-0.905327706886476125 -0.337126023005695941 0.280169127177306077
-0.909597671119935058 -0.325245930474000022 0.279482466629339732
-0.913695389784493051 -0.313387717029737445 0.278796684039418097
-0.916850881052342692 -0.303918872878851665 0.278111783545106850
-0.920643573388120307 -0.292107431589458066 0.277427769278649428
-0.924269631888552157 -0.280326052327947384 0.276744645366942488
-0.927051878767938931 -0.270924534765141223 0.276062415931510929
-0.930383180032313906 -0.259204527381604155 0.275381085088483135
-0.933553657774080503 -0.247522602439794293 0.274700656948565658
-0.935975678844554682 -0.238206369673033269 0.274021135617018741
-0.938862069533336285 -0.226600042463751178 0.273342525193631669
-0.941593690192259691 -0.215039558854974056 0.272664829772698014
-0.943669047191446397 -0.205825986583394405 0.271988053442990652
-0.946127715384622814 -0.194354755704960913 0.271312200287737060
-0.948437934756056089 -0.182936750542092796 0.270637274384595228
-0.950180787220617940 -0.173842364512555636 0.269963279805628786
-0.952229676082901433 -0.162526467650828066 0.269290220617281972
-0.953766532833807523 -0.153516908448730394 0.268618100880355593
-0.955561811266485206 -0.142310851063387311 0.267946924649982543
-0.957219596887527890 -0.131168978247777845 0.267276695975603384
-0.958448486338375427 -0.122303137032166664 0.266607418900941251
-0.959865014075785616 -0.111282135088318190 0.265939097463978480
-0.960904133965254315 -0.102515600527741668 0.265271735696931188
-0.962087527369701823 -0.091621839209998668 0.264605337626225900
-0.962943422106008251 -0.082959463644902365 0.263939907272474572
-0.963901909389019429 -0.072198693647932854 0.263275448650450827
-0.964581192393410669 -0.063644819096954686 0.262611965769065092
-0.965323068572887522 -0.053022137031887462 0.261949462631341390
-0.965948200680314395 -0.042478123637599230 0.261287943234391862
-0.966365976147880890 -0.034100395248647164 0.260627411569394229
-0.966787435460495947 -0.023701043687831991 0.259967871621566038
-0.967045589004303929 -0.015440452766264323 0.259309327370142229
-0.967271649749856355 -0.005189102867068474 0.258651782788349882
-0.967376771042348316 0.002951956119315258 0.257995241843384959
-0.967415622041113199 0.013052655747063047 0.257339708496387765
-0.967374215422318495 0.021072336843515338 0.256685186702419799
-0.967233918099427603 0.031020415166201964 0.256031680410439610
-0.967052369900372577 0.038917406279669831 0.255379193563278428
-0.966810548732983888 0.046759582269971067 0.254727730097616900
-0.966425367105429700 0.056485048419825601 0.254077293943961557
-0.966052360023248569 0.064203536667201633 0.253427889026620723
-0.965506961239118944 0.073774256337424571 0.252779519263680752
-0.965008744870097357 0.081368947482709675 0.252132188566982385
-0.964310472307116640 0.090785062651132176 0.251485900842097765
-0.963692814547821963 0.098256284587820431 0.250840659988306292
-0.963023864332498425 0.105672842582648752 0.250196469898570972
-0.962117180325264276 0.114866941400678102 0.249553334459515330
-0.961336715377866025 0.122161199455489033 0.248911257551399867
-0.960293918658226220 0.131203146672421556 0.248270243048098749
-0.959407127538471460 0.138376339339046361 0.247630294817075935
-0.958474679289023856 0.145496201309536388 0.246991416719362256
-0.957246361467351647 0.154321532932903016 0.246353612609532258
-0.956214629830116625 0.161322629972946718 0.245716886335680784
-0.954865095546384435 0.170000654167904053 0.245081241739399380
-0.953738638138081685 0.176884875863416946 0.244446682655753811
-0.952571475250189481 0.183717811362286765 0.243813212913260191
-0.951056536257853358 0.192187509441926418 0.243180836333862671
-0.949800773229573569 0.198906626494425198 0.242549556732909621
-0.948506909025887079 0.205575883569548201 0.241919377919131262
-0.947175698577309877 0.212195740036631109 0.241290303694616182
-0.945460283311519767 0.220401801408889597 0.240662337854788411
-0.944047695487970406 0.226912217510853664 0.240035484188385162
-0.942600071853453958 0.233374762577054196 0.239409746477433349
-0.940742290614931642 0.241386349539372880 0.238785128497226773
-0.939218254268187946 0.247742921851207720 0.238161634016303414
-0.937661289697596212 0.254053163035370844 0.237539266796423398
-0.936072008436303005 0.260317539959525612 0.236918030592545070
-0.934040867444229983 0.268084215630079559 0.236297929152803232
-0.932381028553584512 0.274247070399789628 0.235678966218485830
-0.930690755300538575 0.280365527335003806 0.235061145524012804
-0.928970598091317101 0.286440016171032319 0.234444470796911636
-0.926779196871602151 0.293971930997397823 0.233828945757796114
-0.924993754153851211 0.299948994545846670 0.233214574120343354
-0.923180140897743251 0.305883391457937526 0.232601359591271956
-0.921338865247476213 0.311775487929367712 0.231989305870319185
-0.919470428382646920 0.317625631902087480 0.231378416650218466
-0.917097441087960319 0.324879814812580714 0.230768695616677788
-0.915169695853746079 0.330636735934291992 0.230160146448356639
-0.913216384350848176 0.336352696659061479 0.229552772816844636
-0.911237991269060466 0.342027956271195310 0.228946578386638622
-0.909235000463046061 0.347662751192595654 0.228341566815121244
-0.907207896085474808 0.353257294436272462 0.227737741752538220
-0.905157163684330301 0.358811775201416550 0.227135106841976964
-0.902561265011507685 0.365698787583204121 0.226533665719343968
-0.900459159129293862 0.371163694717133952 0.225933422013343488
-0.898335025286185695 0.376588987641319484 0.225334379345455083
-0.896189366102986718 0.381974753137081457 0.224736541329912165
-0.894022690530708042 0.387321054350548533 0.224139911573680239
-0.891835514566623466 0.392627931309613432 0.223544493676434614
-0.889628361910112742 0.397895401529063830 0.222950291230539055
-0.887401764503767621 0.403123460816190771 0.222357307821024419
-0.885156262987543574 0.408312084196621738 0.221765547025566445
-0.882892407054615358 0.413461226968712181 0.221175012414464467
-0.880610755692759151 0.418570825910953237 0.220585707550619681
-0.878311877320950729 0.423640800604770329 0.219997635989513968
-0.875996349798447538 0.428671054907162064 0.219410801279188383
-0.873664760337726110 0.433661478494955954 0.218825206960221313
-0.871317705282596222 0.438611948549798236 0.218240856565707519
-0.868955789777828724 0.443522331518113544 0.217657753621236849
-0.866579627317950907 0.448392484961606497 0.217075901644872893
-0.864189839181305874 0.453222259477452483 0.216495304147131529
-0.861787053755309951 0.458011500669722349 0.215915964630959911
-0.859371905750158205 0.462760051170791831 0.215337886591715516
-0.856945035307359770 0.467467752697443895 0.214761073517145018
-0.854507087020088818 0.472134448103666282 0.214185528887362697
-0.852058708845669477 0.476759983468459603 0.213611256174830066
-0.849600550972060775 0.481344210101499081 0.213038258844334860
-0.847133264566401145 0.485886986602521387 0.212466540352969940
-0.844657500483267265 0.490388180833010168 0.211896104150112174
-0.842173907931058396 0.494847671808039236 0.211326953677402479
-0.839683133065828646 0.499265351571175908 0.210759092368723977
-0.837810724753758951 0.502551116119462016 0.210192523650182150
-0.835308921421624051 0.506895411845405985 0.209627250940083665
-0.832801685347505760 0.511197680577506586 0.209063277648916135
-0.830289638495091076 0.515457877988789614 0.208500607179326947
-0.827773392941078878 0.519675980180947961 0.207939242926103607
-0.825253549472148018 0.523851984872957921 0.207379188276152232
-0.822730696191911637 0.527985912488594389 0.206820446608478120
-0.820836926965986646 0.531058770688572657 0.206263021294164489
-0.818310178790694787 0.535119184003535309 0.205706915696352854
-0.815781962033597208 0.539137700391852381 0.205152133170222351
-0.813252805849455473 0.543114432349009579 0.204598677062969414
-0.810723220924915222 0.547049518102920573 0.204046550713787689
-0.808826047130560499 0.549973599868031071 0.203495757453848236
-0.806296881690636402 0.553836215389613806 0.202946300606278940
-0.803768588855615640 0.557657698585092176 0.202398183486144662
-0.801241601920296254 0.561438284736303195 0.201851409400427062
-0.799347466778700277 0.564247041515653525 0.201305981648004950
-0.796823740231299982 0.567956700027993366 0.200761903519634410
-0.794302394313058269 0.571626237862893904 0.200219178297928596
-0.792413156819123721 0.574352258264739679 0.199677809257337857
-0.789896797749374491 0.577952387154281655 0.199137799664130727
-0.787383716341225948 0.581513351145693025 0.198599152776373439
-0.784874193977787016 0.585035538886526263 0.198061871843910497
-0.782994543635929463 0.587651978047304846 0.197525960108345194
-0.780491854969618259 0.591107302952160185 0.196991420803020012
-0.777993376608463683 0.594525021616046923 0.196458257152997223
-0.776122397799011932 0.597063906886408424 0.195926472375038851
-0.773631738112003142 0.600416928025018892 0.195396069677588241
-0.771766811293663424 0.602907839959974767 0.194867052260749796
-0.769284440519284907 0.606197649464816246 0.194339423316269994
-0.766806972615184046 0.609452032221739604 0.193813186027518514
-0.764952147089664969 0.611869882242163210 0.193288343569468529
-0.762483475763662266 0.615063522470554291 0.192764899108677640
-0.760635327478752288 0.617436425164208158 0.192242855803268775
-0.758175639082135921 0.620570959241955267 0.191722216802911405
-0.755721129839344696 0.623672467011615272 0.191202985248802360
-0.753883654734694764 0.625977255332021421 0.190685164273646623
-0.751438229105644173 0.629022293567091828 0.190168757001638655
-0.749607557754331078 0.631285366184817009 0.189653766548444014
-0.747171171562006853 0.634275634082815065 0.189140196021179541
-0.745347242673549681 0.636498267142913354 0.188628048518395514
-0.742919779310684203 0.639435465311088080 0.188117327130056300
-0.741102481129655821 0.641618931390610769 0.187608034937522289
-0.738683761980850839 0.644504749612418326 0.187100175013531100
-0.736872940253041397 0.646650308736267165 0.186593750422178684
-0.734462735419946888 0.649486414344544571 0.186088764218901248
-0.732658201506520834 0.651595305526791790 0.185585219450456806
-0.730856297856825377 0.653688854251605389 0.185083119154906633
-0.728457779874638334 0.656456765704420242 0.184582466361596864
-0.726661851281879656 0.658515364374450796 0.184083264091140619
-0.724271143153224939 0.661237453177613510 0.183585515355399187
-0.722480951856071196 0.663262257747449402 0.183089223157464454
-0.720693144809072539 0.665272921837312126 0.182594390491640279
-0.718313033284770364 0.667932156096946450 0.182101020343424957
-0.716530615212160660 0.669910596374390765 0.181609115689492451
-0.714157528339183889 0.672527564189552063 0.181118679497675406
-0.712380260452588288 0.674474815117393600 0.180629714726946222
-0.710605129638314792 0.676409001385656516 0.180142224327400208
-0.708241543784631444 0.678967894163438279 0.179656211240236729
-0.706471246398546304 0.680872265401751720 0.179171678397742395
-0.704702959332201062 0.682764133247369731 0.178688628723273041
-0.702348312733389601 0.685267444713179130 0.178207065131235742
-0.700584590155103770 0.687130739499574261 0.177726990527071554
-0.698822775966172816 0.688982033328976229 0.177248407807238162
-0.697062845647238416 0.690821464948676800 0.176771319859192089
-0.694719165938281202 0.693255817308655486 0.176295729561371350
-0.692963554132007165 0.695068078094954411 0.175821639783178052
-0.691209768401750635 0.696868898001628434 0.175349053384961262
-0.689457799284450168 0.698658390932262785 0.174877973217999694
-0.687124657326675603 0.701026947764429975 0.174408402124484219
-0.685376912542351557 0.702790421412991639 0.173940342937500991
-0.683630982041512625 0.704542905830589095 0.173473798481014518
-0.681886874431539391 0.706284489785430902 0.173008771569850284
-0.680144602813807286 0.708015256313956565 0.172545265009677762
-0.678404184889843220 0.709735282760620034 0.172083281596993737
-0.676086550593537949 0.712012067675483640 0.171622824119105372
-0.674350553321962476 0.713707303145772132 0.171163895354113277
-0.672616503047057002 0.715392016025968802 0.170706498070894802
-0.670884438268432581 0.717066259791497962 0.170250635029087161
-0.669154402391998193 0.718730082672630943 0.169796308979071303
-0.667426443751113374 0.720383527765482534 0.169343522661954737
-0.665700615606933610 0.722026633160985032 0.168892278809555235
-0.663976976110164152 0.723659432105968059 0.168442580144384513
-0.662255588295477593 0.725281953129776502 0.167994429379631272
-0.659964025099042395 0.727429367473296673 0.167547829219145628
-0.658248163247419971 0.729027992499784339 0.167102782357422014
-0.656534797558415706 0.730616402959073707 0.166659291479583554
-0.654824011374825599 0.732194609037698063 0.166217359261365216
-0.653115892445667257 0.733762617221355606 0.165776988369098488
-0.651410532801246611 0.735320430500875366 0.165338181459694394
-0.649708028602021592 0.736868048596128755 0.164900941180628258
-0.648008479955217154 0.738405468202152471 0.164465270169923072
-0.646311990754201759 0.739932683208606390 0.164031171056134129
-0.644618668472329071 0.741449684952997901 0.163598646458332858
-0.642928623946579902 0.742956462475772628 0.163167698986090987
-0.641803804733618755 0.743955294357307340 0.162738331239465017
-0.640119477860328079 0.745445001725127954 0.162310545808980133
-0.638438739003938105 0.746924446368361972 0.161884345275615377
-0.636761709338237392 0.748393611097041056 0.161459732210787160
-0.635088512219155188 0.749852477666950401 0.161036709176334170
-0.633419272950784040 0.751301027007895028 0.160615278724501848
-0.631754118465937431 0.752739239517688619 0.160195443397927406
-0.630093177057219567 0.754167095304620450 0.159777205729623673
-0.628436578055355688 0.755584574468540771 0.159360568242964351
-0.627334655374824135 0.756523786066854220 0.158945533451668869
-0.625685582966709397 0.757923927430382172 0.158532103859786916
-0.624041200579764976 0.759313641016892027 0.158120281961683429
-0.622401638704213500 0.760692909074804802 0.157710070242023437
-0.620767027396033733 0.762061715024804798 0.157301471175757601
-0.619680100746234808 0.762968432474637304 0.156894487228106394
-0.618054027263142070 0.764319768615581596 0.156489120854546221
-0.616433246700110460 0.765660605866349098 0.156085374500793544
-0.614817884867674525 0.766990933846395828 0.155683250602791229
-0.613208065679973768 0.768310744367927789 0.155282751586692802
-0.612137992358369520 0.769184772033111974 0.154883879868848662
-0.610537680256006743 0.770487041752972113 0.154486637855791142
-0.608943229826171883 0.771778784215198632 0.154091027944219749
-0.607883576047177243 0.772634097915098739 0.153697052520987060
-0.606299148020655987 0.773908299355724694 0.153304713963084344
-0.604720879865603855 0.775171983713222157 0.152914014637626994
-0.603672175472144246 0.776008601688700117 0.152524956901840314
-0.602104406216837362 0.777254780297821246 0.152137543103045308
-0.600543069395102491 0.778490474476225103 0.151751775578644582
-0.599505798723093619 0.779308454863908762 0.151367656656108324
-0.597955391019386107 0.780526717642819223 0.150985188652959929
-0.596411658580973780 0.781734552893182277 0.150604373876762149
-0.595386253131244381 0.782533996919684838 0.150225214625103520
-0.593853827504825182 0.783724516592942955 0.149847713185584097
-0.592836031031905297 0.784512446748381720 0.149471871835801767
-0.591315119401098821 0.785685744855856960 0.149097692843338375
-0.590305062303570494 0.786462229406833524 0.148725178465746399
-0.588795848493785412 0.787618416710977542 0.148354330950535129
-0.587293731637068328 0.788764397628539560 0.147985152535156927
-0.586296289178059538 0.789522738950018454 0.147617645446993906
-0.584806114095546392 0.790651820763219160 0.147251811903344576
-0.583816675179734457 0.791398945730266479 0.146887654111410415
-0.582338562353794442 0.792511281823201963 0.146525174268282266
-0.581357199058321394 0.793247297941657825 0.146164374560927651
-0.580379082485140252 0.793978902931764652 0.145805257166176955
-0.578918012103386226 0.795068082314232094 0.145447824250710761
-0.577948044346541012 0.795788746039345907 0.145092077971046479
-0.576499224538469801 0.796861610340585003 0.144738020473525603
-0.575537438295420034 0.797571464054859125 0.144385653894300470
-0.574100906045181048 0.798628217014542785 0.144034980359321579
-0.573147318004862738 0.799327400986915793 0.143686001984324796
-0.572197010411181317 0.800022358240094711 0.143338720874818359
-0.570777697811392759 0.801056922333142629 0.142993139126070229
-0.569835585676969347 0.801741420205509092 0.142649258823095815
-0.568896746956105037 0.802421778555924115 0.142307082040644906
-0.567494617268511470 0.803434611370012486 0.141966610843189456
-0.566563942067005333 0.804104735411394267 0.141627847284910818
-0.565636521907902257 0.804770812627580767 0.141290793409687837
-0.564251478806756968 0.805762400677380253 0.140955451251084163
-0.563332162732037678 0.806418481475570714 0.140621822832335985
-0.562416072687928148 0.807070612898368789 0.140289910166339848
-0.561503198545368898 0.807718823550306331 0.139959715255640799
-0.560139893069091954 0.808683851402721365 0.139631240092419895
-0.559235009277235240 0.809322387235319685 0.139304486658482385
-0.558333299890322210 0.809957104711340303 0.138979456925245687
-0.557434751418917740 0.810588033667835384 0.138656152853727538
-0.556092824201083635 0.811527389464165583 0.138334576394534364
-0.555202114466112895 0.812148979132609194 0.138014729487848986
-0.554314513081830329 0.812766886406216083 0.137696614063419348
-0.553430003596867781 0.813381142013225533 0.137380232040546862
-0.552548568960530062 0.813991776832715730 0.137065585328074641
-0.551670191533115917 0.814598821885583746 0.136752675824376058
-0.550358317729495394 0.815502726781904719 0.136441505417343317
-0.549487502572922892 0.816100933853838084 0.136132075984376016
-0.548619678637059738 0.816695660560160963 0.135824389392369904
-0.547754825936073386 0.817286938333851576 0.135518447497705474
-0.546892924003072767 0.817874798669020908 0.135214252146237057
-0.546033951926060968 0.818459273096080575 0.134911805173281107
-0.545177888360323548 0.819040393172771775 0.134611108403605934
-0.544324711550241758 0.819618190469209806 0.134312163651419847
-0.543474399344901604 0.820192696557217382 0.134014972720361059
-0.542626929222009058 0.820763942994267914 0.133719537403486022
-0.541782278291614516 0.821331961320995285 0.133425859483258913
-0.540940423341447318 0.821896783031385358 0.133133940731541361
-0.540101340821107168 0.822458439583566348 0.132843782909580932
-0.539265006893385079 0.823016962366329707 0.132555387768000910
-0.538431397416999524 0.823572382711108442 0.132268757046789781
-0.537600487999256083 0.824124731858019599 0.131983892475290826
-0.536772253976481539 0.824674040969609057 0.131700795772191348
-0.535946670465164199 0.825220341098230614 0.131419468645512461
-0.535123712349197977 0.825763663195347331 0.131139912792598762
-0.534303354324239588 0.826304038083995107 0.130862129900108481
-0.533485570879620563 0.826841496471538262 0.130586121644002573
-0.532670336358724628 0.827376068912022200 0.130311889689535138
-0.532263666874066343 0.827642282417066277 0.130039435691243210
-0.531452207250444508 0.828172582934444290 0.129768761292936907
-0.530643231722039643 0.828700073259825976 0.129499868127689266
-0.529836714134073739 0.829224783414229227 0.129232757817826449
-0.529032628255212800 0.829746743227811501 0.128967431974918306
-0.528230947743356438 0.830265982363685984 0.128703892199768077
-0.527831001251830356 0.830524590893038206 0.128442140082403289
-0.527032879282211653 0.831039804189642184 0.128182177202065650
-0.526237096585623898 0.831552370090754667 0.127924005127202034
-0.525443626661902918 0.832062317543473151 0.127667625415454483
-0.525047750705568861 0.832316318337028682 0.127413039613651358
-0.524257700221431255 0.832822391914022631 0.127160249257797620
-0.523469896227653830 0.833325918436137680 0.126909255873065646
-0.522684312241328164 0.833826926049966111 0.126660060973786071
-0.522292344486565696 0.834076493994528545 0.126412666063438650
-0.521510040954270004 0.834573775477695068 0.126167072634643274
-0.520729891449422166 0.835068607317733691 0.125923282169150691
-0.520340616249383436 0.835315113145463362 0.125681296137833798
-0.519563648578913018 0.835806321522689966 0.125441116000678810
-0.518788769486637324 0.836295147852068932 0.125202743206776296
-0.518402105035910887 0.836538676054785379 0.124966179194312452
-0.517630310158638030 0.837023978988784001 0.124731425390560466
-0.517245173295939442 0.837265760243905754 0.124498483211871971
-0.516476404712713388 0.837747598496225043 0.124267354063668414
-0.515709621776240579 0.838227159062862714 0.124038039340432532
-0.515326967018804316 0.838466093135997625 0.123810540425700069
-0.514563115231469581 0.838942284526187132 0.123584858692051325
-0.514181911964908478 0.839179548047883639 0.123360995501102993
-0.513420935224647046 0.839652426087269199 0.123138952203499741
-0.513041155610560073 0.839888046680061340 0.122918730138906251
-0.512282998690897995 0.840357666022843564 0.122700330635999083
-0.511904615349728531 0.840591670715047479 0.122483755012458659
-0.511149223977824918 0.841058084813672391 0.122269004574961190
-0.510772210035114416 0.841290500020025034 0.122056080619171087
-0.510019531030881157 0.841753761058779859 0.121844984429732739
-0.509643860182184105 0.841984612550258360 0.121635717280263234
-0.509268631294454766 0.842214948414452769 0.121428280433344166
-0.508519488086750737 0.842674084306330617 0.121222675140514505
-0.508145568190106811 0.842902889781999454 0.121018902642262602
-0.507399018031573168 0.843358989238814249 0.120816964168019139
-0.507026382348484517 0.843586288513762939 0.120616860936149317
-0.506654169362098949 0.843813090971166857 0.120418594153945749
-0.505911000947128930 0.844265215727018403 0.120222165017621091
-0.505540040330321627 0.844490543102050184 0.120027574712300855
-0.505169492029915346 0.844715383815023424 0.119834824412016289
-0.504429622357286722 0.845163615093025622 0.119643915279697144
-0.504060296053589263 0.845387010507396841 0.119454848467164781
-0.503691372211056643 0.845609928954096923 0.119267625115125314
-0.503322848443391480 0.845832372788433151 0.119082246353162544
-0.502586991821103224 0.846275845859419840 0.118898713299731174
-0.502219654388149972 0.846496879648850120 0.118717027062150135
-0.501852707889418603 0.846717447922232469 0.118537188736595883
-0.501486150131526753 0.846937552878675670 0.118359199408095833
-0.500754192276219090 0.847376381472854656 0.118183060150521657
-0.500388788002917417 0.847595109345141595 0.118008772026582914
-0.500023764109023938 0.847813382375648739 0.117836336087820667
-0.499659118618875298 0.848031202596663314 0.117665753374601195
-0.499294849590481704 0.848248572013461155 0.117497024916109374
-0.498930955125259146 0.848465492598609816 0.117330151730342946
-0.498204282522088537 0.848897994993556226 0.117165134824105996
-0.497841500826099626 0.849113580573893634 0.117001975193003135
-0.497479086565301709 0.849328724871089347 0.116840673821433358
-0.497117038076797690 0.849543429686150819 0.116681231682584041
-0.496755353752178108 0.849757696782024508 0.116523649738425272
-0.496394032021037379 0.849971527893329193 0.116367928939703880
-0.496033071371395407 0.850184924714649459 0.116214070225937813
-0.495672470339011129 0.850397888906976762 0.116062074525410328
-0.495312227511117864 0.850610422095646523 0.115911942755164490
-0.494952341526726847 0.850822525870357560 0.115763675820997711
-0.494592811089179463 0.851034201778162580 0.115617274617456051
-0.494233634929750643 0.851245451344657900 0.115472740027829104
-0.493874811856454876 0.851456276045866933 0.115330072924144461
-0.493516340729167224 0.851666677322907129 0.115189274167162514
-0.493158220461184627 0.851876656581279090 0.115050344606371285
-0.492800450016889657 0.852086215192347174 0.114913285079981331
-0.492443028416099104 0.852295354491008350 0.114778096414920497
-0.492085954755905108 0.852504075763364955 0.114644779426829185
-0.491729228168513388 0.852712380271169468 0.114513334920055415
-0.491372847854122385 0.852920269233028439 0.114383763687649603
-0.491016813071582625 0.853127743830068508 0.114256066511360263
-0.491016813071582625 0.853127743830068508 0.114130244161628980
-0.490661123141121813 0.853334805204503555 0.114006297397585929
-0.490305777440585122 0.853541454462005356 0.113884226967045130
-0.489950775415159967 0.853747692666280034 0.113764033606500142
-0.489596116559558536 0.853953520849589531 0.113645718041119337
-0.489596116559558536 0.853953520849589531 0.113529280984741868
-0.489241800446222119 0.854158939996709110 0.113414723139873122
-0.488887826696511707 0.854363951061482330 0.113302045197680529
-0.488534194998768379 0.854568554957122251 0.113191247837989437
-0.488180905106755103 0.854772752556679172 0.113082331729278909
-0.488180905106755103 0.854772752556679172 0.112975297528677909
-0.487827956834009036 0.854976544697014784 0.112870145881961009
-0.487475350068427127 0.855179932170393342 0.112766877423544909
-0.487475350068427127 0.855179932170393342 0.112665492776484119
-0.487123084747770496 0.855382915738699845 0.112565992552467672
-0.486771160887786214 0.855585496117670430 0.112468377351815099
-0.486771160887786214 0.855585496117670430 0.112372647763472971
-0.486419578553700549 0.855787673993224751 0.112278804365011281
-0.486068337900708525 0.855989449998776908 0.112186847722619942
-0.486068337900708525 0.855989449998776908 0.112096778391105545
-0.485717439119307870 0.856190824746318024 0.112008596913887773
-0.485717439119307870 0.856190824746318024 0.111922303822996186
-0.485366882498314611 0.856391798791045877 0.111837899639067123
-0.485016668369836423 0.856592372662599688 0.111755384871340541
-0.485016668369836423 0.856592372662599688 0.111674760017656721
-0.484666797133300853 0.856792546851690595 0.111596025564453569
-0.484666797133300853 0.856792546851690595 0.111519181986763555
-0.484317269269779083 0.856992321802338974 0.111444229748210735
-0.484317269269779083 0.856992321802338974 0.111371169301008127
-0.483968085325683250 0.857191697921033779 0.111300001085954892
-0.483968085325683250 0.857191697921033779 0.111230725532433697
-0.483619245891350746 0.857390675589225104 0.111163343058408165
-0.483619245891350746 0.857390675589225104 0.111097854070420235
-0.483270751653028574 0.857589255134124095 0.111034258963587817
-0.483270751653028574 0.857589255134124095 0.110972558121602394
-0.483270751653028574 0.857589255134124095 0.110912751916726629
-0.482922603348794444 0.857787436853758800 0.110854840709792277
-0.482922603348794444 0.857787436853758800 0.110798824850197819
-0.482574801790470076 0.857985221004807674 0.110744704675906469
-0.482574801790470076 0.857985221004807674 0.110692480513444172
-0.482574801790470076 0.857985221004807674 0.110642152677897440
-0.482227347850727739 0.858182607810047515 0.110593721472911730
-0.482227347850727739 0.858182607810047515 0.110547187190689372
-0.482227347850727739 0.858182607810047515 0.110502550111987896
-0.481880242481667553 0.858379597448270637 0.110459810506118417
-0.481880242481667553 0.858379597448270637 0.110418968630943887
-0.481880242481667553 0.858379597448270637 0.110380024732877557
-0.481880242481667553 0.858379597448270637 0.110342979046881562
-0.481533486692878432 0.858576190066232425 0.110307831796465444
-0.481533486692878432 0.858576190066232425 0.110274583193684828
-0.481533486692878432 0.858576190066232425 0.110243233439140137
-0.481533486688411227 0.858576190068738088 0.110213782721975392
-0.481533486688411227 0.858576190068738088 0.110186231219877029
-0.481187081560890850 0.858772385774550950 0.110160579099072869
-0.481187081560890850 0.858772385774550950 0.110136826514331099
-0.481187081560890850 0.858772385774550950 0.110114973608959388
-0.481187081560890850 0.858772385774550950 0.110095020514803896
-0.481187081560890850 0.858772385774550950 0.110076967352248589
-0.481187081560890850 0.858772385774550950 0.110060814230214563
-0.481187081560890850 0.858772385774550950 0.110046561246159164
-0.481187081560890850 0.858772385774550950 0.110034208486075674
-0.481187081560890850 0.858772385774550950 0.110023756024492547
-0.480841028233572221 0.858968184644431365 0.110015203924473198
-0.480841028232648016 0.858968184644922972 0.110008552237615381
-0.480841028232648016 0.858968184644922972 0.110003801004051049
-0.480841028232648016 0.858968184644922972 0.110000950252446050
-0.480841028232648016 0.858968184644922972 0.110000000000000001
