-0.346738411102646693 -0.733904611933757556 0.739999999999999991
-0.346738411102646693 -0.733904611933757556 0.739999049747553928
-0.346738411102646693 -0.733904611933757556 0.739996198995948928
-0.346738411102646693 -0.733904611933757556 0.739991447762384680
-0.346738411102646693 -0.733904611933757556 0.739984796075526807
-0.346738411102646693 -0.733904611933757556 0.739976243975507431
-0.346738411102646693 -0.733904611933757556 0.739965791513924276
-0.346738411102646693 -0.733904611933757556 0.739953438753840897
-0.346738411102646693 -0.733904611933757556 0.739939185769785457
-0.346738411102646693 -0.733904611933757556 0.739923032647751389
-0.346738411102646693 -0.733904611933757556 0.739904979485196068
-0.346738411102646693 -0.733904611933757556 0.739885026391040590
-0.346738411102646693 -0.733904611933757556 0.739863173485668879
-0.346738411102646693 -0.733904611933757556 0.739839420900927136
-0.346738411102646693 -0.733904611933757556 0.739813768780122949
-0.346738411102646693 -0.733904611933757556 0.739786217278024627
-0.346738411102646693 -0.733904611933757556 0.739756766560859869
-0.346738411102646693 -0.733904611933757556 0.739725416806315206
-0.346738411102646693 -0.733904611933757556 0.739692168203534561
-0.346738411102646693 -0.733904611933757556 0.739657020953118471
-0.346738411102646693 -0.733904611933757556 0.739619975267122420
-0.346738411102646693 -0.733904611933757556 0.739581031369056063
-0.346738411102646693 -0.733904611933757556 0.739540189493881561
-0.346738411102646693 -0.733904611933757556 0.739497449888012137
-0.346738411102646693 -0.733904611933757556 0.739452812809310633
-0.346738411102646693 -0.733904611933757556 0.739406278527088290
-0.346738411102646693 -0.733904611933757556 0.739357847322102524
-0.346738411102646693 -0.733904611933757556 0.739307519486555820
-0.346738411102646693 -0.733904611933757556 0.739255295324093509
-0.346738411102646693 -0.733904611933757556 0.739201175149802103
-0.346738411102646693 -0.733904611933757556 0.739145159290207743
-0.346738411102646693 -0.733904611933757556 0.739087248083273307
-0.346738411102646693 -0.733904611933757556 0.739027441878397529
-0.346738411102646693 -0.733904611933757556 0.738965741036412216
-0.346738411102646693 -0.733904611933757556 0.738902145929579812
-0.346738411102646693 -0.733904611933757556 0.738836656941591730
-0.346738411102646693 -0.733904611933757556 0.738769274467566239
-0.346738411102646693 -0.733904611933757556 0.738699998914045142
-0.346738411102646693 -0.733904611933757556 0.738628830698991878
-0.346738411102646693 -0.733904611933757556 0.738555770251789201
-0.346738411102646693 -0.733904611933757556 0.738480818013236395
-0.346738411102646693 -0.733904611933757556 0.738403974435546395
-0.346738411102646693 -0.733904611933757556 0.738325239982343340
-0.346738411102646693 -0.733904611933757556 0.738244615128659576
-0.346738411102646693 -0.733904611933757556 0.738162100360932882
-0.346738411102646693 -0.733904611933757556 0.738077696177003806
-0.346738411102646693 -0.733904611933757556 0.737991403086112219
-0.346738411102646693 -0.733904611933757556 0.737903221608894433
-0.346738411102646693 -0.733904611933757556 0.737813152277379980
-0.346738411102646693 -0.733904611933757556 0.737721195634988725
-0.346738411102646693 -0.733904611933757556 0.737627352236526979
-0.346738411102646693 -0.733904611933757556 0.737531622648184837
-0.346738411102646693 -0.733904611933757556 0.737434007447532291
-0.346738411102646693 -0.733904611933757556 0.737334507223515900
-0.346738411102646693 -0.733904611933757556 0.737233122576455124
-0.346738411102646693 -0.733904611933757556 0.737129854118038996
-0.346738411102646693 -0.733904611933757556 0.737024702471322124
-0.346738411102646693 -0.733904611933757556 0.736917668270721027
-0.346738411102646693 -0.733904611933757556 0.736808752162010583
-0.346738411102646693 -0.733904611933757556 0.736697954802319477
-0.346738411102646693 -0.733904611933757556 0.736585276860126870
-0.346738411102646693 -0.733904611933757556 0.736470719015258179
-0.346738411102646693 -0.733904611933757556 0.736354281958880641
-0.346738411102646693 -0.733904611933757556 0.736235966393499863
-0.346738411102646693 -0.733904611933757556 0.736115773032954834
-0.346738411102646693 -0.733904611933757556 0.735993702602414035
-0.346738411102646693 -0.733904611933757556 0.735869755838370998
-0.346738411102646693 -0.733904611933757556 0.735743933488639756
-0.346738411102646693 -0.733904611933757556 0.735616236312350402
-0.346738411102646693 -0.733904611933757556 0.735486665079944646
-0.346738411102646693 -0.733904611933757556 0.735355220573170709
-0.346738411102646693 -0.733904611933757556 0.735221903585079439
-0.346738411102646693 -0.733904611933757556 0.735086714920018758
-0.346738411102646693 -0.733904611933757556 0.734949655393628665
-0.346738411102646693 -0.733904611933757556 0.734810725832837464
-0.346738411102646693 -0.733904611933757556 0.734669927075855544
-0.346738411102646693 -0.733904611933757556 0.734527259972170943
-0.346738411102646693 -0.733904611933757556 0.734382725382543899
-0.346738411102646693 -0.733904611933757556 0.734236324179002309
-0.346738411102646693 -0.733904611933757556 0.734088057244835501
-0.346738411102646693 -0.733904611933757556 0.733937925474589692
-0.346738411102646693 -0.733904611933757556 0.733785929774062096
-0.346738411102646693 -0.733904611933757556 0.733632071060296154
-0.346738411102646693 -0.733904611933757556 0.733476350261574761
-0.346738411102646693 -0.733904611933757556 0.733318768317415937
-0.346738411102646693 -0.733904611933757556 0.733159326178566717
-0.346738411102646693 -0.733904611933757556 0.732998024806996828
-0.346738411102646693 -0.733904611933757556 0.732834865175894024
-0.346738411102646693 -0.733904611933757556 0.732669848269657087
-0.346738411102646693 -0.733904611933757556 0.732502975083890617
-0.346738411102646693 -0.733904611933757556 0.732334246625398921
-0.346738411102646693 -0.733904611933757556 0.732163663912179352
-0.346738411102646693 -0.733904611933757556 0.731991227973417091
-0.346738411102646693 -0.733904611933757556 0.731816939849478376
-0.346738411102646693 -0.733904611933757556 0.731640800591904172
-0.346738411102646693 -0.733904611933757556 0.731462811263404067
-0.346738411102646693 -0.733904611933757556 0.731282972937849940
-0.346738411102646693 -0.733904611933757556 0.731101286700268749
-0.346738411102646693 -0.733904611933757556 0.730917753646837420
-0.346738411102646693 -0.733904611933757556 0.730732374884874636
-0.346738411102646693 -0.733904611933757556 0.730545151532835280
-0.346738411102646693 -0.733904611933757556 0.730356084720302889
-0.346738411102646693 -0.733904611933757556 0.730165175587983772
-0.348099949281285348 -0.733098063403888722 0.729972425287699123
-0.349473931658696557 -0.732266672474727764 0.729777834982378915
-0.350864690974659776 -0.731402228473538973 0.729581405846054243
-0.353728127929089253 -0.729514075068897205 0.729383139063850661
-0.355232227094417041 -0.728430331402143305 0.729183035831980852
-0.356831448361367487 -0.727163504287748896 0.728981097357737307
-0.360870499490754337 -0.723002323884747611 0.728777324859485542
-0.364930841670412676 -0.716880796490628525 0.728571719566655895
-0.356059157504623580 -0.737016693320545313 0.728364282719736744
-0.360398827248612053 -0.730847426287417390 0.728155015570267294
-0.364521669318007946 -0.726637053898607777 0.727943919380828919
-0.366140319463890085 -0.725339294091460696 0.727730995425038829
-0.369130480727644095 -0.723197322083853233 0.727516244987541416
-0.370565125539418005 -0.722237024053780097 0.727299669364000922
-0.371978124210250172 -0.721316109352580725 0.727081269861093782
-0.374764576950979644 -0.719545451385928514 0.726861047796500293
-0.377521123575893069 -0.717827436620205317 0.726639004498896957
-0.378893090274966537 -0.716979083170740106 0.726415141307948709
-0.381629975837252000 -0.715293391486563346 0.726189459574299923
-0.382996349921996215 -0.714453366536672130 0.725961960659567529
-0.385727482862191606 -0.712774311393419513 0.725732645936331688
-0.387092960209525438 -0.711933960404086630 0.725501516788128020
-0.389825070011664943 -0.710249165264025706 0.725268574609439609
-0.392560016131942024 -0.708556537847846113 0.725033820805687568
-0.393928933056063912 -0.707706590313265216 0.724797256793223710
-0.396670240084198267 -0.705998352213929703 0.724558883999321224
-0.398042821057340346 -0.705139709352445410 0.724318703862166235
-0.400792234592348751 -0.703412637931263518 0.724076717830849370
-0.403547750245337289 -0.701671701180297647 0.723832927365356760
-0.404927935061221600 -0.700795767156811800 0.723587333936561383
-0.407693391996461152 -0.699032508414181963 0.723339939026213963
-0.410465896880566838 -0.697253523116758478 0.723090744126934415
-0.413245722805755666 -0.695458232501355411 0.722839750742202303
-0.414638454730552386 -0.694554308862011749 0.722586960386348620
-0.417429683871925417 -0.692733604088771049 0.722332374584545467
-0.420228747259645097 -0.690895383484084968 0.722075994872797944
-0.423035797692559001 -0.689039227858520564 0.721817822797934383
-0.424442359076425690 -0.688104300691044224 0.721557859917596800
-0.427261624042269694 -0.686220512238413627 0.721296107800231900
-0.430089156786985394 -0.684317844532569719 0.721032568025081755
-0.432925034356769600 -0.682395950748745372 0.720767242182173473
-0.435769315658883161 -0.680454497521616464 0.720500131872310767
-0.437194621384129456 -0.679476335135090315 0.720231238707063071
-0.440051581199842612 -0.677504942482778705 0.719960564308756767
-0.442917017982427885 -0.675513204233735731 0.719688110310464868
-0.445790932836283793 -0.673500821547582174 0.719413878355997460
-0.448673311307898448 -0.671467503182553660 0.719137870099891496
-0.451564123622076818 -0.669412964881346273 0.718860087207401133
-0.454463324853219275 -0.667336928901473447 0.718580531354487628
-0.457370855068885751 -0.665239123646321096 0.718299204227808685
-0.460286639436456757 -0.663119283390954495 0.718016107524709124
-0.463210588317377825 -0.660977148075162058 0.717731242953210224
-0.464675592414208638 -0.659897640009770692 0.717444612231999179
-0.467611587848843380 -0.657721586504313449 0.717156217090419101
-0.470555459597081227 -0.655522611634417940 0.716866059268458589
-0.473507067077175048 -0.653300474162321398 0.716574140516741065
-0.476466255536681538 -0.651054938041380038 0.716280462596514012
-0.479432856337707047 -0.648785772347629353 0.715985027279638975
-0.483896253729932724 -0.645337225589387442 0.715687836348580131
-0.486880560536159190 -0.643008008462946146 0.715388891596394072
-0.489871587562394128 -0.640654392366967418 0.715088194826718926
-0.492869111786583936 -0.638276167796008265 0.714785747853762921
-0.495872902041730679 -0.635873129198008313 0.714481552502294504
-0.498882722175108928 -0.633445074300606148 0.714175610607630129
-0.501898335961256326 -0.630991803087717518 0.713867924015623934
-0.504919515127479346 -0.628513116131450333 0.713558494582656633
-0.507946053030232547 -0.626008811787730934 0.713247324175623976
-0.510977789240940727 -0.623478681256874667 0.712934414671925309
-0.515535042188635773 -0.619634559545024999 0.712619767959453143
-0.518579960301754239 -0.617038788285192652 0.712303385936580713
-0.521631290526461067 -0.614416129009969225 0.711985270512151103
-0.524691795468138489 -0.611765818420570873 0.711665423605465697
-0.527770723734061198 -0.609085859242191718 0.711343847146272412
-0.530918213620059865 -0.606366481990913919 0.711020543074754374
-0.534981708664042155 -0.602361940818827768 0.710695513341517593
-0.538242644112768343 -0.599554049272123746 0.710368759907580083
-0.541341303572097865 -0.596749443921232525 0.710040284744359096
-0.544414593569696237 -0.593921937174440639 0.709710089833660129
-0.549008967025190864 -0.589630814186630881 0.709378177167664048
-0.552066497401563994 -0.586735149227698427 0.709044548748915870
-0.555120849851639453 -0.583810544965441158 0.708709206590312113
-0.559696871697449527 -0.579366957410281547 0.708372152715089243
-0.562743965241315425 -0.576364123385477822 0.708033389156810689
-0.565788450718826663 -0.573324814254002391 0.707692917959355072
-0.570352924735074041 -0.568676683088223944 0.707350741176904108
-0.573401983797643289 -0.565471538218393910 0.707006860873929721
-0.576496448601628408 -0.561948885941506493 0.706661279125181618
-0.580687043116390744 -0.559064857804700277 0.706313998015675182
-0.583806709639921761 -0.555241987114242885 0.705965019640678482
-0.588331279662748341 -0.550227363575467199 0.705614346105699508
-0.591322313459743620 -0.546928158573815826 0.705261979526474403
-0.594300087822926204 -0.543620861027518498 0.704907922028953582
-0.598744059627181469 -0.538624635949175312 0.704552175749289300
-0.601691610866125104 -0.535264708818367074 0.704194742833822995
-0.606089404524359110 -0.530176654332874642 0.703835625439072410
-0.609004829965903438 -0.526751082875637988 0.703474825731717712
-0.613351845796153983 -0.521560860286175876 0.703112345888589618
-0.616231524402150788 -0.518065479012701946 0.702748188096655402
-0.620521907010549323 -0.512768641886151677 0.702382354553006127
-0.623361755996522215 -0.509201096430333400 0.702014847464843106
-0.627589199283727583 -0.503794506796403141 0.701645669049464793
-0.630384918751335732 -0.500152797194172161 0.701274821534253578
-0.634542851012733666 -0.494633409426457005 0.700902307156661686
-0.637289983889732237 -0.490915401172315524 0.700528128164198294
-0.641371606604446698 -0.485279760980980801 0.700152286814415881
-0.645404080511327360 -0.479572423884156496 0.699774785374896457
-0.648063812750264590 -0.475726872176191029 0.699395626123237801
-0.652008570736889781 -0.469896155947513883 0.699014811347040133
-0.654607341422267841 -0.465966510866843708 0.698632343343891682
-0.658456826508626136 -0.460006556109660625 0.698248224421355368
-0.662245338546119000 -0.453965671430016315 0.697862456896954697
-0.664735662875965083 -0.449892003651077510 0.697475043098159664
-0.668415813717748830 -0.443709440103913944 0.697085985362372984
-0.672026655116116478 -0.437437107442934736 0.696695286036915662
-0.674393683775878161 -0.433203648371756456 0.696302947479013001
-0.677881236650218044 -0.426772187030432182 0.695908972055780284
-0.681289758319676086 -0.420238605026369061 0.695513362144208891
-0.683516162211588285 -0.415823322257943606 0.695116120131151316
-0.686783556557150066 -0.409106309738579088 0.694717248413307176
-0.689960005233464235 -0.402270018332344659 0.694316749397208888
-0.693040234165468449 -0.395306424613375895 0.693914625499206461
-0.695037404376888990 -0.390588873707418127 0.693510879145453840
-0.697943943936378708 -0.383392375729967316 0.693105512771893584
-0.700737095010295352 -0.376041674494339340 0.692698528824242432
-0.703408887353093148 -0.368524162174813597 0.692289929757976541
-0.705950252786078258 -0.360825548744159730 0.691879718038316605
-0.707566969381978494 -0.355584606754960231 0.691467896140213090
-0.709867099807272139 -0.347547035425476492 0.691054466548331137
-0.712005403103616152 -0.339280018514037829 0.690639431757035682
-0.713966461517611450 -0.330760631297806695 0.690222794270376361
-0.715732177439254991 -0.321962669608743757 0.689804556602072627
-0.717281164058173548 -0.312856104817601566 0.689384721275498102
-0.718587973009001124 -0.303406430264970939 0.688963290823665919
-0.719309819434481135 -0.296896634638064094 0.688540267789212845
-0.720142169306878466 -0.286783706080147693 0.688115654724384629
-0.720636170550817967 -0.276207243860200902 0.687689454191019900
-0.720740539040250816 -0.265108233163553586 0.687261668760535072
-0.720392002967821243 -0.253417812483161364 0.686832301013909019
-0.719511786515365848 -0.241055354735499217 0.686401353541667092
-0.718000847994649694 -0.227926153798114706 0.685968828943865794
-0.715733349707890820 -0.213918662527984277 0.685534729830076905
-0.712547582523136880 -0.198901257175843671 0.685099058819371831
-0.708233173500916191 -0.182718582419848452 0.684661818540305611
-0.702512784282934843 -0.165187717846445870 0.684223011630901601
-0.695015520832506950 -0.146094821315804313 0.683782640738634817
-0.685237691903298085 -0.125193803525514596 0.683340708520416507
-0.672484011992946495 -0.102210525543438235 0.682897217642577936
-0.655778317648380571 -0.076860206035211875 0.682452170780854406
-0.633726773488942574 -0.048894900145369180 0.682005570620368706
-0.604308508313283865 -0.018218205257309550 0.681557419855615576
-0.564562754481745754 0.014850513242111341 0.681107721190444715
-0.510158436145209393 0.048980992460761014 0.680656477338045240
-0.403931839294278339 0.089180450163464597 0.680203691020928702
-0.288865806270168390 0.102164134539577428 0.679749364970912762
-0.138351460041349128 0.075712513863971959 0.679293501929105314
0.032291170485065537 -0.027736570567669247 0.678836104645886729
0.163426068586326662 -0.237292109833032228 0.678377175880894634
0.168138988207635620 -0.512166769870863514 0.677916718403006269
0.032138001896589108 -0.739539261115351731 0.677454734990322271
-0.223980667557863111 -0.869040029433217676 0.676991228430149805
-0.385739388402746020 -0.871663245319864721 0.676526201518985459
-0.505172826926654772 -0.839244165024558675 0.676059657062499042
-0.590061601545014969 -0.795363133933371991 0.675591597875515815
-0.650432744492534187 -0.750554800395722088 0.675122026782000395
-0.705904344099585579 -0.695790526748785165 0.674650946615038660
-0.735251519759077654 -0.659629191639163892 0.674178360216821981
-0.757654251199330164 -0.627532037329707526 0.673704270438628683
-0.775154162500146127 -0.599044869006224778 0.673228680140807945
-0.793167150075418825 -0.565817981731735586 0.672751592192761816
-0.803837908469773432 -0.543876410166658997 0.672273009472928451
-0.812744715250692695 -0.524057843872147600 0.671792934868764235
-0.820304230046961846 -0.506041712502904861 0.671311371276726909
-0.828799476658358514 -0.484369550603511390 0.670828321602257471
-0.834260099804971511 -0.469598663696420504 0.670343788759763304
-0.839114439582630323 -0.455903407968048624 0.669857775672599853
-0.844841866829587840 -0.439069423660178870 0.669370285273053756
-0.848691436981346969 -0.427360350381234488 0.668881320502324628
-0.852233020439328137 -0.416327256272581714 0.668390884310507527
-0.856564429088806256 -0.402526902391555252 0.667898979656575076
-0.859572345838934493 -0.392769961503590115 0.667405609508359698
-0.863322510226977924 -0.380441269248780412 0.666910776842535635
-0.865972667994934220 -0.371641225444785062 0.666414484644600846
-0.868506645625022666 -0.363176426313313816 0.665916735908859470
-0.871733970350799581 -0.352347740394138798 0.665417533638403169
-0.874059578007395976 -0.344527356153046194 0.664916880845093483
-0.877056949926834917 -0.334447145318548689 0.664414780549543171
-0.879240946575947424 -0.327114036299706146 0.663911235781098785
-0.882085059228078006 -0.317595246062840120 0.663406249577821461
-0.884177977108303481 -0.310622580281452731 0.662899824986468933
-0.886929579966406423 -0.301509721429700450 0.662391965062477772
-0.888973558671699582 -0.294788445078059069 0.661882672869943733
-0.891686284359492931 -0.285942538731272788 0.661371951481604547
-0.893720914294428681 -0.279370771576785359 0.660859803978820493
-0.896448580287851793 -0.270655322401688769 0.660346233451555964
-0.898516359272178655 -0.264127326684488295 0.659831242998361267
-0.901320748198015664 -0.255391886099596621 0.659314835726353410
-0.903473713691006264 -0.248783516675156580 0.658797014751197674
-0.906435259120939474 -0.239839431192015923 0.658277783197088628
-0.908745107598328050 -0.232984430531040648 0.657757144196731369
-0.911980719269680384 -0.223561667425067140 0.657235100891322421
-0.914556975185794707 -0.216206075980209411 0.656711656430531421
-0.918254187766973540 -0.205863855147177810 0.656186813972481464
-0.922349530974222898 -0.194666873441373844 0.655660576683730012
-0.925771351239504492 -0.185477757251859665 0.655132947739250349
-0.930973307394987959 -0.171693448404940330 0.654603930322411820
-0.935525755141093485 -0.159690198111613224 0.654073527624961182
-0.942841979651546258 -0.140173336376494928 0.653541742847002838
-0.952262083770418100 -0.113761022585772087 0.653008579196979855
-0.961350798888157665 -0.085480871293846572 0.652474039891654756
-0.976732141621328376 -0.022540056913557038 0.651938128156089536
-0.983205904596110569 0.127993501402740906 0.651400847223626678
-0.809429901217320724 0.458533462483862841 0.650862200335869279
-0.265773473278565875 -0.360292787370031453 0.650322190742662065
-0.694767624953822494 -0.365539744271456468 0.649780821702071409
-0.792900897037400521 -0.302797824122271630 0.649238096480365567
-0.824911611709491455 -0.273105153359607611 0.648694018351995028
-0.849225485130040814 -0.245574604495473386 0.648148590599572971
-0.864074242844236506 -0.225588420588434618 0.647601816513855399
-0.874227815596199331 -0.209869464499955471 0.647053699393721038
-0.880031799272237181 -0.199863475462981222 0.646504242546151686
-0.886221629840211245 -0.188132835374049234 0.645953449286212344
-0.891201477713982837 -0.177709852363640564 0.645401322937030675
-0.895343828823880861 -0.168219861362351453 0.644847866829777683
-0.898043719636599125 -0.161564214691438612 0.644293084303647068
-0.901228263395164264 -0.153166524721469077 0.643736978705835461
-0.904039137132112591 -0.145199171737777244 0.643179553391521885
-0.906555328032861318 -0.137570218468194505 0.642620811723847774
-0.908833613636424786 -0.130211735806683993 0.642060757073896426
-0.910915818335969796 -0.123072420980351149 0.641499392820673031
-0.912368017288853195 -0.117837663935412396 0.640936722351083898
-0.914178265871161688 -0.110992139590806060 0.640372749059916258
-0.915862458583120431 -0.104276512074230943 0.639807476349817827
-0.917436257812763056 -0.097669995299970558 0.639240907631276056
-0.918912125312290828 -0.091155748906060929 0.638673046322597582
-0.920300083754631681 -0.084719996794136831 0.638103895849887803
-0.921608271090349596 -0.078351375620968777 0.637533459647030010
-0.922843350700054188 -0.072040445957930688 0.636961741155665062
-0.924010819387091509 -0.065779320306027012 0.636388743825169967
-0.925115241791542031 -0.059561376383266862 0.635814471112637336
-0.925904502390295203 -0.054922865353138117 0.635238926482855071
-0.926907397290998691 -0.048767586871711843 0.634662113408284490
-0.927856329977064354 -0.042642139051981998 0.634084035369040122
-0.928753686973887160 -0.036542998204472599 0.633504695852868616
-0.929601497620320294 -0.030467180594914212 0.632924098355127196
-0.930401494396913664 -0.024412162824785144 0.632342246378763129
-0.931155162020075533 -0.018375815916827187 0.631759143434292514
-0.931863777680371541 -0.012356350238649727 0.631174793039778748
-0.932528444229977160 -0.006352269078325756 0.630589198720811650
-0.933150117716601502 -0.000362329152296337 0.630002364010486038
-0.933729630338929306 0.005614493259545550 0.629414292449380408
-0.934267709670581148 0.011579031626754555 0.628824987585535511
-0.934764994811169814 0.017531954682710793 0.628234452974433477
-0.935330087806711008 0.024957564540783850 0.627642692178975614
-0.935737553407454348 0.030886093030685846 0.627049708769460978
-0.936105841504960345 0.036804295941777254 0.626455506323565503
-0.936435343566311751 0.042712363240658024 0.625860088426319683
-0.936726414038881905 0.048610413258533824 0.625263458670087813
-0.936979375911934698 0.054498505118618368 0.624665620654545006
-0.937194525363553854 0.060376650015236066 0.624066577986656545
-0.937372135618711355 0.066244821391232001 0.623466334280656009
-0.937512460123346325 0.072102964226672617 0.622864893158023070
-0.937615735119560201 0.077951003419538201 0.622262258247461841
-0.937682181700929984 0.083788851428793831 0.621658433184878789
-0.937713764962921248 0.091071688257954697 0.621053421613361412
-0.937698087727345309 0.096886267346575350 0.620447227183155481
-0.937646212736072959 0.102690363746616775 0.619839853551643394
-0.937558310084471103 0.108483906265154195 0.619231304383322301
-0.937434539259217492 0.114266840589732244 0.618621583349781567
-0.937275049149287831 0.120039133121469355 0.618010694129680793
-0.937025665625487392 0.127239521860497862 0.617398640408728050
-0.936786295135334957 0.132987877139724986 0.616785425879656679
-0.936511612869092347 0.138725662504944613 0.616171054242203975
-0.936201718915209868 0.144452965015008983 0.615555529203088425
-0.935764966330545178 0.151597539209305687 0.614938854475987173
-0.935376143163914042 0.157301751251204602 0.614321033781514036
-0.934952339320563097 0.162996003925655109 0.613702070847196968
-0.934493593723966454 0.168680536188676344 0.613081969407454963
-0.933999928557070036 0.174355624754506389 0.612460733203576524
-0.933333746503426709 0.181436688388110889 0.611838365983696564
-0.932761500081068951 0.187091737509791356 0.611214871502773316
-0.932154278726024410 0.192738505151488493 0.610590253522566684
-0.931345975039660434 0.199785990037018801 0.609964515811614816
-0.930659807047386600 0.205415783588460465 0.609337662145211567
-0.929938386986611132 0.211038856149767029 0.608709696305383963
-0.929181579416680559 0.216655766046752185 0.608080622080868771
-0.928185558583168424 0.223669145846170869 0.607450443267090412
-0.927348500079497318 0.229274416359209643 0.606819163666137418
-0.926475432049972625 0.234875584209362998 0.606186787086739787
-0.925333072459896377 0.241872355800762717 0.605553317344246333
-0.924378016646581702 0.247466931336857043 0.604918758260600598
-0.923386020415089215 0.253059827448496366 0.604283113664319305
-0.922093533093874540 0.260049833701651689 0.603646387390467831
-0.921017068595882282 0.265641989120668109 0.603008583280637778
-0.919617679292357271 0.272633835509250189 0.602369705182924098
-0.918454536489168305 0.278229768571067404 0.601729756951901340
-0.917252043923661997 0.283828932840755277 0.601088742448600111
-0.915692722559011907 0.290833967113980685 0.600446665540484759
-0.914399546001685826 0.296444133553073141 0.599803530101429061
-0.912724820585543384 0.303466304196820524 0.599159340011693797
-0.911337544829062596 0.309092995484053501 0.598514099157902213
-0.909907195102392263 0.314728927290298499 0.597867811433017704
-0.908057380684758941 0.321788717236941135 0.597220480736319392
-0.906526901599244317 0.327450019014711380 0.596572110973379255
-0.904548876269831270 0.334545697659117847 0.595922706056038476
-0.902913192920751895 0.340239208947800464 0.595272269902383133
-0.900800079895381689 0.347379756755986646 0.594620806436721661
-0.899053226218990975 0.353113042275744138 0.593968319589560312
-0.896796927898710905 0.360308446908301494 0.593314813297580179
-0.894931862869395633 0.366089971361200917 0.592660291503612213
-0.892522794602539582 0.373351484619310114 0.592004758156615130
-0.890531154802734704 0.379190853890538526 0.591348217211650096
-0.887957883951346560 0.386531345725088016 0.590690672629857860
-0.885829645709979574 0.392439639257815887 0.590032128378433995
-0.883078395077897316 0.399874086314685240 0.589372588430605804
-0.880801406060704339 0.405864316889972709 0.588712056765608116
-0.877855359788166756 0.413410480759788035 0.588050537368658643
-0.875414678661149193 0.419498235719547086 0.587388034230934886
-0.872252994790027714 0.427177613982734850 0.586724551349549261
-0.869629942871568917 0.433381959911390835 0.586060092727525461
-0.866226320604830402 0.441221137591912338 0.585394662373774133
-0.863397090968120340 0.447565915985297991 0.584728264303068901
-0.859717644675358272 0.455598518075137626 0.584060902536021609
-0.855866516231449270 0.463756602951426955 0.583392581099058893
-0.852651235034291188 0.470383804240608994 0.582723304024396649
-0.848448300475296513 0.478808847415765904 0.582053075350017379
-0.844925016311383281 0.485674785961564104 0.581381899119644441
-0.840297558862463934 0.494435213724857381 0.580709779382718061
-0.835392087299345443 0.503420733243141405 0.580036720194371247
-0.831241530308355570 0.510794607558617386 0.579362725615404806
-0.825730390075849030 0.520279201615828191 0.578687799712263029
-0.821026156137281138 0.528112513911215053 0.578011946557009382
-0.814714273897815588 0.538263579422655347 0.577335170227301964
-0.807833369319587380 0.548886700961106588 0.576657474806368309
-0.801835683742541550 0.557790387189751824 0.575978864382981293
-0.793583350010451216 0.569530884955226080 0.575299343051434375
-0.784280649647991490 0.582100722238061530 0.574618914911516843
-0.775872973905861185 0.592894366259049677 0.573937584068489048
-0.763779652281775245 0.607543501604851599 0.573255354633057546
-0.749300843392237570 0.623832642859964870 0.572572230721350661
-0.735316382316843375 0.638389470566374961 0.571888216454893183
-0.713441326004916720 0.659086581293761409 0.571203315960581826
-0.683994288609464318 0.683453608314848693 0.570517533370660246
-0.651493886612006246 0.706357761900013092 0.569830872822694068
-0.590806855177196888 0.739824355863787253 0.569143338459545789
-0.485341526447029326 0.774781008761138423 0.568454934429350356
-0.276982611631171660 0.772926852149057098 0.567765664885489074
0.005990895973597254 0.588173616611824324 0.567075533986565739
-0.119185386903818274 -0.109930956586389100 0.566384545896380986
-0.700352230114079544 -0.073301114534837786 0.565692704783906763
-0.849991365471597926 0.152197878942316289 0.565000014823262009
-0.871305027328859616 0.264641726045721171 0.564306480193686899
-0.869521111931858437 0.353147317768956470 0.563612105079517756
-0.859678603200911384 0.410813315730031270 0.562916893670161955
-0.848355708068018188 0.451768360592119722 0.562220850160072394
-0.839414685363651492 0.477238140013288015 0.561523978748722397
-0.828758401352673646 0.503161539576392869 0.560826283640580292
-0.818727811665911465 0.524587583277067893 0.560127769045084101
-0.809257697411522869 0.542891947428142396 0.559428439176616110
-0.802021987025167693 0.555883706386059440 0.558728298254477340
-0.793325611571863876 0.570559977885835012 0.558027350502862229
-0.784940518787560881 0.583887574219043470 0.557325600150833100
-0.776797732328125434 0.596165725833637694 0.556623051432294513
-0.768839802537377492 0.607611065333219402 0.555919708585968286
-0.761018880704545708 0.618384233372241687 0.555215575855366850
-0.754833599417697898 0.626601558074294740 0.554510657488768932
-0.747162270522957916 0.636452434158290448 0.553804957739192694
-0.739529956412533718 0.645906923087276041 0.553098480864371078
-0.731910312686197995 0.655026376187389014 0.552391231126725279
-0.724279916273105284 0.663860248726470314 0.551683212793339983
-0.716617516765440721 0.672448951686090091 0.550974430135936832
-0.710451280306779287 0.679166062746107468 0.550264887430848670
-0.702682347971526955 0.687394074924056797 0.549554588958994228
-0.694828552150641765 0.695457726086049277 0.548843539005852032
-0.686871968163253355 0.703378051439015550 0.548131741861434318
-0.678794531656481626 0.711173285274092182 0.547419201820261936
-0.670577665429984426 0.718859421600698711 0.546705923181337261
-0.662201903153137095 0.726450653815296055 0.545991910248119217
-0.653646494344086504 0.733959721147171340 0.545277167328497070
-0.646657794908362171 0.739915617264987890 0.544561698734763899
-0.637720950936442432 0.747305257425003422 0.543845508783591502
-0.628535644499898627 0.754642764592012516 0.543128601796003752
-0.619071775987985018 0.761937358995615988 0.542410982097350503
-0.609295200258205605 0.769197622818557969 0.541692654017281949
-0.599166789971012914 0.776431522626127135 0.540973621889721756
-0.588641275440255130 0.783646368540112492 0.540253890052841745
-0.577665788852800510 0.790848690746759675 0.539533462849035028
-0.566178015013052649 0.798044001449115803 0.538812344624890471
-0.554103814344663270 0.805236391214117830 0.538090539731165718
-0.541354131108586323 0.812427878826246452 0.537368052522761430
-0.527820923196520853 0.819617385612818938 0.536644887358695422
-0.513371736644025689 0.826799126361117298 0.535921048602074901
-0.497842378844964850 0.833960076757633950 0.535196540620071826
-0.481026888796387553 0.841075950546019468 0.534471367783895701
-0.462663611681364995 0.848104721485533286 0.533745534468767047
-0.442415582119868867 0.854976007515927283 0.533019045053891527
-0.419842489133394670 0.861573302929505402 0.532291903922433307
-0.394360071639822840 0.867703496012921738 0.531564115461488407
-0.365180699733761494 0.873043065287422815 0.530835684062058610
-0.338463589243647611 0.876386237325668005 0.530106614119024488
-0.299638036716737166 0.878643558052436990 0.529376910031119641
-0.252932441846377531 0.877287366698526361 0.528646576200903162
-0.182635751822265574 0.866684356820997759 0.527915617034733886
-0.108011195674898475 0.843338782206039195 0.527184036942743628
-0.015274512002089402 0.793621381997601016 0.526451840338810095
0.092638682133601935 0.692452723841986528 0.525719031640530909
0.184650559123999802 0.498502610308569238 0.524985615269196515
0.155030734361315731 0.194655187048141831 0.524251595649763980
-0.119616541512903851 -0.065508269154704896 0.523516977210829459
-0.484010154069503318 -0.058184724899796425 0.522781764384602554
-0.699562654426935326 0.119604287972089218 0.522045961606878439
-0.774204235551908093 0.298821528181793750 0.521309573317012220
-0.782329524547648036 0.433642308513990993 0.520572603957891289
-0.765462639835898018 0.529811065003413351 0.519835057975908787
-0.740606435741123947 0.599280797230353435 0.519096939820936853
-0.714191666548665172 0.650999864226083691 0.518358253946300196
-0.688528415042795050 0.690782156533555236 0.517619004808748007
-0.664338339397049782 0.722330860189794755 0.516879196868428425
-0.641733932254260342 0.748038245388773837 0.516138834588860784
-0.620603842010825413 0.769487658278026121 0.515397922436909073
-0.600766597288375559 0.787755007894430981 0.514656464882754738
-0.582031339114279955 0.803590249451601180 0.513914466399869707
-0.564220340481053628 0.817528602354474332 0.513171931464990072
-0.543846279908678842 0.832292751183599688 0.512428864558087671
-0.527541013737728215 0.843292683063390336 0.511685270162344774
-0.511722398973240677 0.853332539953762459 0.510941152764125550
-0.496288313972440498 0.862572282171398474 0.510196516852949977
-0.481148217261963274 0.871136665027208545 0.509451366921466198
-0.466220477428916258 0.879124061104893828 0.508705707465423762
-0.451429954754153095 0.886612722354848115 0.507959542983646317
-0.436705791468250615 0.893665270559896863 0.507212877978004517
-0.421979336623672652 0.900331930530756330 0.506465716953388712
-0.404208045005817918 0.907878457399004857 0.505718064417682078
-0.389232677083404588 0.913825601480516503 0.504969924881733090
-0.374025979772054762 0.919486892312374793 0.504221302859328868
-0.358504957387485668 0.924878274481227836 0.503472202867166985
-0.342576096584770562 0.930008731672192335 0.502722629424828926
-0.326131360224578226 0.934879595169711752 0.501972587054753117
-0.309043015236316609 0.939483071322762098 0.501222080282206495
-0.291156772719812940 0.943799660318872191 0.500471113635258535
-0.268369059068358617 0.948549439002028927 0.499719691644752828
-0.247988162629183717 0.952077096269746126 0.498967818844280431
-0.226002795180924365 0.955107433854105237 0.498215499770152170
-0.201990525799078779 0.957481025041249656 0.497462738961371664
-0.175386779160015993 0.958944437219010126 0.496709540959607176
-0.145421873835565429 0.959086441675642387 0.495955910309165471
-0.103491755854196010 0.956513842672463088 0.495201851556962724
-0.061729516332007295 0.950592437201885465 0.494447369252498770
-0.011337958642828827 0.938689828435030682 0.493692467947828284
0.050893968055802485 0.916070866702357156 0.492937152197534589
0.128838661254578213 0.873038866916992506 0.492181426558700674
0.224088682568626296 0.788855004696795814 0.491425295590883215
0.333458909664439807 0.571858753642007223 0.490668763856084045
0.291061796327935607 0.244147808971304336 0.489911835918723060
-0.071459224223294968 -0.016243782491600054 0.489154516345610635
-0.480157213461082089 0.112729427145539601 0.488396809705919865
-0.624026500258887507 0.377694641600680225 0.487638720571159257
-0.614455346581580963 0.598120088640730185 0.486880253515145078
-0.570109557632276109 0.706144192220583999 0.486121413113973777
-0.523943370550271181 0.774791157716455348 0.485362203945993942
-0.482213669514260590 0.820722949640849242 0.484602630591779604
-0.445637190141968786 0.853027991180555500 0.483842697634101593
-0.407652402343074594 0.880742900797306882 0.483082409657900780
-0.379965591809535097 0.897901292519665328 0.482321771250259546
-0.355128499023590227 0.911426143784033194 0.481560787000374912
-0.332578590368088900 0.922341755479901937 0.480799461499530345
-0.311876242077738897 0.931324907964609872 0.480037799341068050
-0.288995888453828897 0.940193653281470976 0.479275805120361664
-0.271257610985350006 0.946360200829345910 0.478513483434788112
-0.254510075757852006 0.951651368495535888 0.477750838883700013
-0.238593227117606110 0.956228471136748470 0.476987876068398153
-0.220410142746043869 0.960947034172074055 0.476224599592103282
-0.205901724802754482 0.964340301455356430 0.475461014059928577
-0.191890323156959641 0.967317639918922945 0.474697124078852117
-0.178307992538985327 0.969932934196102825 0.473932934257688454
-0.165098116132813666 0.972229125483470513 0.473168449207061581
-0.149671532916286321 0.974611550914931790 0.472403673539376345
-0.137124067393152471 0.976318415264155304 0.471638611868791302
-0.124821052927506726 0.977795987136677924 0.470873268811190182
-0.112734190118149669 0.979062588789395782 0.470107648984154913
-0.098481237621033946 0.980325325446495865 0.469341757006936922
-0.086788834096435730 0.981178022962918783 0.468575597500429597
-0.075245586158429967 0.981860468578745316 0.467809175087140594
-0.063836017648726484 0.982381461202200934 0.467042494391163687
-0.050302057504084341 0.982803984678390030 0.466275560038151071
-0.039141275897695504 0.982994569881325164 0.465508376655285161
-0.028076411152032688 0.983044011426787323 0.464740948871250947
-0.017098505973118738 0.982956850939529003 0.463973281316208130
-0.004028746559111396 0.982677404708236835 0.463205378621762642
0.006784369827645687 0.982302714575545965 0.462437245420939558
0.017532715592487425 0.981802130407607443 0.461668886348154228
0.028221603777957405 0.981178089229575390 0.460900306039185248
0.040976350469892064 0.980269223492186481 0.460131509131145422
0.051550167173508965 0.979380598432705418 0.459362500262455065
0.062077667785008173 0.978374315481431500 0.458593284072812746
0.074653887089089099 0.977013324681537787 0.457823865203168145
0.085089904046733833 0.975752620441237895 0.457054248295693633
0.095488245796824300 0.974377915261176120 0.456284437993756620
0.105850904249490285 0.972890047466566599 0.455514438941891142
0.118241381462947548 0.970956247023350039 0.454744255785770268
0.128531196781846158 0.969221842318350513 0.453973893172177512
0.138789933968626211 0.967376276276439517 0.453203355748979131
0.149018566218454662 0.965420009074534624 0.452432648165096596
0.161254282133056148 0.962926922035133637 0.451661775070477334
0.171419216651280015 0.960728446804048564 0.450890741116067750
0.181555992917129483 0.958420376858442502 0.450119550953784642
0.193683372477332860 0.955506388296106457 0.449348209236487384
0.203759094971883326 0.952958071827409769 0.448576720617949509
0.213807217766451951 0.950300878002510840 0.447805089752831120
0.223827698393069929 0.947534976031852549 0.447033321296650354
0.235815603855024036 0.944072606943430204 0.446261419905755630
0.245774721931874718 0.941068044878236476 0.445489390237297223
0.255705543603057861 0.937955188842422238 0.444717236949199513
0.267584705111313881 0.934076947934717072 0.443944964700132727
0.277452033418226496 0.930726163969346820 0.443172578149484575
0.287289839117843171 0.927267345267313470 0.442400081957332769
0.297097659152908533 0.923700544699468384 0.441627480784416215
0.308826769359999642 0.919277902676297720 0.440854779292107424
0.318566861460494899 0.915473661925251481 0.440081982142383921
0.328275323339402569 0.911561517027601020 0.439309093997800659
0.339882952314016662 0.906724499868325928 0.438536119521461376
0.349519881735456839 0.902574921801754360 0.437763063376990780
0.359123392347889481 0.898317363013856229 0.436989930228506185
0.370602685568309498 0.893065672340898065 0.436216724740589701
0.380130654429215231 0.888570318845378404 0.435443451578259699
0.389623362678828133 0.883966725786463625 0.434670115406943058
0.399080231910853289 0.879254769977565243 0.433896720892446575
0.410380352917762758 0.873457178557116798 0.433123272700929207
0.419756339952745694 0.868506282751757785 0.432349775498873712
0.429094636615149239 0.863446479914022680 0.431576233953058608
0.440250025579905668 0.857230648034142284 0.430802652730529700
0.449503362255138539 0.851930441170441810 0.430029036498572770
0.458717148495954241 0.846520536049557126 0.429255389924684039
0.467890796834291356 0.841000631951775102 0.428481717676543417
0.478845357915645864 0.834231086433318558 0.427708024421985300
0.487928607222711808 0.828467997349269569 0.426934314828971262
0.496969796258494967 0.822593771050193601 0.426160593565560908
0.507762829669663684 0.815397417841104311 0.425386865299884787
0.516709286029688242 0.809277206073192534 0.424613134700115247
0.525611651791073942 0.803044449939406713 0.423839406434439070
0.536235351483124290 0.795415886683191520 0.423065685171028827
0.545038345585841189 0.788933758609847713 0.422291975578014622
0.553795047693470988 0.782337417377378830 0.421518282323456672
0.562504724133850997 0.775626290255333251 0.420744610075315939
0.572893191235976484 0.767420579596429397 0.419970963501427319
0.581496700150758050 0.760454794103627818 0.419197347269470222
0.590050654146741849 0.753372237807837575 0.418423766046941481
0.600248780322148900 0.744718095750285469 0.417650224501126266
0.608690655517636126 0.737376277487316267 0.416876727299070882
0.617080115732918211 0.729915495861241936 0.416103279107553403
0.627076907665039096 0.720804509052643150 0.415329884593057030
0.635347572373780811 0.713079446700234820 0.414556548421740223
0.643562560621125601 0.705233061106212200 0.413783275259410332
0.651720759721175269 0.697264588420687170 0.413010069771493848
0.661433998909682241 0.687540176851253237 0.412236936623009365
0.669463104529982478 0.679300380102130674 0.411463880478538657
0.677431526041544330 0.670935998344640017 0.410690906002199319
0.686911653226358054 0.660733176338118899 0.409918017857616057
0.694741810369406632 0.652091928414354927 0.409145220707892665
0.702506826599196277 0.643323572144352873 0.408372519215583762
0.710205183641122173 0.634427326846940698 0.407599918042667209
0.719352990972898398 0.623581932714724951 0.406827421850515403
0.726899040386241646 0.614401630575711510 0.406055035299867251
0.734373140254578005 0.605091014327274301 0.405282763050800465
0.743244555663429174 0.593745243050694205 0.404510609762702811
0.750553953069241109 0.584145420472983568 0.403738580094244404
0.757785412933988156 0.574413051397364871 0.402966678703349568
0.766357436490025856 0.562558347804977377 0.402194910247168913
0.773410216935725980 0.552532169698606523 0.401423279382050524
0.780378334646721794 0.542371518789408813 0.400651790763512761
0.787259532838504694 0.532075874530439585 0.399880449046215336
0.795398949166460367 0.519542244082499938 0.399109258883932283
0.802080613226023087 0.508948009384032396 0.398338224929522700
0.808667635362422255 0.498217435733472325 0.397567351834903382
0.815157446565839328 0.487350215310859480 0.396796644251020736
0.822813176156438342 0.474128831665716011 0.396026106827822577
0.829079720655140573 0.462960202152591482 0.395255744214229765
0.835240345616719004 0.451654355106184902 0.394485561058108725
0.842489236056485735 0.437906162587510028 0.393715562006243303
0.848406639680761021 0.426298402666000498 0.392945751704306401
0.854208701643941914 0.414553556670600676 0.392176134796831943
0.859892339226585589 0.402671822032943605 0.391406715927187232
0.866551951174313828 0.388233440498474414 0.390637499737544969
0.871963898218633071 0.376051631250025165 0.389868490868854556
0.877247145268993389 0.363734094866302593 0.389099693960814785
0.882398360409821891 0.351281364468519652 0.388331113651845694
0.888400765754083777 0.336160504638335245 0.387562754579060531
0.893249520565930433 0.323412631724406707 0.386794621378237391
0.897955230627542456 0.310531828074754823 0.386026718683791847
0.903408271370047755 0.294900643690001907 0.385259051128749030
0.907786747092992230 0.281730616692800084 0.384491623344714872
0.912010683547223477 0.268430776825057005 0.383724439961849018
0.916076399831847077 0.255002272807053842 0.382957505608836291
0.920741167796127691 0.238719970185283181 0.382190824912859439
0.924445650562727428 0.225012852567165467 0.381424402499570547
0.927979875756651307 0.211181295446294770 0.380658242993063167
0.931340005193360021 0.197226787475931475 0.379892351015845064
0.935136898285839235 0.180321294608846272 0.379126731188809796
0.938100334962157056 0.166101919121147690 0.378361388131208842
0.940877160451405015 0.151764876334780641 0.377596326460623632
0.943463391165402787 0.137311973896740658 0.376831550792938397
0.945855008189181223 0.122745090145126912 0.376067065742311524
0.948462345850876853 0.105117118593647474 0.375302875921148027
0.950411483600113294 0.090306414214768316 0.374538985940071401
0.952152891805982171 0.075388170369743102 0.373775400407896752
0.953682381867690054 0.060364513336932879 0.373012123931601880
0.955232064830052963 0.042200027761669201 0.372249161116299909
0.956280329107568439 0.026952107432290096 0.371486516565211977
0.957102887983171779 0.011605743471359453 0.370724194879638425
0.957695270941127275 -0.003836921436646545 0.369962200658932039
0.958052895605164379 -0.019373834214651275 0.369200538500469633
0.958165491605995845 -0.038139895555943937 0.368439212999625065
0.957989711050319048 -0.053877910761764014 0.367678228749740488
0.957563206752773288 -0.069705374888890392 0.366917590342099198
0.956880230278706834 -0.085622093586551484 0.366157302365898329
0.955712931223967499 -0.104841803735618411 0.365397369408220485
0.954441216782290547 -0.120962560513654782 0.364637796054006091
0.952886825895768563 -0.137187598310728243 0.363878586886026256
0.951034881703504809 -0.153535529092791168 0.363119746484854844
0.948860779150652034 -0.170045438474983657 0.362361279428840721
0.945754021060379868 -0.190206009244231533 0.361603190294080168
0.942582510488555458 -0.207633710490508883 0.360845483654389343
0.938200846679570710 -0.227025891681327308 0.360088164081276974
0.917078443786878195 -0.277172996446062192 0.359331236143916044
0.939259481103565053 -0.242828235177528939 0.358574704409116762
0.932967527180929901 -0.264871330600274013 0.357818573441299359
0.927199338542412210 -0.286385893207811992 0.357062847802465555
0.922428594520998235 -0.303501055830222244 0.356307532052171694
0.917470945743989352 -0.320351390208695852 0.355552630747501208
0.912261482465511531 -0.337065960377383345 0.354798148443037253
0.906770283081853701 -0.353696227442325428 0.354044089690834618
0.900980699571077404 -0.370264396067441326 0.353290459040392801
0.893624584693419988 -0.390076477041928438 0.352537261038628369
0.887145358853247412 -0.406530722611968653 0.351784500229847863
0.880342803579764799 -0.422932298170915821 0.351032181155719714
0.873212473577694936 -0.439277136439552129 0.350280308355247205
0.865750670356086549 -0.455559761294899501 0.349528886364741498
0.857954276910288582 -0.471773693824804663 0.348777919717793483
0.849820666200636454 -0.487911699557556089 0.348027412945247028
0.839612157527927616 -0.507166019644377686 0.347277370575171052
0.830729558244771127 -0.523108728983520122 0.346527797132833160
0.821504199678805391 -0.538948817701848104 0.345778697140671221
0.811935211511806698 -0.554677111609112372 0.345030075118266999
0.802022142452124776 -0.570284123200549331 0.344281935582318011
0.791764972756652030 -0.585760086268800051 0.343534283046611377
0.781164129079113811 -0.601094986821039012 0.342787122021995572
0.770220500692410215 -0.616278592053101759 0.342040457016353661
0.756637632601409149 -0.634284520788106487 0.341294292534576271
0.744945395087830975 -0.649098360266328833 0.340548633078533836
0.732916521356366091 -0.663727020715537575 0.339803483147050112
0.720554022769689606 -0.678159664593987799 0.339058847235874428
0.707861454201673901 -0.692385389753240266 0.338314729837655315
0.694842925552367374 -0.706393262640207409 0.337571135441912362
0.681503110903431297 -0.720172353055589687 0.336828068535010128
0.667847255845117171 -0.733711769718527584 0.336085533600130215
0.653881180639526161 -0.747000698234944194 0.335343535117245406
0.639611282297996686 -0.760028438502038606 0.334602077563091016
0.622096213340628479 -0.775302122199469590 0.333861165411139194
0.607183243087656921 -0.787718399964402405 0.333120803131571552
0.591990747234564796 -0.799840477209922240 0.332380995191252027
0.576527481262097963 -0.811658565637688012 0.331641746053699893
0.560802728661393135 -0.823163196603725278 0.330903060179063069
0.544826280748124669 -0.834345259297648800 0.330164942024091357
0.528608413010032252 -0.845196037671579026 0.329427396042108855
0.512159858034384352 -0.855707245799654959 0.328690426682987813
0.495491775350947794 -0.865871061210292114 0.327954038393121539
0.478615718308989080 -0.875680155917606395 0.327218235615397535
0.461543598252284137 -0.885127724835962137 0.326483022789170574
0.444287646360621902 -0.894207511253902410 0.325748404350236054
0.426860373418542494 -0.902913829160750248 0.325014384730803463
0.409274527956664191 -0.911241582177454879 0.324280968359469235
0.391543053057534840 -0.919186278968848303 0.323548159661190049
0.373679042316200249 -0.926744044979603832 0.322815963057256461
0.355695695306299409 -0.933911630449671737 0.322084382965266092
0.337606273029522841 -0.940686414661340731 0.321353423799096927
0.319424053635948724 -0.947066406489920465 0.320623089968880448
0.301162288979949122 -0.953050241270269161 0.319893385880975489
0.282834162161665958 -0.958637174172715323 0.319164315937941478
0.264452746647521053 -0.963827070169319788 0.318435884538511682
0.246030967061217493 -0.968620390855994717 0.317708096077566726
0.227581562121945025 -0.973018178306123582 0.316980954946108506
0.209117049800654764 -0.977022036255004833 0.316254465531233042
0.190649695056821666 -0.980634108855718889 0.315528632216104443
0.172191480220069248 -0.983857057324452722 0.314803459379928152
0.153754078210382117 -0.986694034763623828 0.314078951397925132
0.135348828601541127 -0.989148659485651227 0.313355112641304667
0.116986716705840377 -0.991224987126159696 0.312631947477238548
0.098678355531144346 -0.992927481871050954 0.311909460268834315
0.080433970768462537 -0.994260987072097868 0.311187655375109562
0.062263388562469935 -0.995230695550323841 0.310466537150965005
0.044176026151889980 -0.995842119838672990 0.309746109947158288
0.026180885184638125 -0.996101062618781175 0.309026378110278277
0.008286547551153711 -0.996013587576612514 0.308307345982718140
-0.005950846167790846 -0.995698410637072095 0.307589017902649531
-0.023643456353087233 -0.995003388370324204 0.306871398203996282
-0.041213472872223045 -0.993980075554185438 0.306154491216408586
-0.058653905861440092 -0.992635275027057506 0.305438301265236245
-0.075958174289834923 -0.990975922340650905 0.304722832671503130
-0.093120098435500898 -0.989009062359896496 0.304008089751880761
-0.110133890972446358 -0.986741827224829837 0.303294076818662772
-0.126994146851518441 -0.984181415726268938 0.302580798179738097
-0.143695832091974895 -0.981335074140976094 0.301868258138565604
-0.156939856117787879 -0.978857020146084444 0.301156460994148056
-0.173344566499347486 -0.975514349701855243 0.300445411041005861
-0.189578480100181246 -0.971906146348778588 0.299735112569151418
-0.205637857750539776 -0.968039687882093602 0.299025569864063145
-0.221519268356671795 -0.963922227921746533 0.298316787206659995
-0.237219574788815890 -0.959560985080620377 0.297608768873274754
-0.252735919709765777 -0.954963133448782364 0.296901519135629122
-0.265014793204183474 -0.951119281292376995 0.296195042260807340
-0.280193646085722448 -0.946113439523045940 0.295489342511231157
-0.295181906008570638 -0.940890773768117583 0.294784424144633184
-0.309977651853132752 -0.935458223478669915 0.294080291414031747
-0.324579176732257169 -0.929822654186839959 0.293376948567705464
-0.338984975346267259 -0.923990854299832298 0.292674399849167044
-0.350367801016748581 -0.919188639454970868 0.291972649497137970
-0.364418096383675505 -0.913020476392149005 0.291271701745522582
-0.378269422050797666 -0.906674662398744502 0.290571560823383868
-0.391920933001998317 -0.900157676995137157 0.289872230954915933
-0.405371932952665215 -0.893475917138120024 0.289173716359419908
-0.415987986351009975 -0.888016117955828355 0.288476021251277581
-0.429076751667976652 -0.881053622722174357 0.287779149839927695
-0.441963771796251681 -0.873943830117635212 0.287083106329838189
-0.454648837458709487 -0.866692829770353557 0.286387894920482278
-0.464651413034587402 -0.860794402237409773 0.285693519806313190
-0.476972783148370716 -0.853304325325428659 0.284999985176738024
-0.489092183757722787 -0.845689680372205155 0.284307295216093381
-0.501009797170497317 -0.837956267308113567 0.283615454103619102
-0.510398782271477280 -0.831687874603624366 0.282924466013434350
-0.521953928643237974 -0.823755061677679423 0.282234335114511015
-0.533308275331630721 -0.815719333883775599 0.281545065570649733
-0.544462336174708184 -0.807586217349039126 0.280856661540454244
-0.553241776214324465 -0.801013272530692211 0.280169127177306077
-0.564036875522255121 -0.792718555756949161 0.279482466629339732
-0.574633554787681300 -0.784341545628187253 0.278796684039418097
-0.582968580906710998 -0.777584220035578033 0.278111783545106850
-0.593210209895947305 -0.769072274848946247 0.277427769278649428
-0.603255895056646230 -0.760492563843456426 0.276744645366942488
-0.611152053328483658 -0.753583396471021238 0.276062415931510929
-0.620847687054852049 -0.744894367229777421 0.275381085088483135
-0.630350454388507897 -0.736151497136684929 0.274700656948565658
-0.637814638323981220 -0.729121675386777746 0.274021135617018741
-0.646973434448808171 -0.720293971205347772 0.273342525193631669
-0.655943042932124021 -0.711425690121896270 0.272664829772698014
-0.662983492985321332 -0.704304919159194243 0.271988053442990652
-0.671616293691246868 -0.695375031350377482 0.271312200287737060
-0.680064186647269420 -0.686417091443215166 0.270637274384595228
-0.686690489089704870 -0.679233419814801676 0.269963279805628786
-0.694809814082393173 -0.670235690323591093 0.269290220617281972
-0.701175559057889863 -0.663025538095960432 0.268618100880355593
-0.708972169082442982 -0.654001221825079915 0.267946924649982543
-0.716592176976361683 -0.644967585484735539 0.267276695975603384
-0.722562375033743098 -0.637736480677053241 0.266607418900941251
-0.729869597417601157 -0.628695395842411520 0.265939097463978480
-0.735592280459242076 -0.621462949846028012 0.265271735696931188
-0.742593596565176539 -0.612425759152542160 0.264605337626225900
-0.748074412616087203 -0.605200732289336685 0.263939907272474572
-0.754777054551954985 -0.596177986091582679 0.263275448650450827
-0.760021919897533538 -0.588968493563883699 0.262611965769065092
-0.766433436082075592 -0.579969923756225247 0.261949462631341390
-0.772686580335507189 -0.570988683022271681 0.261287943234391862
-0.777576717411518348 -0.563817919986449922 0.260627411569394229
-0.783551007129555166 -0.554874328016193741 0.259967871621566038
-0.788221305454098298 -0.547736803704231945 0.259309327370142229
-0.793924898839621696 -0.538838440653218398 0.258651782788349882
-0.798381951120993860 -0.531739881850112561 0.257995241843384959
-0.803823158638990121 -0.522893487118840095 0.257339708496387765
-0.808073659114643905 -0.515838952853171939 0.256685186702419799
-0.813260892696343052 -0.507050439443559653 0.256031680410439610
-0.817311596456543388 -0.500044335872439016 0.255379193563278428
-0.821275676857499803 -0.493061005221027693 0.254727730097616900
-0.826111001915513343 -0.484364914522178003 0.254077293943961557
-0.829885069607583459 -0.477435270467897355 0.253427889026620723
-0.834487098245899950 -0.468808193485352298 0.252779519263680752
-0.838077891785360407 -0.461935146136171482 0.252132188566982385
-0.842455008910239500 -0.453380366094605414 0.251485900842097765
-0.845869197441141418 -0.446566266911037957 0.250840659988306292
-0.849207010046393984 -0.439778983752985297 0.250196469898570972
-0.853273831385178427 -0.431333069471357744 0.249553334459515330
-0.856444484718348775 -0.424607219563752469 0.248911257551399867
-0.860306361393339492 -0.416238879445469834 0.248270243048098749
-0.863316225024066908 -0.409575608150994697 0.247630294817075935
-0.866256628135022355 -0.402940405234999188 0.246991416719362256
-0.869836293860296927 -0.394686034134924646 0.246353612609532258
-0.872624806542108500 -0.388114330446814981 0.245716886335680784
-0.876018342607718381 -0.379939503472067897 0.245081241739399380
-0.878660888742357260 -0.373431490350731810 0.244446682655753811
-0.881240407073935916 -0.366951762107983193 0.243813212913260191
-0.884377859055459625 -0.358891800448718823 0.243180836333862671
-0.886819587347303151 -0.352475499353887889 0.242549556732909621
-0.889201816554001545 -0.346087243542668510 0.241919377919131262
-0.891525588479740616 -0.339726917051115906 0.241290303694616182
-0.894349650526373163 -0.331815581143661387 0.240662337854788411
-0.896545592140056580 -0.325517588660209745 0.240035484188385162
-0.898686314278528631 -0.319247043719399271 0.239409746477433349
-0.901286009660611565 -0.311447195613718919 0.238785128497226773
-0.903305927726515412 -0.305237760760196042 0.238161634016303414
-0.905273633179086046 -0.299055181580566820 0.237539266796423398
-0.907190004398828576 -0.292899263958695477 0.236918030592545070
-0.909514582278305062 -0.285241560436721886 0.236297929152803232
-0.911318549494573027 -0.279144912670905132 0.235678966218485830
-0.913073886225345355 -0.273074289391594782 0.235061145524012804
-0.914781378573251702 -0.267029499607280618 0.234444470796911636
-0.916849626242291493 -0.259509558948109453 0.233828945757796114
-0.918452233994428102 -0.253522227978124015 0.233214574120343354
-0.920009408029587528 -0.247560157409003834 0.232601359591271956
-0.921521847149050499 -0.241623191951319788 0.231989305870319185
-0.922990230743783835 -0.235711189082784628 0.231378416650218466
-0.924764761650801237 -0.228356095278452853 0.230768695616677788
-0.926136407479819179 -0.222499813549530800 0.230160146448356639
-0.927466078467806820 -0.216668137347127171 0.229552772816844636
-0.928754377967554667 -0.210860994491470499 0.228946578386638622
-0.930001893197391793 -0.205078332620344028 0.228341566815121244
-0.931209195988524363 -0.199320120226251729 0.227737741752538220
-0.932376843570630776 -0.193586347553362903 0.227135106841976964
-0.933781464571203701 -0.186453521704540437 0.226533665719343968
-0.934861855274341513 -0.180774820362934852 0.225933422013343488
-0.935904310973712739 -0.175120685580250568 0.225334379345455083
-0.936909336257984116 -0.169491206900690139 0.224736541329912165
-0.937877425659814801 -0.163886498034329808 0.224139911573680239
-0.938809064564882112 -0.158306696864473628 0.223544493676434614
-0.939704730137017386 -0.152751965217229113 0.222950291230539055
-0.940564892226516625 -0.147222488553079622 0.222357307821024419
-0.941390014284134269 -0.141718475413169842 0.221765547025566445
-0.942180554251756952 -0.136240156762813314 0.221175012414464467
-0.942936965442042530 -0.130787785119691136 0.220585707550619681
-0.943659697391081242 -0.125361633533611572 0.219997635989513968
-0.944349196675294045 -0.119961994451403875 0.219410801279188383
-0.945005907704497439 -0.114589178337109576 0.218825206960221313
-0.945630273461443793 -0.109243512241267660 0.218240856565707519
-0.946222736202773196 -0.103925338171806381 0.217657753621236849
-0.946783738104562400 -0.098635011370756365 0.217075901644872893
-0.947313721855241098 -0.093372898446684283 0.216495304147131529
-0.947813131187627445 -0.088139375407223219 0.215915964630959911
-0.948282411344654186 -0.082934825633888765 0.215337886591715516
-0.948722009483082496 -0.077759637729438835 0.214761073517145018
-0.949132375005868001 -0.072614203325527649 0.214185528887362697
-0.949513959822744225 -0.067498914857955172 0.213611256174830066
-0.949867218541362024 -0.062414163275411438 0.213038258844334860
-0.950192608584220277 -0.057360335753814107 0.212466540352969940
-0.950490590232212829 -0.052337813422575485 0.211896104150112174
-0.950761626598447540 -0.047346969082355472 0.211326953677402479
-0.951006183530464178 -0.042388164981026266 0.210759092368723977
-0.951172505792138412 -0.038690299106501957 0.210192523650182150
-0.951371852258942163 -0.033788397575139073 0.209627250940083665
-0.951546012889819437 -0.028919460460292923 0.209063277648916135
-0.951695461791991604 -0.024083791588238534 0.208500607179326947
-0.951820674468419670 -0.019281674570074570 0.207939242926103607
-0.951922127375863902 -0.014513371080830728 0.207379188276152232
-0.952000297438620247 -0.009779119221726862 0.206820446608478120
-0.952043932500727497 -0.006250905875765822 0.206263021294164489
-0.952082504690684228 -0.001576741316403230 0.205706915696352854
-0.952099103571184990 0.003062849738318718 0.205152133170222351
-0.952094202874874895 0.007667729364700171 0.204598677062969414
-0.952068274048173180 0.012237788819702611 0.204046550713787689
-0.952035309693027409 0.015642434088830814 0.203495757453848236
-0.951973706910506312 0.020151386775762115 0.202946300606278940
-0.951892355491213316 0.024625375883009837 0.202398183486144662
-0.951791712633626164 0.029064407063195297 0.201851409400427062
-0.951703842544777912 0.032370760230018170 0.201305981648004950
-0.951570523510949950 0.036748722062377503 0.200761903519634410
-0.951419141168012850 0.041091901432712907 0.200219178297928596
-0.951294011854359245 0.044326531831607008 0.199677809257337857
-0.951112059095750029 0.048609151971167441 0.199137799664130727
-0.950913218837996954 0.052857395219791325 0.198599152776373439
-0.950697903516431797 0.057071463875304096 0.198061871843910497
-0.950525848410108010 0.060209725798492431 0.197525960108345194
-0.950282667396499581 0.064364559337811322 0.196991420803020012
-0.950024098831614872 0.068485915921483453 0.196458257152997223
-0.949820301708883208 0.071555144831452422 0.195926472375038851
-0.949535706836623916 0.075618657631109976 0.195396069677588241
-0.949312808202310343 0.078644885406160714 0.194867052260749796
-0.949003287573600529 0.082651603421414865 0.194339423316269994
-0.948679995898654704 0.086626381975768441 0.193813186027518514
-0.948428688762941063 0.089586744583245781 0.193288343569468529
-0.948082084999120611 0.093506598123400231 0.192764899108677640
-0.947813656395551596 0.096426249790133922 0.192242855803268775
-0.947444692002110678 0.100292487535799446 0.191722216802911405
-0.947063354560058857 0.104128705088771201 0.191202985248802360
-0.946769400769658431 0.106986446340468055 0.190685164273646623
-0.946367078723743815 0.110771251692525274 0.190168757001638655
-0.946057692440795295 0.113590981501687172 0.189653766548444014
-0.945635186663528748 0.117325846632265862 0.189140196021179541
-0.945310947179158090 0.120108683985077902 0.188628048518395514
-0.944869002045783057 0.123795116857756793 0.188117327130056300
-0.944530447006369456 0.126542201974285340 0.187608034937522289
-0.944069752479960611 0.130181731285917091 0.187100175013531100
-0.943717379651372257 0.132894214328936888 0.186593750422178684
-0.943238573897630772 0.136488374612756813 0.186088764218901248
-0.942872843317497322 0.139167404627361824 0.185585219450456806
-0.942501519986693959 0.141832446824441183 0.185083119154906633
-0.941997852280927583 0.145364435967495265 0.184582466361596864
-0.941613767959810000 0.147997643586709082 0.184083264091140619
-0.941093343230119617 0.151487926699378606 0.183585515355399187
-0.940696877312757085 0.154090402428693707 0.183089223157464454
-0.940295214086580344 0.156680036337546513 0.182594390491640279
-0.939751686140962050 0.160113237969073174 0.182101020343424957
-0.939338135597662549 0.162673650790133684 0.181609115689492451
-0.938778972835740633 0.166068566115046001 0.181118679497675406
-0.938353852304718350 0.168600758038308263 0.180629714726946222
-0.937923865384764799 0.171121147726181810 0.180142224327400208
-0.937343071544614714 0.174463598866674729 0.179656211240236729
-0.936901935037132594 0.176957096592837482 0.179171678397742395
-0.936456105439955611 0.179439333631404963 0.178688628723273041
-0.935854451605013571 0.182731725916788490 0.178207065131235742
-0.935397863875707225 0.185188263744134052 0.177726990527071554
-0.934936746319006362 0.187634020047406813 0.177248407807238162
-0.934471146665075691 0.190069125351858437 0.176771319859192089
-0.933843456835805608 0.193299577793328958 0.176295729561371350
-0.933367582851617805 0.195710302128898339 0.175821639783178052
-0.932887384061593883 0.198110763518372646 0.175349053384961262
-0.932402907587816410 0.200501063784441214 0.174877973217999694
-0.931750366598075752 0.203672487592844231 0.174408402124484219
-0.931256093400956830 0.206039435412374738 0.173940342937500991
-0.930757701616050426 0.208396510989955375 0.173473798481014518
-0.930255240023597496 0.210743785573401898 0.173008771569850284
-0.929748758083570825 0.213081323227948594 0.172545265009677762
-0.929238306038390971 0.215409180828612712 0.172083281596993737
-0.928551616107065270 0.218498017893038521 0.171622824119105372
-0.928032101037065793 0.220803469396499918 0.171163895354113277
-0.927508790274028438 0.223099378482622346 0.170706498070894802
-0.926981738570873848 0.225385770996605728 0.170250635029087161
-0.926451001942480534 0.227662665787624341 0.169796308979071303
-0.925916637748409155 0.229930074757844827 0.169343522661954737
-0.925378704749382885 0.232188003012648692 0.168892278809555235
-0.924837263177330615 0.234436448945000042 0.168442580144384513
-0.924292374780185222 0.236675404412732659 0.167994429379631272
-0.923560604855796496 0.239645889389521971 0.167547829219145628
-0.923007922874461317 0.241862633176497421 0.167102782357422014
-0.922452011416502460 0.244069814196049784 0.166659291479583554
-0.921892939257643595 0.246267397968482571 0.166217359261365216
-0.921330776849115685 0.248455344521158361 0.165776988369098488
-0.920765596329511049 0.250633608608096747 0.165338181459694394
-0.920197471514334175 0.252802139997931163 0.164900941180628258
-0.919626477886067883 0.254960883742202327 0.164465270169923072
-0.919052692574093721 0.257109780463910587 0.164031171056134129
-0.918476194323945339 0.259248766666790531 0.163598646458332858
-0.917897063458615659 0.261377775055031458 0.163167698986090987
-0.917509554011948003 0.262791535934025655 0.162738331239465017
-0.916926218087782074 0.264903755795405815 0.162310545808980133
-0.916340471077949248 0.267005802329913000 0.161884345275615377
-0.915752398631210607 0.269097597185131487 0.161459732210787160
-0.915162087684418757 0.271179059829358637 0.161036709176334170
-0.914569626382703449 0.273250107903997896 0.160615278724501848
-0.913975103977572645 0.275310657632024780 0.160195443397927406
-0.913378610745025687 0.277360624137711453 0.159777205729623673
-0.912780237866503308 0.279399921872637458 0.159360568242964351
-0.912380323758814060 0.280753484205403470 0.158945533451668869
-0.911779022875744083 0.282774809891564949 0.158532103859786916
-0.911176089077626816 0.284785238209876057 0.158120281961683429
-0.910571615887147190 0.286784684329791650 0.157710070242023437
-0.909965697169779819 0.288773064496499809 0.157301471175757601
-0.909560994741355100 0.290092462798357931 0.156894487228106394
-0.908952875913764613 0.292062217645880806 0.156489120854546221
-0.908343562527946125 0.294020691168876580 0.156085374500793544
-0.907733148550063040 0.295967806590406279 0.155683250602791229
-0.907121727643276587 0.297903489840004254 0.155282751586692802
-0.906713600360932181 0.299187558901744033 0.154883879868848662
-0.906100708121709841 0.301104032235336661 0.154486637855791142
-0.905487056180877659 0.303008891416571502 0.154091027944219749
-0.905077577980789361 0.304272314657289544 0.153697052520987060
-0.904462862404117773 0.306157682082768112 0.153304713963084344
-0.903847628530509595 0.308031280296040655 0.152914014637626994
-0.903437228425146843 0.309273782329965219 0.152524956901840314
-0.902821326723517781 0.311127655907034228 0.152137543103045308
-0.902205139718270210 0.312969636832870712 0.151751775578644582
-0.901794231772652166 0.314190998446076397 0.151367656656108324
-0.901177756678182229 0.316013077868842418 0.150985188652959929
-0.900561218444596356 0.317823176591002288 0.150604373876762149
-0.900150197493483351 0.319023241405276492 0.150225214625103520
-0.899533731002442272 0.320813323227326364 0.149847713185584097
-0.899122829814985813 0.322000028074617639 0.149471871835801767
-0.898506648337676683 0.323770053806463287 0.149097692843338375
-0.898096005876251935 0.324943381226306005 0.148725178465746399
-0.897480312861773877 0.326693337759198288 0.148354330950535129
-0.896865006261257536 0.328431257444388502 0.147985152535156927
-0.896455049791918035 0.329583188372788327 0.147617645446993906
-0.895840535231395618 0.331301072777569205 0.147251811903344576
-0.895431166220544306 0.332439663014323816 0.146887654111410415
-0.894817618940531467 0.334137567627269261 0.146525174268282266
-0.894408950369208977 0.335262862889703861 0.146164374560927651
-0.894000591858947313 0.336382856823649046 0.145805257166176955
-0.893388671004241020 0.338052932430313924 0.145447824250710761
-0.892981157895467614 0.339159724193126344 0.145092077971046479
-0.892370576995917930 0.340810058381426306 0.144738020473525603
-0.891964003208589373 0.341903734224011435 0.144385653894300470
-0.891354897070064656 0.343534468484047784 0.144034980359321579
-0.890949348416581133 0.344615130661524716 0.143686001984324796
-0.890544232027541405 0.345690619455448545 0.143338720874818359
-0.889937393861559789 0.347294196040284497 0.142993139126070229
-0.889533409135052522 0.348356839854232214 0.142649258823095815
-0.889129896125804731 0.349414383452669008 0.142307082040644906
-0.888525533084327579 0.350991186285514734 0.141966610843189456
-0.888123242547620206 0.352036081401119139 0.141627847284910818
-0.887721456955753108 0.353075960117691434 0.141290793409687837
-0.887119743511922909 0.354626429037514623 0.140955451251084163
-0.886719255832705944 0.355653881169191888 0.140621822832335985
-0.886319300267000010 0.356676410380935616 0.140289910166339848
-0.885919883498209271 0.357694045002211136 0.139959715255640799
-0.885321782051430306 0.359211383216500868 0.139631240092419895
-0.884923738440235308 0.360216909705055099 0.139304486658482385
-0.884526253358896675 0.361217645931126319 0.138979456925245687
-0.884129331424682530 0.362213623084815362 0.138656152853727538
-0.883535013455958529 0.363698735140752183 0.138334576394534364
-0.883139516749048559 0.364682954658422709 0.138014729487848986
-0.882744595954097488 0.365662528518183039 0.137696614063419348
-0.882350253777378746 0.366637490241080610 0.137380232040546862
-0.881956492519986091 0.367607873803368013 0.137065585328074641
-0.881563314085118455 0.368573713614052390 0.136752675824376058
-0.880974642434195987 0.370014030059214849 0.136441505417343317
-0.880582926853533232 0.370968663635666884 0.136132075984376016
-0.880191797753666849 0.371918876930448505 0.135824389392369904
-0.879801255353942491 0.372864705998623647 0.135518447497705474
-0.879411299522028234 0.373806187199627105 0.135214252146237057
-0.879021929784396194 0.374743357170421787 0.134911805173281107
-0.878633145332794019 0.375676252808635480 0.134611108403605934
-0.878244945030009827 0.376604911257923225 0.134312163651419847
-0.877857327423680722 0.377529369874115006 0.134014972720361059
-0.877470290748144532 0.378449666220680880 0.133719537403486022
-0.877083832937143981 0.379365838038495995 0.133425859483258913
-0.876697951637269934 0.380277923214800417 0.133133940731541361
-0.876312644198779633 0.381185959804360874 0.132843782909580932
-0.875927907702925390 0.382089985967080548 0.132555387768000910
-0.875543738962364815 0.382990039967677609 0.132268757046789781
-0.875160134523726430 0.383886160170868962 0.131983892475290826
-0.874777090685963543 0.384778385000449141 0.131700795772191348
-0.874394603502230527 0.385666752936551616 0.131419468645512461
-0.874012668788334501 0.386551302498120697 0.131139912792598762
-0.873631282134543996 0.387432072217585299 0.130862129900108481
-0.873250438909283333 0.388309100635459647 0.130586121644002573
-0.872870134267510256 0.389182426282771332 0.130311889689535138
-0.872680182347384092 0.389617712596626198 0.130039435691243210
-0.872300676056196433 0.390485556259886013 0.129768761292936907
-0.871921695367970262 0.391349793308952920 0.129499868127689266
-0.871543234760008390 0.392210462107053182 0.129232757817826449
-0.871165288537273930 0.393067600929838834 0.128967431974918306
-0.870787850834264576 0.393921247962570553 0.128703892199768077
-0.870599320800606868 0.394346773961311514 0.128442140082403289
-0.870222634537719308 0.395195254649734040 0.128182177202065650
-0.869846441459405151 0.396040338477430698 0.127924005127202034
-0.869470735184189492 0.396882063165530541 0.127667625415454483
-0.869283062567315135 0.397301677577012180 0.127413039613651358
-0.868908074246527828 0.398138433929703106 0.127160249257797620
-0.868533556231670389 0.398971924688474255 0.126909255873065646
-0.868159501718756665 0.399802186952961158 0.126660060973786071
-0.867972646127009417 0.400216118924051401 0.126412666063438650
-0.867599273921094705 0.401041607478152429 0.126167072634643274
-0.867226347825278299 0.401863959244263214 0.125923282169150691
-0.867040049855472561 0.402273970166357631 0.125681296137833798
-0.866667779597819932 0.403091684635228154 0.125441116000678810
-0.866295937592017173 0.403906352421803228 0.125202743206776296
-0.866110174921548182 0.404312554929661394 0.124966179194312452
-0.865738961703200860 0.405122719236048090 0.124731425390560466
-0.865553509331503435 0.405526689799932227 0.124498483211871971
-0.865182908492668767 0.406332429502807901 0.124267354063668414
-0.864812706748125049 0.407135262734434566 0.124038039340432532
-0.864627753244654684 0.407535600119256769 0.123810540425700069
-0.864258136392587861 0.408334137611806536 0.123584858692051325
-0.864073471213118616 0.408732346119273671 0.123360995501102993
-0.863704422776921943 0.409526663469837071 0.123138952203499741
-0.863520037696366538 0.409922780561273681 0.122918730138906251
-0.863151541273518674 0.410712951982149965 0.122700330635999083
-0.862967428124692848 0.411107014390598879 0.122483755012458659
-0.862599467457246361 0.411893112593637478 0.122269004574961190
-0.862415618153710373 0.412285156292633126 0.122056080619171087
-0.862048177182557995 0.413067252409572538 0.121844984429732739
-0.861864583757834479 0.413457312548329514 0.121635717280263234
-0.861681073879938975 0.413846719164096988 0.121428280433344166
-0.861314301325421972 0.414623586889094120 0.121222675140514505
-0.861131036942768491 0.415011055451324773 0.121018902642262602
-0.860764747757792548 0.415784080345800666 0.120816964168019139
-0.860581721298808611 0.416169643912546516 0.120616860936149317
-0.860398772504345599 0.416554579656428003 0.120418594153945749
-0.860033104694796879 0.417322581734094422 0.120222165017621091
-0.859850384094857256 0.417705655005504606 0.120027574712300855
-0.859667737995185588 0.418088114319110082 0.119834824412016289
-0.859302666243306867 0.418851204512865338 0.119643915279697144
-0.859120239096918148 0.419231842003544131 0.119454848467164781
-0.858937883458662510 0.419611878765393909 0.119267625115125314
-0.858755598617696236 0.419991317987342017 0.119082246353162544
-0.858391238517582034 0.420748416417432103 0.118898713299731174
-0.858209161897733330 0.421126081797950358 0.118717027062150135
-0.858027153346007321 0.421503161999813469 0.118537188736595883
-0.857845212218465214 0.421879659996134138 0.118359199408095833
-0.857481529733802539 0.422630921039833796 0.118183060150521657
-0.857299787167551064 0.423005689799054230 0.118008772026582914
-0.857118109607546419 0.423379887776484942 0.117836336087820667
-0.856936496494858146 0.423753517700068694 0.117665753374601195
-0.856754947282938772 0.424126582258888329 0.117497024916109374
-0.856573461446388795 0.424499084085889544 0.117330151730342946
-0.856210677903578743 0.425242409797031595 0.117165134824105996
-0.856029379241262989 0.425613238691142981 0.117001975193003135
-0.855848142051746308 0.425983514854865297 0.116840673821433358
-0.855666965909480881 0.426353240656938359 0.116681231682584041
-0.855485850407016524 0.426722418417891658 0.116523649738425272
-0.855304795166677900 0.427091050387231497 0.116367928939703880
-0.855123799827720132 0.427459138769279934 0.116214070225937813
-0.854942864049763385 0.427826685716748978 0.116062074525410328
-0.854761987523860345 0.428193693308679235 0.115911942755164490
-0.854581169955810793 0.428560163584769005 0.115763675820997711
-0.854400411079743183 0.428926098517810050 0.115617274617456051
-0.854219710656237141 0.429291500018622874 0.115472740027829104
-0.854039068465200391 0.429656369949598715 0.115330072924144461
-0.853858484320652922 0.430020710096431169 0.115189274167162514
-0.853677958048540297 0.430384522212545473 0.115050344606371285
-0.853497489516017671 0.430747807960380813 0.114913285079981331
-0.853317078612279234 0.431110568951511175 0.114778096414920497
-0.853136725248305861 0.431472806745732185 0.114644779426829185
-0.852956429367009550 0.431834522832302115 0.114513334920055415
-0.852776190937918566 0.432195718640634274 0.114383763687649603
-0.852596009959499357 0.432556395535946492 0.114256066511360263
-0.852596009959499357 0.432556395535946492 0.114130244161628980
-0.852415886464950479 0.432916554808446374 0.114006297397585929
-0.852235820503814967 0.433276197709720867 0.113884226967045130
-0.852055812162776149 0.433635325412246642 0.113764033606500142
-0.851875861560020597 0.433993939020813901 0.113645718041119337
-0.851875861560020597 0.433993939020813901 0.113529280984741868
-0.851695968845131546 0.434352039573249860 0.113414723139873122
-0.851516134191025120 0.434709628056432540 0.113302045197680529
-0.851336357805347888 0.435066705384414887 0.113191247837989437
-0.851156639927519221 0.435423272404520667 0.113082331729278909
-0.851156639927519221 0.435423272404520667 0.112975297528677909
-0.850976980830921770 0.435779329893610234 0.112870145881961009
-0.850797380819280580 0.436134878565396511 0.112766877423544909
-0.850797380819280580 0.436134878565396511 0.112665492776484119
-0.850617840223528932 0.436489919076876787 0.112565992552467672
-0.850438359414183997 0.436844452004724715 0.112468377351815099
-0.850438359414183997 0.436844452004724715 0.112372647763472971
-0.850258938795161789 0.437198477857770607 0.112278804365011281
-0.850079578795127411 0.437551997093886591 0.112186847722619942
-0.850079578795127411 0.437551997093886591 0.112096778391105545
-0.849900279887987997 0.437905010080934076 0.112008596913887773
-0.849900279887987997 0.437905010080934076 0.111922303822996186
-0.849721042569564489 0.438257517142138009 0.111837899639067123
-0.849541867380103621 0.438609518513023711 0.111755384871340541
-0.849541867380103621 0.438609518513023711 0.111674760017656721
-0.849362754883595139 0.438961014381634929 0.111596025564453569
-0.849362754883595139 0.438961014381634929 0.111519181986763555
-0.849183705690379043 0.439312004845339221 0.111444229748210735
-0.849183705690379043 0.439312004845339221 0.111371169301008127
-0.849004720435182714 0.439662489953769497 0.111300001085954892
-0.849004720435182714 0.439662489953769497 0.111230725532433697
-0.848825799793620162 0.440012469676866025 0.111163343058408165
-0.848825799793620162 0.440012469676866025 0.111097854070420235
-0.848646944474553466 0.440361943920545118 0.111034258963587817
-0.848646944474553466 0.440361943920545118 0.110972558121602394
-0.848646944474553466 0.440361943920545118 0.110912751916726629
-0.848468155218988551 0.440710912528824217 0.110854840709792277
-0.848468155218988551 0.440710912528824217 0.110798824850197819
-0.848289432809422483 0.441059375266395770 0.110744704675906469
-0.848289432809422483 0.441059375266395770 0.110692480513444172
-0.848289432809422483 0.441059375266395770 0.110642152677897440
-0.848110778060035986 0.441407331837797845 0.110593721472911730
-0.848110778060035986 0.441407331837797845 0.110547187190689372
-0.848110778060035986 0.441407331837797845 0.110502550111987896
-0.847932191821526571 0.441754781878393066 0.110459810506118417
-0.847932191821526571 0.441754781878393066 0.110418968630943887
-0.847932191821526571 0.441754781878393066 0.110380024732877557
-0.847932191821526571 0.441754781878393066 0.110342979046881562
-0.847753674983075634 0.442101724951379282 0.110307831796465444
-0.847753674983075634 0.442101724951379282 0.110274583193684828
-0.847753674983075634 0.442101724951379282 0.110243233439140137
-0.847753674982363759 0.442101724952730424 0.110213782721975392
-0.847753674982363759 0.442101724952730424 0.110186231219877029
-0.847575228461035834 0.442448160569057836 0.110160579099072869
-0.847575228461035834 0.442448160569057836 0.110136826514331099
-0.847575228461035834 0.442448160569057836 0.110114973608959388
-0.847575228461035834 0.442448160569057836 0.110095020514803896
-0.847575228461035834 0.442448160569057836 0.110076967352248589
-0.847575228461035834 0.442448160569057836 0.110060814230214563
-0.847575228461035834 0.442448160569057836 0.110046561246159164
-0.847575228461035834 0.442448160569057836 0.110034208486075674
-0.847575228461035834 0.442448160569057836 0.110023756024492547
-0.847396853217212254 0.442794088158967314 0.110015203924473198
-0.847396853215209744 0.442794088162777710 0.110008552237615381
-0.847396853215209744 0.442794088162777710 0.110003801004051049
-0.847396853215209744 0.442794088162777710 0.110000950252446050
-0.847396853215209744 0.442794088162777710 0.110000000000000001
