-0.286719317633413961 -0.446183272825150912 0.739999999999999991
-0.286719317633413961 -0.446183272825150912 0.739999049747553928
-0.288359787641637721 -0.446020843600028749 0.739996198995948928
-0.288359787641637721 -0.446020843600028749 0.739991447762384680
-0.288359787641637721 -0.446020843600028749 0.739984796075526807
-0.288359787641637721 -0.446020843600028749 0.739976243975507431
-0.288359787641637721 -0.446020843600028749 0.739965791513924276
-0.288359787641637721 -0.446020843600028749 0.739953438753840897
-0.288359787641637721 -0.446020843600028749 0.739939185769785457
-0.288359787641637721 -0.446020843600028749 0.739923032647751389
-0.288359787641637721 -0.446020843600028749 0.739904979485196068
-0.288359787641637721 -0.446020843600028749 0.739885026391040590
-0.288359787641637721 -0.446020843600028749 0.739863173485668879
-0.288359787641637721 -0.446020843600028749 0.739839420900927136
-0.289987996228594169 -0.445838851846303175 0.739813768780122949
-0.289987996228594169 -0.445838851846303175 0.739786217278024627
-0.289987996228594169 -0.445838851846303175 0.739756766560859869
-0.289987996228594169 -0.445838851846303175 0.739725416806315206
-0.289987996228594169 -0.445838851846303175 0.739692168203534561
-0.291604000598448931 -0.445637174189878749 0.739657020953118471
-0.291604000598448931 -0.445637174189878749 0.739619975267122420
-0.291604000598448931 -0.445637174189878749 0.739581031369056063
-0.291604000598448931 -0.445637174189878749 0.739540189493881561
-0.291604000598448931 -0.445637174189878749 0.739497449888012137
-0.293207853409065078 -0.445415655963079971 0.739452812809310633
-0.293207853409065078 -0.445415655963079971 0.739406278527088290
-0.293207853409065078 -0.445415655963079971 0.739357847322102524
-0.294799602402691707 -0.445174108690314929 0.739307519486555820
-0.294799602402691707 -0.445174108690314929 0.739255295324093509
-0.294799602402691707 -0.445174108690314929 0.739201175149802103
-0.296379289987440897 -0.444912307225106496 0.739145159290207743
-0.296379289987440897 -0.444912307225106496 0.739087248083273307
-0.296379289987440897 -0.444912307225106496 0.739027441878397529
-0.297946952760265948 -0.444629986507126651 0.738965741036412216
-0.297946952760265948 -0.444629986507126651 0.738902145929579812
-0.297946952760265948 -0.444629986507126651 0.738836656941591730
-0.299502620973474409 -0.444326837866501623 0.738769274467566239
-0.299502620973474409 -0.444326837866501623 0.738699998914045142
-0.301046317917947337 -0.444002504818343247 0.738628830698991878
-0.301046317917947337 -0.444002504818343247 0.738555770251789201
-0.301046317917947337 -0.444002504818343247 0.738480818013236395
-0.302578059225005469 -0.443656578258868006 0.738403974435546395
-0.302578059225005469 -0.443656578258868006 0.738325239982343340
-0.304097852058947626 -0.443288590967537477 0.738244615128659576
-0.304097852058947626 -0.443288590967537477 0.738162100360932882
-0.305605694192157995 -0.442898011297595984 0.738077696177003806
-0.305605694192157995 -0.442898011297595984 0.737991403086112219
-0.307101572931114619 -0.442484235922131819 0.737903221608894433
-0.307101572931114619 -0.442484235922131819 0.737813152277379980
-0.308585463871727472 -0.442046581467281985 0.737721195634988725
-0.308585463871727472 -0.442046581467281985 0.737627352236526979
-0.310057329450818209 -0.441584274824290135 0.737531622648184837
-0.311517117245637187 -0.441096441909281212 0.737434007447532291
-0.311517117245637187 -0.441096441909281212 0.737334507223515900
-0.312964757981638197 -0.440582094564595350 0.737233122576455124
-0.312964757981638197 -0.440582094564595350 0.737129854118038996
-0.314400163175057368 -0.440040115244003271 0.737024702471322124
-0.315823222340876286 -0.439469239038346948 0.736917668270721027
-0.315823222340876286 -0.439469239038346948 0.736808752162010583
-0.317233799664797089 -0.438868032476697145 0.736697954802319477
-0.318631730014855452 -0.438234868427532009 0.736585276860126870
-0.318631730014855452 -0.438234868427532009 0.736470719015258179
-0.320016814137493777 -0.437567896245705801 0.736354281958880641
-0.321388812837147486 -0.436865006050596583 0.736235966393499863
-0.321388812837147486 -0.436865006050596583 0.736115773032954834
-0.322747439882902609 -0.436123785799012564 0.735993702602414035
-0.324092353301742797 -0.435341469355776722 0.735869755838370998
-0.325423144622315752 -0.434514873322144890 0.735743933488639756
-0.325423144622315752 -0.434514873322144890 0.735616236312350402
-0.326739325485177035 -0.433640319656165396 0.735486665079944646
-0.328040310835290616 -0.432713540231680627 0.735355220573170709
-0.329325397655455321 -0.431729558214331455 0.735221903585079439
-0.329325397655455321 -0.431729558214331455 0.735086714920018758
-0.330593737794561859 -0.430682539434842693 0.734949655393628665
-0.331844302906318389 -0.429565604495621478 0.734810725832837464
-0.333075838719200601 -0.428370588982575407 0.734669927075855544
-0.334286804674282234 -0.427087734263560226 0.734527259972170943
-0.335475293229680060 -0.425705284249434157 0.734382725382543899
-0.335475293229680060 -0.425705284249434157 0.734236324179002309
-0.336638920436044431 -0.424208952988915144 0.734088057244835501
-0.337774675251461043 -0.422581212171669440 0.733937925474589692
-0.338878708434363518 -0.420800323219594430 0.733785929774062096
-0.339946031101979462 -0.418839000494006797 0.733632071060296154
-0.340970075022886177 -0.416662530593040037 0.733476350261574761
-0.341942035649458798 -0.414226071032534393 0.733318768317415937
-0.342849863472729666 -0.411470678292302772 0.733159326178566717
-0.343676666496573802 -0.408317309579015464 0.732998024806996828
-0.344398087450796697 -0.404657482268629187 0.732834865175894024
-0.344977813094891617 -0.400338200197907723 0.732669848269657087
-0.345359493336427015 -0.395136584277973935 0.732502975083890617
-0.345451302966820362 -0.388714977280351537 0.732334246625398921
-0.345094197410259929 -0.380536491832530077 0.732163663912179352
-0.343990306345091479 -0.369693616142654891 0.731991227973417091
-0.341520704313881041 -0.354524936058777218 0.731816939849478376
-0.336198787943062072 -0.331640838024207685 0.731640800591904172
-0.323586565593838693 -0.292970826682732444 0.731462811263404067
-0.284575224299828955 -0.214375226780280925 0.731282972937849940
-0.047477743547539419 -0.016179096681181171 0.731101286700268749
0.148816251318405146 -0.979422258254781797 0.730917753646837420
-0.308215648980636692 -0.711130505667095569 0.730732374884874636
-0.351331492721446481 -0.600291003534220713 0.730545151532835280
-0.362061494716964360 -0.551320674602741034 0.730356084720302889
-0.366391329039597868 -0.523960359474904158 0.730165175587983772
-0.368777795509702244 -0.506427773604537612 0.729972425287699123
-0.371734720133382712 -0.485011542939767837 0.729777834982378915
-0.372888629498913549 -0.477881341304889851 0.729581405846054243
-0.373958502684723249 -0.472118002189517383 0.729383139063850661
-0.374981588129282062 -0.467324155962265564 0.729183035831980852
-0.375977132199528830 -0.463241777883928396 0.728981097357737307
-0.377922289302024872 -0.456564488524211998 0.728777324859485542
-0.378880744420753368 -0.453758481874597108 0.728571719566655895
-0.379832573403185214 -0.451212558610770198 0.728364282719736744
-0.380778698257579429 -0.448877198899867269 0.728155015570267294
-0.381719565372501901 -0.446714269024561184 0.727943919380828919
-0.383586029866551159 -0.442792460255651721 0.727730995425038829
-0.384511538241269657 -0.440990820467508704 0.727516244987541416
-0.385431721846627606 -0.439273492350810590 0.727299669364000922
-0.386346408191984958 -0.437627721009034021 0.727081269861093782
-0.388158547082135819 -0.434510207750395672 0.726861047796500293
-0.389055626257703291 -0.433022103290047811 0.726639004498896957
-0.389946469667071249 -0.431572227373648420 0.726415141307948709
-0.391708760892633900 -0.428766050722130865 0.726189459574299923
-0.392579882045583139 -0.427400938055471247 0.725961960659567529
-0.393444113546630614 -0.426056197660385938 0.725732645936331688
-0.395151322402900629 -0.423415610889304461 0.725501516788128020
-0.395994019024319910 -0.422114508034315716 0.725268574609439609
-0.397656921879140257 -0.419539584058674864 0.725033820805687568
-0.398476865637503175 -0.418261976388520196 0.724797256793223710
-0.399288964941037272 -0.416988705098956913 0.724558883999321224
-0.400889114235185251 -0.414449320368555529 0.724318703862166235
-0.401676904633591403 -0.413180567379365260 0.724076717830849370
-0.403227255983015176 -0.410639038925809219 0.723832927365356760
-0.403989545002178041 -0.409364128989208820 0.723587333936561383
-0.404743055925462225 -0.408085133300938985 0.723339939026213963
-0.406223156566314580 -0.405511209738056599 0.723090744126934415
-0.406949439736995433 -0.404214539720663069 0.722839750742202303
-0.408373659106460396 -0.401597647856045292 0.722586960386348620
-0.409071248783070052 -0.400275836710405508 0.722332374584545467
-0.410436459292172984 -0.397601614675418047 0.722075994872797944
-0.411103680237853819 -0.396247679396822206 0.721817822797934383
-0.412406272493274439 -0.393502359889777387 0.721557859917596800
-0.413664812711103891 -0.390701988228571107 0.721296107800231900
-0.414276915719909711 -0.389279199235899931 0.721032568025081755
-0.415465351889528933 -0.386384358344449785 0.720767242182173473
-0.416041056022973921 -0.384910618847797037 0.720500131872310767
-0.417153707869658497 -0.381906075701988201 0.720231238707063071
-0.417689894186348720 -0.380373402287675799 0.719960564308756767
-0.418719884142926768 -0.377242278185815683 0.719688110310464868
-0.419690202499894582 -0.374016266810763831 0.719413878355997460
-0.420151667597556344 -0.372364775468096487 0.719137870099891496
-0.421024220581113273 -0.368978445647412279 0.718860087207401133
-0.421433972279831426 -0.367240829273238811 0.718580531354487628
-0.422196677211239435 -0.363669086561856592 0.718299204227808685
-0.422877909845722655 -0.359957320431670225 0.718016107524709124
-0.423185541421787159 -0.358044225041315833 0.717731242953210224
-0.423729199764392939 -0.354092975634494378 0.717444612231999179
-0.424168627325011260 -0.349958846568445059 0.717156217090419101
-0.424491491134989019 -0.345619653568276064 0.716866059268458589
-0.424604672587688692 -0.343365182412074421 0.716574140516741065
-0.424723759077610674 -0.338668006766595642 0.716280462596514012
-0.424682609221461282 -0.333691076003705123 0.715985027279638975
-0.424594374674393760 -0.331085313010427595 0.715687836348580131
-0.424264192009550900 -0.325609888652009460 0.715388891596394072
-0.423698931156561431 -0.319735970438247363 0.715088194826718926
-0.422853628766650225 -0.313396107884544584 0.714785747853762921
-0.421669898745712146 -0.306505989147353997 0.714481552502294504
-0.420927942796097576 -0.302822280046326275 0.714175610607630129
-0.419083951539215183 -0.294897338176030033 0.713867924015623934
-0.416654674072393982 -0.286094320236443656 0.713558494582656633
-0.413470163899257004 -0.276206401201659846 0.713247324175623976
-0.409286357195969785 -0.264955307279165941 0.712934414671925309
-0.403740959416609424 -0.251958412487076067 0.712619767959453143
-0.400293905324735244 -0.244644994456503950 0.712303385936580713
-0.391558297590533455 -0.227948727022869502 0.711985270512151103
-0.379330002461851279 -0.207671072736440060 0.711665423605465697
-0.361522789882233742 -0.182399352698770750 0.711343847146272412
-0.334126380867199368 -0.150011122498292238 0.711020543074754374
-0.288610992523792742 -0.107540182090746408 0.710695513341517593
-0.204455770304556500 -0.052818145845064210 0.710368759907580083
-0.026628341930117573 -0.001676295054064627 0.710040284744359096
0.348075132328468095 -0.126205880682114024 0.709710089833660129
0.390614209553537983 -0.824846540196115363 0.709378177167664048
-0.171988425943613354 -0.960256832609502786 0.709044548748915870
-0.391050382536583196 -0.790917566636085256 0.708709206590312113
-0.457661461802016278 -0.668774344825434408 0.708372152715089243
-0.480742168785010193 -0.590452639802127033 0.708033389156810689
-0.489384870964493623 -0.537265504572112196 0.707692917959355072
-0.492468771572927844 -0.498706859040110473 0.707350741176904108
-0.493167033318875458 -0.469145959092930609 0.707006860873929721
-0.492755461096038794 -0.445407092071491650 0.706661279125181618
-0.491788681559018004 -0.425587361186174296 0.706313998015675182
-0.490516916940046566 -0.408480087360709954 0.705965019640678482
-0.489050312353649375 -0.393279164168846562 0.705614346105699508
-0.487429044305186188 -0.379418528847382364 0.705261979526474403
-0.485654692973926327 -0.366479876031170715 0.704907922028953582
-0.483704181176707493 -0.354136372555151790 0.704552175749289300
-0.481534962639998343 -0.342115886752857923 0.704194742833822995
-0.479084974300857724 -0.330174688250083948 0.703835625439072410
-0.476268412115799511 -0.318076127469039793 0.703474825731717712
-0.472966823508223277 -0.305570352200914941 0.703112345888589618
-0.466720581136184753 -0.285405647307093835 0.702748188096655402
-0.461299198619400108 -0.270474919589141383 0.702382354553006127
-0.454362807156852344 -0.253745015052948442 0.702014847464843106
-0.445167235121532556 -0.234447040278559837 0.701645669049464793
-0.432423971254398187 -0.211433889438135292 0.701274821534253578
-0.413720871739180374 -0.182923225145317170 0.700902307156661686
-0.361978831624415076 -0.123283820090434232 0.700528128164198294
-0.288609555338829593 -0.066294402757926113 0.700152286814415881
-0.123822423907700846 -0.003975706228881271 0.699774785374896457
0.263141947556763012 -0.117952346162913488 0.699395626123237801
-0.100443871265939677 -0.919618703169635010 0.699014811347040133
-0.405030329199484562 -0.757050704403687824 0.698632343343891682
-0.484353444233557195 -0.623134706083871448 0.698248224421355368
-0.507927363116040032 -0.541181647008174838 0.697862456896954697
-0.516590676465137344 -0.466889546318838666 0.697475043098159664
-0.516922159366695388 -0.433867237852284926 0.697085985362372984
-0.515758445299176915 -0.408120717087436802 0.696695286036915662
-0.512844318530300103 -0.377862797966936781 0.696302947479013001
-0.510545704803653244 -0.361277478013608544 0.695908972055780284
-0.508093818453886681 -0.346606068474404838 0.695513362144208891
-0.505526880085842234 -0.333329953497561615 0.695116120131151316
-0.501475432344419270 -0.315265654824655739 0.694717248413307176
-0.498627399457136133 -0.304097733141102722 0.694316749397208888
-0.494089773585077274 -0.288224967687706446 0.693914625499206461
-0.490853376401167218 -0.278044089318264354 0.693510879145453840
-0.487416099603633524 -0.268067815102068785 0.693105512771893584
-0.481814905926941872 -0.253314056403808330 0.692698528824242432
-0.477732155060102082 -0.243521603794035563 0.692289929757976541
-0.470982520539414085 -0.228755504812892030 0.691879718038316605
-0.465995927692513856 -0.218786161066658019 0.691467896140213090
-0.460554990187830526 -0.208662213199435898 0.691054466548331137
-0.451396337099560341 -0.193090757166516691 0.690639431757035682
-0.444510811531546313 -0.182391602242027467 0.690222794270376361
-0.432772022906050213 -0.165764910930067344 0.689804556602072627
-0.423832522900679742 -0.154239329186748875 0.689384721275498102
-0.408381525985409999 -0.136202172413044970 0.688963290823665919
-0.396446833885801042 -0.123636555731024333 0.688540267789212845
-0.375496746535312731 -0.103935745546175656 0.688115654724384629
-0.359050419341823468 -0.090241363166989247 0.687689454191019900
-0.329663862943210595 -0.068973033535292022 0.687261668760535072
-0.306168684375125399 -0.054478587020009767 0.686832301013909019
-0.263361454382657123 -0.032872473964243490 0.686401353541667092
-0.228483079971784298 -0.019236285495400005 0.685968828943865794
-0.163816089248951302 -0.002095520436762754 0.685534729830076905
-0.110470413813845647 0.004861416169690796 0.685099058819371831
-0.011543026122764536 0.001717700544925010 0.684661818540305611
0.112146106030516002 -0.032393199377627788 0.684223011630901601
0.205336222521687289 -0.084782555235672935 0.683782640738634817
0.339711679964876057 -0.230378125914837223 0.683340708520416507
0.398828145067383344 -0.378230946163396198 0.682897217642577936
0.384465148269006907 -0.644750569361668302 0.682452170780854406
0.229420028381472463 -0.869854231797227428 0.682005570620368706
0.082839824250304228 -0.954057389518495391 0.681557419855615576
-0.130536881825735251 -0.983488125309753269 0.681107721190444715
-0.295028336277366354 -0.942298427797159777 0.680656477338045240
-0.375065185803988788 -0.898394406650246058 0.680203691020928702
-0.460071570215310310 -0.827040977511869002 0.679749364970912762
-0.515250413154647924 -0.759032134553411342 0.679293501929105314
-0.540785842498661573 -0.717608492497010308 0.678836104645886729
-0.567667903813184771 -0.661824846935059941 0.678377175880894634
-0.585148938379783878 -0.613079754493827789 0.677916718403006269
-0.593200736203917556 -0.583987775015362587 0.677454734990322271
-0.601464090779885829 -0.544670494565989038 0.676991228430149805
-0.606414634066200442 -0.509689836022297782 0.676526201518985459
-0.609010645811531193 -0.478233721363263198 0.676059657062499042
-0.609752838164588473 -0.458887913381861856 0.675591597875515815
-0.609710957280572008 -0.431895283216278958 0.675122026782000395
-0.608553334815263525 -0.406928074759103531 0.674650946615038660
-0.606489357265894591 -0.383609578711971932 0.674178360216821981
-0.604679542215630805 -0.368826013081862025 0.673704270438628683
-0.601382449768726124 -0.347601688920263385 0.673228680140807945
-0.597436626651895786 -0.327325315775938819 0.672751592192761816
-0.592871179863483033 -0.307813360454248064 0.672273009472928451
-0.587691818478672912 -0.288912475507480837 0.671792934868764235
-0.581885397054622389 -0.270493875901948289 0.671311371276726909
-0.577652298323373947 -0.258428458769132119 0.670828321602257471
-0.570728947208472892 -0.240581318789833076 0.670343788759763304
-0.563069551877119490 -0.222964565044597635 0.669857775672599853
-0.554608433568918535 -0.205511419959407915 0.669370285273053756
-0.545266525094368903 -0.188168387988854741 0.668881320502324628
-0.534950803595055757 -0.170895115416075272 0.668390884310507527
-0.523553380452757899 -0.153664968464213625 0.667898979656575076
-0.515293651557639842 -0.142195770553396966 0.667405609508359698
-0.501809440045698607 -0.125020213174826533 0.666910776842535635
-0.486873601535090128 -0.107896896496766787 0.666414484644600846
-0.470312511548888978 -0.090868110118753537 0.665916735908859470
-0.451931437274253223 -0.074004850189927168 0.665417533638403169
-0.431513748343182568 -0.057413857821578346 0.664916880845093483
-0.408821037834465995 -0.041246642486873292 0.664414780549543171
-0.383594802342005381 -0.025710838923455159 0.663911235781098785
-0.355560628698399217 -0.011084212030285645 0.663406249577821461
-0.324436237553472173 0.002268513369294956 0.662899824986468933
-0.289945246978126292 0.013876143636532612 0.662391965062477772
-0.251839118203024293 0.023139604217460627 0.661882672869943733
-0.209930336127460149 0.029310508124799350 0.661371951481604547
-0.164140232950222759 0.031473377052647689 0.660859803978820493
-0.114564538291635265 0.028537827441905743 0.660346233451555964
-0.061557977613099120 0.019250505484186171 0.659831242998361267
-0.005834967411511688 0.002240329264409463 0.659314835726353410
0.051424473958895781 -0.023886842876336301 0.658797014751197674
0.108486483096727301 -0.060389621385531611 0.658277783197088628
0.163029854740459113 -0.108164184733081870 0.657757144196731369
0.212214632722032448 -0.167467150489636313 0.657235100891322421
0.252895523879648976 -0.237640273622272136 0.656711656430531421
0.281991752514343108 -0.316923308254650260 0.656186813972481464
0.298519016659690717 -0.431724873320369240 0.655660576683730012
0.292521908214463777 -0.519718062748538490 0.655132947739250349
0.270941699501994648 -0.604797000473697777 0.654603930322411820
0.235387248710191732 -0.683272037708908431 0.654073527624961182
0.188471259346278841 -0.752329707784813451 0.653541742847002838
0.133331852726924327 -0.810276017204461185 0.653008579196979855
0.073150311739179297 -0.856528544116019308 0.652474039891654756
0.010780638446147295 -0.891421672138682952 0.651938128156089536
-0.071867417546317425 -0.922006248065552869 0.651400847223626678
-0.131374379184771961 -0.934738269652760412 0.650862200335869279
-0.187618144872615689 -0.940327170454686945 0.650322190742662065
-0.240052701433265570 -0.940147717566444885 0.649780821702071409
-0.288457118338251384 -0.935426739157719123 0.649238096480365567
-0.346759681118035290 -0.923853660463293536 0.648694018351995028
-0.386028270498922799 -0.912304025752881165 0.648148590599572971
-0.421757222250123132 -0.899032974780908711 0.647601816513855399
-0.454239258702388238 -0.884554835938420547 0.647053699393721038
-0.483775851729006723 -0.869269689486838804 0.646504242546151686
-0.519083016343580228 -0.848153831913430079 0.645953449286212344
-0.542863658370441926 -0.832053307368042394 0.645401322937030675
-0.564610088406050092 -0.815905944741422973 0.644847866829777683
-0.584549362955981033 -0.799825905901313527 0.644293084303647068
-0.608674204755985215 -0.778626599341172176 0.643736978705835461
-0.625155227732249186 -0.762974574262313743 0.643179553391521885
-0.640430591206302524 -0.747569048527875868 0.642620811723847774
-0.659162579890162248 -0.727436423697560786 0.642060757073896426
-0.672144605363032444 -0.712646311924196696 0.641499392820673031
-0.684333271954590594 -0.698114072671679686 0.640936722351083898
-0.695825761194177383 -0.683825903514965194 0.640372749059916258
-0.710216994131995349 -0.665120593012654360 0.639807476349817827
-0.720413899339198638 -0.651318512256958360 0.639240907631276056
-0.730180112557179628 -0.637677821673150014 0.638673046322597582
-0.742648013847850619 -0.619680463793842784 0.638103895849887803
-0.751666574932566722 -0.606272208815892277 0.637533459647030010
-0.763366492488260384 -0.588422661690504945 0.636961741155665062
-0.771978786186670929 -0.574981992860267854 0.636388743825169967
-0.780523653581873589 -0.561418620445887639 0.635814471112637336
-0.791932986565876185 -0.542993944587368382 0.635238926482855071
-0.800603473566522394 -0.528779004085382032 0.634662113408284490
-0.809471662424736560 -0.514067428014195804 0.634084035369040122
-0.821793291116986957 -0.493345813570831737 0.633504695852868616
-0.831583870830721383 -0.476628411497707238 0.632924098355127196
-0.845706072563820799 -0.452016137038181443 0.632342246378763129
-0.857401263180692097 -0.431018693383291018 0.631759143434292514
-0.875053748127882947 -0.397703893249411689 0.631174793039778748
-0.890337049978158768 -0.366409617541046839 0.630589198720811650
-0.907775684879574607 -0.326075861756765839 0.630002364010486038
-0.933780457923115814 -0.246136278676711950 0.629414292449380408
-0.949444953948249237 -0.145952278282730830 0.628824987585535511
-0.894780687243450945 0.116691883673675501 0.628234452974433477
-0.507357412443280698 0.376727472409184472 0.627642692178975614
-0.029860497896844196 -0.285549793054771350 0.627049708769460978
-0.294464812532475251 -0.535178470328564249 0.626455506323565503
-0.504129191044562219 -0.559207111415565561 0.625860088426319683
-0.585149947538835868 -0.540135042041852476 0.625263458670087813
-0.649700565649005690 -0.510452157506706583 0.624665620654545006
-0.681422703756779269 -0.489284912903226510 0.624066577986656545
-0.711734646174695285 -0.462978760238172526 0.623466334280656009
-0.728858946072820424 -0.444251946781736406 0.622864893158023070
-0.746866963609698398 -0.419817667590278887 0.622262258247461841
-0.760998720085190539 -0.395004036562040195 0.621658433184878789
-0.769645769509207822 -0.375383916969412312 0.621053421613361412
-0.778862312654556521 -0.346481162092725004 0.620447227183155481
-0.783887181949149969 -0.321277801623734538 0.619839853551643394
-0.786886453739163105 -0.279153537731303358 0.619231304383322301
-0.783854991997638639 -0.236003534394402303 0.618621583349781567
-0.759503533299070943 -0.145348581807009491 0.618010694129680793
-0.623294922183069589 0.035602947377552874 0.617398640408728050
-0.080199649799770997 0.063664260053742816 0.616785425879656679
-0.410696997923460039 -0.811251705269648515 0.616171054242203975
-0.676033711099505941 -0.680601086353858520 0.615555529203088425
-0.769343964410217906 -0.561818807257812192 0.614938854475987173
-0.802813174024535114 -0.495599322212880777 0.614321033781514036
-0.816708922907436130 -0.461764206952008371 0.613702070847196968
-0.829196031210330586 -0.427607715016594558 0.613081969407454963
-0.838235813466141289 -0.400737263415341327 0.612460733203576524
-0.843752435155170621 -0.383543639861902319 0.611838365983696564
-0.850053737294050205 -0.363217893964141281 0.611214871502773316
-0.855531787963015766 -0.344934960337885843 0.610590253522566684
-0.859248300961377942 -0.332161459507231693 0.609964515811614816
-0.863799495588313260 -0.316020028109683382 0.609337662145211567
-0.867973335714416816 -0.300601294036430933 0.608709696305383963
-0.870892166327612904 -0.289364562283104476 0.608080622080868771
-0.874531480062063826 -0.274665437897865850 0.607450443267090412
-0.877901130564635812 -0.260145361921598706 0.606819163666137418
-0.881008901364536690 -0.245666375751495747 0.606186787086739787
-0.883165761242387992 -0.234757211333483373 0.605553317344246333
-0.885797851447493012 -0.220043877663078313 0.604918758260600598
-0.888126549408501331 -0.205017197464266498 0.604283113664319305
-0.889649172955038314 -0.193453443462197672 0.603646387390467831
-0.891331854456756778 -0.177505882218376265 0.603008583280637778
-0.892535791555460256 -0.160759971793133116 0.602369705182924098
-0.893130012968968545 -0.142943553431142567 0.601729756951901340
-0.892912895643527715 -0.123683557378661602 0.601088742448600111
-0.892030632783295974 -0.107977390999428602 0.600446665540484759
-0.889492165441212901 -0.084741842127162237 0.599803530101429061
-0.884605239341882177 -0.057806394844402531 0.599159340011693797
-0.875757309716837851 -0.025248574960405723 0.598514099157902213
-0.864565400709881082 0.004845206766481813 0.597867811433017704
-0.837497839260614052 0.057414662294047791 0.597220480736319392
-0.776666860372454471 0.134775417108977558 0.596572110973379255
-0.598024009581006655 0.246923289459521578 0.595922706056038476
-0.010655646923871470 0.020335988636130599 0.595272269902383133
-0.575434855483563990 -0.698618771498827229 0.594620806436721661
-0.853700570555999461 -0.508682646285667284 0.593968319589560312
-0.937161771092408724 -0.340004619230925842 0.593314813297580179
-0.957177945927165985 -0.245735879896830434 0.592660291503612213
-0.962942547147526140 -0.182893258483607324 0.592004758156615130
-0.964049783179267372 -0.134375440468889717 0.591348217211650096
-0.962862232367751703 -0.092357665889916674 0.590690672629857860
-0.959718261985587628 -0.052240156893304190 0.590032128378433995
-0.955667545387207107 -0.021109318125322574 0.589372588430605804
-0.946389178415399934 0.025441054541550989 0.588712056765608116
-0.927793377141582720 0.084692580970645304 0.588050537368658643
-0.882647644372820173 0.172679307700473683 0.587388034230934886
-0.723347766550943572 0.323564788202775788 0.586724551349549261
-0.014806506061236180 0.054691151843331953 0.586060092727525461
-0.733219541911322215 -0.524223270785300399 0.585394662373774133
-0.934581678299151952 -0.302689904541123767 0.584728264303068901
-0.973020915389000707 -0.191439411674155180 0.584060902536021609
-0.984689347387768921 -0.125725169886854060 0.583392581099058893
-0.989091669539432061 -0.079873966225149695 0.582723304024396649
-0.990822533529607252 -0.044193342573556837 0.582053075350017379
-0.991282579925342633 -0.021405262503822131 0.581381899119644441
-0.991261015044417659 0.005579147016019970 0.580709779382718061
-0.990757502872790075 0.029932672833871909 0.580036720194371247
-0.989897071664407990 0.052506340989177946 0.579362725615404806
-0.988734818242740454 0.073840721192617198 0.578687799712263029
-0.987292315789412012 0.094297029611988437 0.578011946557009382
-0.985573801478926592 0.114127024530647547 0.577335170227301964
-0.983573866644906758 0.133512620545611749 0.576657474806368309
-0.981281284657036457 0.152589518132015545 0.575978864382981293
-0.978680962698568413 0.171461930152403352 0.575299343051434375
-0.975754924883481145 0.190212122894888480 0.574618914911516843
-0.972482762109279530 0.208906823088868598 0.573937584068489048
-0.968841763953486979 0.227601674076022220 0.573255354633057546
-0.964806838711200765 0.246344451925655183 0.572572230721350661
-0.960350269343611229 0.265177486185866840 0.571888216454893183
-0.955441318346045065 0.284139576426210128 0.571203315960581826
-0.950045669971659623 0.303267606291770242 0.570517533370660246
-0.944124676254125328 0.322598006341084154 0.569830872822694068
-0.937634348615692281 0.342168191737712013 0.569143338459545789
-0.930524004115659054 0.362018094868032769 0.568454934429350356
-0.920672956445360624 0.387291750384629430 0.567765664885489074
-0.911933893078533564 0.407942685698257368 0.567075533986565739
-0.902336351972709005 0.429044754210146317 0.566384545896380986
-0.891769724205847769 0.450674489806156819 0.565692704783906763
-0.880093787217544499 0.472927784784081928 0.565000014823262009
-0.867126113585324987 0.495927584019777434 0.564306480193686899
-0.852622320663655398 0.519835015814414825 0.563612105079517756
-0.836243954526101674 0.544865819999176493 0.562916893670161955
-0.817504045948489910 0.571315001129456101 0.562220850160072394
-0.795670210839087066 0.599594157377142611 0.561523978748722397
-0.769581957346502588 0.630287359937145020 0.560826283640580292
-0.737281623134448005 0.664228759235948707 0.560127769045084101
-0.682450304820989673 0.713014112760784746 0.559428439176616110
-0.617281029842637774 0.758690365488396745 0.558728298254477340
-0.512320235922029465 0.808952386339609975 0.558027350502862229
-0.316311935674646105 0.839542055369497442 0.557325600150833100
0.048578194623669468 0.658953657536869519 0.556623051432294513
-0.060124850421841604 -0.046119155609575954 0.555919708585968286
-0.629463510660909664 -0.001135680660245664 0.555215575855366850
-0.765399239846397350 0.231078977454101164 0.554510657488768932
-0.769034524414663578 0.399131944526541327 0.553804957739192694
-0.744805014628088013 0.479984245891053041 0.553098480864371078
-0.714650032934098012 0.537265846265894131 0.552391231126725279
-0.682207221092835714 0.580799502498350662 0.551683212793339983
-0.648392942642714187 0.615472118610958741 0.550974430135936832
-0.613345249222798317 0.643868102978621404 0.550264887430848670
-0.567643672531779164 0.672618066369244039 0.549554588958994228
-0.529365755168501706 0.691073542706835076 0.548843539005852032
-0.489378413400379852 0.705807718681066398 0.548131741861434318
-0.447534980065076304 0.716839922214879355 0.547419201820261936
-0.403726464160236387 0.723992325848626939 0.546705923181337261
-0.346127611413624914 0.726932043271569128 0.545991910248119217
-0.297825140009075007 0.723842658193137978 0.545277167328497070
-0.247727088727583700 0.715169423276856508 0.544561698734763899
-0.196185528039757417 0.700062333147178029 0.543845508783591502
-0.143800187546625768 0.677534022408191716 0.543128601796003752
-0.078602372643036822 0.637272287900231937 0.542410982097350503
-0.028443053096069593 0.594025945716057269 0.541692654017281949
0.017694421468217258 0.539915537667290057 0.540973621889721756
0.057017416376408392 0.474371166444981784 0.540253890052841745
0.091236043198032690 0.376726575936752184 0.539533462849035028
0.101760229187955645 0.287912699498219793 0.538812344624890471
0.092971259949982732 0.193168460427100369 0.538090539731165718
0.061785693547725208 0.097789859196417417 0.537368052522761430
-0.010196960344101310 -0.011769707029136772 0.536644887358695422
-0.091713747732143330 -0.082593240314117702 0.535921048602074901
-0.188851640744233967 -0.131579143089923939 0.535196540620071826
-0.294072979709476878 -0.155054046753886676 0.534471367783895701
-0.424614257471656154 -0.148207870469928005 0.533745534468767047
-0.519771516811923684 -0.117284429033225973 0.533019045053891527
-0.601543464845155640 -0.068939340587244768 0.532291903922433307
-0.667628382047290136 -0.008558201918206887 0.531564115461488407
-0.727712247014689284 0.076347052077135824 0.530835684062058610
-0.759000269730026655 0.147001810055197246 0.530106614119024488
-0.777218494198107512 0.216983059772203946 0.529376910031119641
-0.784540229788834642 0.300700774274731186 0.528646576200903162
-0.780283344446737415 0.363321011749179856 0.527915617034733886
-0.768805356438470699 0.421447637967351518 0.527184036942743628
-0.746380738278238365 0.487470542209595847 0.526451840338810095
-0.723338841835889146 0.534986181726262222 0.525719031640530909
-0.696731751073287997 0.577926271393905067 0.524985615269196515
-0.667269834212559587 0.616480886472782208 0.524251595649763980
-0.627282721852879144 0.658831507178882725 0.523516977210829459
-0.593304226783727517 0.688297122689288665 0.522781764384602554
-0.557935805114530337 0.714053662369283693 0.522045961606878439
-0.512186500578396875 0.741300776701056319 0.521309573317012220
-0.474622491038263705 0.759321896490211201 0.520572603957891289
-0.436393379676863979 0.774118268388877984 0.519835057975908787
-0.387893567373801929 0.788219655298274313 0.519096939820936853
-0.348674752888713302 0.796063983120166130 0.518358253946300196
-0.309203332783770102 0.800892987660931754 0.517619004808748007
-0.259665439170211343 0.802699652603034886 0.516879196868428425
-0.220000008023844063 0.800735451672258236 0.516138834588860784
-0.170549440474672187 0.793932976649095901 0.515397922436909073
-0.131238887055431797 0.784910640292199369 0.514656464882754738
-0.092299994806764596 0.772579701132270702 0.513914466399869707
-0.044405211498704522 0.752280364912228272 0.513171931464990072
-0.006966558541654344 0.731900713700588956 0.512428864558087671
0.029406749925716014 0.707591848265671675 0.511685270162344774
0.072850979713581454 0.671261981210369618 0.510941152764125550
0.105441731835414443 0.637055604511369666 0.510196516852949977
0.142487452846552176 0.587276384544917707 0.509451366921466198
0.168177290016989417 0.541353377392253199 0.508705707465423762
0.189171037014794902 0.489567594518013016 0.507959542983646317
0.206490467677869272 0.416031891324021741 0.507212877978004517
0.210646735643505889 0.349884232175348697 0.506465716953388712
0.203005181346354036 0.277356512635540120 0.505718064417682078
0.170435491262901112 0.179186824336737605 0.504969924881733090
0.118719983766175347 0.097990404128580913 0.504221302859328868
0.008559375494371548 0.004762000586333078 0.503472202867166985
-0.127273556497993878 -0.042811344034275771 0.502722629424828926
-0.356935419142855426 -0.008375650477338764 0.501972587054753117
-0.532369061987117087 0.163926807395431917 0.501222080282206495
-0.551748916358136277 0.464290019076868066 0.500471113635258535
-0.242914151639992637 0.713734536131984676 0.499719691644752828
0.036150810199646610 0.638617469879912081 0.498967818844280431
0.181893615257783969 0.388421566874383895 0.498215499770152170
0.161414289130894645 0.199162467469224891 0.497462738961371664
0.073259161871623041 0.059602821099563733 0.496709540959607176
-0.079929959589958688 -0.039465649365170885 0.495955910309165471
-0.210704238231251034 -0.064854253891692221 0.495201851556962724
-0.362616497625416923 -0.042696713626422356 0.494447369252498770
-0.465432592700674219 0.007079356933635927 0.493692467947828284
-0.564630095038681001 0.094984979272115105 0.492937152197534589
-0.619888857953068473 0.176604455669955057 0.492181426558700674
-0.661243259506905767 0.283024231209937860 0.491425295590883215
-0.675230417405906835 0.366577134423341555 0.490668763856084045
-0.675339725609564012 0.445771816419418043 0.489911835918723060
-0.660167247184825889 0.536339553594583074 0.489154516345610635
-0.638761279981958419 0.601220901843985911 0.488396809705919865
-0.603738045428895420 0.672686061320899031 0.487638720571159257
-0.571059238940800906 0.722452389518180471 0.486880253515145078
-0.526398952192032032 0.776118504525192598 0.486121413113973777
-0.488733400268094531 0.812851160596068212 0.485362203945993942
-0.440311913399042298 0.851896696180814206 0.484602630591779604
-0.401060792802975075 0.878266938332079805 0.483842697634101593
-0.351841753733692530 0.905931447483191987 0.483082409657900780
-0.312541252488335919 0.924350778151792785 0.482321771250259546
-0.263577349724591348 0.943365845053523500 0.481560787000374912
-0.224427731687553755 0.955785669609672039 0.480799461499530345
-0.175082037998443907 0.968313984057818766 0.480037799341068050
-0.134588654993239798 0.976261429664311287 0.479275805120361664
-0.091939755614137975 0.982602399670541082 0.478513483434788112
-0.031333567502392357 0.988392083162099588 0.477750838883700013
0.032873921392988281 0.990452446531911446 0.476987876068398153
0.203583921503582177 0.967725260184469915 0.476224599592103282
-0.027714343819488382 0.005247303562264060 0.475461014059928577
-0.137836618715750703 0.922239351098002813 0.474697124078852117
-0.040317539626315291 0.953862154401832307 0.473932934257688454
0.027456298162918114 0.961944350857596220 0.473168449207061581
0.067877644133648329 0.962214609162316825 0.472403673539376345
0.110929409234297949 0.959359446030125573 0.471638611868791302
0.141949570854236817 0.955531882292276480 0.470873268811190182
0.178014852775709220 0.949391318444566923 0.470107648984154913
0.205305212627981848 0.943608068465006444 0.469341757006936922
0.237944863195528988 0.935457966170565314 0.468575597500429597
0.263103442645928942 0.928279484637794750 0.467809175087140594
0.293566875823042250 0.918554230802057337 0.467042494391163687
0.317259461555160382 0.910208550502746627 0.466275560038151071
0.346137778091568649 0.899103492005755123 0.465508376655285161
0.374289835644260105 0.887275665469254182 0.464740948871250947
0.396341437822614662 0.877304359165448355 0.463973281316208130
0.423370593942342888 0.864211098286230883 0.463205378621762642
0.444596854813607389 0.853234433786776103 0.462437245420939558
0.470667094970817823 0.838883024210435257 0.461668886348154228
0.491173049240740123 0.826892151373343598 0.460900306039185248
0.516388200400877517 0.811255648283504271 0.460131509131145422
0.536237524567871660 0.798217734245994959 0.459362500262455065
0.560655249441183612 0.781242564780553650 0.458593284072812746
0.579877604368022492 0.767105709650530265 0.457823865203168145
0.603515223019176483 0.748716869982712252 0.457054248295693633
0.622108925290457915 0.733413774257873130 0.456284437993756620
0.644944896971739179 0.713519072595960258 0.455514438941891142
0.662876933156401948 0.696970319895681145 0.454744255785770268
0.684849706576869832 0.675464525623990064 0.453973893172177512
0.702054038825875582 0.657582062646400511 0.453203355748979131
0.723059129966141190 0.634351615331222307 0.452432648165096596
0.739433814615985341 0.615042921900432193 0.451661775070477334
0.759319645723217529 0.589971804416596024 0.450890741116067750
0.778499231386163282 0.563829496907923167 0.450119550953784642
0.793286110742600359 0.542122637809373975 0.449348209236487384
0.811005330067953834 0.513973129730227463 0.448576720617949509
0.824512515600687279 0.490624883215900531 0.447805089752831120
0.840476775251231878 0.460386659125465725 0.447033321296650354
0.852443433374111215 0.435345016253015582 0.446261419905755630
0.866294512998547983 0.402974013646633877 0.445489390237297223
0.876408062842128910 0.376224179677147941 0.444717236949199513
0.887722880538017844 0.341732994851841942 0.443944964700132727
0.895619558582062880 0.313314420887408296 0.443172578149484575
0.903913378384226807 0.276795656673292867 0.442400081957332769
0.909183273570584483 0.246822273684727533 0.441627480784416215
0.913919775473356344 0.208475530038920720 0.440854779292107424
0.916435372890950672 0.169248379814397776 0.440081982142383921
0.916729472253745126 0.137319329849114213 0.439309093997800659
0.914801457661703621 0.096855589446308676 0.438536119521461376
0.911316214987599071 0.064158177324392607 0.437763063376990780
0.904396192394865350 0.023058772297951502 0.436989930228506185
0.896718185916187016 -0.009849968156841749 0.436216724740589701
0.884337104138258057 -0.050791223721878664 0.435443451578259699
0.872142447562447298 -0.083198516766148090 0.434670115406943058
0.853978619462352873 -0.122997006338089243 0.433896720892446575
0.837091127470433793 -0.154045536119852444 0.433123272700929207
0.813045451638868655 -0.191553772290438851 0.432349775498873712
0.785795009513142739 -0.227252502131503609 0.431576233953058608
0.761764140957290503 -0.254244002405370983 0.430802652730529700
0.729082735315791819 -0.285695970168595215 0.430029036498572770
0.700966740458805471 -0.308791825948760090 0.429255389924684039
0.663598328868655551 -0.334781253398743206 0.428481717676543417
0.632136670988053373 -0.353067299976299265 0.427708024421985300
0.591176903735266324 -0.372557896837600211 0.426934314828971262
0.557371249336314656 -0.385314071506945410 0.426160593565560908
0.514205851763602562 -0.397571079312265374 0.425386865299884787
0.470485673645796854 -0.405634752665469722 0.424613134700115247
0.435444786824168595 -0.409043383078276479 0.423839406434439070
0.391980348695291914 -0.409533267964537095 0.423065685171028827
0.357780397802236527 -0.406974070131804255 0.422291975578014622
0.316131778537071917 -0.400227512811241137 0.421518282323456672
0.283960455972402992 -0.392132946119405412 0.420744610075315939
0.245504539424384827 -0.378874144718578609 0.419970963501427319
0.216357111715893807 -0.365951846637181888 0.419197347269470222
0.182184390753653225 -0.347196713126828371 0.418423766046941481
0.156799887115375625 -0.330341248542885435 0.417650224501126266
0.127660007802976316 -0.307278301111653107 0.416876727299070882
0.101511736400048305 -0.282359790266646982 0.416103279107553403
0.082794820714040998 -0.261344805800036772 0.415329884593057030
0.062169763680628182 -0.234035599465809485 0.414556548421740223
0.047875059020440994 -0.211575434751179098 0.413783275259410332
0.032717850512904462 -0.183012135235862239 0.413010069771493848
0.022708246167459215 -0.159962553230941051 0.412236936623009365
0.012749455529331398 -0.131138105681766315 0.411463880478538657
0.006744222148025447 -0.108227472256696877 0.410690906002199319
0.001568522235937175 -0.079966942932363533 0.409918017857616057
-0.001162828706273735 -0.052313612300191145 0.409145220707892665
-0.001697367856712869 -0.030746614077900157 0.408372519215583762
-0.000442351125180075 -0.004610308527379845 0.407599918042667209
0.001995626423572245 0.015558799155228741 0.406827421850515403
0.006695772179780540 0.039750544371120959 0.406055035299867251
0.011675938827532914 0.058228096509155738 0.405282763050800465
0.019292160450287671 0.080161039430940870 0.404510609762702811
0.026401358803933017 0.096732074742952631 0.403738580094244404
0.036432489461160310 0.116175058309548912 0.402966678703349568
0.045283059918496904 0.130678676914098651 0.402194910247168913
0.057261352198167095 0.147452399292131830 0.401423279382050524
0.067491884750482567 0.159756363729498641 0.400651790763512761
0.080979489570859292 0.173700729493257433 0.399880449046215336
0.095123463203975800 0.185999313730305538 0.399109258883932283
0.106824208834284562 0.194611418510763551 0.398338224929522700
0.121820753815864699 0.203779988696628556 0.397567351834903382
0.134027513220762035 0.209779728420899980 0.396796644251020736
0.149420362465778805 0.215512018431256391 0.396026106827822577
0.161734854337603373 0.218590074804320800 0.395255744214229765
0.176956681706246594 0.220388432358425340 0.394485561058108725
0.188838501405061865 0.220027207429111360 0.393715562006243303
0.203041102153037473 0.217038312155425572 0.392945751704306401
0.213597258438523618 0.212330904975172041 0.392176134796831943
0.225225998724824822 0.203028057013246388 0.391406715927187232
0.232645206566616691 0.192320734624866541 0.390637499737544969
0.238199935645520056 0.173879436791243625 0.389868490868854556
0.237960442798238081 0.154109802786410954 0.389099693960814785
0.227673496688094890 0.121511132541306244 0.388331113651845694
0.205666261622416024 0.088058313964555046 0.387562754579060531
0.145464360249171365 0.038531679679090616 0.386794621378237391
0.049320234880980640 0.004431332670163823 0.386026718683791847
-0.164290745512116448 0.040277219878519316 0.385259051128749030
-0.359209194850812541 0.333637351783587999 0.384491623344714872
-0.253961714017408191 0.643109964543091661 0.383724439961849018
0.031700925484118903 0.775677197849840017 0.382957505608836291
0.196186382775314194 0.755134785752511029 0.382190824912859439
0.320029625919390659 0.698066209601488685 0.381424402499570547
0.382033640364198512 0.654407961577239128 0.380658242993063167
0.435667973899819316 0.608436725940654455 0.379892351015845064
0.467791087469393296 0.577884688881193709 0.379126731188809796
0.500179525059074592 0.545648599522042033 0.378361388131208842
0.522134227232360248 0.523435687428310592 0.377596326460623632
0.546351240384368109 0.498929000194239802 0.376831550792938397
0.563896221072231696 0.481273982885703722 0.376067065742311524
0.584168512993253564 0.460997716167968086 0.375302875921148027
0.599356274200008698 0.445859361987977709 0.374538985940071401
0.617317754522753059 0.427938729907513138 0.373775400407896752
0.631001073787759936 0.414208832243105007 0.373012123931601880
0.647371814838589299 0.397605479092111080 0.372249161116299909
0.659946571412628913 0.384656995115095990 0.371486516565211977
0.672099620756426708 0.371927121516373027 0.370724194879638425
0.686741070257886888 0.356236765137511457 0.369962200658932039
0.698040279865399849 0.343808152442947546 0.369200538500469633
0.711672986141754449 0.328370374642245832 0.368439212999625065
0.722200791231896844 0.316065789731995450 0.367678228749740488
0.734902781451057585 0.300707790323975266 0.366917590342099198
0.744706934595103731 0.288419864143758198 0.366157302365898329
0.756524679762866747 0.273037680799198323 0.365397369408220485
0.765634513538782202 0.260702673853780265 0.364637796054006091
0.776597553459204004 0.245235919925325341 0.363878586886026256
0.785032459522693848 0.232818037029823566 0.363119746484854844
0.795161190417219554 0.217234498106966989 0.362361279428840721
0.802935215782412115 0.204716145158595875 0.361603190294080168
0.812245168808601647 0.189002049272443740 0.360845483654389343
0.819369565679536338 0.176377581736759825 0.360088164081276974
0.826208457980728950 0.163706300495369883 0.359331236143916044
0.834358439375920247 0.147802871481977016 0.358574704409116762
0.840561750882608982 0.135030383528717268 0.357818573441299359
0.847923011997747555 0.119005486992262655 0.357062847802465555
0.853499903842646956 0.106140630398470825 0.356307532052171694
0.860083807052747007 0.090007085617808513 0.355552630747501208
0.865043340543295014 0.077061213445728804 0.354798148443037253
0.870861209163774519 0.060834224823837213 0.354044089690834618
0.875212449924841707 0.047820088591019716 0.353290459040392801
0.879296250418041825 0.034779890061358565 0.352537261038628369
0.884027636955986962 0.018447052568065336 0.351784500229847863
0.887516224404450771 0.005357956823760779 0.351032181155719714
0.891509204882642070 -0.011027609557516027 0.350280308355247205
0.894411515937390988 -0.024152242818085701 0.349528886364741498
0.897677138021195420 -0.040574062503654140 0.348777919717793483
0.900001881629126865 -0.053721294850334778 0.348027412945247028
0.902072634493633396 -0.066874579246112953 0.347277370575171052
0.904306349048685010 -0.083321099199808180 0.346527797132833160
0.905811436452889751 -0.096479462591002041 0.345778697140671221
0.907342894186162541 -0.112925243647551521 0.345030075118266999
0.908289878304226250 -0.126077559541837136 0.344281935582318011
0.908991056896724436 -0.139223856019800973 0.343534283046611377
0.909523799986192927 -0.155645330374718172 0.342787122021995572
0.909676449269363863 -0.168771162277015663 0.342040457016353661
0.909527096907174371 -0.185161432786742686 0.341294292534576271
0.909136658807738973 -0.198258055816715906 0.340548633078533836
0.908506288346745627 -0.211339170316249714 0.339803483147050112
0.907382004342647264 -0.227666606338583377 0.339058847235874428
0.906214217119894694 -0.240707802284670147 0.338314729837655315
0.904808342009623345 -0.253729260741038520 0.337571135441912362
0.902716557217198012 -0.269976698565989881 0.336828068535010128
0.900775650383498716 -0.282949982415609147 0.336085533600130215
0.898014919418130164 -0.299134410653593030 0.335343535117245406
0.895538187825751342 -0.312055381176580993 0.334602077563091016
0.892822423947361443 -0.324952140668613831 0.333861165411139194
0.889090192134018187 -0.341038441875936238 0.333120803131571552
0.885832913339456240 -0.353879466629703432 0.332380995191252027
0.882332643821122087 -0.366695495463798149 0.331641746053699893
0.877612673579077462 -0.382680522312639326 0.330903060179063069
0.873558152159427781 -0.395440867514072592 0.330164942024091357
0.869253020270314369 -0.408177111685336658 0.329427396042108855
0.863514122964551101 -0.424064555004282751 0.328690426682987813
0.858632270432942324 -0.436749308091478716 0.327954038393121539
0.853487067219658169 -0.449412876770190151 0.327218235615397535
0.846677128174693427 -0.465214656407472504 0.326483022789170574
0.840918936848671916 -0.477835944133606194 0.325748404350236054
0.834877294887520827 -0.490441423362947937 0.325014384730803463
0.826914094472055772 -0.506179464352399244 0.324280968359469235
0.820203065581172397 -0.518757977290384864 0.323548159661190049
0.813177588531583617 -0.531329038814794985 0.322815963057256461
0.803934280930369338 -0.547037380487306102 0.322084382965266092
0.796152711742132868 -0.559604111611837318 0.321353423799096927
0.788009016869518630 -0.572175259287003302 0.320623089968880448
0.779483807185502364 -0.584755239448694564 0.319893385880975489
0.768256589175382421 -0.600499943919691526 0.319164315937941478
0.758786500148728948 -0.613117778393317159 0.318435884538511682
0.748849518294360306 -0.625761166621858989 0.317708096077566726
0.735717311694940257 -0.641610070597465998 0.316980954946108506
0.724591730424619662 -0.654332047003075568 0.316254465531233042
0.712861814612618105 -0.667098341354574909 0.315528632216104443
0.700469319106650889 -0.679914300092653745 0.314803459379928152
0.683941409620695939 -0.696010870026296358 0.314078951397925132
0.669788312500433469 -0.708952881422587611 0.313355112641304667
0.654700002544570836 -0.721952615695684696 0.312631947477238548
0.638556069221078659 -0.735005928783061258 0.311909460268834315
0.616667946350127671 -0.751381139419724509 0.311187655375109562
0.597571090745985911 -0.764501771559938148 0.310466537150965005
0.576822540989187948 -0.777599362431409480 0.309746109947158288
0.554144544421339758 -0.790610573073765033 0.309026378110278277
0.522551627434009069 -0.806595580657224254 0.308307345982718140
0.494142189747202254 -0.818957834401757845 0.307589017902649531
0.462336949074064196 -0.830654054329916125 0.306871398203996282
0.426419511975967391 -0.841260115051751800 0.306154491216408586
0.385491536562426740 -0.850110409092795338 0.305438301265236245
0.325569017008008721 -0.857044548533283712 0.304722832671503130
0.268966742667688774 -0.857101313849430446 0.304008089751880761
0.203060479077360356 -0.849061250260655376 0.303294076818662772
0.126666954416480348 -0.828037623792363786 0.302580798179738097
0.040001535762033469 -0.786369339762433506 0.301868258138565604
-0.075602314867420584 -0.687901491168294910 0.301156460994148056
-0.155536588007018639 -0.555877850637925719 0.300445411041005861
-0.189733074424984910 -0.371399148343970364 0.299735112569151418
-0.136458794809216910 -0.160515263873318909 0.299025569864063145
0.018299332327718028 0.012985845056475483 0.298316787206659995
0.282242442964751261 0.093448814707341454 0.297608768873274754
0.468652193472095413 0.054511940530813041 0.296901519135629122
0.600084834262424760 -0.031256181769657054 0.296195042260807340
0.680727900720228485 -0.129191914040491629 0.295489342511231157
0.724812679755384326 -0.221976029442683465 0.294784424144633184
0.745191445430387400 -0.303717528167173512 0.294080291414031747
0.750834034755759383 -0.373788706752937849 0.293376948567705464
0.745630158492166628 -0.446940790402197807 0.292674399849167044
0.735702689951662436 -0.495973377388717940 0.291972649497137970
0.722770074304052268 -0.538252827484739571 0.291271701745522582
0.707983574663749948 -0.575057224680171508 0.290571560823383868
0.692048249542595917 -0.607410436510789964 0.289872230954915933
0.675395913131165093 -0.636121440138341709 0.289173716359419908
0.658289007081188315 -0.661827229313052379 0.288476021251277581
0.640883548142474169 -0.685030247680218918 0.287779149839927695
0.623267708898890826 -0.706128491550414905 0.287083106329838189
0.601016543501597611 -0.730018019144628161 0.286387894920482278
0.583045876934754403 -0.747444211275691273 0.285693519806313190
0.564916547896863186 -0.763584641134910203 0.284999985176738024
0.546607650702691017 -0.778595226130765150 0.284307295216093381
0.528088767264828784 -0.792601779096814174 0.283615454103619102
0.509321748940106067 -0.805705436039332867 0.282924466013434350
0.490261535179113195 -0.817986693949676380 0.282234335114511015
0.470856250824378209 -0.829508339549090201 0.281545065570649733
0.451046711325481131 -0.840317455929833645 0.280856661540454244
0.430765384118232064 -0.850446614778000765 0.280169127177306077
0.409934788921877735 -0.859914288539759708 0.279482466629339732
0.388465258534608171 -0.868724439636099466 0.278796684039418097
0.366251915299581343 -0.876865150587804010 0.278111783545106850
0.343170637406192358 -0.884306031967353579 0.277427769278649428
0.319072682372129768 -0.890993956799669973 0.276744645366942488
0.293777489075066067 -0.896846372932380898 0.276062415931510929
0.267062977536961232 -0.901740955446589720 0.275381085088483135
0.238652390451015606 -0.905499525294178209 0.274700656948565658
0.208196367683347483 -0.907862685707435668 0.274021135617018741
0.175248566921977156 -0.908448941711853752 0.273342525193631669
0.139232989900728799 -0.906687012314238538 0.272664829772698014
0.099402131753630052 -0.901700209983020251 0.271988053442990652
0.054790066460868980 -0.892102016479865756 0.271312200287737060
0.004183154111189857 -0.875621344792843703 0.270637274384595228
-0.053805097890079201 -0.848392014857448196 0.269963279805628786
-0.120251142378138054 -0.803578132406304046 0.269290220617281972
-0.193982883834867392 -0.728789554445335330 0.268618100880355593
-0.264695467054324507 -0.602223886706246270 0.267946924649982543
-0.291724650256407592 -0.394352920141698038 0.267276695975603384
-0.167781559632591060 -0.117184153348743145 0.266607418900941251
0.191332101761399143 0.036752194253260484 0.265939097463978480
0.545207067395685030 -0.125121400764396540 0.265271735696931188
0.666855145454879561 -0.401629731547852975 0.264605337626225900
0.643449732237191485 -0.611102767745713704 0.263939907272474572
0.594534030083389342 -0.715996778595991756 0.263275448650450827
0.522493365795339226 -0.808694215343339740 0.262611965769065092
0.454624928072463352 -0.868008925887459259 0.261949462631341390
0.393697881764381252 -0.907542500730342261 0.261287943234391862
0.339226698815354721 -0.934892270367057687 0.260627411569394229
0.290057156919115877 -0.954368700063266462 0.259967871621566038
0.245073623882121172 -0.968502344296908069 0.259309327370142229
0.203355288543197177 -0.978833804163661281 0.258651782788349882
0.164178222019582987 -0.986332593244274136 0.257995241843384959
0.136120513086058936 -0.990484023153149429 0.257339708496387765
0.100117779040032273 -0.994404478469366304 0.256685186702419799
0.065399303619979254 -0.996753794213663835 0.256031680410439610
0.031683730809333344 -0.997739941256326701 0.255379193563278428
-0.001250365302413958 -0.997503498862511218 0.254727730097616900
-0.033578208023291423 -0.996138253978675725 0.254077293943961557
-0.057511074028256282 -0.994410899954502048 0.253427889026620723
-0.089095366703977052 -0.991200896372192108 0.252779519263680752
-0.120390643037905587 -0.986973741684337935 0.252132188566982385
-0.151469893648852383 -0.981736858346278662 0.251485900842097765
-0.182389585125264542 -0.975486312988542270 0.250840659988306292
-0.205500632578321796 -0.970125745207332191 0.250196469898570972
-0.236235762964434270 -0.962066085770002299 0.249553334459515330
-0.266899446022241804 -0.952941295117036624 0.248911257551399867
-0.297503598511490219 -0.942722298420529015 0.248270243048098749
-0.320419569965539608 -0.934320306314820881 0.247630294817075935
-0.350920658567934640 -0.922105455134579088 0.246991416719362256
-0.381348777407897688 -0.908699179263389278 0.246353612609532258
-0.411683473382362719 -0.894062128468019468 0.245716886335680784
-0.434356401895778510 -0.882252375768664332 0.245081241739399380
-0.464454575209498788 -0.865364088615560245 0.244446682655753811
-0.494362442686259507 -0.847133607712586278 0.243813212913260191
-0.524030215571919200 -0.827521343594321501 0.243180836333862671
-0.546089191332004065 -0.811882458567147247 0.242549556732909621
-0.575193883913681425 -0.789762312430802416 0.241919377919131262
-0.603882088514513082 -0.766162616838575339 0.241290303694616182
-0.625078148064746597 -0.747474269425502214 0.240662337854788411
-0.652844961452033523 -0.721218515981801755 0.240035484188385162
-0.679963045063773253 -0.693415918369538864 0.239409746477433349
-0.706335170059237072 -0.664053378005633466 0.238785128497226773
-0.725562789668082520 -0.641004153127689102 0.238161634016303414
-0.750377588398106532 -0.608903684432340220 0.237539266796423398
-0.774149709581774648 -0.575249508890346317 0.236918030592545070
-0.791224731999836672 -0.549001154533607094 0.236297929152803232
-0.812890678443855985 -0.512683851088779230 0.235678966218485830
-0.828248669894513179 -0.484478288572328664 0.235061145524012804
-0.847440212423388628 -0.445621666427408747 0.234444470796911636
-0.865051782735925534 -0.405395012601312388 0.233828945757796114
-0.877152141257110718 -0.374370570103840783 0.233214574120343354
-0.891715536176926449 -0.331934690109113972 0.232601359591271956
-0.901399495855245148 -0.299358769638714606 0.231989305870319185
-0.912575466135634228 -0.255012816143819543 0.231378416650218466
-0.921677823148084885 -0.209735466939411808 0.230768695616677788
-0.927090003734567736 -0.175244556783809680 0.230160146448356639
-0.932356692960139455 -0.128658472882505037 0.229552772816844636
-0.934807175692222270 -0.093351321616025551 0.228946578386638622
-0.936029722215195426 -0.045909539286457024 0.228341566815121244
-0.934875889715264252 0.001802081566971370 0.227737741752538220
-0.932433060283070159 0.037663163170833847 0.227135106841976964
-0.927060520332010807 0.085445682978603443 0.226533665719343968
-0.921443887483700652 0.121165329532659960 0.225933422013343488
-0.911849022627313044 0.168498897751987342 0.225334379345455083
-0.903087950861636402 0.203687574593997167 0.224736541329912165
-0.889352197777080078 0.250058009656977220 0.224139911573680239
-0.877538736274487308 0.284337094767048659 0.223544493676434614
-0.859824478817841298 0.329253241595444335 0.222950291230539055
-0.845108691878848073 0.362267351954650374 0.222357307821024419
-0.823651142687418236 0.405276292397606652 0.221765547025566445
-0.806233786319781265 0.436703604601430539 0.221175012414464467
-0.781329876518072730 0.477402782406850634 0.220585707550619681
-0.761453271825102918 0.506962815785366505 0.219997635989513968
-0.740605060083664446 0.535648112003825005 0.219410801279188383
-0.711386743074787109 0.572467292422269458 0.218825206960221313
-0.688477635325751347 0.598965835119367185 0.218240856565707519
-0.656710452357379237 0.632752172406524371 0.217657753621236849
-0.632041893366228180 0.656899945390300721 0.217075901644872893
-0.598134458296516791 0.687467441296198079 0.216495304147131529
-0.572015834048318017 0.709149117711582955 0.215915964630959911
-0.545370656211065619 0.729750228490789188 0.215337886591715516
-0.509122100126579213 0.755522246594633962 0.214761073517145018
-0.481466551796300324 0.773572423225029615 0.214185528887362697
-0.444070708642423706 0.795931393057397241 0.213611256174830066
-0.415701521672699803 0.811422314331211925 0.213038258844334860
-0.387113668170763869 0.825823227783914482 0.212466540352969940
-0.348743003415818709 0.843343068804551343 0.211896104150112174
-0.319837550409152405 0.855236017149996752 0.211326953677402479
-0.290874489024279981 0.866074993400030246 0.210759092368723977
-0.252244049258323610 0.878914703921036988 0.210192523650182150
-0.223316155328183663 0.887358368695315702 0.209627250940083665
-0.194471231246292009 0.894807167157355421 0.209063277648916135
-0.156205335418926172 0.903228234064090474 0.208500607179326947
-0.127697116642320918 0.908440505960576239 0.207939242926103607
-0.099389342387863677 0.912733459681156933 0.207379188276152232
-0.062009878711744515 0.917070439141625782 0.206820446608478120
-0.034284675721059421 0.919316220258125538 0.206263021294164489
-0.006853044988813006 0.920727992173658638 0.205706915696352854
0.020261872013908055 0.921332252647452332 0.205152133170222351
0.055886558760382898 0.920927756544339005 0.204598677062969414
0.082184848707883063 0.919751051472641135 0.204046550713787689
0.108105150934728833 0.917854785818749797 0.203495757453848236
0.133633802550681802 0.915264484086717012 0.202946300606278940
0.167043216331841493 0.910773776153671166 0.202398183486144662
0.191617078840746080 0.906658522199155659 0.201851409400427062
0.215769478586923968 0.901927319515118286 0.201305981648004950
0.239496299968066151 0.896600407182608694 0.200761903519634410
0.262795779026194498 0.890695905219326622 0.200219178297928596
0.293198629474709704 0.881951103615614906 0.199677809257337857
0.315508480968989036 0.874753440240919389 0.199137799664130727
0.337404395922045908 0.867015724510693309 0.198599152776373439
0.358897458522499047 0.858738844738159979 0.198061871843910497
0.380003057237638497 0.849916272903819214 0.197525960108345194
0.400741911483915692 0.840531574412175075 0.196991420803020012
0.421141584972838157 0.830554746486486861 0.196458257152997223
0.447878646209761422 0.816242550045643389 0.195926472375038851
0.467651998870220353 0.804643135564029333 0.195396069677588241
0.487267206354440707 0.792154016517739534 0.194867052260749796
0.506830232083634424 0.778560130090241165 0.194339423316269994
0.526495734844033891 0.763515719505413637 0.193813186027518514
0.546498590487304092 0.746440088190389872 0.193288343569468529
0.567212320375841239 0.726294225490507039 0.192764899108677640
0.589260584367836238 0.701043619939502816 0.192242855803268775
0.613716641627161774 0.666144510465993323 0.191722216802911405
0.642177732734645956 0.609160615927194171 0.191202985248802360
0.670706280077665751 0.481946153696615975 0.190685164273646623
0.389959935112684342 0.011836953921961019 0.190168757001638655
0.334051607635485692 0.938984273654802526 0.189653766548444014
0.507013297842687560 0.851296932807673046 0.189140196021179541
0.568213457235297481 0.800343309964637317 0.188628048518395514
0.603128782201188596 0.766655738944008514 0.188117327130056300
0.628067737197141929 0.740998310076874334 0.187608034937522289
0.648135770398537647 0.719543522550606052 0.187100175013531100
0.659898457896251012 0.706621659641684108 0.186593750422178684
0.675959051531641042 0.688481865384449665 0.186088764218901248
0.690714527995355043 0.671165892090991423 0.185585219450456806
0.704618174902631900 0.654067168117246855 0.185083119154906633
0.718026212330381441 0.636563503749317028 0.184582466361596864
0.731305234575861718 0.617790801716539550 0.184083264091140619
0.744966523258260072 0.596170867875292276 0.183585515355399187
0.759947458668645881 0.567972677734025710 0.183089223157464454
0.778304399542162240 0.520896679145110841 0.182594390491640279
0.797318827687339970 0.376183154082491811 0.182101020343424957
0.329566364630891118 0.894963865854068730 0.181609115689492451
0.705323333649656048 0.696797154724211998 0.181118679497675406
0.747280394940910919 0.638043933936960017 0.180629714726946222
0.761237982430115090 0.616244141459594941 0.180142224327400208
0.775941153788735849 0.592706505547661133 0.179656211240236729
0.787247386974956775 0.574450801884831219 0.179171678397742395
0.796811692212864853 0.558927261021779587 0.178688628723273041
0.805306659599299590 0.545028339718031996 0.178207065131235742
0.813059666866564168 0.532195139005384399 0.177726990527071554
0.817908699778813086 0.524071368960237538 0.177248407807238162
0.824789585262502012 0.512382992428165207 0.176771319859192089
0.831269005819128992 0.501172291622419275 0.176295729561371350
0.837402482844078921 0.490346863285407997 0.175821639783178052
0.843229857578280506 0.479843036609635731 0.175349053384961262
0.846959789911009620 0.472996196112638101 0.174877973217999694
0.852340152870338041 0.462933676371719338 0.174408402124484219
0.857480675093176270 0.453096662284682261 0.173940342937500991
0.862397962904514981 0.443464197787293513 0.173473798481014518
0.865559141338351212 0.437147980946839154 0.173008771569850284
0.870134539473722213 0.427821849783198482 0.172545265009677762
0.874520011642755279 0.418663763623272844 0.172083281596993737
0.878725364402747178 0.409664558056481165 0.171622824119105372
0.881433254469275118 0.403749547492596284 0.171163895354113277
0.885357595151091359 0.394998852019321167 0.170706498070894802
0.889123612292202381 0.386389294483838353 0.170250635029087161
0.891549797368464958 0.380725521111941745 0.169796308979071303
0.895067188076939080 0.372340478488839721 0.169343522661954737
0.898443779884309568 0.364084664453702245 0.168892278809555235
0.900619496013753462 0.358650807154228257 0.168442580144384513
0.903774131915876855 0.350602628225439417 0.167994429379631272
0.906802684547088678 0.342674910357925466 0.167547829219145628
0.908754136847451321 0.337455306637524544 0.167102782357422014
0.911583461592337496 0.329722281003126227 0.166659291479583554
0.913406410636000921 0.324630119199577682 0.166217359261365216
0.916049172060274031 0.317084925189863032 0.165776988369098488
0.918585659594399417 0.309649410949585757 0.165338181459694394
0.920219598850486764 0.304752279695576500 0.164900941180628258
0.922587790558668908 0.297494880672714235 0.164465270169923072
0.924113048791289415 0.292714622385741474 0.164031171056134129
0.926323291040388463 0.285629819603819113 0.163598646458332858
0.927746519179733942 0.280962864022957781 0.163167698986090987
0.929808438342138555 0.274045444780939007 0.162738331239465017
0.931135831170860184 0.269488401659012278 0.162310545808980133
0.933058401719449981 0.262733393137724147 0.161884345275615377
0.934295739242698930 0.258283015043318742 0.161459732210787160
0.936087340658135703 0.251685637325554712 0.161036709176334170
0.937240023036388648 0.247338793348228836 0.160615278724501848
0.938908488316898548 0.240894426250144122 0.160195443397927406
0.939981565918557305 0.236648083463181502 0.159777205729623673
0.941534223663761827 0.230352243225062370 0.159360568242964351
0.942532423340333159 0.226203453701431578 0.158945533451668869
0.943976134810034173 0.220051776733289350 0.158532103859786916
0.944903883189881721 0.215997668551599464 0.158120281961683429
0.945804627282350041 0.211980644567849208 0.157710070242023437
0.947106519733797669 0.206023671321600987 0.157301471175757601
0.947942544824241229 0.202097424359008515 0.156894487228106394
0.949150242318658077 0.196274572431064331 0.156489120854546221
0.949925336031490541 0.192436391613600322 0.156085374500793544
0.950677064187389842 0.188632692205491559 0.155683250602791229
0.951762053014382992 0.182990878370988874 0.155282751586692802
0.952457758352297956 0.179271554122197030 0.154883879868848662
0.953131974800036530 0.175585258736922212 0.154486637855791142
0.954104110954189233 0.170116856961341378 0.154091027944219749
0.954726790555302185 0.166511364359231362 0.153697052520987060
0.955329696563337105 0.162937495135216659 0.153304713963084344
0.956197988509534191 0.157635126517594815 0.152914014637626994
0.956753458278847391 0.154138604741385243 0.152524956901840314
0.957290722521057402 0.150672347531688067 0.152137543103045308
0.957810204033969770 0.147235975217406445 0.151751775578644582
0.958556982323865880 0.142136629755562738 0.151367656656108324
0.959033787290834661 0.138773333592429104 0.150985188652959929
0.959494206933265481 0.135438623462057428 0.150604373876762149
0.959938618059125282 0.132132136836006331 0.150225214625103520
0.960576019687510385 0.127224542361306037 0.149847713185584097
0.960981996203076561 0.123987053552100324 0.149471871835801767
0.961373209668133222 0.120776549531642019 0.149097692843338375
0.961749995936473034 0.117592685007475495 0.148725178465746399
0.962112682388627904 0.114435118521418966 0.148354330950535129
0.962630970783281414 0.109747340154392914 0.147985152535156927
0.962959786302493681 0.106654050156312352 0.147617645446993906
0.963275584165998122 0.103585893436885235 0.147251811903344576
0.963578656211798834 0.100542545891458723 0.146887654111410415
0.963869286924601054 0.097523687290431871 0.146525174268282266
0.964147753623661785 0.094529001286324577 0.146164374560927651
0.964414326646412245 0.091558175416423304 0.145805257166176955
0.964792460201520763 0.087146000442434868 0.145447824250710761
0.965030437543404451 0.084233483468737769 0.145092077971046479
0.965257414951987580 0.081343763740043873 0.144738020473525603
0.965473633500013473 0.078476546385482793 0.144385653894300470
0.965679328211473176 0.075631540471252201 0.144034980359321579
0.965874728218973799 0.072808459009134574 0.143686001984324796
0.966060056917763088 0.070007018957921441 0.143338720874818359
0.966235532114652629 0.067226941260319084 0.142993139126070229
0.966401366176110721 0.064467950831482101 0.142649258823095815
0.966557766171806554 0.061729776573216655 0.142307082040644906
0.966704934014430473 0.059012151401147739 0.141966610843189456
0.966843066597944611 0.056314812246819723 0.141627847284910818
0.966972355931730920 0.053637500078009770 0.141290793409687837
0.967092989272740011 0.050979959913689032 0.140955451251084163
0.967205149254612095 0.048341940833523001 0.140621822832335985
0.967309014013798318 0.045723196005732381 0.140289910166339848
0.967404757314559660 0.043123482682437875 0.139959715255640799
0.967492548669223407 0.040542562239995417 0.139631240092419895
0.967572553458243778 0.037980200179765500 0.139304486658482385
0.967644933046663769 0.035436166153158866 0.138979456925245687
0.967678312747563218 0.034170951305997843 0.138656152853727538
0.967739548592819743 0.031653986535079448 0.138334576394534364
0.967793545830313962 0.029154792179968192 0.138014729487848986
0.967840452660642558 0.026673152530686417 0.137696614063419348
0.967880413768277825 0.024208856104556420 0.137380232040546862
0.967913570427064052 0.021761695663250369 0.137065585328074641
0.967940060603947106 0.019331468211232550 0.136752675824376058
0.967950847997116393 0.018122642087926855 0.136441505417343317
0.967967590154619195 0.015717442851735708 0.136132075984376016
0.967977996941719043 0.013328687829212926 0.135824389392369904
0.967982195539297763 0.010956189021087970 0.135518447497705474
0.967980310264481725 0.008599762742310502 0.135214252146237057
0.967977124264070454 0.007427520579562696 0.134911805173281107
0.967966340241053214 0.005094868134498609 0.134611108403605934
0.967949771220502964 0.002777847921944021 0.134312163651419847
0.967927532223455400 0.000476291412269514 0.134014972720361059
0.967914321754098306 -0.000668739434256715 0.133719537403486022
0.967883788109637377 -0.002947406892779225 0.133425859483258913
0.967847861488056904 -0.005211012978890206 0.133133940731541361
0.967806648691008187 -0.007459711023869608 0.132843782909580932
0.967784092759228276 -0.008578516262309321 0.132555387768000910
0.967735146247835853 -0.010805130258205897 0.132268757046789781
0.967681171288464759 -0.013017200580647537 0.131983892475290826
0.967652329336665451 -0.014117825215657576 0.131700795772191348
0.967590997841250133 -0.016308337775407078 0.131419468645512461
0.967524883356262189 -0.018484644052859434 0.131139912792598762
0.967490062251630478 -0.019567509831852070 0.130862129900108481
0.967416950897096672 -0.021722744336705679 0.130586121644002573
0.967339290915657735 -0.023864083235305922 0.130311889689535138
0.967298783653239846 -0.024929578511836636 0.130039435691243210
0.967214470667246862 -0.027050291804572413 0.129768761292936907
0.967170687097567816 -0.028105537468939013 0.129499868127689266
0.967079920515198088 -0.030205874010915013 0.129232757817826449
0.967032959125565084 -0.031250990991111227 0.128967431974918306
0.966935933577394158 -0.033331185712228373 0.128703892199768077
0.966834841297357972 -0.035398076292341041 0.128442140082403289
0.966782796200835293 -0.036426562153810349 0.128182177202065650
0.966675759573661697 -0.038473672108123469 0.127924005127202034
0.966620788417908772 -0.039492318300917484 0.127667625415454483
0.966507990838497255 -0.041519846544536776 0.127413039613651358
0.966450184379856303 -0.042528749248927300 0.127160249257797620
0.966331805553145129 -0.044536881681373708 0.126909255873065646
0.966271252769443700 -0.045536130650432993 0.126660060973786071
0.966209804027766461 -0.046532180569221426 0.126412666063438650
0.966084257189351980 -0.048514719216995683 0.126167072634643274
0.966020178211560054 -0.049501225368942969 0.125923282169150691
0.965889456529571255 -0.051464753231370619 0.125681296137833798
0.965822832624521510 -0.052441791054408216 0.125441116000678810
0.965687105308466132 -0.054386453149578462 0.125202743206776296
0.965618020400247357 -0.055354092268833588 0.124966179194312452
0.965548133582816437 -0.056318612984905647 0.124731425390560466
0.965405990721381668 -0.058238326652829464 0.124498483211871971
0.965333752818438251 -0.059193532837964746 0.124267354063668414
0.965260749291220410 -0.060145647083412468 0.124038039340432532
0.965112481187894167 -0.062040624121126930 0.123810540425700069
0.965037234425587864 -0.062983498622576684 0.123584858692051325
0.964961257667728001 -0.063923304618666688 0.123360995501102993
0.964807149375651152 -0.065793732562059115 0.123138952203499741
0.964729035356986508 -0.066724364805289982 0.122918730138906251
0.964650226374660802 -0.067651949151189328 0.122700330635999083
0.964490558169449397 -0.069497992928883201 0.122483755012458659
0.964409716188600274 -0.070416461357891369 0.122269004574961190
0.964328213730214046 -0.071331899883304128 0.122056080619171087
0.964246059335583716 -0.072244312622232743 0.121844984429732739
0.964079828747250067 -0.074060076504562200 0.121635717280263234
0.963995769483835918 -0.074963435170052994 0.121428280433344166
0.963911092145041115 -0.075863783108727989 0.121222675140514505
0.963825805122543899 -0.076761123750909432 0.121018902642262602
0.963739916779754013 -0.077655460397779208 0.120816964168019139
0.963566369445710613 -0.079435134309677302 0.120616860936149317
0.963478727041220173 -0.080320477586367289 0.120418594153945749
0.963390516490649773 -0.081202828897788959 0.120222165017621091
0.963301746020482019 -0.082082190964393564 0.120027574712300855
0.963212423828753161 -0.082958566420663626 0.119834824412016289
0.963122558087960323 -0.083831957792069145 0.119643915279697144
0.963032156943992468 -0.084702367511256538 0.119454848467164781
0.962941228516650316 -0.085569797918273516 0.119267625115125314
0.962757822158970433 -0.087295729738564753 0.119082246353162544
0.962665360337350062 -0.088154235416854965 0.118898713299731174
0.962572403449887926 -0.089009770320937653 0.118717027062150135
0.962478959485335794 -0.089862336403177534 0.118537188736595883
0.962385036407484962 -0.090711935539055544 0.118359199408095833
0.962290642153414311 -0.091558569546682345 0.118183060150521657
0.962195784633734674 -0.092402240187739293 0.118008772026582914
0.962100471733367435 -0.093242949163393596 0.117836336087820667
0.962004711309750848 -0.094080698133281015 0.117665753374601195
0.961908511195398219 -0.094915488695322292 0.117497024916109374
0.961811879194280794 -0.095747322419848291 0.117330151730342946
0.961714823083672954 -0.096576200835487735 0.117165134824105996
0.961617350614987876 -0.097402125424376207 0.117001975193003135
0.961519469510507818 -0.098225097651626347 0.116840673821433358
0.961421187465565596 -0.099045118948406730 0.116681231682584041
0.961322512147478547 -0.099862190722437294 0.116523649738425272
0.961223451193871981 -0.100676314373079723 0.116367928939703880
0.961223451193871981 -0.100676314373079723 0.116214070225937813
0.961124012216037493 -0.101487491264647456 0.116062074525410328
0.961024202794314331 -0.102295722765613328 0.115911942755164490
0.960924030479807789 -0.103101010234752100 0.115763675820997711
0.960823502794543094 -0.103903355021075894 0.115617274617456051
0.960722627229875226 -0.104702758476663549 0.115472740027829104
0.960621411246519896 -0.105499221956788236 0.115330072924144461
0.960621411246519896 -0.105499221956788236 0.115189274167162514
0.960519862273632175 -0.106292746828641427 0.115050344606371285
0.960417987709816234 -0.107083334460642998 0.114913285079981331
0.960315794921133836 -0.107870986240766409 0.114778096414920497
0.960213291240611388 -0.108655703578892371 0.114644779426829185
0.960213291240611388 -0.108655703578892371 0.114513334920055415
0.960110483969128348 -0.109437487899671670 0.114383763687649603
0.960007380374181207 -0.110216340651995814 0.114256066511360263
0.959903987687983573 -0.110992263322486073 0.114130244161628980
0.959903987687983573 -0.110992263322486073 0.114006297397585929
0.959800313109364089 -0.111765257420770314 0.113884226967045130
0.959696363801486152 -0.112535324495863065 0.113764033606500142
0.959592146892820241 -0.113302466128065493 0.113645718041119337
0.959592146892820241 -0.113302466128065493 0.113529280984741868
0.959487669474355043 -0.114066683948806924 0.113414723139873122
0.959382938600683355 -0.114827979631496102 0.113302045197680529
0.959382938600683355 -0.114827979631496102 0.113191247837989437
0.959277961290460834 -0.115586354887270204 0.113082331729278909
0.959172744521786358 -0.116341811497425229 0.112975297528677909
0.959172744521786358 -0.116341811497425229 0.112870145881961009
0.959067295236531336 -0.117094351280437325 0.112766877423544909
0.959067295236531336 -0.117094351280437325 0.112665492776484119
0.958961620336399534 -0.117843976120287630 0.112565992552467672
0.958961620336399534 -0.117843976120287630 0.112468377351815099
0.958855726684234910 -0.118590687953781637 0.112372647763472971
0.958749621101464777 -0.119334488788840121 0.112278804365011281
0.958749621101464777 -0.119334488788840121 0.112186847722619942
0.958643310369301282 -0.120075380694703249 0.112096778391105545
0.958643310369301282 -0.120075380694703249 0.112008596913887773
0.958536801227789947 -0.120813365805208239 0.111922303822996186
0.958536801227789947 -0.120813365805208239 0.111837899639067123
0.958430100373775407 -0.121548446333438642 0.111755384871340541
0.958430100373775407 -0.121548446333438642 0.111674760017656721
0.958323214462484030 -0.122280624558126938 0.111596025564453569
0.958323214462484030 -0.122280624558126938 0.111519181986763555
0.958216150105370756 -0.123009902836820895 0.111444229748210735
0.958216150105370756 -0.123009902836820895 0.111371169301008127
0.958216150105370756 -0.123009902836820895 0.111300001085954892
0.958108913869673673 -0.123736283607736308 0.111230725532433697
0.958108913869673673 -0.123736283607736308 0.111163343058408165
0.958001512278099154 -0.124459769389347719 0.111097854070420235
0.958001512278099154 -0.124459769389347719 0.111034258963587817
0.958001512278099154 -0.124459769389347719 0.110972558121602394
0.957893951808928890 -0.125180362778638365 0.110912751916726629
0.957893951808928890 -0.125180362778638365 0.110854840709792277
0.957893951808928890 -0.125180362778638365 0.110798824850197819
0.957786238893432396 -0.125898066466157255 0.110744704675906469
0.957786238893432396 -0.125898066466157255 0.110692480513444172
0.957786238893432396 -0.125898066466157255 0.110642152677897440
0.957678379917877853 -0.126612883221278449 0.110593721472911730
0.957678379917877853 -0.126612883221278449 0.110547187190689372
0.957678379917877853 -0.126612883221278449 0.110502550111987896
0.957678379917877853 -0.126612883221278449 0.110459810506118417
0.957570381219612465 -0.127324815915641765 0.110418968630943887
0.957570381219612465 -0.127324815915641765 0.110380024732877557
0.957570381219612465 -0.127324815915641765 0.110342979046881562
0.957570381219612465 -0.127324815915641765 0.110307831796465444
0.957570381219612465 -0.127324815915641765 0.110274583193684828
0.957462249090739626 -0.128033867497584886 0.110243233439140137
0.957462249090739626 -0.128033867497584886 0.110213782721975392
0.957462249090739626 -0.128033867497584886 0.110186231219877029
0.957462249090739626 -0.128033867497584886 0.110160579099072869
0.957462249090739626 -0.128033867497584886 0.110136826514331099
0.957462249090739626 -0.128033867497584886 0.110114973608959388
0.957462249090739626 -0.128033867497584886 0.110095020514803896
0.957353989772716352 -0.128740041025458718 0.110076967352248589
0.957353989772716352 -0.128740041025458718 0.110060814230214563
0.957353989772716352 -0.128740041025458718 0.110046561246159164
0.957353989772716352 -0.128740041025458718 0.110034208486075674
0.957353989772716352 -0.128740041025458718 0.110023756024492547
0.957353989772716352 -0.128740041025458718 0.110015203924473198
0.957353989772716352 -0.128740041025458718 0.110008552237615381
0.957353989772716352 -0.128740041025458718 0.110003801004051049
0.957353989772716352 -0.128740041025458718 0.110000950252446050
0.957353989772716352 -0.128740041025458718 0.110000000000000001
