-0.818566056450008128 -0.525176621161660084 0.739999999999999991
-0.818566056450008128 -0.525176621161660084 0.739999049747553928
-0.818566056450008128 -0.525176621161660084 0.739996198995948928
-0.818566056450008128 -0.525176621161660084 0.739991447762384680
-0.818566056450008128 -0.525176621161660084 0.739984796075526807
-0.818566056450008128 -0.525176621161660084 0.739976243975507431
-0.818566056450008128 -0.525176621161660084 0.739965791513924276
-0.818566056450008128 -0.525176621161660084 0.739953438753840897
-0.818566056450008128 -0.525176621161660084 0.739939185769785457
-0.818566056450008128 -0.525176621161660084 0.739923032647751389
-0.818566056450008128 -0.525176621161660084 0.739904979485196068
-0.818566056450008128 -0.525176621161660084 0.739885026391040590
-0.818566056450008128 -0.525176621161660084 0.739863173485668879
-0.818566056450008128 -0.525176621161660084 0.739839420900927136
-0.818566056450008128 -0.525176621161660084 0.739813768780122949
-0.818566056450008128 -0.525176621161660084 0.739786217278024627
-0.818566056450008128 -0.525176621161660084 0.739756766560859869
-0.818566056450008128 -0.525176621161660084 0.739725416806315206
-0.818566056450008128 -0.525176621161660084 0.739692168203534561
-0.818566056450008128 -0.525176621161660084 0.739657020953118471
-0.818566056450008128 -0.525176621161660084 0.739619975267122420
-0.818566056450008128 -0.525176621161660084 0.739581031369056063
-0.818566056450008128 -0.525176621161660084 0.739540189493881561
-0.818566056450008128 -0.525176621161660084 0.739497449888012137
-0.818566056450008128 -0.525176621161660084 0.739452812809310633
-0.818566056450008128 -0.525176621161660084 0.739406278527088290
-0.818566056450008128 -0.525176621161660084 0.739357847322102524
-0.818566056450008128 -0.525176621161660084 0.739307519486555820
-0.818566056450008128 -0.525176621161660084 0.739255295324093509
-0.818566056450008128 -0.525176621161660084 0.739201175149802103
-0.818566056450008128 -0.525176621161660084 0.739145159290207743
-0.818566056450008128 -0.525176621161660084 0.739087248083273307
-0.818566056450008128 -0.525176621161660084 0.739027441878397529
-0.818566056450008128 -0.525176621161660084 0.738965741036412216
-0.818566056450008128 -0.525176621161660084 0.738902145929579812
-0.818566056450008128 -0.525176621161660084 0.738836656941591730
-0.818566056450008128 -0.525176621161660084 0.738769274467566239
-0.818566056450008128 -0.525176621161660084 0.738699998914045142
-0.818566056450008128 -0.525176621161660084 0.738628830698991878
-0.818566056450008128 -0.525176621161660084 0.738555770251789201
-0.818566056450008128 -0.525176621161660084 0.738480818013236395
-0.818566056450008128 -0.525176621161660084 0.738403974435546395
-0.818566056450008128 -0.525176621161660084 0.738325239982343340
-0.818566056450008128 -0.525176621161660084 0.738244615128659576
-0.818566056450008128 -0.525176621161660084 0.738162100360932882
-0.818566056450008128 -0.525176621161660084 0.738077696177003806
-0.818566056450008128 -0.525176621161660084 0.737991403086112219
-0.818566056450008128 -0.525176621161660084 0.737903221608894433
-0.818566056450008128 -0.525176621161660084 0.737813152277379980
-0.818566056450008128 -0.525176621161660084 0.737721195634988725
-0.818566056450008128 -0.525176621161660084 0.737627352236526979
-0.818566056450008128 -0.525176621161660084 0.737531622648184837
-0.818566056450008128 -0.525176621161660084 0.737434007447532291
-0.818566056450008128 -0.525176621161660084 0.737334507223515900
-0.818566056450008128 -0.525176621161660084 0.737233122576455124
-0.818566056450008128 -0.525176621161660084 0.737129854118038996
-0.818566056450008128 -0.525176621161660084 0.737024702471322124
-0.818566056450008128 -0.525176621161660084 0.736917668270721027
-0.818566056450008128 -0.525176621161660084 0.736808752162010583
-0.818566056450008128 -0.525176621161660084 0.736697954802319477
-0.818566056450008128 -0.525176621161660084 0.736585276860126870
-0.818566056450008128 -0.525176621161660084 0.736470719015258179
-0.818566056450008128 -0.525176621161660084 0.736354281958880641
-0.818566056450008128 -0.525176621161660084 0.736235966393499863
-0.818566056450008128 -0.525176621161660084 0.736115773032954834
-0.818566056450008128 -0.525176621161660084 0.735993702602414035
-0.818566056450008128 -0.525176621161660084 0.735869755838370998
-0.818566056450008128 -0.525176621161660084 0.735743933488639756
-0.818566056450008128 -0.525176621161660084 0.735616236312350402
-0.818566056450008128 -0.525176621161660084 0.735486665079944646
-0.818566056450008128 -0.525176621161660084 0.735355220573170709
-0.818566056450008128 -0.525176621161660084 0.735221903585079439
-0.818566056450008128 -0.525176621161660084 0.735086714920018758
-0.818566056450008128 -0.525176621161660084 0.734949655393628665
-0.818566056450008128 -0.525176621161660084 0.734810725832837464
-0.818566056450008128 -0.525176621161660084 0.734669927075855544
-0.818566056450008128 -0.525176621161660084 0.734527259972170943
-0.818566056450008128 -0.525176621161660084 0.734382725382543899
-0.818566056450008128 -0.525176621161660084 0.734236324179002309
-0.818566056450008128 -0.525176621161660084 0.734088057244835501
-0.818566056450008128 -0.525176621161660084 0.733937925474589692
-0.818566056450008128 -0.525176621161660084 0.733785929774062096
-0.818566056450008128 -0.525176621161660084 0.733632071060296154
-0.818566056450008128 -0.525176621161660084 0.733476350261574761
-0.818566056450008128 -0.525176621161660084 0.733318768317415937
-0.818566056450008128 -0.525176621161660084 0.733159326178566717
-0.818566056450008128 -0.525176621161660084 0.732998024806996828
-0.818566056450008128 -0.525176621161660084 0.732834865175894024
-0.818566056450008128 -0.525176621161660084 0.732669848269657087
-0.818566056450008128 -0.525176621161660084 0.732502975083890617
-0.818566056450008128 -0.525176621161660084 0.732334246625398921
-0.818566056450008128 -0.525176621161660084 0.732163663912179352
-0.818566056450008128 -0.525176621161660084 0.731991227973417091
-0.818566056450008128 -0.525176621161660084 0.731816939849478376
-0.818566056450008128 -0.525176621161660084 0.731640800591904172
-0.818566056450008128 -0.525176621161660084 0.731462811263404067
-0.818566056450008128 -0.525176621161660084 0.731282972937849940
-0.818566056450008128 -0.525176621161660084 0.731101286700268749
-0.818566056450008128 -0.525176621161660084 0.730917753646837420
-0.818566056450008128 -0.525176621161660084 0.730732374884874636
-0.818566056450008128 -0.525176621161660084 0.730545151532835280
-0.818566056450008128 -0.525176621161660084 0.730356084720302889
-0.818566056450008128 -0.525176621161660084 0.730165175587983772
-0.820325490743311292 -0.522799343387479687 0.729972425287699123
-0.822077996979351133 -0.520411931841759823 0.729777834982378915
-0.823823549872761740 -0.518014317113533962 0.729581405846054243
-0.827293687249301857 -0.513188202959986350 0.729383139063850661
-0.829018213934314185 -0.510759567229191136 0.729183035831980852
-0.830735671675242648 -0.508320455741482324 0.728981097357737307
-0.834149248826888567 -0.503410538836799315 0.728777324859485542
-0.835845298872263331 -0.500939601529568068 0.728571719566655895
-0.839215737646750837 -0.495965443973360176 0.728364282719736744
-0.840890048336705220 -0.493462095508542309 0.728155015570267294
-0.844216646388193048 -0.488422543590492253 0.727943919380828919
-0.845868847049699668 -0.485886215939394295 0.727730995425038829
-0.849150824088660050 -0.480780152135705297 0.727516244987541416
-0.850780505131921605 -0.478210296173127103 0.727299669364000922
-0.852402581913871527 -0.475629145586697610 0.727081269861093782
-0.855623716279273361 -0.470432729641866998 0.726861047796500293
-0.858813800136397187 -0.465190450902525920 0.726639004498896957
-0.860397058471223497 -0.462551975097736767 0.726415141307948709
-0.863539716320464557 -0.457240082816654569 0.726189459574299923
-0.865098994991288284 -0.454566562053174250 0.725961960659567529
-0.868193139303682138 -0.449184117959383178 0.725732645936331688
-0.869727875810203943 -0.446475096347838829 0.725501516788128020
-0.872772344469021077 -0.441021216200777388 0.725268574609439609
-0.875783014209731814 -0.435519249155782440 0.725033820805687568
-0.877275497082591227 -0.432750123154854893 0.724797256793223710
-0.880234392571514146 -0.427175376584937982 0.724558883999321224
-0.881700654809324469 -0.424369675781138600 0.724318703862166235
-0.884606422836985207 -0.418721427786098777 0.724076717830849370
-0.887475987181517101 -0.413023810964768701 0.723832927365356760
-0.888896990257372122 -0.410156404003279629 0.723587333936561383
-0.891711022385841434 -0.404384234168556067 0.723339939026213963
-0.894487187922792248 -0.398562060622974390 0.723090744126934415
-0.897224789750247775 -0.392689667933005193 0.722839750742202303
-0.898578906687450218 -0.389734578305133805 0.722586960386348620
-0.901257318322626899 -0.383786502945928309 0.722332374584545467
-0.903895349621820277 -0.377787770532275746 0.722075994872797944
-0.906492246445198990 -0.371738247189272397 0.721817822797934383
-0.907775029785049092 -0.368694403649359348 0.721557859917596800
-0.910308779531693313 -0.362568495505867339 0.721296107800231900
-0.912799448262714530 -0.356391567186273184 0.721032568025081755
-0.915246235360044569 -0.350163569394384311 0.720767242182173473
-0.917648329136208418 -0.343884476962907137 0.720500131872310767
-0.918832359608061755 -0.340725768936572582 0.720231238707063071
-0.921165869875194332 -0.334370039535670516 0.719960564308756767
-0.923452616179515129 -0.327963256256895042 0.719688110310464868
-0.925691756615405259 -0.321505475592061774 0.719413878355997460
-0.927882443207667551 -0.314996775907839810 0.719137870099891496
-0.930023823083986345 -0.308437256491548406 0.718860087207401133
-0.932115039669176637 -0.301827036366191237 0.718580531354487628
-0.934155233879262248 -0.295166252901440718 0.718299204227808685
-0.936143545312961178 -0.288455060186941115 0.718016107524709124
-0.938079113435809298 -0.281693627136454849 0.717731242953210224
-0.939026850088398923 -0.278294126797365982 0.717444612231999179
-0.940881692298280559 -0.271457676986970320 0.717156217090419101
-0.942681646811732610 -0.264571459032655221 0.716866059268458589
-0.944425861530984512 -0.257635674651337188 0.716574140516741065
-0.946113489122004880 -0.250650528101896641 0.716280462596514012
-0.947743687934433199 -0.243616222455930564 0.715985027279638975
-0.950079482281402266 -0.232973020607406323 0.715687836348580131
-0.951562471373010421 -0.225816659030201095 0.715388891596394072
-0.952985141532722513 -0.218611775303306055 0.715088194826718926
-0.954346685109585868 -0.211358508454747240 0.714785747853762921
-0.955646302988157448 -0.204056966938581330 0.714481552502294504
-0.956883204517843478 -0.196707221271466448 0.714175610607630129
-0.958056607188744191 -0.189309295882619799 0.713867924015623934
-0.959165736016750481 -0.181863160093153065 0.713558494582656633
-0.960209822596959528 -0.174368718119548960 0.713247324175623976
-0.961188103772869340 -0.166825798017889493 0.712934414671925309
-0.962530479033353648 -0.155419924224035721 0.712619767959453143
-0.963340925055968800 -0.147754442082266679 0.712303385936580713
-0.964082905787000399 -0.140039090024340340 0.711985270512151103
-0.964755651944714243 -0.132273179969060295 0.711665423605465697
-0.965358382419940653 -0.124455860404960095 0.711343847146272412
-0.965890298640126543 -0.116586093943000235 0.711020543074754374
-0.966553587848109630 -0.104680310487278938 0.710695513341517593
-0.966904795673173334 -0.096673431610291294 0.710368759907580083
-0.967182147051718233 -0.088608615997113949 0.710040284744359096
-0.967384660500229865 -0.080483625729419306 0.709710089833660129
-0.967545775415660336 -0.068177486640367546 0.709378177167664048
-0.967556368446442994 -0.059889692387029458 0.709044548748915870
-0.967487979854400271 -0.051530597648517529 0.708709206590312113
-0.967234025063745784 -0.038848518570639701 0.708372152715089243
-0.966961304369017061 -0.030290538086109320 0.708033389156810689
-0.966603535263565794 -0.021642780136073070 0.707692917959355072
-0.965902255580708413 -0.008486751275824767 0.707350741176904108
-0.965320923382234852 0.000419439649537778 0.707006860873929721
-0.964644674361939236 0.009445862498291824 0.706661279125181618
-0.963443443641527342 0.023237546311187240 0.706313998015675182
-0.962510870624449066 0.032621006948827636 0.705965019640678482
-0.960898985407896977 0.047023184975139409 0.705614346105699508
-0.959671058624406048 0.056873404362028535 0.705261979526474403
-0.958309204799230985 0.066952097102137842 0.704907922028953582
-0.955988111986613154 0.082566428973698536 0.704552175749289300
-0.954232142555963003 0.093361752462792935 0.704194742833822995
-0.951233087706440994 0.110251130282618515 0.703835625439072410
-0.948949543615797753 0.122061563504660520 0.703474825731717712
-0.945002406826282337 0.140793349411690250 0.703112345888589618
-0.941945768240694647 0.154101753831591859 0.702748188096655402
-0.936533828167068982 0.175618137221261905 0.702382354553006127
-0.932213983136149227 0.191249450072108362 0.702014847464843106
-0.924250404621409283 0.217214576084771294 0.701645669049464793
-0.917575407905445561 0.236678320555302801 0.701274821534253578
-0.904456813021806472 0.270262582139131791 0.700902307156661686
-0.892591713026321898 0.296551782908879735 0.700528128164198294
-0.866814261667219421 0.344279623037518634 0.700152286814415881
-0.823041414074309308 0.406254677325091407 0.699774785374896457
-0.773809556139124943 0.458210227712566365 0.699395626123237801
-0.631697090322623556 0.548741053729639106 0.699014811347040133
-0.442638896168698781 0.584643008680111431 0.698632343343891682
-0.022440978049641236 0.304656251902225117 0.698248224421355368
-0.236311883916432569 -0.290481621919843225 0.697862456896954697
-0.539720377127796858 -0.327792505293943992 0.697475043098159664
-0.781108568158011218 -0.171276168515546529 0.697085985362372984
-0.473073299734811603 -0.397892238930463660 0.696695286036915662
-0.807533026612651916 -0.191035517632372531 0.696302947479013001
-0.861395626960551164 -0.089085594917660604 0.695908972055780284
-0.880336861178374175 -0.030925786526173338 0.695513362144208891
-0.886799032250873975 -0.001700114471597736 0.695116120131151316
-0.891915220172700973 0.033891064899891798 0.694717248413307176
-0.893834347495760850 0.062944941260575260 0.694316749397208888
-0.893853519009230824 0.087595646107368086 0.693914625499206461
-0.893158710088508778 0.102229842000947702 0.693510879145453840
-0.891362374980670502 0.122121813681988434 0.693105512771893584
-0.888890785453544829 0.140075643652258219 0.692698528824242432
-0.885911762214062648 0.156523650277085591 0.692289929757976541
-0.882532670679105791 0.171777187493306560 0.691879718038316605
-0.880093446656150635 0.181399211703572594 0.691467896140213090
-0.876191506857133540 0.195147767893323443 0.691054466548331137
-0.872027915553212907 0.208205107575104076 0.690639431757035682
-0.867625530258472333 0.220691325289130269 0.690222794270376361
-0.862998637906092547 0.232707110276212048 0.689804556602072627
-0.858155662048328161 0.244343429538615875 0.689384721275498102
-0.853101790693933215 0.255695505161589343 0.688963290823665919
-0.849618284199254559 0.263167514397493030 0.688540267789212845
-0.844234595384427911 0.274411834838319157 0.688115654724384629
-0.838741408007787959 0.286483965985130096 0.687689454191019900
-0.835342917447805311 0.324432966670458400 0.687261668760535072
-0.825527351031467793 0.298585371515254938 0.686832301013909019
-0.819349379138863187 0.310919975651887892 0.686401353541667092
-0.812623566318280366 0.321430769194984423 0.685968828943865794
-0.805501036265325210 0.331461783109387509 0.685534729830076905
-0.797977681051763366 0.341270960149208380 0.685099058819371831
-0.790021463084359388 0.350953619583704579 0.684661818540305611
-0.781587083970561425 0.360559737412724512 0.684223011630901601
-0.772618284392744714 0.370121759637480008 0.683782640738634817
-0.763047260921152937 0.379663388109664379 0.683340708520416507
-0.752792888485068423 0.389202647921837119 0.682897217642577936
-0.741758083247353817 0.398752677081882001 0.682452170780854406
-0.729826278657303762 0.408321249977587342 0.682005570620368706
-0.716856832232613650 0.417909253950898008 0.681557419855615576
-0.702679066840128375 0.427507967617064444 0.681107721190444715
-0.687084530996357801 0.437094701058933000 0.680656477338045240
-0.663636476940955067 0.449779057494853030 0.680203691020928702
-0.643631619637645813 0.459112631797741089 0.679749364970912762
-0.621088222561857251 0.468138205420770892 0.679293501929105314
-0.595471513423021737 0.476627290253415492 0.678836104645886729
-0.566108152892031979 0.484218151058882051 0.678377175880894634
-0.532151285024946352 0.490337769915302313 0.677916718403006269
-0.492545573890517341 0.494073991564092097 0.677454734990322271
-0.428705678724927430 0.492701119144326127 0.676991228430149805
-0.370641899840590094 0.483565820258582635 0.676526201518985459
-0.302381235266004689 0.462690645636060383 0.676059657062499042
-0.223746427672619763 0.423022706985864583 0.675591597875515815
-0.137939844735198741 0.354067805888795439 0.675122026782000395
-0.033644144133173765 0.193881978481694195 0.674650946615038660
0.000255276961366487 0.013371287299870114 0.674178360216821981
-0.048757004166234547 -0.196686183046554997 0.673704270438628683
-0.198077730607988972 -0.376069339429855487 0.673228680140807945
-0.479262198652153304 -0.471803938716154392 0.672751592192761816
-0.668188341420448806 -0.438630573383518574 0.672273009472928451
-0.804472838419333258 -0.359186187693606107 0.671792934868764235
-0.891814452523380430 -0.266860172269288043 0.671311371276726909
-0.955388611182337089 -0.150962182376677578 0.670828321602257471
-0.978583386863738469 -0.075430401998035912 0.670343788759763304
-0.989435748230706347 -0.009230685967534069 0.669857775672599853
-0.992358549009928925 0.069155418403387736 0.669370285273053756
-0.988655432521764466 0.127201407819449330 0.668881320502324628
-0.977865914957199100 0.201994503998128960 0.668390884310507527
-0.218198285877689968 0.565206005177035120 0.667898979656575076
-0.955934650817727993 0.029187469925344600 0.667405609508359698
-0.963017870765666029 0.143170966375250786 0.666910776842535635
-0.957744892216457311 0.181083103977885906 0.666414484644600846
-0.951518959395344255 0.208454516410410795 0.665916735908859470
-0.942965442328896675 0.237006856272498678 0.665417533638403169
-0.936613710841967650 0.254826401067720032 0.664916880845093483
-0.928354896952362285 0.275394509952308908 0.664414780549543171
-0.922348960874397439 0.289027626576099816 0.663911235781098785
-0.914604670295885880 0.305369978930106756 0.663406249577821461
-0.908992351462290626 0.316508073610246576 0.662899824986468933
-0.901760341478055283 0.330141215001024335 0.662391965062477772
-0.896515224100127739 0.339593341945212845 0.661882672869943733
-0.889744887377844407 0.351326204892604910 0.661371951481604547
-0.884823738063676868 0.359560225966687519 0.660859803978820493
-0.878455488144084473 0.369888039888550568 0.660346233451555964
-0.873814098630252056 0.377203605959647081 0.659831242998361267
-0.867791211558207154 0.386454675542042658 0.659314835726353410
-0.863389264221726571 0.393056255120127207 0.658797014751197674
-0.857661325066855218 0.401459913446660432 0.658277783197088628
-0.853463585015550863 0.407493290082715676 0.657757144196731369
-0.847986992427800401 0.415215912817448518 0.657235100891322421
-0.843963190665133034 0.420788514717529483 0.656711656430531421
-0.838700630356275512 0.427954390932578976 0.656186813972481464
-0.833545757392038178 0.434846307088781692 0.655660576683730012
-0.829744530301723127 0.439851694387967673 0.655132947739250349
-0.824755753427955485 0.446326492981331535 0.654603930322411820
-0.821069366712847248 0.451044838958078342 0.654073527624961182
-0.816221726943415216 0.457167415084357542 0.653541742847002838
-0.811444887250990510 0.463112736627496191 0.653008579196979855
-0.807904817668372521 0.467464484878007625 0.652474039891654756
-0.803236647185937347 0.473134675327311793 0.651938128156089536
-0.798622693119240834 0.478665000244039018 0.651400847223626678
-0.795194661990953566 0.482727604533624510 0.650862200335869279
-0.790663287886073318 0.488038908253347947 0.650322190742662065
-0.786172687116990065 0.493237950692508031 0.649780821702071409
-0.781718586487867517 0.498332981227402383 0.649238096480365567
-0.778399550297881437 0.502090519735722718 0.648694018351995028
-0.773999857884998144 0.507021102746556762 0.648148590599572971
-0.769626256519547081 0.511866632545807554 0.647601816513855399
-0.765275372665343401 0.516632883467890158 0.647053699393721038
-0.762025193050124727 0.520158737458090159 0.646504242546151686
-0.757706489288109242 0.524798683479726580 0.645953449286212344
-0.753402115375342296 0.529372827167089222 0.645401322937030675
-0.749109289340918361 0.533885333550715768 0.644847866829777683
-0.745895640435723428 0.537231581684732840 0.644293084303647068
-0.741616668813529056 0.541645267112713880 0.643736978705835461
-0.737342144549349321 0.546007156630434531 0.643179553391521885
-0.733069638642356636 0.550320329777141737 0.642620811723847774
-0.728796778612465834 0.554587639812115452 0.642060757073896426
-0.724521231921543496 0.558811735762278938 0.641499392820673031
-0.721311418700854134 0.561952937834630073 0.640936722351083898
-0.717025613809762152 0.566107241384832260 0.640372749059916258
-0.712730763180370430 0.570224725274495747 0.639807476349817827
-0.708424510663225648 0.574307446154702639 0.639240907631276056
-0.704104435148505958 0.578357346048409715 0.638673046322597582
-0.699768017143608256 0.582376270857954514 0.638103895849887803
-0.695412598006761362 0.586365989971226131 0.637533459647030010
-0.691035329208567806 0.590328217766632357 0.636961741155665062
-0.686633107934200737 0.594264638078029206 0.636388743825169967
-0.682202493758617523 0.598176933079876738 0.635814471112637336
-0.678858582153575196 0.601096351847270949 0.635238926482855071
-0.674368573813893590 0.604970601634303273 0.634662113408284490
-0.669837928426112672 0.608825668666828967 0.634084035369040122
-0.665260583391301563 0.612663639102847268 0.633504695852868616
-0.660629098472787391 0.616486896949801300 0.632924098355127196
-0.655934105829205638 0.620298271817252722 0.632342246378763129
-0.651163478311653776 0.624101258574429218 0.631759143434292514
-0.646301029082829492 0.627900355936636068 0.631174793039778748
-0.641324398913853733 0.631701609434077715 0.630589198720811650
-0.636201465201380101 0.635513522399916653 0.630002364010486038
-0.630883899667246117 0.639348667124056802 0.629414292449380408
-0.625294820120493311 0.643226721124757872 0.628824987585535511
-0.619303064681556825 0.647180658258612485 0.628234452974433477
-0.610851932695794630 0.652326600417098890 0.627642692178975614
-0.602599769829056164 0.656776364260124756 0.627049708769460978
-0.591190039863222050 0.661925810022336969 0.626455506323565503
-0.569346021377383882 0.669146009351065607 0.625860088426319683
-0.430616586400339951 0.680968098539875943 0.625263458670087813
-0.667356763324568059 0.641617702492787378 0.624665620654545006
-0.622553268551672701 0.661018051761891545 0.624066577986656545
-0.606906532145231048 0.668067323208066499 0.623466334280656009
-0.596904086795887800 0.673081340012739893 0.622864893158023070
-0.588915013634674356 0.677389253554679382 0.622262258247461841
-0.581840853330580665 0.681365918514467928 0.621658433184878789
-0.573624693677248554 0.686086189074606279 0.621053421613361412
-0.567301246984951879 0.689740854609777965 0.620447227183155481
-0.561077046723721495 0.693324136815553493 0.619839853551643394
-0.554882630422173229 0.696855542781098736 0.619231304383322301
-0.548669294141646113 0.700347650445126924 0.618621583349781567
-0.542399733131865847 0.703809039234627898 0.618010694129680793
-0.534436722646217777 0.708101748902936867 0.617398640408728050
-0.527931670969021050 0.711514034782452565 0.616785425879656679
-0.521277919264771850 0.714910393690467050 0.616171054242203975
-0.514448050629826348 0.718293226669392881 0.615555529203088425
-0.505618257167751661 0.722505302967398233 0.614938854475987173
-0.498280725590435181 0.725862965115784853 0.614321033781514036
-0.490659751360696450 0.729210131298598574 0.613702070847196968
-0.482712351393735029 0.732545954282715184 0.613081969407454963
-0.474388333717301769 0.735868329007225430 0.612460733203576524
-0.463362194815863215 0.739996340093015403 0.611838365983696564
-0.453955685489374205 0.743270698335606994 0.611214871502773316
-0.443931930144080833 0.746508731909841572 0.610590253522566684
-0.430362949419272056 0.750479714550351118 0.609964515811614816
-0.418503558901642481 0.753563912703514194 0.609337662145211567
-0.405555302251151273 0.756523027890276367 0.608709696305383963
-0.391283415689631875 0.759296082888284762 0.608080622080868771
-0.371109512198749270 0.762354314443909997 0.607450443267090412
-0.352594938495240151 0.764286804331744341 0.606819163666137418
-0.331350893742961394 0.765489560933539259 0.606186787086739787
-0.299719087138191176 0.765297815835303208 0.605553317344246333
-0.268940109467026955 0.762847582408589076 0.604918758260600598
-0.231485465342504915 0.756827014404710341 0.604283113664319305
-0.171544372571427545 0.739952275832602258 0.603646387390467831
-0.109086008868205742 0.711853846120720002 0.603008583280637778
-0.008224580466368259 0.636623743371676376 0.602369705182924098
0.082435255825246245 0.508171731338481258 0.601729756951901340
0.123430898295839378 0.268728189898434833 0.601088742448600111
-0.133251649491719748 -0.097018119600224842 0.600446665540484759
-0.527213082420628698 -0.098503145077483506 0.599803530101429061
-0.765603590500395947 0.166383126490677546 0.599159340011693797
-0.790845948788782227 0.342768824514083692 0.598514099157902213
-0.769970418737402129 0.459028633008254860 0.597867811433017704
-0.730562315473244017 0.550056181178502523 0.597220480736319392
-0.700031208423529394 0.597620284251994205 0.596572110973379255
-0.666402536211193830 0.639064583654881724 0.595922706056038476
-0.643120625531391044 0.663245806006164673 0.595272269902383133
-0.617834823936565747 0.686389383760338867 0.594620806436721661
-0.600095746180125178 0.701045505591762153 0.593968319589560312
-0.580389027270345359 0.716052215829242500 0.593314813297580179
-0.566214865957204383 0.726128316849503630 0.592660291503612213
-0.550082178595707516 0.736962951311154746 0.592004758156615130
-0.538209069330688794 0.744555759441086207 0.591348217211650096
-0.524409300475104367 0.753022770271197461 0.590690672629857860
-0.514055012444515902 0.759150111307748232 0.590032128378433995
-0.501808304784859605 0.766175506901550785 0.589372588430605804
-0.492470046052941590 0.771387425029021689 0.588712056765608116
-0.481261331243319879 0.777495523279051914 0.588050537368658643
-0.472596455342889632 0.782117957113984907 0.587388034230934886
-0.462062164084135418 0.787633454180153625 0.586724551349549261
-0.453818828438006194 0.791877768041074015 0.586060092727525461
-0.443679055640093967 0.797021708632297043 0.585394662373774133
-0.435652610803530849 0.801039812875110169 0.584728264303068901
-0.425665292698213904 0.805981000314090590 0.584060902536021609
-0.415659373399254850 0.810874167675627699 0.583392581099058893
-0.407587817767965266 0.814784840831644708 0.582723304024396649
-0.397339778773687147 0.819708826521883038 0.582053075350017379
-0.388949439311307155 0.823709578640092421 0.581381899119644441
-0.378115145268871411 0.828838510310057619 0.580709779382718061
-0.366744295396147835 0.834177954743606787 0.580036720194371247
-0.357117750053013161 0.838661800171258243 0.579362725615404806
-0.344173014807589328 0.844629947633760425 0.578687799712263029
-0.332825261737564382 0.849790378219883902 0.578011946557009382
-0.316874631874700552 0.856895350541342693 0.577335170227301964
-0.298024615895000955 0.864992527692144075 0.576657474806368309
-0.279737882062325083 0.872444046344338697 0.575978864382981293
-0.250286434087136578 0.883395390703848538 0.575299343051434375
-0.207553850945752072 0.896551242008241767 0.574618914911516843
-0.154067704438269615 0.907977088105072272 0.573937584068489048
-0.028062591359306444 0.911793480542265833 0.573255354633057546
0.279767462586799465 0.750748680121939627 0.572572230721350661
0.091366312697045524 0.023712615950493308 0.571888216454893183
-0.521250778715083518 0.393622860585746248 0.571203315960581826
-0.493255831563886027 0.614218615234702559 0.570517533370660246
-0.457291134958789536 0.684841083665345352 0.569830872822694068
-0.423010682725541320 0.731371495610870337 0.569143338459545789
-0.397451808285587349 0.758486985578887829 0.568454934429350356
-0.377323794773825605 0.776425463185860032 0.567765664885489074
-0.363781055575548629 0.787054311924748173 0.567075533986565739
-0.349039517073598371 0.797453914091538874 0.566384545896380986
-0.336026497258752221 0.805718042860662398 0.565692704783906763
-0.324252904049801005 0.812526669429146309 0.565000014823262009
-0.315505728951059494 0.817210182998208245 0.564306480193686899
-0.305219485644066535 0.822343546961610494 0.563612105079517756
-0.295500035889604995 0.826852817704003096 0.562916893670161955
-0.286226789592239850 0.830872087605651233 0.562220850160072394
-0.279068705722748944 0.833799876305237220 0.561523978748722397
-0.270388638907654855 0.837160478145112075 0.560826283640580292
-0.261955550111240887 0.840239528457019436 0.560127769045084101
-0.253726800379392436 0.843079016371881429 0.559428439176616110
-0.247267983142842401 0.845200157924346995 0.558728298254477340
-0.239326424077510397 0.847685341396908432 0.558027350502862229
-0.231510262294698399 0.850005249109013539 0.557325600150833100
-0.223800611557129242 0.852176763853643493 0.556623051432294513
-0.216181784389061354 0.854213538864818656 0.555919708585968286
-0.208640611429923489 0.856126711195226875 0.555215575855366850
-0.202656022369519628 0.857574460981866071 0.554510657488768932
-0.195227571098740060 0.859287134384935203 0.553804957739192694
-0.187849332649434764 0.860898042393285157 0.553098480864371078
-0.180513893485652221 0.862412619518017731 0.552391231126725279
-0.173214733402444088 0.863835405693751279 0.551683212793339983
-0.165946064383499736 0.865170197095738058 0.550974430135936832
-0.160149580601111119 0.866176823668741158 0.550264887430848670
-0.152923065087647081 0.867360857608606373 0.549554588958994228
-0.145713715820897594 0.868464492109535136 0.548843539005852032
-0.138517533236646340 0.869489594248338160 0.548131741861434318
-0.131330810739440640 0.870437676668090021 0.547419201820261936
-0.124150084242864445 0.871309938418600161 0.546705923181337261
-0.116972090021430497 0.872107297768061507 0.545991910248119217
-0.109793729281303487 0.872830418482546833 0.545277167328497070
-0.104048781260533851 0.873355759720854441 0.544561698734763899
-0.096862366419106172 0.873946188546336655 0.543845508783591502
-0.089667547857224139 0.874463044647651899 0.543128601796003752
-0.082461615923353437 0.874906180024505931 0.542410982097350503
-0.075241917047055129 0.875275257356094682 0.541692654017281949
-0.068005839311386096 0.875569754818964485 0.540973621889721756
-0.060750799796362165 0.875788968719908856 0.540253890052841745
-0.053474233410176708 0.875932014150935911 0.539533462849035028
-0.046173582937163560 0.875997823820853005 0.538812344624890471
-0.038846290077181045 0.875985145172558433 0.538090539731165718
-0.031489787302994676 0.875892535845444353 0.537368052522761430
-0.024101490348773014 0.875718357516012569 0.536644887358695422
-0.016678791202502985 0.875460768102338971 0.535921048602074901
-0.009219051496112185 0.875117712297592720 0.535196540620071826
-0.001719596127778722 0.874686910355815028 0.534471367783895701
0.005822292915693639 0.874165845021596333 0.533745534468767047
0.013409382691061011 0.873551746467750689 0.533019045053891527
0.021044495420337483 0.872841575056151675 0.532291903922433307
0.028730514742242030 0.872032001704860615 0.531564115461488407
0.036470392100223348 0.871119385591581530 0.530835684062058610
0.042703102509350943 0.870312440841285229 0.530106614119024488
0.050547604131008839 0.869204078938107028 0.529376910031119641
0.058454646554143397 0.867980593202605011 0.528646576200903162
0.068030266706690268 0.866353252829872300 0.527915617034733886
0.076086565484234148 0.864857928692068789 0.527184036942743628
0.084216254328663032 0.863229491755716727 0.526451840338810095
0.092422968521819693 0.861461186335880869 0.525719031640530909
0.100710476963166318 0.859545616682762637 0.524985615269196515
0.109082692932412462 0.857474676311604678 0.524251595649763980
0.117543685425897770 0.855239466951433602 0.523516977210829459
0.126097690954737829 0.852830205334873082 0.522781764384602554
0.134749125633747246 0.850236115719342322 0.522045961606878439
0.143502597276210120 0.847445305587248399 0.521309573317012220
0.152362917079026661 0.844444621468599665 0.520572603957891289
0.161335110291441652 0.841219481177037709 0.519835057975908787
0.170424424969419896 0.837753677969126587 0.519096939820936853
0.179636337591077222 0.834029151161556404 0.518358253946300196
0.188976553787141788 0.830025716526183288 0.517619004808748007
0.198451001782835645 0.825720748261662640 0.516879196868428425
0.208065815170203672 0.821088802450018251 0.516138834588860784
0.217827300357683051 0.816101169527951420 0.515397922436909073
0.227741882279780206 0.810725340240533998 0.514656464882754738
0.237816019326303862 0.804924365789744689 0.513914466399869707
0.248056075077894234 0.798656087957367200 0.513171931464990072
0.260571679661508571 0.790448813445383980 0.512428864558087671
0.271197345683598212 0.782972131426492690 0.511685270162344774
0.282005855562229790 0.774846047997646892 0.510941152764125550
0.292999873938073363 0.765993720955454704 0.510196516852949977
0.304179550861925996 0.756325437565354974 0.509451366921466198
0.315541295423477419 0.745735946147539353 0.508705707465423762
0.327076025978023099 0.734101148151880434 0.507959542983646317
0.338766665427251035 0.721273986372356735 0.507212877978004517
0.350584539781348625 0.707079326148279952 0.506465716953388712
0.364868299298325760 0.687942665845548529 0.505718064417682078
0.376770946481099767 0.669941493037540026 0.504969924881733090
0.388553486201395903 0.649739271575465516 0.504221302859328868
0.400045686330687711 0.626953830954768754 0.503472202867166985
0.410994845516195362 0.601122452986157740 0.502722629424828926
0.421026133857655416 0.571686637692553901 0.501972587054753117
0.429582840370993924 0.537978311161803724 0.501222080282206495
0.435836278020443779 0.499213704114439327 0.500471113635258535
0.438520540958081961 0.444773430813318327 0.499719691644752828
0.434486586050441603 0.391736621007714780 0.498967818844280431
0.421668203607347136 0.330960533620696773 0.498215499770152170
0.395819334829341840 0.262407271153630106 0.497462738961371664
0.351099195605718450 0.187639051401489954 0.496709540959607176
0.280264044544060231 0.111454835281923084 0.495955910309165471
0.151151180505960603 0.033215328839593918 0.495201851556962724
0.005217647811904732 0.000296420600657329 0.494447369252498770
-0.162647745269328403 0.020038211158648858 0.493692467947828284
-0.323136544593449593 0.105014104805668002 0.492937152197534589
-0.441564840948618809 0.245029265262354828 0.492181426558700674
-0.498219473503287602 0.409468896502719004 0.491425295590883215
-0.491482393056090261 0.594445395509234698 0.490668763856084045
-0.445357412026518018 0.717977424731602754 0.489911835918723060
-0.381997720808409602 0.810490967064808165 0.489154516345610635
-0.313666384002368681 0.876381659159138793 0.488396809705919865
-0.247056142867204176 0.921772328970323684 0.487638720571159257
-0.173488315690916883 0.956893219018235985 0.486880253515145078
-0.118494320878734627 0.974954948650954112 0.486121413113973777
-0.069119503544913918 0.986022450839307729 0.485362203945993942
-0.024856403580820030 0.992167262079453049 0.484602630591779604
0.014910366116789420 0.994836009921840958 0.483842697634101593
0.057546925991573350 0.994848603955041599 0.483082409657900780
0.089480519080112286 0.993003103849578128 0.482321771250259546
0.118646753162406582 0.989974753355566950 0.481560787000374912
0.145444522644726348 0.986092335558739652 0.480799461499530345
0.170211290774508361 0.981590249492577449 0.480037799341068050
0.197648017687248434 0.975602654919287993 0.479275805120361664
0.218886333968845714 0.970262604863299072 0.478513483434788112
0.238858232674523274 0.964692092068354379 0.477750838883700013
0.257730716371575130 0.958949100734966531 0.476987876068398153
0.279125976796927688 0.951886725807459033 0.476224599592103282
0.296054304757495113 0.945891352042425693 0.475461014059928577
0.312274733295973106 0.939814989943011825 0.474697124078852117
0.327877996874794908 0.933668203746254921 0.473932934257688454
0.342944501228747478 0.927456113020693973 0.473168449207061581
0.360416994772726207 0.919916036889278033 0.472403673539376345
0.374548076523189721 0.913557129149242031 0.471638611868791302
0.388353799332535499 0.907121750235063695 0.470873268811190182
0.401892389858386267 0.900598762837346745 0.470107648984154913
0.417867249598034729 0.892633889724936735 0.469341757006936922
0.431023075466737904 0.885858059697552935 0.468575597500429597
0.444104753837802235 0.878927516808616138 0.467809175087140594
0.457184524786152624 0.871806259673788664 0.467042494391163687
0.472999049756910095 0.862940116019758507 0.466275560038151071
0.486403829023325462 0.855204463924839176 0.465508376655285161
0.500166790251498572 0.847048577855610718 0.464740948871250947
0.514487276613819988 0.838325931760467102 0.463973281316208130
0.532822987111178037 0.826784531914087184 0.463205378621762642
0.549604619205856570 0.815815739368012549 0.462437245420939558
0.568578174906928746 0.802869782588034653 0.461668886348154228
0.591149502965763296 0.786545736690344888 0.460900306039185248
0.627046108233866195 0.757825403570063894 0.460131509131145422
0.672210068075616007 0.714755554505732693 0.459362500262455065
0.749153965835841262 0.609018338842802209 0.458593284072812746
0.497876323238928720 -0.086145988455677780 0.457823865203168145
0.090927754930832660 0.800828398948306486 0.457054248295693633
0.346724795920709428 0.855997831469554216 0.456284437993756620
0.436866402807074228 0.841396845217302403 0.455514438941891142
0.491194725371666308 0.823316601707856810 0.454744255785770268
0.520008699455858481 0.810514035124715537 0.453973893172177512
0.541832328694937915 0.799218228721513602 0.453203355748979131
0.559655525798105069 0.788942515865060701 0.452432648165096596
0.577805414401058148 0.777507960972322554 0.451661775070477334
0.591151660657848410 0.768484551232436974 0.450890741116067750
0.603370049952008047 0.759776181407374684 0.450119550953784642
0.616937854871598468 0.749614881211652540 0.449348209236487384
0.627549034422162588 0.741313453125379218 0.448576720617949509
0.637662810302747962 0.733114598789718852 0.447805089752831120
0.647368362748004578 0.724984719098851316 0.447033321296650354
0.658567663231504619 0.715284171263744661 0.446261419905755630
0.667584391438718727 0.707223558599936575 0.445489390237297223
0.676352993659707136 0.699167726271122447 0.444717236949199513
0.686587226553507346 0.689490134487625195 0.443944964700132727
0.694901449731699095 0.681405285803183713 0.443172578149484575
0.703039441541604360 0.673293648456024574 0.442400081957332769
0.711015175932080301 0.665148687706318631 0.441627480784416215
0.720387827610722731 0.655323045559879858 0.440854779292107424
0.728044037223514851 0.647086503992330031 0.440081982142383921
0.735568060051472683 0.638801640832309836 0.439309093997800659
0.744431185590699318 0.628791226598883313 0.438536119521461376
0.751685127319584923 0.620388566879266801 0.437763063376990780
0.758823692149206530 0.611927954483992176 0.436989930228506185
0.767242733707534152 0.601695402497526954 0.436216724740589701
0.774139441439350873 0.593099248781085220 0.435443451578259699
0.780930517199876051 0.584438242808106967 0.434670115406943058
0.787618075861819977 0.575710551882414379 0.433896720892446575
0.795508988938198436 0.565146866528501879 0.433123272700929207
0.801974669404698970 0.556266482736614165 0.432349775498873712
0.808341558241927105 0.547314121136529774 0.431576233953058608
0.815852773156002575 0.536474101067180742 0.430802652730529700
0.822005465578415251 0.527357978958147622 0.430029036498572770
0.828061814848441546 0.518165000832365163 0.429255389924684039
0.834022231305570738 0.508893659239328500 0.428481717676543417
0.841048463509784905 0.497662473759060364 0.427708024421985300
0.846798571053263061 0.488213371937508023 0.426934314828971262
0.852453128051643194 0.478680986843483591 0.426160593565560908
0.859112258603820567 0.467129945364074761 0.425386865299884787
0.864555932792214654 0.457408677503062577 0.424613134700115247
0.869903187617403151 0.447598891598564252 0.423839406434439070
0.876191894088053314 0.435707866187164394 0.423065685171028827
0.881325074496406069 0.425697178467351001 0.422291975578014622
0.886359810936088177 0.415592245449549147 0.421518282323456672
0.891295234678392112 0.405391151023356822 0.420744610075315939
0.897085257118303003 0.393020104718575958 0.419970963501427319
0.901798564583370599 0.382600363409156818 0.419197347269470222
0.906408993148827946 0.372077839676323574 0.418423766046941481
0.911803766082549538 0.359311973293947817 0.417650224501126266
0.916182846956837493 0.348555298237347211 0.416876727299070882
0.920454191188823989 0.337688318394817277 0.416103279107553403
0.925435033023971787 0.324498706576797802 0.415329884593057030
0.929462772670186954 0.313379819172339147 0.414556548421740223
0.933376440714915656 0.302141938276782263 0.413783275259410332
0.937173712979931794 0.290782052465872520 0.413010069771493848
0.941573254859922382 0.276984656577956789 0.412236936623009365
0.945105359000818823 0.265344915805113046 0.411463880478538657
0.948512340997123116 0.253572327634703720 0.410690906002199319
0.952431058279593290 0.239264437658138596 0.409918017857616057
0.955551212733660282 0.227185697442666257 0.409145220707892665
0.958535148138290882 0.214960857652771953 0.408372519215583762
0.961378798462254491 0.202585123364148079 0.407599918042667209
0.964599779129490242 0.187527739853063036 0.406827421850515403
0.967118780148172985 0.174801189745464380 0.406055035299867251
0.969482035612009962 0.161905548408836530 0.405282763050800465
0.972104208998841424 0.146197943843337730 0.404510609762702811
0.974103773466353573 0.132905372000969246 0.403738580094244404
0.975927130739360660 0.119419387176523673 0.402966678703349568
0.977871528581576666 0.102967628573318648 0.402194910247168913
0.979278572293145189 0.089021597302148370 0.401423279382050524
0.980481250370918711 0.074848065319470969 0.400651790763512761
0.981468483341322639 0.060433472738292249 0.399880449046215336
0.982351026699084473 0.042795953487438920 0.399109258883932283
0.982817745196060133 0.027793803906429049 0.398338224929522700
0.983022349086898561 0.012493164952079305 0.397567351834903382
0.982945374829168772 -0.003129857787338708 0.396796644251020736
0.982449033878011857 -0.022342420503771609 0.396026106827822577
0.981666747981591703 -0.038779010222185328 0.395255744214229765
0.980514280902094137 -0.055644681398195173 0.394485561058108725
0.978585811908605940 -0.076516215404601906 0.393715562006243303
0.976465636160010142 -0.094503029106147995 0.392945751704306401
0.973812391480700645 -0.113103203260068619 0.392176134796831943
0.970546795747450397 -0.132401011085159725 0.391406715927187232
0.965675353563409278 -0.156625911191948575 0.390637499737544969
0.960663462005255542 -0.177855291078122646 0.389868490868854556
0.954592628532191623 -0.200206085126477529 0.389099693960814785
0.947214883459541745 -0.223885384532356846 0.388331113651845694
0.936144661652858812 -0.254427715130908449 0.387562754579060531
0.924479377619718878 -0.282053072053536691 0.386794621378237391
0.909793404285012652 -0.312123015019928784 0.386026718683791847
0.886510329452819157 -0.352227630813053971 0.385259051128749030
0.860143255989543221 -0.389795749949243486 0.384491623344714872
0.824008372432387781 -0.431873448256901771 0.383724439961849018
0.772451139840521828 -0.478717014245485906 0.382957505608836291
0.675569293322963227 -0.538380236977057169 0.382190824912859439
0.543624708779018695 -0.578242385661226321 0.381424402499570547
0.337676723731091366 -0.564949406047283720 0.380658242993063167
0.080353796872787570 -0.384189265517699052 0.379892351015845064
0.042948248115911747 0.119325363199783346 0.379126731188809796
0.360479799174903359 0.367010603561143234 0.378361388131208842
0.644662151650137405 0.347872118063487001 0.377596326460623632
0.802854313910883799 0.248899490530237050 0.376831550792938397
0.883482701739394694 0.151168231533218955 0.376067065742311524
0.930349609318962711 0.055162835298684654 0.375302875921148027
0.949005675774675095 -0.008926091256614643 0.374538985940071401
0.958056202030412862 -0.062215220157606721 0.373775400407896752
0.961546258823390065 -0.107523264310397992 0.373012123931601880
0.961353629597111015 -0.154197590310700128 0.372249161116299909
0.958889758519102631 -0.188333252372840154 0.371486516565211977
0.955031238503745272 -0.219196409980119855 0.370724194879638425
0.950166742778244755 -0.247490202342456389 0.369962200658932039
0.944541275065402752 -0.273732398943308586 0.369200538500469633
0.937005338778968300 -0.303053543800636760 0.368439212999625065
0.930189381511067337 -0.326016713462955132 0.367678228749740488
0.922957220771300046 -0.347875517586349159 0.366917590342099198
0.915353410053476146 -0.368798335315481229 0.366157302365898329
0.905780852822492766 -0.392855534401301110 0.365397369408220485
0.897454623801955509 -0.412149931907102474 0.364637796054006091
0.888826069311738243 -0.430847711435999869 0.363878586886026256
0.879904770481073184 -0.449015103048156450 0.363119746484854844
0.870697315611022926 -0.466706077079058923 0.362361279428840721
0.859276808822483806 -0.487367980324262318 0.361603190294080168
0.849453395681655898 -0.504155240625626000 0.360845483654389343
0.839353346582600857 -0.520581556606861340 0.360088164081276974
0.828977623196329505 -0.536670456471224577 0.359331236143916044
0.818326689251875239 -0.552441227511570543 0.358574704409116762
0.807400672894240889 -0.567909610672829079 0.357818573441299359
0.793926215249569522 -0.586090293909120041 0.357062847802465555
0.782394554045639845 -0.600934780858033868 0.356307532052171694
0.770587215633908418 -0.615509299597757908 0.355552630747501208
0.758503962646442265 -0.629819719037015169 0.354798148443037253
0.746144618913983315 -0.643870353274500928 0.354044089690834618
0.733509104265747114 -0.657664166181831433 0.353290459040392801
0.717982013947589759 -0.673880177764245913 0.352537261038628369
0.704739290697303455 -0.687113825222257946 0.351784500229847863
0.691221090803534444 -0.700092906046332675 0.351032181155719714
0.677428002616643488 -0.712816315903288533 0.350280308355247205
0.663360819679013503 -0.725282258589279638 0.349528886364741498
0.649020554191734989 -0.737488324343424484 0.348777919717793483
0.634408449137893404 -0.749431558670346942 0.348027412945247028
0.616517202919326990 -0.763411630543622932 0.347277370575171052
0.601312631953690446 -0.774763932172846448 0.346527797132833160
0.585841870930300934 -0.785840957561293130 0.345778697140671221
0.570107240357509926 -0.796638060911778467 0.345030075118266999
0.554111338201273229 -0.807150309044434189 0.344281935582318011
0.537857046179713305 -0.817372518305039097 0.343534283046611377
0.521347535180412325 -0.827299288882394457 0.342787122021995572
0.504586269779002672 -0.836925036918021004 0.342040457016353661
0.484145753281966240 -0.848070496999169476 0.341294292534576271
0.466844292357932567 -0.857013624292224052 0.340548633078533836
0.449304172849936845 -0.865636965573442940 0.339803483147050112
0.431530120453633259 -0.873934475970906677 0.339058847235874428
0.413527162082753919 -0.881900067763097817 0.338314729837655315
0.395300623929901507 -0.889527633710866183 0.337571135441912362
0.376856128315382954 -0.896811069348268930 0.336828068535010128
0.358199589361581916 -0.903744294224315792 0.336085533600130215
0.339337207416466724 -0.910321272113870039 0.335343535117245406
0.320275462242982645 -0.916536030166740123 0.334602077563091016
0.297147732726769420 -0.923507321262541869 0.333861165411139194
0.277671520696785079 -0.928904597438717117 0.333120803131571552
0.258018456642372329 -0.933921169396990436 0.332380995191252027
0.238196091544457034 -0.938551513914725022 0.331641746053699893
0.218212200455365435 -0.942790251852661965 0.330903060179063069
0.198074768076860586 -0.946632159586188515 0.330164942024091357
0.177791973040033358 -0.950072178956743008 0.329427396042108855
0.157372170957477742 -0.953105425637642112 0.328690426682987813
0.136823876086251295 -0.955727195841808541 0.327954038393121539
0.116155741480588104 -0.957932971265543665 0.327218235615397535
0.095376537436346553 -0.959718422144505090 0.326483022789170574
0.074495127938638495 -0.961079408271118485 0.325748404350236054
0.053520444568176451 -0.962011977785780847 0.325014384730803463
0.032461457285964057 -0.962512363471567767 0.324280968359469235
0.011327141036032995 -0.962576976197776268 0.323548159661190049
-0.009873563122970774 -0.962202394996666266 0.322815963057256461
-0.031131794460015683 -0.961385353043878843 0.322084382965266092
-0.052438829357044858 -0.960122718473719772 0.321353423799096927
-0.073786152677695394 -0.958411468458926885 0.320623089968880448
-0.095165549901148283 -0.956248654201735215 0.319893385880975489
-0.116569229254671392 -0.953631353268366566 0.319164315937941478
-0.137989987987000018 -0.950556603752543250 0.318435884538511682
-0.159421444935158751 -0.947021311556205947 0.317708096077566726
-0.180858374779121311 -0.943022116709052005 0.316980954946108506
-0.202297202542228771 -0.938555195283923283 0.316254465531233042
-0.223736758298741623 -0.933615956572784733 0.315528632216104443
-0.245179469828723573 -0.928198563309783897 0.314803459379928152
-0.266633323759320584 -0.922295139606159720 0.314078951397925132
-0.288115244618902311 -0.915894398527956732 0.313355112641304667
-0.309657253188183823 -0.908979121947618207 0.312631947477238548
-0.331318495446941363 -0.901521189411873980 0.311909460268834315
-0.353210902827943207 -0.893470836405150903 0.311187655375109562
-0.375560695054284077 -0.884730458457041458 0.310466537150965005
-0.398881832285543469 -0.875078885169089271 0.309746109947158288
-0.424602494705574873 -0.863887002914693447 0.309026378110278277
-0.458585315971230756 -0.848393510839379195 0.308307345982718140
-0.525463354908177416 -0.813394555351366622 0.307589017902649531
-0.381745810549096343 -0.866274660616863867 0.306871398203996282
-0.454771585218485819 -0.842385927237442322 0.306154491216408586
-0.485105341371890542 -0.827786133203705088 0.305438301265236245
-0.509017656734147672 -0.814657162423026326 0.304722832671503130
-0.530630589781806772 -0.801773489915610815 0.304008089751880761
-0.551065569986763037 -0.788774630260345555 0.303294076818662772
-0.570747652822374940 -0.775518436189403193 0.302580798179738097
-0.589869118377438606 -0.761939030108919280 0.301868258138565604
-0.604829075151177675 -0.750819740557780557 0.301156460994148056
-0.623152501618803756 -0.736585335073645986 0.300445411041005861
-0.641084970749921990 -0.721969184063762426 0.299735112569151418
-0.658641886839993917 -0.706966666193048932 0.299025569864063145
-0.675829691033352109 -0.691576725135385040 0.298316787206659995
-0.692649231520354958 -0.675800726543141272 0.297608768873274754
-0.709097729177744496 -0.659641797497269478 0.296901519135629122
-0.721985940883376420 -0.646441923724996759 0.296195042260807340
-0.737752323367080742 -0.629605796567739961 0.295489342511231157
-0.753129285375749191 -0.612402028501640827 0.294784424144633184
-0.768108185744189043 -0.594837889305024903 0.294080291414031747
-0.782679811796451297 -0.576921456486657158 0.293376948567705464
-0.796834581567015920 -0.558661567603351061 0.292674399849167044
-0.807851682113376102 -0.543812772279477996 0.291972649497137970
-0.821231362393752051 -0.524959241894837780 0.291271701745522582
-0.834166604694910441 -0.505790804310979225 0.290571560823383868
-0.846647614936252069 -0.486318959083296254 0.289872230954915933
-0.858664765589972845 -0.466555870173779919 0.289173716359419908
-0.867938188285572898 -0.450544294204654028 0.288476021251277581
-0.879096935417150949 -0.430289691622000869 0.287779149839927695
-0.889766346409679887 -0.409781327122208605 0.287083106329838189
-0.899938042400200144 -0.389033762436636898 0.286387894920482278
-0.907711713382683416 -0.372273648112383837 0.285693519806313190
-0.916967946963977876 -0.351134081123547992 0.284999985176738024
-0.925705683161559101 -0.329799138344514464 0.284307295216093381
-0.933918613109987139 -0.308285479747303248 0.283615454103619102
-0.940107278893282938 -0.290957379857652243 0.282924466013434350
-0.947361802432738487 -0.269165521573894673 0.282234335114511015
-0.954077518191723817 -0.247244021783911250 0.281545065570649733
-0.960250858788207373 -0.225211148181963250 0.280856661540454244
-0.964797141519825541 -0.207517138675956003 0.280169127177306077
-0.969987828920536033 -0.185330800396901141 0.279482466629339732
-0.974630567806910264 -0.163085748014591969 0.278796684039418097
-0.977949982219897707 -0.145260317159435604 0.278111783545106850
-0.981606183032290525 -0.122957984592127811 0.277427769278649428
-0.984715792128430301 -0.100650859209946875 0.276744645366942488
-0.986811399705920356 -0.082814686129088599 0.276062415931510929
-0.988943381839970437 -0.060547545519400503 0.275381085088483135
-0.990537344766809325 -0.038329445497633341 0.274700656948565658
-0.991428344362744518 -0.020603006538835622 0.274021135617018741
-0.992066607308221937 0.001479278093558467 0.273342525193631669
-0.992182592030105726 0.023460201245800005 0.272664829772698014
-0.991904213078909081 0.040959816222582546 0.271988053442990652
-0.991099044568923171 0.062713094295882899 0.271312200287737060
-0.989794115068886704 0.084315607065114928 0.270637274384595228
-0.988396740476638502 0.101477833138458262 0.269963279805628786
-0.986216817769347998 0.122767312370000214 0.269290220617281972
-0.984133083301751088 0.139658525141662215 0.268618100880355593
-0.981113271049715241 0.160584492079544450 0.267946924649982543
-0.977643389393321849 0.181288162528410568 0.267276695975603384
-0.974551833249912791 0.197681881994171305 0.266607418900941251
-0.970303722256398826 0.217951674160210163 0.265939097463978480
-0.966606646761139165 0.233982021557952446 0.265271735696931188
-0.961623599808764884 0.253778486076829346 0.264605337626225900
-0.957356555983857493 0.269415810537284917 0.263939907272474572
-0.951683993957278096 0.288704316072133482 0.263275448650450827
-0.946883982513141098 0.303922882949851925 0.262611965769065092
-0.940568823238322693 0.322673744187147449 0.261949462631341390
-0.933917285866285418 0.341114919650778115 0.261287943234391862
-0.928363829732404611 0.355640302569678823 0.260627411569394229
-0.921144199773558769 0.373507522605008857 0.259967871621566038
-0.915155497326807676 0.387566393965596168 0.259309327370142229
-0.907415765386511364 0.404842522663890592 0.258651782788349882
-0.901030038149473245 0.418423054494377833 0.257995241843384959
-0.892817638197555552 0.435095599049493853 0.257339708496387765
-0.886072468701916138 0.448189581193719044 0.256685186702419799
-0.877433809663431985 0.464250435024894048 0.256031680410439610
-0.870365791622097928 0.476853047517970974 0.255379193563278428
-0.863165704501500874 0.489236554419059388 0.254727730097616900
-0.853990293224690999 0.504407731488155209 0.254077293943961557
-0.846517878548052272 0.516298352100862501 0.253427889026620723
-0.837022961504373830 0.530854481207334139 0.252779519263680752
-0.829311252426952250 0.542254526032374340 0.252132188566982385
-0.819537024582421836 0.556200041081077790 0.251485900842097765
-0.811617265716122249 0.567114219519996743 0.250840659988306292
-0.803614573909229302 0.577814526915895188 0.250196469898570972
-0.793503135078297506 0.590891472216144464 0.249553334459515330
-0.785334138577731045 0.601116327058005107 0.248911257551399867
-0.775031664054460112 0.613604534308283878 0.248270243048098749
-0.766722830996754978 0.623363224593003418 0.247630294817075935
-0.758359817876768205 0.632918080581310605 0.246991416719362256
-0.747836935454271101 0.644578387686451149 0.246353612609532258
-0.739368770661298136 0.653682845419626180 0.245716886335680784
-0.728728238059025424 0.664787631986794469 0.245081241739399380
-0.720176515789692995 0.673453863961138821 0.244446682655753811
-0.711594085268156262 0.681929441042527285 0.243813212913260191
-0.700828521032933027 0.692259781136245311 0.243180836333862671
-0.692190368728485717 0.700315985807262953 0.242549556732909621
-0.683533032813951724 0.708190159981387124 0.241919377919131262
-0.674859733353360136 0.715885026810713532 0.241290303694616182
-0.664000330204774780 0.725255640575394933 0.240662337854788411
-0.655302138396864464 0.732557118221725312 0.240035484188385162
-0.646597465666623350 0.739688247886801764 0.239409746477433349
-0.635711510959527604 0.748366825078496611 0.238785128497226773
-0.627001695186850005 0.755124786800035586 0.238161634016303414
-0.618293508967322936 0.761721375855292648 0.237539266796423398
-0.609589199469043885 0.768159330970211718 0.236918030592545070
-0.598717514201825618 0.775987838648710904 0.236297929152803232
-0.590029595859185241 0.782078781580321181 0.235678966218485830
-0.581352143723073977 0.788019848704381798 0.235061145524012804
-0.572686985917753244 0.793813678930284428 0.234444470796911636
-0.561875476463862378 0.800852884570849466 0.233828945757796114
-0.553244236584777394 0.806324915800269215 0.233214574120343354
-0.544630677199206104 0.811658060995149033 0.232601359591271956
-0.536036304197302194 0.816854813177714467 0.231989305870319185
-0.527462561082747139 0.821917626843928772 0.231378416650218466
-0.516776499320305227 0.828061468062670336 0.230768695616677788
-0.508254160885592610 0.832831688175113327 0.230160146448356639
-0.499756770501076253 0.837475670035586983 0.229552772816844636
-0.491285558706951397 0.841995695881103567 0.228946578386638622
-0.482841717212194821 0.846394006691308709 0.228341566815121244
-0.474426402720720231 0.850672802370541437 0.227737741752538220
-0.466040740545393350 0.854834242105024900 0.227135106841976964
-0.455602030629258192 0.859874234369823132 0.226533665719343968
-0.447287060411462045 0.863779310751342844 0.225933422013343488
-0.439005221791015199 0.867573774886940097 0.225334379345455083
-0.430757540913831172 0.871259620755459596 0.224736541329912165
-0.422545027131353612 0.874838806073337860 0.224139911573680239
-0.414368674887497901 0.878313253522070680 0.223544493676434614
-0.406229465322915706 0.881684852055269364 0.222950291230539055
-0.398128367561118413 0.884955458283254282 0.222357307821024419
-0.390066339715157584 0.888126897903455226 0.221765547025566445
-0.382044329589449394 0.891200967173610636 0.221175012414464467
-0.374063275096634840 0.894179434405522167 0.220585707550619681
-0.366124104380277149 0.897064041470982954 0.219997635989513968
-0.358227735676714842 0.899856505295518305 0.219410801279188383
-0.350375076914657302 0.902558519330790565 0.218825206960221313
-0.342567025044396845 0.905171754999372413 0.218240856565707519
-0.334804465142202745 0.907697863087367551 0.217657753621236849
-0.327088269303171086 0.910138475074685260 0.217075901644872893
-0.319419295308958073 0.912495204401877369 0.216495304147131529
-0.311798385135528044 0.914769647648321360 0.215915964630959911
-0.304226363272064648 0.916963385628448702 0.215337886591715516
-0.296704034930426408 0.919077984380064050 0.214761073517145018
-0.289232184114625812 0.921114996054751667 0.214185528887362697
-0.281811571604991928 0.923075959694943604 0.213611256174830066
-0.274442932865196942 0.924962401898030251 0.213038258844334860
-0.267126975921866849 0.926775837358468912 0.212466540352969940
-0.259864379213971985 0.928517769292941497 0.211896104150112174
-0.252655789430672795 0.930189689749871262 0.211326953677402479
-0.245501819415601730 0.931793079790777190 0.210759092368723977
-0.240172534589234543 0.932951534032662844 0.210192523650182150
-0.233115514664985812 0.934438526800222657 0.209627250940083665
-0.226114608689856500 0.935861005604992968 0.209063277648916135
-0.219170284848103636 0.937220410038019258 0.208500607179326947
-0.212282968503268998 0.938518168073794068 0.207939242926103607
-0.205453040651584595 0.939755695656736223 0.207379188276152232
-0.198680836550574003 0.940934396201701939 0.206820446608478120
-0.193639739924307774 0.941780653236918064 0.206263021294164489
-0.186969217374324481 0.942859743661644378 0.205706915696352854
-0.180357095615837848 0.943883796928550067 0.205152133170222351
-0.173803529282039571 0.944854163872073438 0.204598677062969414
-0.167308623302144299 0.945772179580672834 0.204046550713787689
-0.162475974619201713 0.946427129699801473 0.203495757453848236
-0.156083826442329043 0.947256693103813108 0.202946300606278940
-0.149750369556666429 0.948037489048313975 0.202398183486144662
-0.143475521930428729 0.948770786405618072 0.201851409400427062
-0.138807771509460609 0.949290340753526252 0.201305981648004950
-0.132635145553200273 0.949943509422773280 0.200761903519634410
-0.126520652592252258 0.950552565494163448 0.200219178297928596
-0.121972776910114322 0.950981126178343295 0.199677809257337857
-0.115959359489670677 0.951515838479854215 0.199137799664130727
-0.110003246801252230 0.952009660086499121 0.198599152776373439
-0.104104055611372981 0.952463719111392271 0.198061871843910497
-0.099716763078510351 0.952778834213710346 0.197525960108345194
-0.093916139190152403 0.953165950314855182 0.196991420803020012
-0.088171175460394380 0.953516280091693647 0.196458257152997223
-0.083898662989009554 0.953755510006289553 0.195926472375038851
-0.078249812126158280 0.954043938770832378 0.195396069677588241
-0.074048727356342769 0.954237893252038782 0.194867052260749796
-0.068494193428903061 0.954467451849828397 0.194339423316269994
-0.062992686957048294 0.954664676940631729 0.193813186027518514
-0.058900957448311697 0.954791929612214707 0.193288343569468529
-0.053490635102146911 0.954934761968132539 0.192764899108677640
-0.049466495417060385 0.955022233982311786 0.192242855803268775
-0.044145198907565075 0.955113340094939978 0.191722216802911405
-0.038873765183295106 0.955176030994257075 0.191202985248802360
-0.034952459203377306 0.955204882830343105 0.190685164273646623
-0.029766462557379747 0.955219752130696653 0.190168757001638655
-0.025908349145585818 0.955213615993245280 0.189653766548444014
-0.020805414259989774 0.955182969696975137 0.189140196021179541
-0.017008692843098749 0.955143523939885108 0.188628048518395514
-0.011986399165642647 0.955069532597256798 0.188117327130056300
-0.008249243303565690 0.954998355410068167 0.187608034937522289
-0.003305146341975373 0.954883058134710971 0.187100175013531100
0.000374280588566756 0.954781630856279095 0.186593750422178684
0.005242628697818441 0.954626940124084333 0.186088764218901248
0.008866158353766029 0.954496651111934824 0.185585219450456806
0.012466288429320460 0.954354395666321853 0.185083119154906633
0.017230633742202128 0.954146507249570619 0.184582466361596864
0.020777446097091257 0.953977220882260335 0.184083264091140619
0.025471882240556187 0.953734091479440882 0.183585515355399187
0.028967137816430399 0.953538955726735526 0.183089223157464454
0.032440824404283308 0.953333084240491679 0.182594390491640279
0.037039388939986095 0.953042228965163885 0.182101020343424957
0.040463942558772614 0.952812064888686194 0.181609115689492451
0.044998085720450831 0.952489500396419109 0.181118679497675406
0.048375122904321832 0.952236049500448267 0.180629714726946222
0.051732271806807950 0.951972910731271549 0.180142224327400208
0.056178009192177913 0.951607279780414372 0.179656211240236729
0.059489813651645018 0.951322184087330713 0.179171678397742395
0.062782622510684394 0.951027945832703336 0.178688628723273041
0.067143919684529596 0.950621673409831391 0.178207065131235742
0.070393371083582124 0.950306698139504413 0.177726990527071554
0.073624635291124063 0.949983082282144231 0.177248407807238162
0.076837937106356280 0.949650969116057508 0.176771319859192089
0.081094770515354742 0.949195175556913573 0.176295729561371350
0.084266985926472637 0.948843775999230976 0.175821639783178052
0.087421925578313631 0.948484336117958127 0.175349053384961262
0.090559776090995636 0.948116987595312599 0.174877973217999694
0.094717299020391832 0.947615110838516239 0.174408402124484219
0.097815948909106554 0.947229809217478458 0.173940342937500991
0.100898064998734271 0.946837023462603677 0.173473798481014518
0.103963793592376508 0.946436877322351156 0.173008771569850284
0.107013271576577529 0.946029493202720895 0.172545265009677762
0.110046626372243772 0.945614992347225014 0.172083281596993737
0.114066221495394360 0.945051461775447299 0.171622824119105372
0.117062398105916399 0.944620821424410173 0.171163895354113277
0.120042808335810658 0.944183462211058089 0.170706498070894802
0.123007539041941838 0.943739502225933280 0.170250635029087161
0.125956667942860756 0.943289059232117033 0.169796308979071303
0.128890263714449449 0.942832250805399119 0.169343522661954737
0.131808386147949541 0.942369194461140536 0.168892278809555235
0.134711086311456618 0.941900007775859027 0.168442580144384513
0.137598406724424305 0.941424808501735599 0.167994429379631272
0.141424301157639432 0.940782060605773518 0.167547829219145628
0.144275854494383626 0.940293291619485716 0.167102782357422014
0.147112110972404730 0.939798905077612767 0.166659291479583554
0.149933078769403982 0.939299020574254184 0.166217359261365216
0.152738758847892064 0.938793758329705019 0.165776988369098488
0.155529145292795101 0.938283239239928402 0.165338181459694394
0.158304225633179585 0.937767584921639030 0.164900941180628258
0.161063981174172921 0.937246917748482455 0.164465270169923072
0.163808387398074962 0.936721360867315278 0.164031171056134129
0.166537414300359121 0.936191038218695537 0.163598646458332858
0.169251026829740359 0.935656074530313187 0.163167698986090987
0.171051518866582764 0.935296915666735229 0.162738331239465017
0.173739350386570235 0.934754496207614527 0.162310545808980133
0.176411652405441433 0.934207772090024147 0.161884345275615377
0.179068374868932623 0.933656870790696924 0.161459732210787160
0.181709464652218433 0.933101920449867617 0.161036709176334170
0.184334866032676903 0.932543049811714098 0.160615278724501848
0.186944521121638396 0.931980388165023155 0.160195443397927406
0.189538370355124108 0.931414065263037494 0.159777205729623673
0.192116352941307578 0.930844211244341135 0.159360568242964351
0.193826162820456338 0.930462411234712183 0.158945533451668869
0.196377564067632737 0.929886961967970826 0.158532103859786916
0.198912934137726427 0.929308329778257836 0.158120281961683429
0.201432211730812327 0.928726645376301896 0.157710070242023437
0.203935336487791774 0.928142039367386928 0.157301471175757601
0.205595083324816741 0.927750743312663273 0.156894487228106394
0.208071156470137852 0.927161557528179858 0.156489120854546221
0.210530923709123186 0.926569796972910975 0.156085374500793544
0.212974331807009587 0.925975590798554959 0.155683250602791229
0.215401330449682960 0.925379067446029824 0.155282751586692802
0.217010189817670118 0.924980160937739271 0.154883879868848662
0.219409736676743627 0.924380058683496486 0.154486637855791142
0.221792757022834297 0.923777977239549131 0.154091027944219749
0.223372237660172168 0.923375551671420602 0.153697052520987060
0.225727634998010795 0.922770447915993386 0.153304713963084344
0.228066418835874585 0.922163694281970758 0.152914014637626994
0.229616366427626895 0.921758334944006941 0.152524956901840314
0.231927411094799696 0.921149098925240883 0.152137543103045308
0.234221791014506464 0.920538531042008001 0.151751775578644582
0.235742114732033603 0.920130803143968778 0.151367656656108324
0.238008702876762124 0.919518271865224168 0.150985188652959929
0.240258615289772437 0.918904712946084112 0.150604373876762149
0.241749295794604968 0.918495157198919165 0.150225214625103520
0.243971433904018931 0.917880128946789942 0.149847713185584097
0.245443611758856317 0.917469692847798335 0.149471871835801767
0.247638024106938526 0.916853489793602483 0.149097692843338375
0.249091741566616176 0.916442365791415026 0.148725178465746399
0.251258506503103218 0.915825270558937143 0.148354330950535129
0.253408733126132546 0.915207770473029036 0.147985152535156927
0.254833051830685220 0.914795925569196089 0.147617645446993906
0.256955819107773042 0.914177959095570314 0.147251811903344576
0.258361881150139805 0.913765887400212584 0.146887654111410415
0.260457345758878189 0.913147703290675294 0.146525174268282266
0.261845265516404635 0.912735566047187641 0.146164374560927651
0.263225964784788047 0.912323445641334940 0.145805257166176955
0.265283525199995041 0.911705348263790238 0.145447824250710761
0.266646275076961536 0.911293372273377367 0.145092077971046479
0.268677028482017632 0.910675597074663501 0.144738020473525603
0.270021989381070138 0.910263903988210554 0.144385653894300470
0.272026190093771658 0.909646651450267796 0.144034980359321579
0.273353540493349922 0.909235370081159067 0.143686001984324796
0.274673900555366279 0.908824287294466959 0.143338720874818359
0.276641404873523067 0.908208075627702893 0.142993139126070229
0.277944432996091284 0.907797568627776275 0.142649258823095815
0.279240588578087090 0.907387322056057100 0.142307082040644906
0.281172014688082894 0.906772475973032677 0.141966610843189456
0.282451147955668891 0.906362950419564051 0.141627847284910818
0.283723538324206270 0.905953739666977675 0.141290793409687837
0.285619566589967011 0.905340544658423951 0.140955451251084163
0.286875272375614110 0.904932181677652214 0.140621822832335985
0.288124375536198574 0.904524180574064252 0.140289910166339848
0.289366917915325594 0.904116553494001329 0.139959715255640799
0.291218523386220063 0.903505839326581572 0.139631240092419895
0.292444851671542161 0.903099196708200602 0.139304486658482385
0.293664771230752297 0.902692966179701739 0.138979456925245687
0.294878326983022632 0.902287157377437588 0.138656152853727538
0.296686828177644912 0.901679254679234043 0.138334576394534364
0.297884674735471588 0.901274538868738873 0.138014729487848986
0.299076319184277295 0.900870274353529954 0.137696614063419348
0.300261808877731740 0.900466468429748756 0.137380232040546862
0.301441191651681317 0.900063127889733527 0.137065585328074641
0.302614515770112891 0.899660259039385179 0.136752675824376058
0.304363248532656727 0.899056852800544926 0.136441505417343317
0.305521639760738484 0.898655187639803121 0.136132075984376016
0.306674144281439354 0.898254012521068845 0.135824389392369904
0.307820811979094389 0.897853331661844334 0.135518447497705474
0.308961693021183592 0.897453148842220050 0.135214252146237057
0.310096837830060756 0.897053467415174555 0.134911805173281107
0.311226297079700898 0.896654290308354085 0.134611108403605934
0.312350121636806033 0.896255620045427914 0.134312163651419847
0.313468362570639925 0.895857458743673285 0.134014972720361059
0.314581071107789045 0.895459808130906865 0.133719537403486022
0.315688298617270102 0.895062669552080914 0.133425859483258913
0.316790096575474467 0.894666043983151305 0.133133940731541361
0.317886516574547029 0.894269932029534531 0.132843782909580932
0.318977610262463185 0.893874333949298938 0.132555387768000910
0.320063429351066076 0.893479249651948360 0.132268757046789781
0.321144025586843795 0.893084678710944213 0.131983892475290826
0.322219450725179657 0.892690620374909205 0.131700795772191348
0.323289756518732707 0.892297073574018329 0.131419468645512461
0.324354994691433807 0.891904036931690181 0.131139912792598762
0.325415216915510452 0.891511508775254091 0.130862129900108481
0.326470474822122270 0.891119487134523602 0.130586121644002573
0.327520819944388419 0.890727969765107375 0.130311889689535138
0.328044166290265837 0.890532399405930652 0.130039435691243210
0.329087238636620150 0.890141633645737729 0.129768761292936907
0.330125526576271089 0.889751365373826708 0.129499868127689266
0.331159081210594120 0.889361591440246180 0.129232757817826449
0.332187953499025190 0.888972308449647031 0.128967431974918306
0.333212194223326208 0.888583512777449958 0.128703892199768077
0.333722593563387349 0.888389296493490188 0.128442140082403289
0.334739981717123380 0.888001224528232158 0.128182177202065650
0.335752864369308179 0.887613629880251276 0.127924005127202034
0.336761291544712960 0.887226508197954455 0.127667625415454483
0.337263849895968248 0.887033123306525950 0.127413039613651358
0.338265687108759483 0.886646702502734585 0.127160249257797620
0.339263192787422896 0.886260742981536564 0.126909255873065646
0.340256415994348693 0.885875239782521029 0.126660060973786071
0.340751436925158635 0.885682657709147114 0.126412666063438650
0.341738327766168415 0.885297829348794973 0.126167072634643274
0.342721057429198617 0.884913444251534065 0.125923282169150691
0.343210876804663223 0.884721416227304713 0.125681296137833798
0.344187454421861716 0.884337685761153569 0.125441116000678810
0.345159989941405565 0.883954384707834717 0.125202743206776296
0.345644756602611070 0.883762893425714680 0.124966179194312452
0.346611316865648000 0.883380225735244329 0.124731425390560466
0.347093122057362868 0.883189047859454179 0.124498483211871971
0.348053811288472348 0.882807000359700167 0.124267354063668414
0.349010643637834517 0.882425358892461098 0.124038039340432532
0.349487627621533459 0.882234688542569812 0.123810540425700069
0.350438759200282279 0.881853644836254169 0.123584858692051325
0.350912917902301946 0.881663269961973306 0.123360995501102993
0.351858448656425515 0.881282810364153679 0.123138952203499741
0.352329831614078604 0.881092724116361414 0.122918730138906251
0.353269859706042022 0.880712834905399866 0.122700330635999083
0.353738515539304521 0.880523030416162644 0.122483755012458659
0.354673137254680082 0.880143697861212715 0.122269004574961190
0.355139113610355495 0.879954168277611748 0.122056080619171087
0.356068423235995080 0.879575378710530709 0.121844984429732739
0.356531766744286271 0.879386117224182140 0.121635717280263234
0.356994242812261720 0.879196943604438008 0.121428280433344166
0.357916612665424239 0.878818856994302733 0.121222675140514505
0.358376516358506592 0.878629942532138553 0.121018902642262602
0.359293785752964223 0.878252367640288023 0.120816964168019139
0.359751161100509531 0.878063705771038094 0.120616860936149317
0.360207703239208032 0.877875126669569905 0.120418594153945749
0.361118306675435263 0.877498213966185991 0.120222165017621091
0.361572377255165334 0.877309878978347557 0.120027574712300855
0.362025633180223905 0.877121623991035326 0.119834824412016289
0.362929719089540637 0.876745351342802182 0.119643915279697144
0.363380557959048722 0.876557332368555264 0.119454848467164781
0.363830599934011900 0.876369390772808288 0.119267625115125314
0.364279849339125383 0.876181525920367688 0.119082246353162544
0.365175987406977709 0.875806023989705862 0.118898713299731174
0.365622884427040551 0.875618385709777680 0.118717027062150135
0.366069005584074625 0.875430821773691026 0.118537188736595883
0.366514354921121888 0.875243331611612718 0.118359199408095833
0.367402753994017839 0.874868570412821178 0.118183060150521657
0.367845811527444444 0.874681298308552346 0.118008772026582914
0.368288112823459302 0.874494097849009111 0.117836336087820667
0.368729661624692950 0.874306968542480245 0.117665753374601195
0.369170461626445678 0.874119909908102510 0.117497024916109374
0.369610516452084759 0.873932921486344050 0.117330151730342946
0.370488404770012270 0.873559153524780196 0.117165134824105996
0.370926245203859639 0.873372373151547809 0.117001975193003135
0.371363354342536423 0.873185661325367235 0.116840673821433358
0.371799735493058836 0.872999017678329547 0.116681231682584041
0.372235391898037060 0.872812441861777089 0.116523649738425272
0.372670326743716085 0.872625933543329291 0.116367928939703880
0.373104543134411770 0.872439492417838025 0.116214070225937813
0.373538044113292167 0.872253118198755950 0.116062074525410328
0.373970832660582730 0.872066810619202992 0.115911942755164490
0.374402911675838002 0.871880569439542397 0.115763675820997711
0.374834284000753859 0.871694394438089493 0.115617274617456051
0.375264952401480778 0.871508285418686635 0.115472740027829104
0.375694919575125907 0.871322242208254716 0.115330072924144461
0.376124188140368576 0.871136264661047655 0.115189274167162514
0.376552760661917785 0.870950352648178105 0.115050344606371285
0.376980639606201540 0.870764506077131850 0.114913285079981331
0.377407827388340056 0.870578724871631793 0.114778096414920497
0.377834326337111170 0.870393008986941830 0.114644779426829185
0.378260138723118200 0.870207358398008113 0.114513334920055415
0.378685266715089286 0.870021773118490938 0.114383763687649603
0.379109712430832968 0.869836253179044450 0.114256066511360263
0.379109712430832968 0.869836253179044450 0.114130244161628980
0.379533477905193595 0.869650798641210754 0.114006297397585929
0.379956565088757414 0.869465409598496386 0.113884226967045130
0.380378975873003344 0.869280086165378663 0.113764033606500142
0.380800712053469437 0.869094828493773397 0.113645718041119337
0.380800712053469437 0.869094828493773397 0.113529280984741868
0.381221775356337444 0.868909636761558857 0.113414723139873122
0.381642167431762713 0.868724511175786196 0.113302045197680529
0.382061889856507464 0.868539451971662380 0.113191247837989437
0.382480944111908416 0.868354459422483682 0.113082331729278909
0.382480944111908416 0.868354459422483682 0.112975297528677909
0.382899331615507710 0.868169533826001150 0.112870145881961009
0.383317053701108523 0.867984675513370663 0.112766877423544909
0.383317053701108523 0.867984675513370663 0.112665492776484119
0.383734111622387020 0.867799884847825886 0.112565992552467672
0.384150506557567883 0.867615162222717728 0.112468377351815099
0.384150506557567883 0.867615162222717728 0.112372647763472971
0.384566239593439108 0.867430508069043427 0.112278804365011281
0.384981311755357047 0.867245922842165728 0.112186847722619942
0.384981311755357047 0.867245922842165728 0.112096778391105545
0.385395723966136527 0.867061407040430332 0.112008596913887773
0.385395723966136527 0.867061407040430332 0.111922303822996186
0.385809477078922380 0.866876961190620632 0.111837899639067123
0.386222571874939025 0.866692585849359043 0.111755384871340541
0.386222571874939025 0.866692585849359043 0.111674760017656721
0.386635009046152833 0.866508281610928188 0.111596025564453569
0.386635009046152833 0.866508281610928188 0.111519181986763555
0.387046789196196506 0.866324049107164651 0.111444229748210735
0.387046789196196506 0.866324049107164651 0.111371169301008127
0.387457912861681242 0.866139888998048169 0.111300001085954892
0.387457912861681242 0.866139888998048169 0.111230725532433697
0.387868380489958586 0.865955801982094875 0.111163343058408165
0.387868380489958586 0.865955801982094875 0.111097854070420235
0.388278192451764204 0.865771788790665964 0.111034258963587817
0.388278192451764204 0.865771788790665964 0.110972558121602394
0.388278192451764204 0.865771788790665964 0.110912751916726629
0.388687349030524154 0.865587850193126451 0.110854840709792277
0.388687349030524154 0.865587850193126451 0.110798824850197819
0.389095850431779022 0.865403986992814622 0.110744704675906469
0.389095850431779022 0.865403986992814622 0.110692480513444172
0.389095850431779022 0.865403986992814622 0.110642152677897440
0.389503696792237286 0.865220200023190888 0.110593721472911730
0.389503696792237286 0.865220200023190888 0.110547187190689372
0.389503696792237286 0.865220200023190888 0.110502550111987896
0.389910888146310419 0.865036490163061389 0.110459810506118417
0.389910888146310419 0.865036490163061389 0.110418968630943887
0.389910888146310419 0.865036490163061389 0.110380024732877557
0.389910888146310419 0.865036490163061389 0.110342979046881562
0.390317424465556562 0.864852858319191009 0.110307831796465444
0.390317424465556562 0.864852858319191009 0.110274583193684828
0.390317424465556562 0.864852858319191009 0.110243233439140137
0.390317424464812823 0.864852858319515749 0.110213782721975392
0.390317424464812823 0.864852858319515749 0.110186231219877029
0.390723305635761464 0.864669305436585489 0.110160579099072869
0.390723305635761464 0.864669305436585489 0.110136826514331099
0.390723305635761464 0.864669305436585489 0.110114973608959388
0.390723305635761464 0.864669305436585489 0.110095020514803896
0.390723305635761464 0.864669305436585489 0.110076967352248589
0.390723305635761464 0.864669305436585489 0.110060814230214563
0.390723305635761464 0.864669305436585489 0.110046561246159164
0.390723305635761464 0.864669305436585489 0.110034208486075674
0.390723305635761464 0.864669305436585489 0.110023756024492547
0.391128531454876138 0.864485832499913731 0.110015203924473198
0.391128531454977113 0.864485832499870321 0.110008552237615381
0.391128531454977113 0.864485832499870321 0.110003801004051049
0.391128531454977113 0.864485832499870321 0.110000950252446050
0.391128531454977113 0.864485832499870321 0.110000000000000001
