-0.908864059891589693 -0.401854898798449822 0.739999999999999991
-0.908864059891589693 -0.401854898798449822 0.739999049747553928
-0.908864059891589693 -0.401854898798449822 0.739996198995948928
-0.908864059891589693 -0.401854898798449822 0.739991447762384680
-0.908864059891589693 -0.401854898798449822 0.739984796075526807
-0.908864059891589693 -0.401854898798449822 0.739976243975507431
-0.911591418810667409 -0.396282853099214405 0.739965791513924276
-0.911591418810667409 -0.396282853099214405 0.739953438753840897
-0.911591418810667409 -0.396282853099214405 0.739939185769785457
-0.911591418810667409 -0.396282853099214405 0.739923032647751389
-0.911591418810667409 -0.396282853099214405 0.739904979485196068
-0.911591418810667409 -0.396282853099214405 0.739885026391040590
-0.911591418810667409 -0.396282853099214405 0.739863173485668879
-0.911591418810667409 -0.396282853099214405 0.739839420900927136
-0.911591418810667409 -0.396282853099214405 0.739813768780122949
-0.913903128245937668 -0.391920374923599990 0.739786217278024627
-0.913903128245937668 -0.391920374923599990 0.739756766560859869
-0.913903128245937668 -0.391920374923599990 0.739725416806315206
-0.913903128245937668 -0.391920374923599990 0.739692168203534561
-0.916715676103626143 -0.385811998797744748 0.739657020953118471
-0.916715676103626143 -0.385811998797744748 0.739619975267122420
-0.916715676103626143 -0.385811998797744748 0.739581031369056063
-0.916715676103626143 -0.385811998797744748 0.739540189493881561
-0.919327994602622267 -0.380217769516235926 0.739497449888012137
-0.919327994602622267 -0.380217769516235926 0.739452812809310633
-0.919327994602622267 -0.380217769516235926 0.739406278527088290
-0.919327994602622267 -0.380217769516235926 0.739357847322102524
-0.921899971055009315 -0.374622719738287924 0.739307519486555820
-0.921899971055009315 -0.374622719738287924 0.739255295324093509
-0.921899971055009315 -0.374622719738287924 0.739201175149802103
-0.924442381037930194 -0.368991242910310213 0.739145159290207743
-0.924442381037930194 -0.368991242910310213 0.739087248083273307
-0.926958405502770755 -0.363311700428882500 0.739027441878397529
-0.926958405502770755 -0.363311700428882500 0.738965741036412216
-0.926958405502770755 -0.363311700428882500 0.738902145929579812
-0.929449581713558293 -0.357577226013569338 0.738836656941591730
-0.929449581713558293 -0.357577226013569338 0.738769274467566239
-0.931916848975630652 -0.351782350928012133 0.738699998914045142
-0.931916848975630652 -0.351782350928012133 0.738628830698991878
-0.934360845986666133 -0.345922038876246396 0.738555770251789201
-0.934360845986666133 -0.345922038876246396 0.738480818013236395
-0.936782029465913268 -0.339991292341533635 0.738403974435546395
-0.936782029465913268 -0.339991292341533635 0.738325239982343340
-0.939180745160033026 -0.333984907892678096 0.738244615128659576
-0.939180745160033026 -0.333984907892678096 0.738162100360932882
-0.941557300894740878 -0.327897221560998542 0.738077696177003806
-0.941557300894740878 -0.327897221560998542 0.737991403086112219
-0.943912086513758908 -0.321721702783459351 0.737903221608894433
-0.943912086513758908 -0.321721702783459351 0.737813152277379980
-0.946245833325749519 -0.315450106754662118 0.737721195634988725
-0.948560294665756309 -0.309070304195052603 0.737627352236526979
-0.948560294665756309 -0.309070304195052603 0.737531622648184837
-0.950860470685114145 -0.302559273915070370 0.737434007447532291
-0.953164931549746797 -0.295850722502494390 0.737334507223515900
-0.953164931549746797 -0.295850722502494390 0.737233122576455124
-0.955611116207543132 -0.288504073889250479 0.737129854118038996
-0.956741199836249834 -0.285047314724326262 0.737024702471322124
-0.956741199836249834 -0.285047314724326262 0.736917668270721027
-0.959421567702160139 -0.276573838216889023 0.736808752162010583
-0.961631291167586055 -0.269325834437487310 0.736697954802319477
-0.961631291167586055 -0.269325834437487310 0.736585276860126870
-0.963762119029768050 -0.262083592759401240 0.736470719015258179
-0.965843238959386508 -0.254741849564887268 0.736354281958880641
-0.967879988440497385 -0.247267752185698853 0.736235966393499863
-0.969872356532852975 -0.239643352957345845 0.736115773032954834
-0.969872356532852975 -0.239643352957345845 0.735993702602414035
-0.971818344375481868 -0.231854968370609482 0.735869755838370998
-0.973714877528935596 -0.223890089872090803 0.735743933488639756
-0.975558099289618341 -0.215736156182834760 0.735616236312350402
-0.977343459646030865 -0.207379872489025063 0.735486665079944646
-0.977343459646030865 -0.207379872489025063 0.735355220573170709
-0.979065722083629186 -0.198806649944625824 0.735221903585079439
-0.980718931671831107 -0.189999944831363732 0.735086714920018758
-0.982296363191782929 -0.180940272409180591 0.734949655393628665
-0.983790461171304753 -0.171603509421552003 0.734810725832837464
-0.985192786332587778 -0.161957641791284690 0.734669927075855544
-0.986493998109083226 -0.151955831919553974 0.734527259972170943
-0.987683949663279215 -0.141519614131906113 0.734382725382543899
-0.988752119025945619 -0.130490402227348701 0.734236324179002309
-0.989689064202801116 -0.118447006970374025 0.734088057244835501
-0.990488350833550579 -0.103586364478127579 0.733937925474589692
-0.988872255360293551 -0.041841282456582474 0.733785929774062096
-0.990888868363033914 -0.101085657406999652 0.733632071060296154
-0.991324423062115656 -0.082484527535657604 0.733476350261574761
-0.991305536368839557 -0.068062310478369303 0.733318768317415937
-0.990973614571332373 -0.054186337049686117 0.733159326178566717
-0.990317218932933230 -0.040207839374424958 0.732998024806996828
-0.989303109569080075 -0.025902407167572528 0.732834865175894024
-0.987888195376349532 -0.011158183629673357 0.732669848269657087
-0.986021247891377906 0.004097085416545132 0.732502975083890617
-0.983642541346800736 0.019919439293753394 0.732334246625398921
-0.980682736888378592 0.036357799279033709 0.732163663912179352
-0.977061269763273454 0.053458000133146277 0.731991227973417091
-0.972684232359662726 0.071264755161039472 0.731816939849478376
-0.961203721702201586 0.109177111767006507 0.731640800591904172
-0.953816147350271981 0.129374462138301449 0.731462811263404067
-0.945092897368421392 0.150463457767515241 0.731282972937849940
-0.934805994798962203 0.172496788854775374 0.731101286700268749
-0.922669206190353641 0.195534726473306941 0.730917753646837420
-0.908310617475849735 0.219652404034366366 0.730732374884874636
-0.870662672439901808 0.271608004227871402 0.730545151532835280
-0.845430995619601333 0.299908515273937082 0.730356084720302889
-0.813304456332058390 0.330443351700678456 0.730165175587983772
-0.769276691293923509 0.364487433630087954 0.729972425287699123
-0.520831395722885726 0.449031751895549003 0.729777834982378915
-0.551794985085956924 -0.539053661026701048 0.729581405846054243
-0.900180663876324338 0.241829838391125818 0.729383139063850661
-0.717806770915201731 0.401247303021386836 0.729183035831980852
-0.653290560888679650 0.429346915204998847 0.728981097357737307
-0.590855702186550147 0.447105358122715901 0.728777324859485542
-0.528086123526360751 0.456521884964445124 0.728571719566655895
-0.400053349802632963 0.450787778232071445 0.728364282719736744
-0.336021401942375064 0.434952454591017612 0.728155015570267294
-0.214352762837526245 0.376383803792776861 0.727943919380828919
-0.159941441296076792 0.334265419366541638 0.727730995425038829
-0.111936839193286203 0.284728573069326030 0.727516244987541416
-0.040041382836928124 0.169198731737963515 0.727299669364000922
-0.017549178974987367 0.106720986713417121 0.727081269861093782
0.000558997063071427 -0.018639397892036849 0.726861047796500293
-0.002580057371253754 -0.078413909299620388 0.726639004498896957
-0.012561671623493822 -0.134672611541978571 0.726415141307948709
-0.048500398484444679 -0.233883812883203007 0.726189459574299923
-0.072221283398266237 -0.276196354127568156 0.725961960659567529
-0.126298525518854732 -0.346311819649673613 0.725732645936331688
-0.155108262541094000 -0.374582941861896446 0.725501516788128020
-0.213426923073334163 -0.419256254400322159 0.725268574609439609
-0.242158706953139902 -0.436414439397029286 0.725033820805687568
-0.297528355543166978 -0.462204296495746902 0.724797256793223710
-0.349252347583671574 -0.478787391027926390 0.724558883999321224
-0.373603633474440922 -0.484324005005890512 0.724318703862166235
-0.419270743293596426 -0.491017012603976233 0.724076717830849370
-0.440640366135607642 -0.492541588056708002 0.723832927365356760
-0.480679271561501864 -0.492684479381378382 0.723587333936561383
-0.499464641320453873 -0.491533819419395501 0.723339939026213963
-0.534901647630640187 -0.487227629265591045 0.723090744126934415
-0.568003280751473438 -0.480641031926426432 0.722839750742202303
-0.583895114089279965 -0.476579959345811988 0.722586960386348620
-0.614889293072719001 -0.466942625331939865 0.722332374584545467
-0.645773127609343356 -0.455028900370703537 0.722075994872797944
-0.661667358652204940 -0.447976476899823783 0.721817822797934383
-0.695999852923182449 -0.430531156915325841 0.721557859917596800
-0.737987519877549958 -0.404768452458617478 0.721296107800231900
-0.765039163875497641 -0.385206107732484537 0.721032568025081755
-0.847944212811847509 -0.304970729939389062 0.720767242182173473
-0.938255106789960047 0.142404016233805442 0.720500131872310767
-0.191855345131839161 -0.378217860841239706 0.720231238707063071
-0.393497675859436180 -0.465300827336475153 0.719960564308756767
-0.546007723353034047 -0.466462965883846392 0.719688110310464868
-0.608465269937790709 -0.451432154028001686 0.719413878355997460
-0.644719683916011421 -0.437711659807041076 0.719137870099891496
-0.669787174657670792 -0.425644985587721070 0.718860087207401133
-0.679912831734439282 -0.420087308953375871 0.718580531354487628
-0.697041119217793881 -0.409686616794715852 0.718299204227808685
-0.711236282936639319 -0.400020745397570543 0.718016107524709124
-0.723387205320028204 -0.390909933251276875 0.717731242953210224
-0.734024746208341905 -0.382235373072839557 0.717444612231999179
-0.743489573811914273 -0.373915773552598085 0.717156217090419101
-0.747857499130538339 -0.369870394790367707 0.716866059268458589
-0.755975305818843646 -0.361980139719313532 0.716574140516741065
-0.763381759189881604 -0.354327777920058318 0.716280462596514012
-0.770182816854627306 -0.346885092665482786 0.715985027279638975
-0.776460438640532935 -0.339629789117972702 0.715687836348580131
-0.782279577092850342 -0.332543814558370787 0.715388891596394072
-0.787692770459446634 -0.325612228929995695 0.715088194826718926
-0.792743259318566706 -0.318822427433114952 0.714785747853762921
-0.797467162332638702 -0.312163593667435957 0.714481552502294504
-0.801895033943023750 -0.305626307028320665 0.714175610607630129
-0.806053004911295390 -0.299202255382619797 0.713867924015623934
-0.809963634415094225 -0.292884020925580912 0.713558494582656633
-0.813646558245338047 -0.286664917805788733 0.713247324175623976
-0.817118989994581435 -0.280538866908546902 0.712934414671925309
-0.820396114281860545 -0.274500297772409807 0.712619767959453143
-0.823491399384292388 -0.268544070529490364 0.712303385936580713
-0.826416848762171585 -0.262665412853528402 0.711985270512151103
-0.829183205599935524 -0.256859868288104087 0.711665423605465697
-0.831800120752870242 -0.251123253286553660 0.711343847146272412
-0.834276291838695450 -0.245451620965413064 0.711020543074754374
-0.837743643519673897 -0.237057880753528405 0.710695513341517593
-0.839900748959854337 -0.231532722176149286 0.710368759907580083
-0.841941563058636433 -0.226060183685195926 0.710040284744359096
-0.843871691824794601 -0.220637052254936072 0.709710089833660129
-0.845696240481090822 -0.215260221146915454 0.709378177167664048
-0.847419860838246830 -0.209926673114270934 0.709044548748915870
-0.849046791959397806 -0.204633464659382369 0.708709206590312113
-0.851314246932401764 -0.196762990781348068 0.708372152715089243
-0.852715594016212330 -0.191558103405333968 0.708033389156810689
-0.854032299196842537 -0.186383621500351371 0.707692917959355072
-0.855267109861325703 -0.181236753017291918 0.707350741176904108
-0.856971112022183013 -0.173562099855757157 0.707006860873929721
-0.858011439270288001 -0.168471974415241976 0.706661279125181618
-0.858977410730673352 -0.163399544005843889 0.706313998015675182
-0.859870628876480469 -0.158341866695289157 0.705965019640678482
-0.861076972516436667 -0.150776373164378474 0.705614346105699508
-0.861793782634876715 -0.145742125585314852 0.705261979526474403
-0.862441604692727459 -0.140711556984870034 0.704907922028953582
-0.863020979129149546 -0.135681184320151915 0.704552175749289300
-0.863762262791218260 -0.128127888802065160 0.704194742833822995
-0.864171202046694398 -0.123081411205903712 0.703835625439072410
-0.864511511951058464 -0.118021175227365993 0.703474825731717712
-0.864891622566274609 -0.110394719326412594 0.703112345888589618
-0.865056425100708903 -0.105278804956449812 0.702748188096655402
-0.865166528231299914 -0.097543037770967733 0.702382354553006127
-0.865145217566268609 -0.092335053465530448 0.702014847464843106
-0.865044751159826486 -0.087077831489252133 0.701645669049464793
-0.864737446389308051 -0.079081122225533595 0.701274821534253578
-0.864421370453171800 -0.073661891356506914 0.700902307156661686
-0.863765615789343189 -0.065372345724322267 0.700528128164198294
-0.863196379855244889 -0.059719078229877987 0.700152286814415881
-0.862510588403133771 -0.053945650298516057 0.699774785374896457
-0.861237178531435332 -0.045017755875354282 0.699395626123237801
-0.860203106365457715 -0.038853210614217704 0.699014811347040133
-0.858325000521341641 -0.029214443456637262 0.698632343343891682
-0.856816895678567336 -0.022473403050458030 0.698248224421355368
-0.854082518616224529 -0.011769676461532874 0.697862456896954697
-0.851874043415993709 -0.004147606061178477 0.697475043098159664
-0.847810734378341313 0.008226657648175095 0.697085985362372984
-0.844455015274720777 0.017274230699914184 0.696695286036915662
-0.838067229500677802 0.032462706634805161 0.696302947479013001
-0.829274708088039825 0.050377852237909027 0.695908972055780284
-0.821331552109966334 0.064523740850799927 0.695513362144208891
-0.804041856864543103 0.090876181754485308 0.695116120131151316
-0.786130485406865809 0.113813416983699400 0.694717248413307176
-0.736709734770440550 0.163125994312124545 0.694316749397208888
-0.589004727797190708 0.246150523229317908 0.693914625499206461
-0.177969272288964031 0.197296387526829320 0.693510879145453840
-0.906721342726530377 -0.370394969482147340 0.693105512771893584
-0.919450433898723052 -0.084701650448769761 0.692698528824242432
-0.819881383253313167 0.123415929780846034 0.692289929757976541
-0.422627975066237171 0.310107423959443240 0.691879718038316605
-0.065186969588384880 -0.437361286628185630 0.691467896140213090
-0.817466344183039650 -0.433466555032423706 0.691054466548331137
-0.896273846668948382 -0.258466552751597911 0.690639431757035682
-0.905560738073263094 -0.199050182565801592 0.690222794270376361
-0.907609306468758259 -0.143386671223621254 0.689804556602072627
-0.905726698654583773 -0.107137236236678923 0.689384721275498102
-0.902891911559376537 -0.080805134007294943 0.688963290823665919
-0.900889956597418773 -0.066602751568239249 0.688540267789212845
-0.897916597748939616 -0.048617101321117573 0.688115654724384629
-0.895050397145349397 -0.033416053371292720 0.687689454191019900
-0.892305948660088055 -0.020155668584120490 0.687261668760535072
-0.890538675913073230 -0.012121984307711497 0.686832301013909019
-0.887967529819910562 -0.001003050459970622 0.686401353541667092
-0.885474369789460369 0.009234888679505171 0.685968828943865794
-0.883040324020894607 0.018786937999166642 0.685534729830076905
-0.880648535038995095 0.027795308768738369 0.685099058819371831
-0.878284287418627851 0.036366328681292803 0.684661818540305611
-0.876717048949754774 0.041878305158728646 0.684223011630901601
-0.874371182182005269 0.049891964497440655 0.683782640738634817
-0.872022400240717532 0.057647666500960315 0.683340708520416507
-0.869661778378569617 0.065188916803208430 0.682897217642577936
-0.867281364067038707 0.072551185161582932 0.682452170780854406
-0.864873973606222313 0.079763834712649140 0.682005570620368706
-0.862433018701304510 0.086851543875760773 0.681557419855615576
-0.859952357620655694 0.093835376274249704 0.681107721190444715
-0.857426165396110829 0.100733603621376122 0.680656477338045240
-0.854848817870228705 0.107562354340884681 0.680203691020928702
-0.853099434805839274 0.112083475654790155 0.679749364970912762
-0.850424538822662113 0.118828083815763652 0.679293501929105314
-0.847683670307001647 0.125539498462516053 0.678836104645886729
-0.844871045487591843 0.132229953823670698 0.678377175880894634
-0.841980584381320174 0.138911503244936896 0.677916718403006269
-0.839005782032465008 0.145596392938647623 0.677454734990322271
-0.835939557163657865 0.152297479514331646 0.676991228430149805
-0.832774067921613903 0.159028728630240701 0.676526201518985459
-0.829500480593807765 0.165805846946690871 0.676059657062499042
-0.826108671170687980 0.172647125439395699 0.675591597875515815
-0.821381639572475453 0.181907495575888645 0.675122026782000395
-0.817664113282507987 0.188994054982156379 0.674650946615038660
-0.813779032637399702 0.196244268338313321 0.674178360216821981
-0.809703707325539868 0.203711324660020565 0.673704270438628683
-0.805409148006355213 0.211470702226207175 0.673228680140807945
-0.800857234454213751 0.219634930827375785 0.672751592192761816
-0.795996006935053568 0.228382215990029225 0.672273009472928451
-0.790751084456233877 0.238017544189231101 0.671792934868764235
-0.785007502430838611 0.249121013094500188 0.671311371276726909
-0.778560045345827345 0.262979763275897671 0.670828321602257471
-0.767816431864706717 0.293264360876104968 0.670343788759763304
-0.750186686211511522 0.362847878318635186 0.669857775672599853
-0.667496567775673011 0.030501720529909016 0.669370285273053756
-0.728355620844343798 0.223362920451541214 0.668881320502324628
-0.709355107529513251 0.265069863283225016 0.668390884310507527
-0.667726707104482231 0.299722947118632566 0.667898979656575076
-0.404321489482466434 0.350588438823819071 0.667405609508359698
-0.937663624381975813 -0.208836957924245115 0.666910776842535635
-0.870355248915951174 0.140975710397008513 0.666414484644600846
-0.825087198164036528 0.204648956429126561 0.665916735908859470
-0.794620429571673337 0.240289991312623186 0.665417533638403169
-0.779687486840608512 0.256634358369823679 0.664916880845093483
-0.767721597566767722 0.269338776025415783 0.664414780549543171
-0.757375023775790357 0.280035679867703446 0.663911235781098785
-0.744964211080956229 0.292458258400514870 0.663406249577821461
-0.736231808908402452 0.300891330849175520 0.662899824986468933
-0.727757602127898306 0.308806311951972168 0.662391965062477772
-0.719406613686718988 0.316332538289649245 0.661882672869943733
-0.708303184625327820 0.325905213781797265 0.661371951481604547
-0.699911618023313031 0.332807861987165055 0.660859803978820493
-0.691407893125713491 0.339512767706910357 0.660346233451555964
-0.679824438230561601 0.348184098342036341 0.659831242998361267
-0.670908105776083508 0.354504580760579224 0.659314835726353410
-0.658657063304913359 0.362702109043385568 0.658797014751197674
-0.649161038483688557 0.368680837361945235 0.658277783197088628
-0.639372177891827542 0.374512370326492205 0.657757144196731369
-0.625821023022229639 0.382049065440694835 0.657235100891322421
-0.615250569536452185 0.387510976641741667 0.656711656430531421
-0.604303093562982618 0.392795928785907522 0.656186813972481464
-0.589075471804274553 0.399539896178071174 0.655660576683730012
-0.577147294507528663 0.404345764594543633 0.655132947739250349
-0.560514633614934255 0.410372670993016553 0.654603930322411820
-0.547457277542271470 0.414570649875832253 0.654073527624961182
-0.529214917449424838 0.419674869594449773 0.653541742847002838
-0.514869819673322571 0.423082249167669899 0.653008579196979855
-0.494800208863927393 0.426976639004747194 0.652474039891654756
-0.479000611411683930 0.429340876437476093 0.651938128156089536
-0.456879186830208506 0.431631257918159150 0.651400847223626678
-0.439457723798319155 0.432607356024044265 0.650862200335869279
-0.415068602192648628 0.432757287749399699 0.650322190742662065
-0.395874474917143671 0.431877318095948426 0.649780821702071409
-0.369042930186027685 0.429161825234029015 0.649238096480365567
-0.347975539617452756 0.425796049568747448 0.648694018351995028
-0.318629129921990717 0.419244832862658456 0.648148590599572971
-0.295699483673053987 0.412556413378846576 0.647601816513855399
-0.263976698544078237 0.400892760778524315 0.647053699393721038
-0.239413851934999339 0.389794820224472593 0.646504242546151686
-0.205847410146916820 0.371390292300630642 0.645953449286212344
-0.171714072373140736 0.348270242255058537 0.645401322937030675
-0.146078891830453556 0.327423540763022602 0.644847866829777683
-0.112473492184355026 0.294393129801475861 0.644293084303647068
-0.088257144526886697 0.265330436799085412 0.643736978705835461
-0.058327178508838229 0.220405536468574970 0.643179553391521885
-0.032583512029873266 0.168092294126234609 0.642620811723847774
-0.017185032734057103 0.123979073939736562 0.642060757073896426
-0.003638090267879736 0.059010051178569889 0.641499392820673031
-0.000006644111181518 0.006243419107129495 0.640936722351083898
-0.005731179705492181 -0.068064194235224224 0.640372749059916258
-0.025354531502939794 -0.144461170516080095 0.639807476349817827
-0.060165765150928835 -0.219503125590086834 0.639240907631276056
-0.096390536784203229 -0.272480998233247673 0.638673046322597582
-0.157339696330144385 -0.335372345795916793 0.638103895849887803
-0.230564204389138883 -0.385943953448353028 0.637533459647030010
-0.291473324357687857 -0.414006986329759741 0.636961741155665062
-0.377349309511844477 -0.436889501670005731 0.636388743825169967
-0.464612112597974358 -0.442841643798862372 0.635814471112637336
-0.528574500882815657 -0.436690701323453778 0.635238926482855071
-0.609254529850429383 -0.415761941054336837 0.634662113408284490
-0.682501195064642019 -0.382420750019347944 0.634084035369040122
-0.746844676058871837 -0.339155335913561506 0.633504695852868616
-0.801633288531838795 -0.288302705009185589 0.632924098355127196
-0.836404965908768672 -0.246384553774508297 0.632342246378763129
-0.874561310776419520 -0.186699203860273610 0.631759143434292514
-0.903737781468677670 -0.123658310950101380 0.631174793039778748
-0.924352951741901019 -0.057852168284202254 0.630589198720811650
-0.934343624760222147 -0.006755091895006504 0.630002364010486038
-0.940280281450022404 0.063977189458144124 0.629414292449380408
-0.937110608844138215 0.138448695768578989 0.628824987585535511
-0.923053036237149627 0.218003633782630435 0.628234452974433477
-0.894309291378800997 0.304480019423475912 0.627642692178975614
-0.843155056246218115 0.399697123652109965 0.627049708769460978
-0.753985682491383091 0.502891891773237676 0.626455506323565503
-0.644789488394687860 0.578281674263643519 0.625860088426319683
-0.409449455894540348 0.633102864249964759 0.625263458670087813
-0.090754463062327290 0.498339979401840161 0.624665620654545006
0.031578301053080793 0.094678428291960742 0.624066577986656545
-0.197061501366893044 -0.199861381240745650 0.623466334280656009
-0.452196468675743812 -0.230046100535921616 0.622864893158023070
-0.603720575836514839 -0.155334983222363526 0.622262258247461841
-0.678367740981804079 -0.062942130422698028 0.621658433184878789
-0.707461015617605549 0.024163402523409649 0.621053421613361412
-0.707885587196336319 0.102194158746818808 0.620447227183155481
-0.694245126096580289 0.154955279505565202 0.619839853551643394
-0.659958500102547085 0.218026629162676705 0.619231304383322301
-0.607441261747774464 0.272180698638458063 0.618621583349781567
-0.535005769880052884 0.314629690972644482 0.618010694129680793
-0.440098232255965116 0.338882637216426197 0.617398640408728050
-0.321762005058150558 0.332639487454114535 0.616785425879656679
-0.186579326817843366 0.276299596678390769 0.616171054242203975
-0.059627759319690020 0.147643812184578810 0.615555529203088425
0.007954561959940088 -0.056801951168697573 0.614938854475987173
-0.036789463233829450 -0.290529956889922558 0.614321033781514036
-0.191160443972600846 -0.470961968017079624 0.613702070847196968
-0.390328433523064455 -0.551119688403398755 0.613081969407454963
-0.571538307394228617 -0.546181579615790946 0.612460733203576524
-0.710240046668334957 -0.494091982537892660 0.611838365983696564
-0.808008228618283586 -0.423922410117678727 0.611214871502773316
-0.887301903311326967 -0.333389371242963639 0.610590253522566684
-0.927376166699029336 -0.265952522587524387 0.609964515811614816
-0.953742823204835499 -0.204797493887884319 0.609337662145211567
-0.970730129882944603 -0.149889995743654691 0.608709696305383963
-0.981226108417594833 -0.100628782257119465 0.608080622080868771
-0.987158029520846858 -0.056266584297435029 0.607450443267090412
-0.989823073014258314 -0.016078071341645683 0.606819163666137418
-0.990104461531341684 0.020582589276460783 0.606186787086739787
-0.988610469566119532 0.054270356791065677 0.605553317344246333
-0.985763788880559044 0.085455919333816743 0.604918758260600598
-0.981859302621215124 0.114538205527667691 0.604283113664319305
-0.975796383337205531 0.148447836140683298 0.603646387390467831
-0.970161290891091710 0.173975200174829703 0.603008583280637778
-0.963915754945991132 0.198357886134196471 0.602369705182924098
-0.957097785125774037 0.221830211407212041 0.601729756951901340
-0.949708976076659939 0.244616940314624054 0.601088742448600111
-0.941712982648812758 0.266945146748326312 0.600446665540484759
-0.930734650513630468 0.294585370883982678 0.599803530101429061
-0.920980046902539318 0.316832391242389877 0.599159340011693797
-0.910085234537957755 0.339594804271169504 0.598514099157902213
-0.897621616163867375 0.363373872409520571 0.597867811433017704
-0.882860368202460055 0.388898383818610194 0.597220480736319392
-0.859061687573002386 0.425056460433991867 0.596572110973379255
-0.832171682871898910 0.459901118091913030 0.595922706056038476
-0.790535878169581707 0.504177571283982551 0.595272269902383133
-0.712371570746625160 0.564684679454848237 0.594620806436721661
-0.511128142622601755 0.635424390340288747 0.593968319589560312
-0.060819250986072999 -0.118992899424026063 0.593314813297580179
-0.853070614451365006 -0.111712599384084121 0.592660291503612213
-0.934374790755541862 0.131226518625245980 0.592004758156615130
-0.927076460104036437 0.243084537417501412 0.591348217211650096
-0.904700997404904506 0.322963192182637526 0.590690672629857860
-0.883127069227471084 0.370281840863090184 0.590032128378433995
-0.852920366680749775 0.417376770621700699 0.589372588430605804
-0.729609655190370243 0.523761774563683336 0.588712056765608116
-0.979639392619424010 -0.002087357957363478 0.588050537368658643
-0.930189004514400453 0.334794536789211783 0.587388034230934886
-0.898031421086554427 0.392897795570026687 0.586724551349549261
-0.874912652223591714 0.429996458537265536 0.586060092727525461
-0.861104059783765807 0.451162504030424849 0.585394662373774133
-0.849184998507730104 0.468914572145779251 0.584728264303068901
-0.835742510406811800 0.488342743235626597 0.584060902536021609
-0.825683539488805573 0.502454448181679059 0.583392581099058893
-0.816010950309885130 0.515674271186444710 0.582723304024396649
-0.804270060838635170 0.531261654758466761 0.582053075350017379
-0.795054708517659137 0.543149031990273312 0.581381899119644441
-0.783661984974831083 0.557434420714468803 0.580709779382718061
-0.774597499442501447 0.568485811633361315 0.580036720194371247
-0.765541648530117635 0.579257511669701297 0.579362725615404806
-0.754193997852375508 0.592388797331991235 0.578687799712263029
-0.745066666499127117 0.602665698023377994 0.578011946557009382
-0.735874710376679508 0.612767972513032166 0.577335170227301964
-0.724267535955567143 0.625183219158919612 0.576657474806368309
-0.714868342219171948 0.634968070549943864 0.575978864382981293
-0.702952087880063137 0.647041822365764241 0.575299343051434375
-0.693266513992247702 0.656593063091332585 0.574618914911516843
-0.680942913122629778 0.668420392380185580 0.573937584068489048
-0.670890309215282254 0.677809769120070071 0.573255354633057546
-0.660645695584474169 0.687150403121537523 0.572572230721350661
-0.647538160441362698 0.698782376124041815 0.571888216454893183
-0.636780772508903081 0.708076532864250985 0.571203315960581826
-0.622944306918539081 0.719721561734173454 0.570517533370660246
-0.611513390623244280 0.729103176618259741 0.569830872822694068
-0.596675496274788442 0.741003265792151478 0.569143338459545789
-0.584252013141923543 0.750775537726028230 0.568454934429350356
-0.567756247251823054 0.763594920071601013 0.567765664885489074
-0.553362589206111699 0.774790741937271599 0.567075533986565739
-0.532347663881244992 0.791600913315205768 0.566384545896380986
-0.508784257826569108 0.811740299896942630 0.565692704783906763
-0.387055499745392662 0.907166268995860170 0.565000014823262009
-0.565516759681544134 0.703175309318838204 0.564306480193686899
-0.510780097589780713 0.778115260838502798 0.563612105079517756
-0.488856375743978555 0.796640403599198965 0.562916893670161955
-0.465713725413017809 0.812319863772328565 0.562220850160072394
-0.448115503181890418 0.822632762302207943 0.561523978748722397
-0.426195452148886156 0.834174892955518832 0.560826283640580292
-0.408374907533290421 0.842728779561046637 0.560127769045084101
-0.385476132315415110 0.852808742547862875 0.559428439176616110
-0.366520134224414984 0.860461538675466930 0.558728298254477340
-0.341874909720813913 0.869553776447976601 0.558027350502862229
-0.321292319061479259 0.876448874796740940 0.557325600150833100
-0.294336632194721781 0.884567039048999915 0.556623051432294513
-0.271675834000935368 0.890623530670201724 0.555919708585968286
-0.241809273137087388 0.897574063299586555 0.555215575855366850
-0.210014220790201656 0.903727113157589024 0.554510657488768932
-0.183008074250747277 0.907974971186323754 0.553804957739192694
-0.147015519434053221 0.912279472416379855 0.553098480864371078
-0.116188300148693968 0.914764798618180608 0.552391231126725279
-0.074702751873861328 0.916404444819193920 0.551683212793339983
-0.029349494151983235 0.916010831394321046 0.550974430135936832
0.010272725650126713 0.913834564366002855 0.550264887430848670
0.064928755551674988 0.908063702135337047 0.549554588958994228
0.113746890816598223 0.900195901140165677 0.548843539005852032
0.183072860461346243 0.884522981830039967 0.548131741861434318
0.264910706357425141 0.858751991568343587 0.547419201820261936
0.342922966180038924 0.825780683678746019 0.546705923181337261
0.462065497441330408 0.754654972643997723 0.545991910248119217
0.606221004096214822 0.609693357472197550 0.545277167328497070
0.700623911404734012 0.376737647793908892 0.544561698734763899
0.532999611439789689 -0.053507525612979945 0.543845508783591502
0.064755842725135057 -0.065588033132019233 0.543128601796003752
-0.053900173796400885 0.134291813730187531 0.542410982097350503
-0.015999102608939442 0.270224003294554205 0.541692654017281949
0.050097448175062995 0.294650322744304471 0.540973621889721756
0.089385721648108069 0.269663027546042766 0.540253890052841745
0.111542568299719397 0.207329609399291404 0.539533462849035028
0.099002526954975426 0.127245234131888985 0.538812344624890471
0.061961989233173927 0.060710349447579429 0.538090539731165718
-0.017913385882128256 -0.012369730560434283 0.537368052522761430
-0.129861763166852995 -0.059536508831491232 0.536644887358695422
-0.234627278431186165 -0.069638898355842888 0.535921048602074901
-0.370346341026653703 -0.041530533840629880 0.535196540620071826
-0.494143151256051183 0.031042823157982236 0.534471367783895701
-0.574023452019656766 0.115651071594962462 0.533745534468767047
-0.641579618074549218 0.243793459490885378 0.533019045053891527
-0.669874693829679346 0.383900351059508371 0.532291903922433307
-0.660104914273556664 0.523897270140780913 0.531564115461488407
-0.627534097002702240 0.629585288384738817 0.530835684062058610
-0.559982314189849006 0.748231074637890514 0.530106614119024488
-0.467066121688151981 0.847402425929718373 0.529376910031119641
-0.353109521948090754 0.923096722262639391 0.528646576200903162
-0.249524567404497299 0.964068607134624167 0.527915617034733886
-0.108224428805549611 0.986931554743031403 0.527184036942743628
0.040813296091107731 0.973112270091013420 0.526451840338810095
0.188975173389522466 0.916329664703414259 0.525719031640530909
0.297970370293428155 0.835997033443701021 0.524985615269196515
0.405647996802927902 0.689686830122308248 0.524251595649763980
0.456385704771361200 0.498091800636316473 0.523516977210829459
0.420043243302829994 0.284452854200714755 0.522781764384602554
0.314270790578556003 0.129372182048213019 0.522045961606878439
0.095206265133511214 0.010981773674350305 0.521309573317012220
-0.165163161960797195 0.029333004906453908 0.520572603957891289
-0.375509287031698502 0.190856885913063573 0.519835057975908787
-0.462399117216466038 0.436993269766865533 0.519096939820936853
-0.431089688063036713 0.636609068505095466 0.518358253946300196
-0.294003978610551442 0.831506553972511608 0.517619004808748007
-0.098836284440559863 0.936229313815753805 0.516879196868428425
0.104472597950322155 0.951046826438152082 0.516138834588860784
0.282045746481047188 0.895046740667252649 0.515397922436909073
0.393684361171463160 0.816050603955241427 0.514656464882754738
0.490941919073901722 0.694349335350143315 0.513914466399869707
0.544027874283445567 0.564622766358036876 0.513171931464990072
0.560151643367198693 0.439950223981047772 0.512428864558087671
0.547993693623883504 0.328073435302553174 0.511685270162344774
0.515848242356731990 0.232653904729644367 0.510941152764125550
0.480510449070561063 0.168838469463600122 0.510196516852949977
0.429050594700794929 0.104181067232181096 0.509451366921466198
0.373456853451522686 0.054892837815009365 0.508705707465423762
0.316784738782174669 0.019075573529408862 0.507959542983646317
0.261092112918184405 -0.005234575427938176 0.507212877978004517
0.207690149425259374 -0.019875023747716519 0.506465716953388712
0.167152035984522829 -0.025722162760682774 0.505718064417682078
0.119570912843459692 -0.026872936358116217 0.504969924881733090
0.075595698007820844 -0.022265010161556492 0.504221302859328868
0.035246787406508072 -0.012838288112169131 0.503472202867166985
-0.001561223255965266 0.000678947205310852 0.502722629424828926
-0.034969890891504374 0.017747730152763146 0.501972587054753117
-0.065140444811866163 0.037999299436669291 0.501222080282206495
-0.092225289357537071 0.061221120059986645 0.500471113635258535
-0.111752874473262070 0.081889197101136998 0.499719691644752828
-0.133542719592618708 0.110395300266268814 0.498967818844280431
-0.152405803222710634 0.142069414729794619 0.498215499770152170
-0.168201551638648167 0.177284798880247396 0.497462738961371664
-0.180596444670340694 0.216602883094304449 0.496709540959607176
-0.188960349247998954 0.260800735927917915 0.495955910309165471
-0.192196113637975230 0.310895495351981743 0.495201851556962724
-0.188455155184370671 0.368139401490806040 0.494447369252498770
-0.174662453177263310 0.433913438995341405 0.493692467947828284
-0.153076059511585205 0.493455184721942497 0.492937152197534589
-0.106338100498310689 0.576521831729641110 0.492181426558700674
-0.026587878740759574 0.665830029882304775 0.491425295590883215
0.101947220915875603 0.748919872185280444 0.490668763856084045
0.292544144446045151 0.794832660046911887 0.489911835918723060
0.532578279985003289 0.749991020569246158 0.489154516345610635
0.751673610049061747 0.571091820688513607 0.488396809705919865
0.850655424602233201 0.295694708133952933 0.487638720571159257
0.803706497000310494 0.030881737489673100 0.486880253515145078
0.670057434931712992 -0.153921821969322081 0.486121413113973777
0.511369918718242555 -0.257272369321623451 0.485362203945993942
0.353607113489533054 -0.301263098815587549 0.484602630591779604
0.228118122781944155 -0.301526552011609494 0.483842697634101593
0.069419491105399314 -0.239314924879509894 0.483082409657900780
-0.016626904790868591 -0.056331501971083262 0.482321771250259546
0.113728338008987143 0.077098837488905364 0.481560787000374912
0.213001239609599324 0.023092651724687274 0.480799461499530345
0.218913007053503139 -0.039320547371699419 0.480037799341068050
0.197826411497276144 -0.074366002401556885 0.479275805120361664
0.173205734751167184 -0.092115694815773780 0.478513483434788112
0.150682942578727358 -0.100585109411719581 0.477750838883700013
0.131267506523360999 -0.104087928945850339 0.476987876068398153
0.114806039870728932 -0.104918686623988747 0.476224599592103282
0.100887039647449744 -0.104343769785188792 0.475461014059928577
0.089085930217711967 -0.103088961579211699 0.474697124078852117
0.079027073574198553 -0.101581734069456531 0.473932934257688454
0.070392749085174192 -0.100076871486709906 0.473168449207061581
0.062917381598677671 -0.098724569397408965 0.472403673539376345
0.056378765409079983 -0.097608795130207537 0.471638611868791302
0.050589813341846812 -0.096769521899698563 0.470873268811190182
0.045391722553132841 -0.096215802420410113 0.470107648984154913
0.040648617758295494 -0.095933385260262447 0.469341757006936922
0.036243508260509108 -0.095888897984889990 0.468575597500429597
0.032075376466254496 -0.096031712545535788 0.467809175087140594
0.028057266351080939 -0.096294086218408681 0.467042494391163687
0.024115317841069607 -0.096589844645058820 0.466275560038151071
0.020188790317257316 -0.096811639910185890 0.465508376655285161
0.016231246277311616 -0.096826614714926568 0.464740948871250947
0.013022417891203668 -0.096580299712933276 0.463973281316208130
0.008949322116808794 -0.095780992549304889 0.463205378621762642
0.004823217309546504 -0.094202698155760434 0.462437245420939558
0.000699895950517497 -0.091531305757007034 0.461668886348154228
-0.003304514117595740 -0.087361686103248487 0.460900306039185248
-0.006979679711919901 -0.081163237225912038 0.460131509131145422
-0.009962478037366357 -0.072229624547595239 0.459362500262455065
-0.011632103317015929 -0.059605350023052457 0.458593284072812746
-0.010914462258669707 -0.041980444721728002 0.457823865203168145
-0.005900335805049040 -0.017550458635957573 0.457054248295693633
0.006937032875301852 0.016120584634889700 0.456284437993756620
0.034417422362936309 0.062006327271676681 0.455514438941891142
0.090300169095340568 0.122235697328659618 0.454744255785770268
0.202422792242051952 0.190885993410092908 0.453973893172177512
0.417250396932324907 0.224646088547031331 0.453203355748979131
0.733868780870072124 0.077416261298909661 0.452432648165096596
0.882836295864663390 -0.358084757872247694 0.451661775070477334
0.671578801951074889 -0.731012911240214169 0.450890741116067750
0.392190799046937322 -0.850958926342003541 0.450119550953784642
0.192398674796596392 -0.851996274203886128 0.449348209236487384
0.059800095952056653 -0.822819894825156606 0.448576720617949509
-0.033221354944669934 -0.791165662272824810 0.447805089752831120
-0.103931118658681876 -0.763548700685849790 0.447033321296650354
-0.161853002395264234 -0.740564996923159358 0.446261419905755630
-0.221758690191223351 -0.717873815242089375 0.445489390237297223
-0.267091870376974960 -0.701784872548839811 0.444717236949199513
-0.310065566249505320 -0.687237742783355032 0.443944964700132727
-0.351703506070602079 -0.673429822660727262 0.443172578149484575
-0.392658533111831187 -0.659685732387385149 0.442400081957332769
-0.433365196127142582 -0.645423734195283760 0.441627480784416215
-0.474153380660393586 -0.630115533728193622 0.440854779292107424
-0.515389961235918959 -0.613219782877773567 0.440081982142383921
-0.557843745768703214 -0.593989421994905009 0.439309093997800659
-0.604561070160694380 -0.570420056160013123 0.438536119521461376
-0.697069832205996942 -0.514565576943723069 0.437763063376990780
-0.631019384674821215 -0.548206638621820952 0.436989930228506185
-0.688505665486923824 -0.513214166912682290 0.436216724740589701
-0.730165663645024110 -0.481648605407262509 0.435443451578259699
-0.767797738633724025 -0.448604899332780860 0.434670115406943058
-0.802870290995186142 -0.413276078565080640 0.433896720892446575
-0.835597231885892744 -0.375439976777682760 0.433123272700929207
-0.865872768328529108 -0.335061977348543538 0.432349775498873712
-0.893481618487014906 -0.292205279815477670 0.431576233953058608
-0.918168975800230935 -0.247002294224542618 0.430802652730529700
-0.939671666998353583 -0.199642576859818899 0.430029036498572770
-0.957735828371978792 -0.150365801213123651 0.429255389924684039
-0.972128921853027572 -0.099456067135564152 0.428481717676543417
-0.982648822643049202 -0.047236198646375072 0.427708024421985300
-0.989130974765506488 0.005938463734190547 0.426934314828971262
-0.991453957626360793 0.059686899229059287 0.426160593565560908
-0.989543555663108698 0.113609807339275393 0.425386865299884787
-0.983375340635002426 0.167297403670519484 0.424613134700115247
-0.972975770708347287 0.220337383932141806 0.423839406434439070
-0.958421841373501060 0.272322802497181604 0.423065685171028827
-0.939839369261820656 0.322859610576022638 0.422291975578014622
-0.917400038564903486 0.371573617980494209 0.421518282323456672
-0.891317382983135342 0.418116677321493158 0.420744610075315939
-0.861841908868413831 0.462171935594600902 0.419970963501427319
-0.829255584677222157 0.503458050629916665 0.419197347269470222
-0.793865927338270883 0.541732323793042481 0.418423766046941481
-0.755999908203712989 0.576792751748611443 0.417650224501126266
-0.715997882064209223 0.608479045305477806 0.416876727299070882
-0.674207714991982621 0.636672699907217976 0.416103279107553403
-0.630979253432781162 0.661296229357839715 0.415329884593057030
-0.586659241261610509 0.682311691068065329 0.414556548421740223
-0.541586756109214806 0.699718638495242962 0.413783275259410332
-0.496089203107702548 0.713551635639211423 0.413010069771493848
-0.450478875246660637 0.723877461058711980 0.412236936623009365
-0.405050065244804802 0.730792116785943802 0.411463880478538657
-0.360076694747414716 0.734417742458379208 0.410690906002199319
-0.315810412665564311 0.734899518567170396 0.409918017857616057
-0.272479104515523374 0.732402626328974793 0.409145220707892665
-0.230285748430188675 0.727109316257492977 0.408372519215583762
-0.181403468194503315 0.717343644381604584 0.407599918042667209
-0.142300115841354602 0.706606285116713861 0.406827421850515403
-0.104807999843287314 0.693739123994256524 0.406055035299867251
-0.069017968726906631 0.678967824447945456 0.405282763050800465
-0.034992829784992074 0.662522700406909304 0.404510609762702811
-0.002766674604515851 0.644636954694751019 0.403738580094244404
0.027656078230651082 0.625545121173882057 0.402966678703349568
0.056302089659040988 0.605481702005390865 0.402194910247168913
0.083231181356284822 0.584679982432307233 0.401423279382050524
0.108539407856030029 0.563370988714217535 0.400651790763512761
0.132363575901972952 0.541782522124417687 0.399880449046215336
0.154887886235804628 0.520138138884693513 0.399109258883932283
0.176353719858929670 0.498655823779349583 0.398338224929522700
0.197074150572781936 0.477545866541158825 0.397567351834903382
0.217455687051271551 0.457006975839921004 0.396796644251020736
0.238031296464015996 0.437218700477835231 0.396026106827822577
0.259511415462709172 0.418326204994465933 0.395255744214229765
0.282864273777067687 0.400409056604427938 0.394485561058108725
0.309444933057072713 0.383415755426238791 0.393715562006243303
0.341206237938871670 0.367022248731415146 0.392945751704306401
0.381045963814967692 0.350314238058586913 0.392176134796831943
0.433362445410497510 0.331040422325000194 0.391406715927187232
0.504818096451327247 0.303770642444009864 0.390637499737544969
0.604626503772055290 0.255201952491855066 0.389868490868854556
0.739665954285342320 0.152763170043541452 0.389099693960814785
0.882199621550982638 -0.072254504519336460 0.388331113651845694
0.874413727367876925 -0.467959407308375375 0.387562754579060531
0.536317650707247018 -0.789663011965804573 0.386794621378237391
0.145587320790150687 -0.775445279082419558 0.386026718683791847
-0.062470965449679561 -0.621221433273706714 0.385259051128749030
-0.146841781911206892 -0.483435477867215413 0.384491623344714872
-0.178994407493134666 -0.385311367818814920 0.383724439961849018
-0.191282054246875360 -0.317535547584944122 0.382957505608836291
-0.195637164409100256 -0.278191413722958136 0.382190824912859439
-0.198712869644375512 -0.241469880309755969 0.381424402499570547
-0.201197403230848587 -0.214134357571435174 0.380658242993063167
-0.203966187718680914 -0.193066962375219114 0.379892351015845064
-0.207298325966186497 -0.176248805832217859 0.379126731188809796
-0.211223855230961599 -0.162341662812900855 0.378361388131208842
-0.215671358351664483 -0.150438024603314902 0.377596326460623632
-0.220532525026764042 -0.139910125474585312 0.376831550792938397
-0.225690667359029318 -0.130316701274138413 0.376067065742311524
-0.231033067198710973 -0.121343921025228979 0.375302875921148027
-0.236455917225652956 -0.112767003249451839 0.374538985940071401
-0.241865850449130670 -0.104424663265285989 0.373775400407896752
-0.247179925581855447 -0.096201716584707414 0.373012123931601880
-0.252324954770670407 -0.088016989648185481 0.372249161116299909
-0.257236595452896510 -0.079814761128140371 0.371486516565211977
-0.261858404083441298 -0.071558600693270802 0.370724194879638425
-0.266140940048365970 -0.063226867203403495 0.369962200658932039
-0.270040954866610561 -0.054809376040485094 0.369200538500469633
-0.273520676102707860 -0.046304903756752169 0.368439212999625065
-0.276547183780967043 -0.037719301552064405 0.367678228749740488
-0.279091872126393192 -0.029064057646164432 0.366917590342099198
-0.281129988001334985 -0.020355194874777049 0.366157302365898329
-0.282640237422802754 -0.011612421533744061 0.365397369408220485
-0.283456066567505938 -0.004608978919347417 0.364637796054006091
-0.283972293803278153 0.004135824696169799 0.363878586886026256
-0.283916799275880261 0.012844781705333319 0.363119746484854844
-0.283278828673263261 0.021489015497190178 0.362361279428840721
-0.282049929545938494 0.030038008362624685 0.361603190294080168
-0.280223829785890666 0.038459786368080659 0.360845483654389343
-0.277796349678366417 0.046721058573422417 0.360088164081276974
-0.274765345367737612 0.054787320709764456 0.359331236143916044
-0.271130682092163733 0.062622931608976209 0.358574704409116762
-0.266894235950142555 0.070191169323688046 0.357818573441299359
-0.262059923266359407 0.077454272869092428 0.357062847802465555
-0.256633756951717806 0.084373474860324302 0.356307532052171694
-0.251872118678704238 0.089634550527678311 0.355552630747501208
-0.245402794286288306 0.095833931995209135 0.354798148443037253
-0.238370412468682791 0.101575753833253887 0.354044089690834618
-0.230789932344010962 0.106817701587415007 0.353290459040392801
-0.222679045826365829 0.111516630387499649 0.352537261038628369
-0.214058384906792104 0.115628635512781880 0.351784500229847863
-0.204951753751015486 0.119109145672235989 0.351032181155719714
-0.195386384643382316 0.121913044480831914 0.350280308355247205
-0.185393216256575177 0.123994826026167029 0.349528886364741498
-0.177114005544860009 0.125109617374899285 0.348777919717793483
-0.166441748381583848 0.125776449207113783 0.348027412945247028
-0.155450641524291416 0.125593528802767002 0.347277370575171052
-0.144188558708378267 0.124516087581378943 0.346527797132833160
-0.132708628369550691 0.122500401458284475 0.345778697140671221
-0.121069564595530976 0.119504281255676706 0.345030075118266999
-0.109335981460024545 0.115487646254665607 0.344281935582318011
-0.099928423803632427 0.111514384090237645 0.343534283046611377
-0.088207431435968167 0.105569149302587081 0.342787122021995572
-0.076606474036230512 0.098508407788126348 0.342040457016353661
-0.065214741006365123 0.090306971753996518 0.341294292534576271
-0.054128128127398117 0.080945846462933346 0.340548633078533836
-0.043449129051776461 0.070413369615830460 0.339803483147050112
-0.033286576268542131 0.058706439620615544 0.339058847235874428
-0.025605293790544527 0.048499467835571575 0.338314729837655315
-0.016665036271695528 0.034703058766275205 0.337571135441912362
-0.008575154301050384 0.019780344335668977 0.336828068535010128
-0.001462730741819362 0.003773002404306152 0.336085533600130215
0.004543001901548140 -0.013262226022318659 0.335343535117245406
0.008463551322510509 -0.027581965275526830 0.334602077563091016
0.012151162409169816 -0.046271574011770712 0.333861165411139194
0.014373845535576250 -0.065739891252786425 0.333120803131571552
0.015011586576537318 -0.085862838657539936 0.332380995191252027
0.013952647124083707 -0.106496983420296065 0.331641746053699893
0.011815839957391668 -0.123263569750431193 0.330903060179063069
0.007458813652901047 -0.144394629619407688 0.330164942024091357
0.001161238163286782 -0.165533295441841088 0.329427396042108855
-0.007130037291641772 -0.186465488951344849 0.328690426682987813
-0.017445449071760724 -0.206961276048684528 0.327954038393121539
-0.027159365823311077 -0.222880228506450229 0.327218235615397535
-0.041111694025983969 -0.241968006560597915 0.326483022789170574
-0.057029316101803965 -0.259908722503958800 0.325748404350236054
-0.074832623467578560 -0.276431950545883987 0.325014384730803463
-0.090357825592421184 -0.288445062270137553 0.324280968359469235
-0.111245257083326998 -0.301721223386874904 0.323548159661190049
-0.133609354911427392 -0.312803361193893792 0.322815963057256461
-0.157232070715792510 -0.321412142970129100 0.322084382965266092
-0.176863299457586498 -0.326330502239406961 0.321353423799096927
-0.202065778335395879 -0.329781879427164082 0.320623089968880448
-0.227678465685868192 -0.329972163444026911 0.319893385880975489
-0.253292564265948872 -0.326611011854461675 0.319164315937941478
-0.273461706348673395 -0.321162690564267606 0.318435884538511682
-0.297787768821106191 -0.310636662596762259 0.317708096077566726
-0.320475101099378268 -0.295666829171910506 0.316980954946108506
-0.340643438842616941 -0.275892954237928922 0.316254465531233042
-0.354202951638044272 -0.256362263630232401 0.315528632216104443
-0.366670417588554232 -0.227003142369551270 0.314803459379928152
-0.372241681918327627 -0.191888288119935468 0.314078951397925132
-0.369842559452632724 -0.159623885218105166 0.313355112641304667
-0.354936644106630506 -0.114556794693885342 0.312631947477238548
-0.321589503873026150 -0.066086730557610648 0.311909460268834315
-0.262309492614295536 -0.019326022876872434 0.311187655375109562
-0.190359769350868402 0.009276445433218497 0.310466537150965005
-0.064977639538682311 0.015382203105543810 0.309746109947158288
0.090452553939982028 -0.044591923246413173 0.309026378110278277
0.207000748422364517 -0.163850717324137890 0.308307345982718140
0.275983174851503033 -0.394977647328822290 0.307589017902649531
0.210586624637190661 -0.640935910228172534 0.306871398203996282
0.082163151330254869 -0.785662381129086596 0.306154491216408586
-0.108463728722984765 -0.877636242648836218 0.305438301265236245
-0.250696793953958108 -0.895222193252643184 0.304722832671503130
-0.398964664438587580 -0.876065481041698124 0.304008089751880761
-0.514742317938871929 -0.834202244714821628 0.303294076818662772
-0.588217023743503264 -0.793960554531667029 0.302580798179738097
-0.661777401607120286 -0.741224947244906174 0.301868258138565604
-0.720068672830078027 -0.688892558102305097 0.301156460994148056
-0.758430644254958986 -0.648314449502171319 0.300445411041005861
-0.798484025418321086 -0.599640094489161446 0.299735112569151418
-0.825523256063785849 -0.562396463183658213 0.299025569864063145
-0.854365339277705083 -0.517876472237917218 0.298316787206659995
-0.878749726242473383 -0.475446038083606803 0.297608768873274754
-0.895615509516909825 -0.442869151288096785 0.296901519135629122
-0.913928480713841362 -0.403690804970362416 0.296195042260807340
-0.926669879979824640 -0.373468835163466961 0.295489342511231157
-0.940535120117523604 -0.336956143317266865 0.294784424144633184
-0.952394378103158190 -0.301716993724522320 0.294080291414031747
-0.960603456786918164 -0.274359981785931462 0.293376948567705464
-0.969435337767975858 -0.241117521890473252 0.292674399849167044
-0.975461272473586272 -0.215229048968369474 0.291972649497137970
-0.981812041952250691 -0.183682723798017478 0.291271701745522582
-0.986021689227185139 -0.159053083765788861 0.290571560823383868
-0.990280929731805482 -0.128973123339326701 0.289872230954915933
-0.992941239921557139 -0.105440470137682041 0.289173716359419908
-0.995397499239379480 -0.076647513214094021 0.288476021251277581
-0.996709337487970748 -0.054083874883621208 0.287779149839927695
-0.997582647490602215 -0.026434134291654032 0.287083106329838189
-0.997653077616753259 0.000633053794109106 0.286387894920482278
-0.997162485149929667 0.021889813656866097 0.285693519806313190
-0.995899897691786107 0.047990417841313748 0.284999985176738024
-0.994392980552291750 0.068512584018160350 0.284307295216093381
-0.991915272381854729 0.093740136894828074 0.283615454103619102
-0.989475559255396986 0.113598053963531453 0.282924466013434350
-0.986643048679582080 0.133181452355596808 0.282234335114511015
-0.982567056916825998 0.157292995486695786 0.281545065570649733
-0.978889773491660398 0.176302252683931127 0.280856661540454244
-0.973785938821514652 0.199732392443995099 0.280169127177306077
-0.969305226759133109 0.218224804524249194 0.279482466629339732
-0.963215850141796115 0.241043466213753055 0.278796684039418097
-0.957958151050609219 0.259073943063638290 0.278111783545106850
-0.950907038010036620 0.281348880099934084 0.277427769278649428
-0.944883897260400674 0.298971199243030006 0.276744645366942488
-0.936875821782083062 0.320769466025944361 0.276062415931510929
-0.930083003111372375 0.338037401578844598 0.275381085088483135
-0.922942212908607007 0.355165340507198057 0.274700656948565658
-0.913517524228265154 0.376395158593819001 0.274021135617018741
-0.905568842761728554 0.393248623571172184 0.273342525193631669
-0.895104470056088619 0.414171405594440212 0.272664829772698014
-0.886293961186534585 0.430808909266594819 0.271988053442990652
-0.877075664906740160 0.447370230637069877 0.271312200287737060
-0.864949220086942527 0.467984284406707141 0.270637274384595228
-0.854736312454554392 0.484421727437408522 0.269963279805628786
-0.841283527569744560 0.504924222581586646 0.269290220617281972
-0.829929947117787004 0.521308637069126002 0.268618100880355593
-0.818006131609807396 0.537694020923383587 0.267946924649982543
-0.802223657754108865 0.558201494392791542 0.267276695975603384
-0.788822680078465122 0.574648253438228007 0.266607418900941251
-0.774654733458199241 0.591149601365700494 0.265939097463978480
-0.755731464217402449 0.611878798197638463 0.265271735696931188
-0.739490358645597201 0.628563863166537673 0.264605337626225900
-0.722124967120312489 0.645354773521527925 0.263939907272474572
-0.698581682737094423 0.666507493718259680 0.263275448650450827
-0.678021039633762368 0.683563898082069410 0.262611965769065092
-0.655636579594627067 0.700727829305775596 0.261949462631341390
-0.631085562700450575 0.717965505884093802 0.261287943234391862
-0.596670612303139447 0.739503455428617507 0.260627411569394229
-0.565442385285585325 0.756551634326399047 0.259967871621566038
-0.530083016355394898 0.773152041304545956 0.259309327370142229
-0.478448972301552589 0.792518491119258428 0.258651782788349882
-0.429440408107374494 0.805810712195799583 0.257995241843384959
-0.371507889895231980 0.815376809809872372 0.257339708496387765
-0.302198718573100322 0.818216766109745475 0.256685186702419799
-0.195432180932564314 0.803723311242622640 0.256031680410439610
-0.092036494164897897 0.765012580417822274 0.255379193563278428
0.022523052200214333 0.682867363512714376 0.254727730097616900
0.125555111496371136 0.533393198129557211 0.254077293943961557
0.150815060584079980 0.244003967671594407 0.253427889026620723
0.012364680774811867 0.010739095395203161 0.252779519263680752
-0.230339781881380823 -0.101800193547313206 0.252132188566982385
-0.459503565466295671 -0.073283081762601815 0.251485900842097765
-0.612321134042849380 0.028648169576056814 0.250840659988306292
-0.707302195302896619 0.172539447849964445 0.250196469898570972
-0.735638828043547299 0.273860757024233736 0.249553334459515330
-0.740837253470891799 0.358715904460278345 0.248911257551399867
-0.733039108978712717 0.429034882907976700 0.248270243048098749
-0.717868024170482233 0.487679920584219606 0.247630294817075935
-0.698395048686708098 0.537219745717124053 0.246991416719362256
-0.676287037281215531 0.579687727568497735 0.246353612609532258
-0.646251964944796642 0.625139591612433487 0.245716886335680784
-0.620794661259890357 0.656754465908531149 0.245081241739399380
-0.594209826438038546 0.685035608554458553 0.244446682655753811
-0.566449076945419017 0.710579388049228489 0.243813212913260191
-0.537328670943916897 0.733823655929696117 0.243180836333862671
-0.506528898932058880 0.755075134429364359 0.242549556732909621
-0.473563996744517324 0.774517670380107659 0.241919377919131262
-0.437714565660310084 0.792195320895497379 0.241290303694616182
-0.397900290406806967 0.807951774140741596 0.240662337854788411
-0.352444579712629880 0.821276805051932124 0.240035484188385162
-0.283387954706513456 0.832476460151095554 0.239409746477433349
-0.212253459928776811 0.832875201777454444 0.238785128497226773
-0.117117942210469395 0.815232057627433226 0.238161634016303414
0.016496640081995251 0.748762506810761286 0.237539266796423398
0.177482447813670258 0.530651049250750906 0.236918030592545070
0.033475038885264305 0.024997423587587199 0.236297929152803232
-0.609113605794148527 0.075747082103327756 0.235678966218485830
-0.725069434529058032 0.459912786104995752 0.235061145524012804
-0.652866579001953551 0.655539624511693231 0.234444470796911636
-0.573757081428456717 0.752845729031887068 0.233828945757796114
-0.506949759588919746 0.808704393749809403 0.233214574120343354
-0.450571689937256381 0.844909680846949174 0.232601359591271956
-0.401487991760826168 0.870537029938307061 0.231989305870319185
-0.357396003083171598 0.889825923771599081 0.231378416650218466
-0.316748086103576409 0.904958144380599849 0.230768695616677788
-0.278504363420604750 0.917145231874873179 0.230160146448356639
-0.241951858698250144 0.927100302509972884 0.229552772816844636
-0.215340237615286478 0.933372208407269754 0.228946578386638622
-0.180628535247118860 0.940376233793478011 0.228341566815121244
-0.146541282673298745 0.946004296369752251 0.227737741752538220
-0.112866209784158344 0.950384088536211591 0.227135106841976964
-0.079443120178796123 0.953596052002573469 0.226533665719343968
-0.046149966552302968 0.955688020515987446 0.225933422013343488
-0.012893413622010796 0.956684532398972776 0.225334379345455083
0.020397657103353672 0.956592941653400697 0.224736541329912165
0.053776669945638289 0.955407547355867748 0.224139911573680239
0.087282526146828521 0.953112465603499714 0.223544493676434614
0.112511578671590173 0.950648739636156703 0.222950291230539055
0.146296919076731480 0.946349920038038084 0.222357307821024419
0.180257062415192348 0.940860234237357318 0.221765547025566445
0.214391401486996258 0.934140227218397401 0.221175012414464467
0.248690697766943081 0.926146595589269817 0.220585707550619681
0.283137360858719989 0.916832934906760877 0.219997635989513968
0.309053842077632979 0.908952132878622310 0.219410801279188383
0.343691309015262070 0.897209936548298170 0.218825206960221313
0.378385271414631963 0.884009826907521945 0.218240856565707519
0.413087037841335547 0.869300050566464422 0.217657753621236849
0.447739352887663200 0.853029217528766925 0.217075901644872893
0.473656780066422478 0.839771400543003033 0.216495304147131529
0.508058479556167120 0.820649277052914128 0.215915964630959911
0.542207941274929106 0.799833969455043481 0.215337886591715516
0.576014695147884059 0.777283777338667714 0.214761073517145018
0.601085427633292646 0.759210410998765073 0.214185528887362697
0.634048178193920231 0.733540072040117064 0.213611256174830066
0.666374384776463380 0.706050566339716967 0.213038258844334860
0.690128070487597611 0.684229735542878137 0.212466540352969940
0.721041872504221026 0.653524616380994350 0.211896104150112174
0.750966180150678730 0.620981708339810479 0.211326953677402479
0.779761210257733373 0.586615800259147391 0.210759092368723977
0.800529908488532005 0.559661445678370284 0.210192523650182150
0.827000658627469076 0.522181727446018984 0.209627250940083665
0.851940994454786216 0.482991632441856722 0.209063277648916135
0.869553535481759621 0.452517846067963747 0.208500607179326947
0.891464015961839662 0.410511416400362705 0.207939242926103607
0.911448303797419257 0.367023972230066942 0.207379188276152232
0.925091557868397474 0.333503742491233934 0.206820446608478120
0.941387921869395905 0.287704677775531326 0.206263021294164489
0.952125182676703652 0.252601522279900681 0.205706915696352854
0.964376320682697630 0.204910917414841520 0.205152133170222351
0.974181887266928337 0.156351568818387021 0.204598677062969414
0.979883192389424895 0.119460554935297281 0.204046550713787689
0.985229256682651489 0.069778648192365456 0.203495757453848236
0.987519535535078985 0.032239041457332418 0.202946300606278940
0.988251715618329696 -0.018052010389766004 0.202398183486144662
0.987046827869393129 -0.055862789824533521 0.201851409400427062
0.983091138350863147 -0.106285178286420035 0.201305981648004950
0.978359048138355725 -0.144041100869666372 0.200761903519634410
0.969690982856239669 -0.194229447027247926 0.200219178297928596
0.958311133594699216 -0.244210782734322007 0.199677809257337857
0.947967811456488230 -0.281587664210447230 0.199137799664130727
0.931669341327418632 -0.331427797387567502 0.198599152776373439
0.917422079228194853 -0.369042168845223006 0.198061871843910497
0.901189111841729007 -0.407247139339951769 0.197525960108345194
0.875558199139409465 -0.460394282083020912 0.196991420803020012
0.851720417314806744 -0.504027971216068904 0.196458257152997223
0.805842514673603683 -0.576057195028633839 0.195926472375038851
0.733369415879261188 -0.663079400512147199 0.195396069677588241
-0.106397649689850396 -0.195063952002706015 0.194867052260749796
0.852197640280191182 -0.322282111569877738 0.194339423316269994
0.813152030571781870 -0.504429605972784967 0.193813186027518514
0.783215136977856718 -0.561694911537000241 0.193288343569468529
0.755869224490013814 -0.602603906547839796 0.192764899108677640
0.721289327366319899 -0.645935524723233012 0.192242855803268775
0.695968162234551935 -0.673707939700351033 0.191722216802911405
0.662479813873117163 -0.706670796165961290 0.191202985248802360
0.637388521889077353 -0.729079942417495741 0.190685164273646623
0.612234917233254072 -0.749872577630738779 0.190168757001638655
0.578523991141863814 -0.775433766827422266 0.189653766548444014
0.553067314375109254 -0.793168637946833455 0.189140196021179541
0.527421481099290990 -0.809794284026287059 0.188628048518395514
0.492840995181958730 -0.830393221027019290 0.188117327130056300
0.466504711421451890 -0.844775563303200028 0.187608034937522289
0.439662358542750042 -0.858340878227387027 0.187100175013531100
0.412055141941806424 -0.871191617711842059 0.186593750422178684
0.373194417350159013 -0.887452870123155657 0.186088764218901248
0.341147519576368463 -0.899269401495854437 0.185585219450456806
0.303767485595295761 -0.911165083350271354 0.185083119154906633
0.229353705782745221 -0.928024480531404405 0.184582466361596864
0.076343983148836558 -0.929214170271767337 0.184083264091140619
0.623801289069000675 -0.436673716287854674 0.183585515355399187
0.390795009317779440 -0.866570128356360936 0.183089223157464454
0.313347989773192781 -0.904502478553828815 0.182594390491640279
0.256930741794252238 -0.923490236405349219 0.182101020343424957
0.225100787827286763 -0.931841180729205742 0.181609115689492451
0.197147053334704003 -0.938022144072327091 0.181118679497675406
0.171456199226645012 -0.942846333876766085 0.180629714726946222
0.147258825546666361 -0.946688296946630703 0.180142224327400208
0.116632780882719778 -0.950619641258643067 0.179656211240236729
0.094601301787226366 -0.952823898307214812 0.179171678397742395
0.073224293002939422 -0.954474069471216824 0.178688628723273041
0.052416218225132649 -0.955624020241158778 0.178207065131235742
0.032118019491805982 -0.956315916893407780 0.177726990527071554
0.012287475647845103 -0.956584330725433696 0.177248407807238162
-0.007106561886296880 -0.956458648997229099 0.176771319859192089
-0.026087755249998068 -0.955964557787779334 0.176295729561371350
-0.044674586864901389 -0.955124990948043595 0.175821639783178052
-0.062881885371127710 -0.953960759056697083 0.175349053384961262
-0.086588715607937350 -0.951936253248111375 0.174877973217999694
-0.103954700119871346 -0.950086445757212905 0.174408402124484219
-0.120975290745600261 -0.947970662822333887 0.173940342937500991
-0.137658065120788931 -0.945604145647611416 0.173473798481014518
-0.154009890752313028 -0.943001285390173472 0.173008771569850284
-0.170037097209139954 -0.940175711989463925 0.172545265009677762
-0.185745603780776480 -0.937140365226892924 0.172083281596993737
-0.201141014670467744 -0.933907552739302149 0.171622824119105372
-0.216228690451462757 -0.930488998253991451 0.171163895354113277
-0.231013801896275517 -0.926895882391399750 0.170706498070894802
-0.245501370669103103 -0.923138877715027562 0.170250635029087161
-0.259696300152339854 -0.919228179251200039 0.169796308979071303
-0.268999386946555841 -0.916540491366392596 0.169343522661954737
-0.282717230792434437 -0.912395079269843090 0.168892278809555235
-0.296155092493042116 -0.908121021222587421 0.168442580144384513
-0.309317601907290241 -0.903726971001104551 0.167994429379631272
-0.322209339858547883 -0.899221209068697069 0.167547829219145628
-0.334834844094355988 -0.894611659501595602 0.167102782357422014
-0.347198613593770689 -0.889905905602623726 0.166659291479583554
-0.359305111579481251 -0.885111204382991623 0.166217359261365216
-0.371158767542898838 -0.880234500045116830 0.165776988369098488
-0.378922909742525016 -0.876941099509633726 0.165338181459694394
-0.390364917774703613 -0.871942344860250129 0.164900941180628258
-0.401565738621870172 -0.866878669058982143 0.164465270169923072
-0.412529684801880847 -0.861755971443784574 0.164031171056134129
-0.423261036884463537 -0.856579891223486767 0.163598646458332858
-0.433764042960397722 -0.851355817037319773 0.163167698986090987
-0.440641270956475095 -0.847848989068370695 0.162738331239465017
-0.450773050130256037 -0.842556247675245396 0.162310545808980133
-0.460687647192327299 -0.837228724583239936 0.161884345275615377
-0.470389184470118793 -0.831870964014602254 0.161459732210787160
-0.476740528691864784 -0.828284473010634126 0.161036709176334170
-0.486096027588017510 -0.822885843061313849 0.160615278724501848
-0.495249278592598263 -0.817468077958499961 0.160195443397927406
-0.504204265386620776 -0.812034980368372072 0.159777205729623673
-0.510066058894475094 -0.808406190561286375 0.159360568242964351
-0.518699348381974179 -0.802955485885239129 0.158945533451668869
-0.527144797641259988 -0.797498695155982817 0.158532103859786916
-0.532672635344592416 -0.793859015766169573 0.158120281961683429
-0.540813510358473581 -0.788398999724883587 0.157710070242023437
-0.548776664659341495 -0.782940934942099598 0.157301471175757601
-0.553988535781874014 -0.779304660735687937 0.156894487228106394
-0.561663716560159898 -0.773855828334740314 0.156489120854546221
-0.569170974148141107 -0.768415882746567025 0.156085374500793544
-0.574084295590361338 -0.764795349350483322 0.155683250602791229
-0.581319630184166991 -0.759375341850045849 0.155282751586692802
-0.586054936865592291 -0.755770111754189400 0.154883879868848662
-0.593028089516551060 -0.750375915318937992 0.154486637855791142
-0.599848513242080772 -0.744999779861720279 0.154091027944219749
-0.604312281042800326 -0.741426608761718842 0.153697052520987060
-0.610885628172308737 -0.736084480032124011 0.153304713963084344
-0.615187744026602701 -0.732535501031633340 0.152914014637626994
-0.621523148125465608 -0.727231805525514585 0.152524956901840314
-0.625669621071758719 -0.723709801765139327 0.152137543103045308
-0.631775974798069351 -0.718448471169047753 0.151751775578644582
-0.635772652210560119 -0.714955906769819016 0.151367656656108324
-0.641658604318920633 -0.709740410197531313 0.150985188652959929
-0.645511170137657353 -0.706279451350407594 0.150604373876762149
-0.651185123182879799 -0.701112826367594422 0.150225214625103520
-0.654899096623932309 -0.697685361613039068 0.149847713185584097
-0.660369205372556500 -0.692570244071917918 0.149471871835801767
-0.663949940113570114 -0.689177903787662971 0.149097692843338375
-0.667478841251420318 -0.685800015543849728 0.148725178465746399
-0.672676794552773627 -0.680760731530664742 0.148354330950535129
-0.676079673499252132 -0.677419851998724232 0.147985152535156927
-0.681092339376828226 -0.672436931263116322 0.147617645446993906
-0.684374152061009378 -0.669134145962866467 0.147251811903344576
-0.687608888963945453 -0.665846857423987748 0.146887654111410415
-0.692374378295159021 -0.660945262036153447 0.146525174268282266
-0.695494710735117816 -0.657697258580445698 0.146164374560927651
-0.698570568014313276 -0.654465156904985412 0.145805257166176955
-0.703102534449778882 -0.649647016942607514 0.145447824250710761
-0.706070329834612487 -0.646455046517745768 0.145092077971046479
-0.708996123937458922 -0.643279253232994175 0.144738020473525603
-0.713307555869777121 -0.638546017783993225 0.144385653894300470
-0.716131316601685164 -0.635410897408376085 0.144034980359321579
-0.718915425558960930 -0.632292115314982084 0.143686001984324796
-0.721660531573807607 -0.629189698590233992 0.143338720874818359
-0.725706455212354551 -0.624566798570835191 0.142993139126070229
-0.728356828135264034 -0.621505363006391698 0.142649258823095815
-0.730970392044189565 -0.618460327800218201 0.142307082040644906
-0.733547752107761020 -0.615431687085092660 0.141966610843189456
-0.736089504025232211 -0.612419428454686887 0.141627847284910818
-0.739836646638241113 -0.607931714438908477 0.141290793409687837
-0.742291923001180631 -0.604960316291840994 0.140955451251084163
-0.744713602861826640 -0.602005209181799561 0.140621822832335985
-0.747102240415107532 -0.599066354533360990 0.140289910166339848
-0.749458380902356058 -0.596143708620110346 0.139959715255640799
-0.751782560702076053 -0.593237222803309705 0.139631240092419895
-0.755210055899718569 -0.588907676377044775 0.139304486658482385
-0.757456623383973793 -0.586041347758925468 0.138979456925245687
-0.759673039170405962 -0.583190973466353957 0.138656152853727538
-0.761859801008875959 -0.580356485413418222 0.138334576394534364
-0.764017398348304733 -0.577537811744545326 0.138014729487848986
-0.766146312437564259 -0.574734877027769486 0.137696614063419348
-0.768247016432542673 -0.571947602432118729 0.137380232040546862
-0.770319975499621057 -0.569175905906691981 0.137065585328074641
-0.772365646912728132 -0.566419702361423916 0.136752675824376058
-0.774384480173636591 -0.563678903812259713 0.136441505417343317
-0.776376917100172759 -0.560953419563918532 0.136132075984376016
-0.778343391931296757 -0.558243156365152093 0.135824389392369904
-0.780284331438814927 -0.555548018549014144 0.135518447497705474
-0.782200155025239985 -0.552867908187441137 0.135214252146237057
-0.784091274818708106 -0.550202725245314106 0.134911805173281107
-0.785958095789258238 -0.547552367698447617 0.134611108403605934
-0.787801015829054707 -0.544916731699174428 0.134312163651419847
-0.789620425870798948 -0.542295711680968240 0.134014972720361059
-0.791416709973066124 -0.539689200507092792 0.133719537403486022
-0.793190245420890894 -0.537097089591551335 0.133425859483258913
-0.794941402826185417 -0.534519269016028420 0.133133940731541361
-0.795808703774909754 -0.533235682925975341 0.132843782909580932
-0.797526974634449326 -0.530679089166859574 0.132555387768000910
-0.799223765379663886 -0.528136505944982626 0.132268757046789781
-0.800899423988743808 -0.525607819634289486 0.131983892475290826
-0.802554292179439743 -0.523092915803444081 0.131700795772191348
-0.804188705491111322 -0.520591679337394919 0.131419468645512461
-0.805802993387060962 -0.518103994521120437 0.131139912792598762
-0.806602691615138756 -0.516865197692217837 0.130862129900108481
-0.808187396016936010 -0.514397622386629561 0.130586121644002573
-0.809752772582994496 -0.511943307598372810 0.130311889689535138
-0.811299130136426516 -0.509502136402099737 0.130039435691243210
-0.812065271729089710 -0.508286443072871852 0.129768761292936907
-0.813583667345623929 -0.505864767780429658 0.129499868127689266
-0.815083791200934216 -0.503455943452850496 0.129232757817826449
-0.816565932475978973 -0.501059853176307968 0.128967431974918306
-0.817300348524179543 -0.499866546832431258 0.128703892199768077
-0.818756046257936854 -0.497489338945556858 0.128442140082403289
-0.820194460716397455 -0.495124574032130393 0.128182177202065650
-0.820907271437633090 -0.493946821514771206 0.127924005127202034
-0.822320266466247118 -0.491600504291622831 0.127667625415454483
-0.823716644653881280 -0.489266341868884180 0.127413039613651358
-0.824408683134636333 -0.488103783011593351 0.127160249257797620
-0.825780617519572324 -0.485787639042127517 0.126909255873065646
-0.827136569713664449 -0.483483366067051445 0.126660060973786071
-0.827808629303752874 -0.482335646168966958 0.126412666063438650
-0.829141066431357432 -0.480048970042907697 0.126167072634643274
-0.829801503451649380 -0.478909986210355521 0.125923282169150691
-0.831110960882253780 -0.476640658523791116 0.125681296137833798
-0.832405388018663706 -0.474382760404528592 0.125441116000678810
-0.833047036078940484 -0.473258063829696596 0.125202743206776296
-0.834319340364169659 -0.471017109181963378 0.124966179194312452
-0.834950051402155946 -0.469900824793156924 0.124731425390560466
-0.836200726184592402 -0.467676576789975984 0.124498483211871971
-0.836820743054258021 -0.466568587429676218 0.124267354063668414
-0.838050266483656658 -0.464360814388974030 0.124038039340432532
-0.838659824509679463 -0.463261005587553565 0.123810540425700069
-0.839868659828220787 -0.461069481408015736 0.123584858692051325
-0.840467986964506197 -0.459977741573003307 0.123360995501102993
-0.841063953200329228 -0.458888667135788020 0.123138952203499741
-0.842245899752866456 -0.456718466812945367 0.122918730138906251
-0.842831927794993385 -0.455637317434947176 0.122700330635999083
-0.843994210795728117 -0.453482862433084222 0.122483755012458659
-0.844570511934111146 -0.452409534079756148 0.122269004574961190
-0.845713547027236667 -0.450270619853678611 0.122056080619171087
-0.846280325644087617 -0.449205012063719933 0.121844984429732739
-0.846843974331465743 -0.448141956115373274 0.121635717280263234
-0.847961968527361609 -0.446023457444552185 0.121428280433344166
-0.848516356715374509 -0.444967993965738606 0.121222675140514505
-0.849067700356188171 -0.443915040781986958 0.121018902642262602
-0.850161336705052562 -0.441816625441155519 0.120816964168019139
-0.850703670182460403 -0.440771143724984604 0.120616860936149317
-0.851243040647492788 -0.439728133203980742 0.120418594153945749
-0.851779467897441966 -0.438687584497513439 0.120222165017621091
-0.852843570796261163 -0.436613835798626448 0.120027574712300855
-0.853371284892423310 -0.435580617858355890 0.119834824412016289
-0.853896132671945418 -0.434549825839896320 0.119643915279697144
-0.854418132801329056 -0.433521451175144568 0.119454848467164781
-0.855453663631936645 -0.431471920556592503 0.119267625115125314
-0.855967230554156910 -0.430450748341272282 0.119082246353162544
-0.856478022265722228 -0.429431960971908055 0.118898713299731174
-0.856986056333062796 -0.428415550762302755 0.118717027062150135
-0.857491350114908069 -0.427401510193264222 0.118537188736595883
-0.858493785193082504 -0.425380508816721403 0.118359199408095833
-0.858990960154790151 -0.424373533878497855 0.118183060150521657
-0.859485462166124425 -0.423368900320460040 0.118008772026582914
-0.859977307546877179 -0.422366601534321151 0.117836336087820667
-0.860466512416852236 -0.421366631092873090 0.117665753374601195
-0.860953092695408873 -0.420368982755823906 0.117497024916109374
-0.861437064106624684 -0.419373650463994996 0.117330151730342946
-0.861918442175971578 -0.418380628351155415 0.117165134824105996
-0.862397242237477268 -0.417389910733243830 0.117001975193003135
-0.862873479433703627 -0.416401492114612304 0.116840673821433358
-0.863347168717191860 -0.415415367188207152 0.116681231682584041
-0.863818324851413522 -0.414431530839052931 0.116523649738425272
-0.864286962418653104 -0.413449978132288454 0.116367928939703880
-0.864753095812592631 -0.412470704333218918 0.116214070225937813
-0.865216739248620526 -0.411493704890199652 0.116062074525410328
-0.865677906762523541 -0.410518975442051848 0.115911942755164490
-0.866136612213170620 -0.409546511816627379 0.115763675820997711
-0.866592869283523637 -0.408576310033298695 0.115617274617456051
-0.867046691482396659 -0.407608366303571001 0.115472740027829104
-0.867498092150723266 -0.406642677022046262 0.115330072924144461
-0.867947084458854601 -0.405679238776499196 0.115189274167162514
-0.868393681411752993 -0.404718048341103032 0.115050344606371285
-0.868837895846252484 -0.403759102686404858 0.114913285079981331
-0.869279740441508575 -0.402802398961135566 0.114778096414920497
-0.869719227714754406 -0.401847934505397131 0.114644779426829185
-0.869719227714754406 -0.401847934505397131 0.114513334920055415
-0.870156370025200188 -0.400895706846372657 0.114383763687649603
-0.870591179575508134 -0.399945713699122185 0.114256066511360263
-0.871023668416728847 -0.398997952959834479 0.114130244161628980
-0.871453848449017965 -0.398052422708163711 0.114006297397585929
-0.871881731417237460 -0.397109121220974026 0.113884226967045130
-0.871881731417237460 -0.397109121220974026 0.113764033606500142
-0.872307328929617931 -0.396168046934663176 0.113645718041119337
-0.872730652442940125 -0.395229198482553501 0.113529280984741868
-0.873151713273437657 -0.394292574673148877 0.113414723139873122
-0.873151713273437657 -0.394292574673148877 0.113302045197680529
-0.873570522594813159 -0.393358174499606694 0.113191247837989437
-0.873987091448371167 -0.392425997120004255 0.113082331729278909
-0.873987091448371167 -0.392425997120004255 0.112975297528677909
-0.874401430735172402 -0.391496041878785228 0.112870145881961009
-0.874813551226421016 -0.390568308286741717 0.112766877423544909
-0.874813551226421016 -0.390568308286741717 0.112665492776484119
-0.875223463558940318 -0.389642796035040484 0.112565992552467672
-0.875631178244042796 -0.388719504978390806 0.112468377351815099
-0.875631178244042796 -0.388719504978390806 0.112372647763472971
-0.876036705664597681 -0.387798435145082332 0.112278804365011281
-0.876440056080395324 -0.386879586728227531 0.112186847722619942
-0.876440056080395324 -0.386879586728227531 0.112096778391105545
-0.876841239630075098 -0.385962960084521522 0.112008596913887773
-0.876841239630075098 -0.385962960084521522 0.111922303822996186
-0.877240266330907126 -0.385048555738050413 0.111837899639067123
-0.877240266330907126 -0.385048555738050413 0.111755384871340541
-0.877637146086020170 -0.384136374366755295 0.111674760017656721
-0.877637146086020170 -0.384136374366755295 0.111596025564453569
-0.878031888681911843 -0.383226416811309145 0.111519181986763555
-0.878031888681911843 -0.383226416811309145 0.111444229748210735
-0.878424503790270927 -0.382318684074102078 0.111371169301008127
-0.878424503790270927 -0.382318684074102078 0.111300001085954892
-0.878815000977130278 -0.381413177300655160 0.111230725532433697
-0.878815000977130278 -0.381413177300655160 0.111163343058408165
-0.879203389698527515 -0.380509897792973506 0.111097854070420235
-0.879203389698527515 -0.380509897792973506 0.111034258963587817
-0.879203389698527515 -0.380509897792973506 0.110972558121602394
-0.879589679304671246 -0.379608847002419036 0.110912751916726629
-0.879589679304671246 -0.379608847002419036 0.110854840709792277
-0.879973879042620033 -0.378710026526554500 0.110798824850197819
-0.879973879042620033 -0.378710026526554500 0.110744704675906469
-0.879973879042620033 -0.378710026526554500 0.110692480513444172
-0.880355998058767075 -0.377813438105482569 0.110642152677897440
-0.880355998058767075 -0.377813438105482569 0.110593721472911730
-0.880355998058767075 -0.377813438105482569 0.110547187190689372
-0.880736045400481338 -0.376919083621442441 0.110502550111987896
-0.880736045400481338 -0.376919083621442441 0.110459810506118417
-0.880736045400481338 -0.376919083621442441 0.110418968630943887
-0.880736045400481338 -0.376919083621442441 0.110380024732877557
-0.881114030020024419 -0.376026965091473597 0.110342979046881562
-0.881114030020024419 -0.376026965091473597 0.110307831796465444
-0.881114030020024419 -0.376026965091473597 0.110274583193684828
-0.881114030020024419 -0.376026965091473597 0.110243233439140137
-0.881114030020024419 -0.376026965091473597 0.110213782721975392
-0.881489960774001879 -0.375137084671463672 0.110186231219877029
-0.881489960774001879 -0.375137084671463672 0.110160579099072869
-0.881489960774001879 -0.375137084671463672 0.110136826514331099
-0.881489960774001879 -0.375137084671463672 0.110114973608959388
-0.881489960774001879 -0.375137084671463672 0.110095020514803896
-0.881489960774001879 -0.375137084671463672 0.110076967352248589
-0.881489960774001879 -0.375137084671463672 0.110060814230214563
-0.881489960774001879 -0.375137084671463672 0.110046561246159164
-0.881863846427316078 -0.374249444649434992 0.110034208486075674
-0.881863846427316078 -0.374249444649434992 0.110023756024492547
-0.881863846427316078 -0.374249444649434992 0.110015203924473198
-0.881863846427316078 -0.374249444649434992 0.110008552237615381
-0.881863846427316078 -0.374249444649434992 0.110003801004051049
-0.881863846427316078 -0.374249444649434992 0.110000950252446050
-0.881863846427316078 -0.374249444649434992 0.110000000000000001
