0.582124215225254926 -0.139528160286647246 0.739999999999999991
0.582124215225254926 -0.139528160286647246 0.739999049747553928
0.582124215225254926 -0.139528160286647246 0.739996198995948928
0.582124215225254926 -0.139528160286647246 0.739991447762384680
0.582124215225254926 -0.139528160286647246 0.739984796075526807
0.582124215225254926 -0.139528160286647246 0.739976243975507431
0.543475580624873000 -0.210937602435132043 0.739965791513924276
0.543475580624873000 -0.210937602435132043 0.739953438753840897
0.543475580624873000 -0.210937602435132043 0.739939185769785457
0.543475580624873000 -0.210937602435132043 0.739923032647751389
0.543475580624873000 -0.210937602435132043 0.739904979485196068
0.543475580624873000 -0.210937602435132043 0.739885026391040590
0.543475580624873000 -0.210937602435132043 0.739863173485668879
0.543475580624873000 -0.210937602435132043 0.739839420900927136
0.543475580624873000 -0.210937602435132043 0.739813768780122949
0.163344327182201265 -0.279135399297998799 0.739786217278024627
0.163344327182201265 -0.279135399297998799 0.739756766560859869
0.163344327182201265 -0.279135399297998799 0.739725416806315206
0.163344327182201265 -0.279135399297998799 0.739692168203534561
0.562363977626380573 0.206816257014248855 0.739657020953118471
0.562363977626380573 0.206816257014248855 0.739619975267122420
0.562363977626380573 0.206816257014248855 0.739581031369056063
0.562363977626380573 0.206816257014248855 0.739540189493881561
0.642996166533281066 0.054349926583151242 0.739497449888012137
0.642996166533281066 0.054349926583151242 0.739452812809310633
0.642996166533281066 0.054349926583151242 0.739406278527088290
0.642996166533281066 0.054349926583151242 0.739357847322102524
0.655462715326381451 -0.001498891308083783 0.739307519486555820
0.655462715326381451 -0.001498891308083783 0.739255295324093509
0.655462715326381451 -0.001498891308083783 0.739201175149802103
0.661278735693293318 -0.032176321394081164 0.739145159290207743
0.661278735693293318 -0.032176321394081164 0.739087248083273307
0.665639570856223051 -0.053118888086983063 0.739027441878397529
0.665639570856223051 -0.053118888086983063 0.738965741036412216
0.665639570856223051 -0.053118888086983063 0.738902145929579812
0.669465998528253392 -0.069274210012602255 0.738836656941591730
0.669465998528253392 -0.069274210012602255 0.738769274467566239
0.672990889706912343 -0.082695450038538232 0.738699998914045142
0.672990889706912343 -0.082695450038538232 0.738628830698991878
0.676289668678082490 -0.094387604688419946 0.738555770251789201
0.676289668678082490 -0.094387604688419946 0.738480818013236395
0.679393916833518019 -0.104902676810504192 0.738403974435546395
0.679393916833518019 -0.104902676810504192 0.738325239982343340
0.682321432615556223 -0.114571077008266853 0.738244615128659576
0.682321432615556223 -0.114571077008266853 0.738162100360932882
0.685085258208988912 -0.123604398649424907 0.738077696177003806
0.685085258208988912 -0.123604398649424907 0.737991403086112219
0.687696585535948590 -0.132145853142649872 0.737903221608894433
0.687696585535948590 -0.132145853142649872 0.737813152277379980
0.690165713596391006 -0.140297026503686528 0.737721195634988725
0.692502357300224469 -0.148132997241527731 0.737627352236526979
0.692502357300224469 -0.148132997241527731 0.737531622648184837
0.694715742108605427 -0.155711339161589579 0.737434007447532291
0.696814634604500993 -0.163077731068142162 0.737334507223515900
0.696814634604500993 -0.163077731068142162 0.737233122576455124
0.698807360466190408 -0.170269597063127553 0.737129854118038996
0.700701826129569549 -0.177318560896309207 0.737024702471322124
0.700701826129569549 -0.177318560896309207 0.736917668270721027
0.702505547982251510 -0.184252165223937614 0.736808752162010583
0.704225688862404553 -0.191095126202936061 0.736697954802319477
0.704225688862404553 -0.191095126202936061 0.736585276860126870
0.705869100644786140 -0.197870292386798652 0.736470719015258179
0.707442371758526201 -0.204599418407321265 0.736354281958880641
0.708951878868781415 -0.211303829907678264 0.736235966393499863
0.710403842377767436 -0.218005036726439894 0.736115773032954834
0.710403842377767436 -0.218005036726439894 0.735993702602414035
0.711804385746399593 -0.224725341391197264 0.735869755838370998
0.713159598885189538 -0.231488486805729088 0.735743933488639756
0.714475605932159419 -0.238320389587079462 0.735616236312350402
0.715758637568783329 -0.245250014061581478 0.735486665079944646
0.715758637568783329 -0.245250014061581478 0.735355220573170709
0.717015107415286845 -0.252310457753437967 0.735221903585079439
0.718251690659921227 -0.259540345204832323 0.735086714920018758
0.719475400195254688 -0.266985668232818107 0.734949655393628665
0.720693649816928961 -0.274702276272402846 0.734810725832837464
0.721914282752438519 -0.282759325644494797 0.734669927075855544
0.723145521367341670 -0.291244169376149054 0.734527259972170943
0.724395748693085650 -0.300269460073723238 0.734382725382543899
0.725672939022288022 -0.309983743790865129 0.734236324179002309
0.726983355736207093 -0.320587732466105613 0.734088057244835501
0.728328693005621197 -0.332360147551791663 0.733937925474589692
0.729699810320472819 -0.345700376029785539 0.733785929774062096
0.731062670458857866 -0.361202120901537138 0.733632071060296154
0.732325349644256773 -0.379787547862981911 0.733476350261574761
0.733255394507758784 -0.402967821610016319 0.733318768317415937
0.733253011690051748 -0.433390094075962629 0.733159326178566717
0.730645201442289727 -0.476099158103842290 0.732998024806996828
0.720066450769164645 -0.541773387883831670 0.732834865175894024
0.679967325984055737 -0.655533218006595142 0.732669848269657087
0.490998450337743808 -0.862756243331286532 0.732502975083890617
-0.225089262208458929 -0.635159419497617894 0.732334246625398921
0.172618194436027439 0.053232939760274732 0.732163663912179352
0.474102797316466928 -0.008611166990262570 0.731991227973417091
0.575606632070795543 -0.086438493514142373 0.731816939849478376
0.644516426500306938 -0.175104186763839181 0.731640800591904172
0.659152817734765195 -0.202039827435952030 0.731462811263404067
0.668830354797268711 -0.223099058317956123 0.731282972937849940
0.675614470096014941 -0.240296302675779061 0.731101286700268749
0.680574358478078345 -0.254837072396000286 0.730917753646837420
0.684313100737550473 -0.267481307469756124 0.730732374884874636
0.689448937285137564 -0.288926774074621084 0.730545151532835280
0.691230436650910551 -0.298314438556843697 0.730356084720302889
0.692644148536984083 -0.307070213189259422 0.730165175587983772
0.693764673654566733 -0.315326435644476100 0.729972425287699123
0.695328632250531986 -0.330722545317126748 0.729777834982378915
0.695842361440663804 -0.338004120949192299 0.729581405846054243
0.696210403795274768 -0.345079861947323707 0.729383139063850661
0.696576766398090630 -0.358775370353548950 0.729183035831980852
0.696599788976301260 -0.365461018822684891 0.728981097357737307
0.696528105863093105 -0.372075611461914924 0.728777324859485542
0.696368269614112800 -0.378643518542681190 0.728571719566655895
0.695802781233229695 -0.391730653623032499 0.728364282719736744
0.695403302194865791 -0.398296160083341400 0.728155015570267294
0.694377850965258503 -0.411609136719200408 0.727943919380828919
0.693750997154018778 -0.418438443762396861 0.727730995425038829
0.693044378241689851 -0.425478340207473937 0.727516244987541416
0.691347753932828435 -0.441052062597329875 0.727299669364000922
0.690252917401407484 -0.451409899932107062 0.727081269861093782
0.688846681989575438 -0.431550412946340500 0.726861047796500293
0.687665806638777521 -0.454501982929235160 0.726639004498896957
0.686341363689327744 -0.465010137723799233 0.726415141307948709
0.683474289625011000 -0.481986313201618555 0.726189459574299923
0.681891934437017011 -0.490096007550203994 0.725961960659567529
0.678367222600906317 -0.506456440951108311 0.725732645936331688
0.676400979235734723 -0.514837712235587608 0.725501516788128020
0.671992601002040835 -0.532197845818530357 0.725268574609439609
0.669518025853230392 -0.541236927232227494 0.725033820805687568
0.663929411379330814 -0.560172845895529736 0.724797256793223710
0.657320889427230326 -0.580442779879921322 0.724558883999321224
0.653556586562031305 -0.591154285033996030 0.724318703862166235
0.644907608953454337 -0.613899414660842302 0.724076717830849370
0.639922606120351900 -0.626007461964490419 0.723832927365356760
0.628313990538284850 -0.651898982596336607 0.723587333936561383
0.621529055640909656 -0.665771399822511101 0.723339939026213963
0.605479712878421616 -0.695605759542545776 0.723090744126934415
0.585191392172268343 -0.728545286093181477 0.722839750742202303
0.573002598100367133 -0.746289132370394070 0.722586960386348620
0.543292998016045803 -0.784467055163698079 0.722332374584545467
0.504199412136414948 -0.826160272361790682 0.722075994872797944
0.480020682945954569 -0.848130232676315932 0.721817822797934383
0.419420168746560962 -0.893175484872781089 0.721557859917596800
0.337432179781472219 -0.936213144004570230 0.721296107800231900
0.286277507801780629 -0.954596629147212772 0.721032568025081755
0.159919698389929976 -0.976342420524673793 0.720767242182173473
0.001707859406466838 -0.959152758501943259 0.720500131872310767
-0.171680404146383525 -0.874397829936609972 0.720231238707063071
-0.250923078026321300 -0.799982226822073206 0.719960564308756767
-0.356731249251381333 -0.595022184923623021 0.719688110310464868
-0.358692106934638821 -0.363653298295436800 0.719413878355997460
-0.268627292453511135 -0.173802693538169684 0.719137870099891496
-0.136724551282166207 -0.056116485880572359 0.718860087207401133
-0.069280958361776668 -0.022210981065695364 0.718580531354487628
0.053544459533660979 0.009499655162941482 0.718299204227808685
0.154021038287990158 0.010418496791640655 0.718016107524709124
0.232719884011625411 -0.004635962251771236 0.717731242953210224
0.293438019012479401 -0.026994092261593466 0.717444612231999179
0.340196746700119901 -0.051998142593226049 0.717156217090419101
0.359418336860825915 -0.064694738734072249 0.716866059268458589
0.391261495213800714 -0.089633822661740470 0.716574140516741065
0.416076413359270258 -0.113405051391726380 0.716280462596514012
0.435496960317109161 -0.135707762057713649 0.715985027279638975
0.450726848824390625 -0.156476057075339070 0.715687836348580131
0.462657310082576823 -0.175758283175010299 0.715388891596394072
0.471953783142643357 -0.193653870445906817 0.715088194826718926
0.479118036186404750 -0.210280568447463651 0.714785747853762921
0.484532303672680520 -0.225757833738028407 0.714481552502294504
0.488490671772504159 -0.240198809231566668 0.714175610607630129
0.491221523027683626 -0.253706854686891470 0.713867924015623934
0.492903718784386435 -0.266374453795885369 0.713558494582656633
0.493678376490937709 -0.278283322564662705 0.713247324175623976
0.493657525829217625 -0.289505084266541812 0.712934414671925309
0.492930533988822805 -0.300102170837786453 0.712619767959453143
0.491568921268629444 -0.310128772259484597 0.712303385936580713
0.489630003843602724 -0.319631744066040280 0.711985270512151103
0.487159673604558474 -0.328651431482048950 0.711665423605465697
0.484194537051651830 -0.337222394760247401 0.711343847146272412
0.480763573666187882 -0.345374033737554265 0.711020543074754374
0.474791768298789607 -0.356868282335882747 0.710695513341517593
0.470283920869696836 -0.364070900330340230 0.710368759907580083
0.465367978798860160 -0.370923307558222171 0.710040284744359096
0.460051163089519211 -0.377437015197680692 0.709710089833660129
0.454337556740164183 -0.383620297502078988 0.709378177167664048
0.448228476773819051 -0.389478325015733651 0.709044548748915870
0.441722777981965908 -0.395013244515303452 0.708709206590312113
0.431212675920059352 -0.402707120329270918 0.708372152715089243
0.423696423770601627 -0.407423955165016727 0.708033389156810689
0.415763454458033532 -0.411801376989960832 0.707692917959355072
0.407404177531212996 -0.415827599271208825 0.707350741176904108
0.394041501723709220 -0.421174090709107218 0.707006860873929721
0.384565574525689735 -0.424247476011417157 0.706661279125181618
0.374619668942337225 -0.426899505280977587 0.706313998015675182
0.364189169624053288 -0.429100607717894877 0.705965019640678482
0.347601622302912416 -0.431479724935078524 0.705614346105699508
0.335893053583905365 -0.432390233088447706 0.705261979526474403
0.323646884732449791 -0.432703643787145376 0.704907922028953582
0.310849205885239566 -0.432363538907663048 0.704552175749289300
0.290592521701834583 -0.430485169740415730 0.704194742833822995
0.276368450590177950 -0.428211051989525804 0.703835625439072410
0.261563752235407121 -0.425018768592148266 0.703474825731717712
0.238274878002227880 -0.418290121965926798 0.703112345888589618
0.222045820063007576 -0.412345343030070755 0.702748188096655402
0.196713745584138205 -0.400915178611018719 0.702382354553006127
0.179232879747937002 -0.391405432679525989 0.702014847464843106
0.161356786586742657 -0.380194240880077861 0.701645669049464793
0.134020244966555596 -0.359795277332419283 0.701274821534253578
0.115647206862212956 -0.343528122427548155 0.700902307156661686
0.088334909686489757 -0.314623894458699205 0.700528128164198294
0.070657017630931643 -0.292059068573786607 0.700152286814415881
0.053773453990799511 -0.266637260187533753 0.699774785374896457
0.030815681880095230 -0.222805273399942494 0.699395626123237801
0.017793726356923473 -0.189633816414734313 0.699014811347040133
0.003119256587198527 -0.133926889622073164 0.698632343343891682
-0.002474980155827020 -0.093003211032645444 0.698248224421355368
-0.002841418505860512 -0.026699144263313348 0.697862456896954697
0.003271125137097430 0.020021761631988766 0.697475043098159664
0.023484023325054192 0.091975961623685654 0.697085985362372984
0.044942027998626330 0.139747072800764455 0.696695286036915662
0.089466976139502316 0.208190055386588635 0.696302947479013001
0.148058388615023073 0.269057447006595063 0.695908972055780284
0.193885220258621260 0.303488484719608431 0.695513362144208891
0.270271136633622289 0.343628650182712492 0.695116120131151316
0.324498410982518193 0.361887982032676248 0.694717248413307176
0.407527772855189818 0.376101587633590750 0.694316749397208888
0.488916154673882275 0.375242742206586488 0.693914625499206461
0.540553791304226983 0.367204577397963527 0.693510879145453840
0.612233187242602672 0.345826710433348949 0.693105512771893584
0.655491881540635535 0.326566225182121195 0.692698528824242432
0.713042491742927442 0.292188497521224055 0.692289929757976541
0.761772751969218453 0.253404968989888513 0.691879718038316605
0.789579433145919829 0.226130635467682750 0.691467896140213090
0.824834492520155838 0.184311302490843432 0.691054466548331137
0.853158272430673881 0.142500936769176745 0.690639431757035682
0.868662462035561744 0.115081728708032849 0.690222794270376361
0.887539787239120970 0.075090348711227883 0.689804556602072627
0.901924857564531335 0.036808590148346254 0.689384721275498102
0.912583073973692205 0.000455104099837178 0.688963290823665919
0.917947672738411935 -0.022662705574061526 0.688540267789212845
0.923807174058558056 -0.055656614049267528 0.688115654724384629
0.927472963101487080 -0.086675074174217159 0.687689454191019900
0.929352905814730290 -0.115804152148166417 0.687261668760535072
0.929782161295434895 -0.134227527542547409 0.686832301013909019
0.929399575554544777 -0.160457759811492628 0.686401353541667092
0.927993732275273375 -0.185113147512475318 0.685968828943865794
0.925758750967415001 -0.208318090071082263 0.685534729830076905
0.922852018179560085 -0.230193171435978283 0.685099058819371831
0.919400853772049942 -0.250853011459199748 0.684661818540305611
0.916849220892248962 -0.264004527514603460 0.684223011630901601
0.912708888478128255 -0.282874319046567013 0.683782640738634817
0.908255218681634169 -0.300799177562776909 0.683340708520416507
0.903545003640602085 -0.317867109882760679 0.682897217642577936
0.898623053299679397 -0.334159453314119170 0.682452170780854406
0.893524176259596570 -0.349751503566624100 0.682005570620368706
0.888274724601720411 -0.364713228644545029 0.681557419855615576
0.882893767740354884 -0.379110043551755260 0.681107721190444715
0.877393941375697706 -0.393003639216676082 0.680656477338045240
0.871781998973284233 -0.406452874768050920 0.680203691020928702
0.867979207178856238 -0.415200360862320483 0.679749364970912762
0.862180136549903442 -0.428035263937102617 0.679293501929105314
0.856259203685673764 -0.440576820316312123 0.678836104645886729
0.850201344193563413 -0.452883118989092448 0.678377175880894634
0.843983723240101069 -0.465015741438452423 0.677916718403006269
0.837573773634164298 -0.477042253288218476 0.677454734990322271
0.830926113077623762 -0.489039621208081088 0.676991228430149805
0.823977710077987702 -0.501099079316649987 0.676526201518985459
0.816640189021524243 -0.513333319967777313 0.676059657062499042
0.808787247037883406 -0.525887521602979358 0.675591597875515815
0.797181224715012959 -0.543472260119284178 0.675122026782000395
0.787226533676553375 -0.557676188087182112 0.674650946615038660
0.775626309216098098 -0.573253311919161290 0.674178360216821981
0.761451041963039921 -0.590942516555227115 0.673704270438628683
0.742939142102099326 -0.611989681006175235 0.673228680140807945
0.716330426914878138 -0.638645920378402843 0.672751592192761816
0.672090995853079298 -0.675218507120307954 0.672273009472928451
0.578651171965332445 -0.728796188344601026 0.671792934868764235
0.280883978395322087 -0.756604206383966638 0.671311371276726909
0.260024340338178617 0.178148394134486382 0.670828321602257471
0.869124437171465480 -0.258339576589338427 0.670343788759763304
0.858497662385844018 -0.394832025759103755 0.669857775672599853
0.836723064144337947 -0.471929223123156327 0.669370285273053756
0.832377664353059488 -0.465234616801384004 0.668881320502324628
0.816724028618678877 -0.506646320221336266 0.668390884310507527
0.805499831932345423 -0.529411541913968220 0.667898979656575076
0.793066054918514451 -0.551717179093077936 0.667405609508359698
0.784892566022118210 -0.565253390939843503 0.666910776842535635
0.777386102308092797 -0.577080650754227320 0.666414484644600846
0.770372325248453005 -0.587693344381697180 0.665916735908859470
0.761586869546963308 -0.600475613224690896 0.665417533638403169
0.755318191847836440 -0.609290433267508647 0.664916880845093483
0.749259929631111876 -0.617591917938532076 0.664414780549543171
0.743369358145512305 -0.625474301430427038 0.663911235781098785
0.735719825277542094 -0.635451677764561018 0.663406249577821461
0.730103218025041523 -0.642602700914295832 0.662899824986468933
0.724567536093098874 -0.649513462855348056 0.662391965062477772
0.719096444171825833 -0.656215176463342043 0.661882672869943733
0.711878718253084686 -0.664868744454000904 0.661371951481604547
0.706508378871403830 -0.671173656998969803 0.660859803978820493
0.701163883048420922 -0.677338336065293811 0.660346233451555964
0.694063158020820303 -0.685363630531081292 0.659831242998361267
0.688746427495246283 -0.691252131435275419 0.659314835726353410
0.681655454072736755 -0.698948639081264367 0.658797014751197674
0.676326784317061391 -0.704616275397988767 0.658277783197088628
0.670981607732153984 -0.710202888209038319 0.657757144196731369
0.663817042071334518 -0.717538095716231394 0.657235100891322421
0.658405919056860633 -0.722963070941048613 0.656711656430531421
0.652953705421851938 -0.728329812205323002 0.656186813972481464
0.645604766997746382 -0.735406193258430929 0.655660576683730012
0.640020251177426225 -0.740662811616867311 0.655132947739250349
0.632453610607353833 -0.747618042584393017 0.654603930322411820
0.626668238409884726 -0.752805046499253505 0.654073527624961182
0.618769635086782843 -0.759700608387145815 0.653541742847002838
0.612673127405559348 -0.764872863305694151 0.653008579196979855
0.604245651334392342 -0.771800502362089413 0.652474039891654756
0.597633997664491545 -0.777048161862110565 0.651938128156089536
0.588282716262011784 -0.784174649657223610 0.651400847223626678
0.580708586761610857 -0.789679331748122326 0.650862200335869279
0.569464979196425247 -0.797382315192677549 0.650322190742662065
0.559675135832985227 -0.803611928277742305 0.649780821702071409
0.543263505097178356 -0.813041499899096465 0.649238096480365567
0.525817277851605036 -0.821743822925524503 0.648694018351995028
0.482021179598627669 -0.838680922796043782 0.648148590599572971
0.372956964178905614 -0.859149058582810987 0.647601816513855399
0.788263605908983367 -0.587079219657112406 0.647053699393721038
0.643460311228149617 -0.762629878603242717 0.646504242546151686
0.591724776374702333 -0.799064381518089117 0.645953449286212344
0.566889432228512624 -0.814665326587641125 0.645401322937030675
0.553530929077190814 -0.822842288141310996 0.644847866829777683
0.538642527981091690 -0.831833030463356660 0.644293084303647068
0.528555011846455591 -0.837829120981159581 0.643736978705835461
0.515704900154460022 -0.845303373372294331 0.643179553391521885
0.502956928270294701 -0.852476251314565725 0.642620811723847774
0.493161080074887737 -0.857787784130655817 0.642060757073896426
0.479387819638532442 -0.864917261907556467 0.641499392820673031
0.468194542315724993 -0.870392170240114615 0.640936722351083898
0.451437605119563046 -0.878016408708936824 0.640372749059916258
0.431308293092303174 -0.886234762890945826 0.639807476349817827
0.405208262513437611 -0.895357646454969180 0.639240907631276056
0.378460455187979938 -0.902965979558347120 0.638673046322597582
0.322284849503732429 -0.913577416307694401 0.638103895849887803
0.199754343745094265 -0.913510431960127711 0.637533459647030010
-0.054898257129945005 -0.802267485298274186 0.636961741155665062
0.687497359564493205 -0.159466472763378775 0.636388743825169967
0.676820012637948665 -0.701501951958438230 0.635814471112637336
0.607917849072023064 -0.783735090325099026 0.635238926482855071
0.555122931965422728 -0.828590270298861453 0.634662113408284490
0.522192756550888149 -0.851462430801617653 0.634084035369040122
0.498523130429071593 -0.866081552707388846 0.633504695852868616
0.479830760096520703 -0.876754680674541875 0.632924098355127196
0.467821403269274239 -0.883264566259956641 0.632342246378763129
0.453574339726189435 -0.890674309059907632 0.631759143434292514
0.440724397811776691 -0.897089480764578395 0.631174793039778748
0.428843011136747942 -0.902808677235988233 0.630589198720811650
0.420397826227647764 -0.906754069824491582 0.630002364010486038
0.409603064978015352 -0.911655149242523444 0.629414292449380408
0.399213485685933178 -0.916223389342474159 0.628824987585535511
0.389127455875056483 -0.920519193877912700 0.628234452974433477
0.379269998302827926 -0.924585546822449866 0.627642692178975614
0.369584392600842748 -0.928453777854976181 0.627049708769460978
0.360026754616432132 -0.932147171210561565 0.626455506323565503
0.352921385592574355 -0.934813219024167141 0.625860088426319683
0.343508444640803046 -0.938240395567903507 0.625263458670087813
0.334143396498580103 -0.941531728901956799 0.624665620654545006
0.324806350474738770 -0.944695739447610761 0.624066577986656545
0.315480531361740923 -0.947739015792923190 0.623466334280656009
0.306151565232398892 -0.950666629200585644 0.622864893158023070
0.296806943819213132 -0.953482436710845760 0.622262258247461841
0.287435616463777299 -0.956189305442176174 0.621658433184878789
0.278027674514264966 -0.958789280114175413 0.621053421613361412
0.268574103522220220 -0.961283708947390014 0.620447227183155481
0.261448956034724123 -0.963085735721389335 0.619839853551643394
0.251895847461815925 -0.965396934582325672 0.619231304383322301
0.242275446869865518 -0.967603396945330596 0.618621583349781567
0.232580607676220408 -0.969704529719044306 0.618010694129680793
0.222804404851748794 -0.971699322363110740 0.617398640408728050
0.212940049129935971 -0.973586366514412216 0.616785425879656679
0.202980810391239053 -0.975363867053785416 0.616171054242203975
0.192919947436471118 -0.977029645659242663 0.615555529203088425
0.182750641823553606 -0.978581137510394106 0.614938854475987173
0.172465933757049217 -0.980015381503544614 0.614321033781514036
0.162058658249596976 -0.981329004060256471 0.613702070847196968
0.151521379861870475 -0.982518196370180119 0.613081969407454963
0.140846324365130726 -0.983578684664654146 0.612460733203576524
0.130025305649301370 -0.984505692865180082 0.611838365983696564
0.119049646047883151 -0.985293896676620484 0.611214871502773316
0.105098441514768659 -0.986074863686246639 0.610590253522566684
0.093739947461661532 -0.986528052768963937 0.609964515811614816
0.082194070215945381 -0.986820592783590911 0.609337662145211567
0.070448908041123359 -0.986944054695104156 0.608709696305383963
0.058491447058425183 -0.986889011887480017 0.608080622080868771
0.046307378806685451 -0.986644893099926756 0.607450443267090412
0.033880884980447168 -0.986199804314661366 0.606819163666137418
0.021194381512878335 -0.985540311972377348 0.606186787086739787
0.008228212111602295 -0.984651177598876437 0.605553317344246333
-0.005039721512713813 -0.983515030823536418 0.604918758260600598
-0.018634409225488591 -0.982111963540076793 0.604283113664319305
-0.036130963338475763 -0.979947463806202679 0.603646387390467831
-0.050571164976510263 -0.977854209975378197 0.603008583280637778
-0.065446920545175091 -0.975404690293706356 0.602369705182924098
-0.080803518919454587 -0.972560613268886320 0.601729756951901340
-0.096694060389936554 -0.969276347612359590 0.601088742448600111
-0.113181339421022154 -0.965496967684893237 0.600446665540484759
-0.134745210846716035 -0.959973222784086921 0.599803530101429061
-0.152873174381772725 -0.954811256473969694 0.599159340011693797
-0.171904970492080200 -0.948872144199757184 0.598514099157902213
-0.191984804105181817 -0.942016539643259376 0.597867811433017704
-0.213294426677800686 -0.934063123661827976 0.597220480736319392
-0.242022629631644171 -0.922201925922071508 0.596572110973379255
-0.267065048705468600 -0.910756321730313623 0.595922706056038476
-0.294410697788085152 -0.897027376054216785 0.595272269902383133
-0.324677149680945909 -0.880251050441970717 0.594620806436721661
-0.358754273991991446 -0.859223602182815238 0.593968319589560312
-0.408800422051032730 -0.823714877767103948 0.593314813297580179
-0.457459084448882558 -0.782817087439624637 0.592660291503612213
-0.517423018997310580 -0.720505300085614753 0.592004758156615130
-0.591423089535650481 -0.610698868734355638 0.591348217211650096
-0.637384493318619461 -0.269484050481979431 0.590690672629857860
-0.073654934855731241 0.037866631071226398 0.590032128378433995
0.103955509798147550 -0.544055660115192463 0.589372588430605804
-0.182057980288874516 -0.654635383462239595 0.588712056765608116
-0.306186664495007421 -0.573155659272275075 0.588050537368658643
-0.362221886325368003 -0.432962764221718421 0.587388034230934886
-0.332838603750740480 -0.246286742110043588 0.586724551349549261
-0.099065529736472924 -0.025857299373792532 0.586060092727525461
0.224797775962746804 -0.025294012336670835 0.585394662373774133
0.469825373604672580 -0.239796785010621127 0.584728264303068901
0.518672676609373329 -0.563556024341821837 0.584060902536021609
0.446079010529577880 -0.740164093425881187 0.583392581099058893
0.352083206589383080 -0.846456145471384480 0.582723304024396649
0.242350584450932216 -0.918423530199279470 0.582053075350017379
0.167198530350840702 -0.948432460969220070 0.581381899119644441
0.087861195506098611 -0.967153715839414896 0.580709779382718061
0.033776567953938574 -0.973237036099066199 0.580036720194371247
-0.013883982964641384 -0.974457165053857932 0.579362725615404806
-0.066617357844239111 -0.971524750911951562 0.578687799712263029
-0.104770141258828831 -0.966744720225826804 0.578011946557009382
-0.140493743640288660 -0.960411005118544159 0.577335170227301964
-0.183673146900653395 -0.950815356362729291 0.576657474806368309
-0.220089884259602242 -0.941993032966327082 0.575978864382981293
-0.288959542578808626 -0.928222489845070720 0.575299343051434375
0.124967387452051937 -0.720794949344828240 0.574618914911516843
-0.242859101043703840 -0.901265209543723467 0.573937584068489048
-0.282208669539077472 -0.890818974265425778 0.573255354633057546
-0.310852730929502830 -0.878443644987086047 0.572572230721350661
-0.341536688240962005 -0.861525504842398870 0.571888216454893183
-0.363987961445219943 -0.846977987536820742 0.571203315960581826
-0.390406887693860338 -0.827515589650346772 0.570517533370660246
-0.410550156564207458 -0.810862980672292677 0.569830872822694068
-0.434708976740290853 -0.788574372508684118 0.569143338459545789
-0.453296926403879696 -0.769453174057789679 0.568454934429350356
-0.475636290307759058 -0.743756940044082770 0.567765664885489074
-0.492766295236189034 -0.721604073655363276 0.567075533986565739
-0.513157342166918884 -0.691664465728616840 0.566384545896380986
-0.528531929047639015 -0.665693080968745021 0.565692704783906763
-0.546329831990219561 -0.630356730044756564 0.565000014823262009
-0.559166875618433368 -0.599489935860436973 0.564306480193686899
-0.572956846643912332 -0.557194187101855309 0.563612105079517756
-0.581658595029965753 -0.519996740425483606 0.562916893670161955
-0.588631554576934501 -0.468722613638456465 0.562220850160072394
-0.590054839660219432 -0.423441634258762578 0.561523978748722397
-0.584687381656599170 -0.360990613688879192 0.560826283640580292
-0.572646505448702214 -0.306142138983885426 0.560127769045084101
-0.544121512550819864 -0.231801484788538514 0.559428439176616110
-0.506728921252875164 -0.168898240206688033 0.558728298254477340
-0.435312540345785315 -0.090114351192023795 0.558027350502862229
-0.353180075970197849 -0.033323450140905625 0.557325600150833100
-0.214347782895058986 0.014467880286219773 0.556623051432294513
-0.076771219074088126 0.016987365149101381 0.555919708585968286
0.107847042109906283 -0.049668366870308941 0.555215575855366850
0.260118254375813152 -0.204610698066598484 0.554510657488768932
0.322334324041910036 -0.373828908572709007 0.553804957739192694
0.307874925459703297 -0.591380523452026519 0.553098480864371078
0.236428865616006761 -0.736134917463650340 0.552391231126725279
0.107504020024793645 -0.860688310603310969 0.551683212793339983
-0.032554885772865361 -0.926453890233748911 0.550974430135936832
-0.138954174392297902 -0.946635287413375881 0.550264887430848670
-0.258146235551518222 -0.943867359039909926 0.549554588958994228
-0.341435317069215261 -0.926407262753264016 0.548843539005852032
-0.431410567845829762 -0.892118472790142558 0.548131741861434318
-0.507581555077187496 -0.848608156206414388 0.547419201820261936
-0.559955448187193561 -0.809248096666349892 0.546705923181337261
-0.616168010193372306 -0.755917429522113271 0.545991910248119217
-0.663323408609254872 -0.699023032318363713 0.545277167328497070
-0.695156682114294933 -0.651392930233787082 0.544561698734763899
-0.728077429704917178 -0.589563760065275999 0.543845508783591502
-0.753634321465716517 -0.525472638273300707 0.543128601796003752
-0.768814751064505142 -0.472762828107704536 0.542410982097350503
-0.781086120659842620 -0.405361891143593056 0.541692654017281949
-0.785630267386578929 -0.336697119519820121 0.540973621889721756
-0.783437928149368190 -0.281258528394686902 0.540253890052841745
-0.773049062399651210 -0.211999410654376330 0.539533462849035028
-0.753789487890353271 -0.143746187450805307 0.538812344624890471
-0.731801648603745969 -0.090714823114435461 0.538090539731165718
-0.696027290741951132 -0.027640726075368438 0.537368052522761430
-0.651261700893309370 0.030300847825411203 0.536644887358695422
-0.609387990775738242 0.071771551551517487 0.535921048602074901
-0.550374280115275893 0.116038907980807571 0.535196540620071826
-0.485407535481435948 0.150425957894082946 0.534471367783895701
-0.430487704020971473 0.169978842938444674 0.533745534468767047
-0.360131082399006985 0.183828823371289085 0.533019045053891527
-0.290264629522973328 0.185756348779299363 0.532291903922433307
-0.223461206545896962 0.176249822217060176 0.531564115461488407
-0.173841956311203166 0.161167368165396674 0.530835684062058610
-0.118353515601814993 0.134379704746486528 0.530106614119024488
-0.071705052310016532 0.100765482973589060 0.529376910031119641
-0.035195057214198001 0.062834304929057033 0.528646576200903162
-0.013960848964474977 0.031357657761581191 0.527915617034733886
0.001873745978869636 -0.006236692115690709 0.527184036942743628
0.005049244346716632 -0.036317436784704615 0.526451840338810095
-0.003485579497101741 -0.046312923152032212 0.525719031640530909
-0.007113430718490500 -0.019711062025951402 0.524985615269196515
0.091521027650163789 0.061263522927946248 0.524251595649763980
0.273665609924694353 -0.074405057019052853 0.523516977210829459
0.246622746382959834 -0.237183482860746947 0.522781764384602554
0.201928502763989909 -0.301423901166068264 0.522045961606878439
0.155890715916300326 -0.350492496027303368 0.521309573317012220
0.118038893451981916 -0.385349173896615493 0.520572603957891289
0.084592863228403342 -0.412936712856004973 0.519835057975908787
0.053531023061001798 -0.435679066663340553 0.519096939820936853
0.029711643452578818 -0.451115626337219522 0.518358253946300196
0.000792544712296395 -0.467469415107157893 0.517619004808748007
-0.027418243511686952 -0.480923819567165234 0.516879196868428425
-0.055049141102018362 -0.491775366226441801 0.516138834588860784
-0.082158198402445842 -0.500262085875178064 0.515397922436909073
-0.103486654260516397 -0.505484820437703153 0.514656464882754738
-0.129707332512309231 -0.510203071114690765 0.513914466399869707
-0.155443627632647186 -0.513054919769722617 0.513171931464990072
-0.180699605813820829 -0.514177410006533497 0.512428864558087671
-0.205481239613028693 -0.513690430052619496 0.511685270162344774
-0.229797626510284875 -0.511698228544292921 0.510941152764125550
-0.248924131811006616 -0.509081499273625671 0.510196516852949977
-0.272437333793221548 -0.504597008861396912 0.509451366921466198
-0.295529605762615111 -0.498825037501140489 0.508705707465423762
-0.318223258821560828 -0.491819145802653235 0.507959542983646317
-0.340543812857528716 -0.483620895695478503 0.507212877978004517
-0.362519965286598245 -0.474259997959496193 0.506465716953388712
-0.379874280135889975 -0.465946510048712903 0.505718064417682078
-0.401313375783646953 -0.454529264867447269 0.504969924881733090
-0.422506578754470952 -0.441967309915896500 0.504221302859328868
-0.443496661849707596 -0.428241335728371808 0.503472202867166985
-0.464331378230149638 -0.413316053914940862 0.502722629424828926
-0.485064362065655508 -0.397137621129757035 0.501972587054753117
-0.505756242566114289 -0.379629998446629258 0.501222080282206495
-0.526475966383585403 -0.360689846658720836 0.500471113635258535
-0.543124345239814232 -0.344415102657154359 0.499719691644752828
-0.564100215741801247 -0.322519672201002749 0.498967818844280431
-0.585353900757820567 -0.298684259499025717 0.498215499770152170
-0.606998618357379782 -0.272606287234307354 0.497462738961371664
-0.629159563866356852 -0.243880988355850870 0.496709540959607176
-0.651968714031213481 -0.211960965685352970 0.495955910309165471
-0.675550890290392170 -0.176096178919287916 0.495201851556962724
-0.699991455026950371 -0.135243966453627518 0.494447369252498770
-0.725265527849180969 -0.087933468426637462 0.493692467947828284
-0.745907710031070481 -0.044050819202479108 0.492937152197534589
-0.771583285948240660 0.020789668156973529 0.492181426558700674
-0.795365809583466921 0.100553261949322126 0.491425295590883215
-0.813081530107914729 0.200841165934112720 0.490668763856084045
-0.815606742450633915 0.328596386675636010 0.489911835918723060
-0.784209687593833471 0.489296949099108480 0.489154516345610635
-0.685555519549004400 0.676176718978782287 0.488396809705919865
-0.480558392523117828 0.845561023673463974 0.487638720571159257
-0.177532687873706962 0.904451311711198858 0.486880253515145078
0.113288655023770557 0.791895519631049760 0.486121413113973777
0.277564475483299489 0.578346269354154119 0.485362203945993942
0.316715507829122500 0.375219004705076742 0.484602630591779604
0.298537856765602405 0.252839459889365570 0.483842697634101593
0.253965728650741962 0.148515809003016724 0.483082409657900780
0.206997158721371782 0.083691662919737619 0.482321771250259546
0.166667722161900594 0.044188158257997684 0.481560787000374912
0.135197697804989303 0.020142843409760157 0.480799461499530345
0.112285131742667535 0.005197485472699929 0.480037799341068050
0.096846385928933021 -0.004715497419544183 0.479275805120361664
0.087666027837002419 -0.012253806920679962 0.478513483434788112
0.083632009619941938 -0.019229219737380260 0.477750838883700013
0.083850130113883259 -0.026992403744985804 0.476987876068398153
0.087832260686606364 -0.036829744400055667 0.476224599592103282
0.096275947509361623 -0.051008938657172154 0.475461014059928577
0.117382825490021589 -0.081418882665599129 0.474697124078852117
-0.041411824169617931 0.015191800193177552 0.473932934257688454
0.075201863901824317 -0.055242014536583089 0.473168449207061581
0.089349861243236434 -0.079707781298794328 0.472403673539376345
0.096015553406001611 -0.100640929419197819 0.471638611868791302
0.099365364323983907 -0.121294213436198492 0.470873268811190182
0.100160303275051155 -0.142222692178719218 0.470107648984154913
0.098578717493164561 -0.163410962012917577 0.469341757006936922
0.094675312306885029 -0.184666426773971409 0.468575597500429597
0.088496727079458354 -0.205737910704386046 0.467809175087140594
0.080114374792241733 -0.226364083354806872 0.467042494391163687
0.069630961461755070 -0.246297234016998878 0.466275560038151071
0.057177275105708303 -0.265315788197917457 0.465508376655285161
0.042905357598400279 -0.283230492329398564 0.464740948871250947
0.030289669547448467 -0.296662303325157417 0.463973281316208130
0.013166350752128686 -0.312222789126631706 0.463205378621762642
-0.005300837717427370 -0.326329681104579161 0.462437245420939558
-0.024944802649374459 -0.338916045807612865 0.461668886348154228
-0.045607236684128305 -0.349939488254734032 0.460900306039185248
-0.067141519744883305 -0.359377770194731105 0.460131509131145422
-0.089414511970128979 -0.367224441173623628 0.459362500262455065
-0.112307411196442997 -0.373484687253807457 0.458593284072812746
-0.135715855193571072 -0.378171522862503773 0.457823865203168145
-0.159549437545995765 -0.381302389717842360 0.457054248295693633
-0.183730784364059097 -0.382896181560601401 0.456284437993756620
-0.208194312468589632 -0.382970682769721127 0.455514438941891142
-0.232884762339841123 -0.381540389685237347 0.454744255785770268
-0.257755572971953839 -0.378614673780270694 0.453973893172177512
-0.282767142437513330 -0.374196242831756343 0.453203355748979131
-0.307884997744489630 -0.368279858578554220 0.452432648165096596
-0.333077880499100976 -0.360851275353303413 0.451661775070477334
-0.358315740942373839 -0.351886372944998693 0.450890741116067750
-0.383567621636655309 -0.341350468041952515 0.450119550953784642
-0.408799403374167591 -0.329197801657091504 0.449348209236487384
-0.433971379681902025 -0.315371215037298702 0.448576720617949509
-0.459035622719060621 -0.299802043915893823 0.447805089752831120
-0.483933102970830142 -0.282410281011717001 0.447033321296650354
-0.508590528900655259 -0.263105079504612871 0.446261419905755630
-0.537732945045871213 -0.237270639710305598 0.445489390237297223
-0.561511303025048258 -0.213389598681983317 0.444717236949199513
-0.584676898266970779 -0.187246436937437866 0.443944964700132727
-0.607055238127582886 -0.158722761160135756 0.443172578149484575
-0.628436632761121383 -0.127702493784284971 0.442400081957332769
-0.648571885913147184 -0.094077849304483097 0.441627480784416215
-0.667168425233046980 -0.057756981740746838 0.440854779292107424
-0.683887319623002643 -0.018673515942579766 0.440081982142383921
-0.698341782146890910 0.023201902333855273 0.439309093997800659
-0.710097916801444073 0.067848046152462593 0.438536119521461376
-0.718678613902136276 0.115177774217117612 0.437763063376990780
-0.723571595327761052 0.165021490804660720 0.436989930228506185
-0.724242605347727775 0.217110395249916432 0.436216724740589701
-0.720154570096851465 0.271061027597908955 0.435443451578259699
-0.710793140700525461 0.326363147799580589 0.434670115406943058
-0.695698339887030781 0.382373431894660332 0.433896720892446575
-0.674501044433860608 0.438317679129731297 0.433123272700929207
-0.646961831854186320 0.493304021697865303 0.432349775498873712
-0.613008483659945758 0.546348856879486422 0.431576233953058608
-0.572767460462896949 0.596415812601381767 0.430802652730529700
-0.526584297197895790 0.642466106561558004 0.430029036498572770
-0.475028418235717675 0.683516471391595548 0.429255389924684039
-0.418879475612828012 0.718698879724647188 0.428481717676543417
-0.359094813600974283 0.747315168605779734 0.427708024421985300
-0.296760592408227664 0.768879765310429786 0.426934314828971262
-0.233031783874713516 0.783145186861100129 0.426160593565560908
-0.169068009232841598 0.790107555811042972 0.425386865299884787
-0.105972588340565999 0.789992444399787663 0.424613134700115247
-0.044741170638626815 0.783224192709816913 0.423839406434439070
0.013775731505877908 0.770383824187982569 0.423065685171028827
0.068894500299407579 0.752161486386753175 0.422291975578014622
0.120105024050767561 0.729309011681899655 0.421518282323456672
0.167064506035995930 0.702597030085063690 0.420744610075315939
0.209581807007328536 0.672779500531195840 0.419970963501427319
0.247595897218762573 0.640566956714405222 0.419197347269470222
0.281151664869480511 0.606608463703039780 0.418423766046941481
0.310375668299190721 0.571481381208037487 0.417650224501126266
0.335453646103223313 0.535687534258320053 0.416876727299070882
0.356610869248772167 0.499654230814486289 0.416103279107553403
0.374095819726171952 0.463738638284736271 0.415329884593057030
0.388167242453054617 0.428234237677178498 0.414556548421740223
0.399084333839189009 0.393378336269322948 0.413783275259410332
0.407099674359620467 0.359359883856096407 0.413010069771493848
0.412454450754350110 0.326327072283787489 0.412236936623009365
0.415375514247506405 0.294394389747272944 0.411463880478538657
0.416073858854613232 0.263648947788529098 0.410690906002199319
0.414744159965417636 0.234156004402447493 0.409918017857616057
0.411565074467836078 0.205963677903423376 0.409145220707892665
0.406700063168378201 0.179106891110955235 0.408372519215583762
0.398846105601733725 0.148676270778567876 0.407599918042667209
0.390780264924097787 0.124835365188075406 0.406827421850515403
0.381464027382567183 0.102386914599410433 0.406055035299867251
0.371011308005503526 0.081338993475434274 0.405282763050800465
0.359527920068907880 0.061697381978130877 0.404510609762702811
0.347112894689058871 0.043466366743060120 0.403738580094244404
0.333859697170327263 0.026649274441207849 0.402966678703349568
0.319857327662759650 0.011248786098376790 0.402194910247168913
0.305191299693476470 -0.002732926678530478 0.401423279382050524
0.289944494695000055 -0.015294208284667460 0.400651790763512761
0.274197893610272303 -0.026434038435294599 0.399880449046215336
0.258031188836619518 -0.036152238488449437 0.399109258883932283
0.241523280980881855 -0.044449742817723958 0.398338224929522700
0.224752666053318118 -0.051328916313133854 0.397567351834903382
0.207797719142251980 -0.056793901806466152 0.396796644251020736
0.190736881117592294 -0.060850983289131591 0.396026106827822577
0.173648755129342081 -0.063508952760074053 0.395255744214229765
0.156612119929527283 -0.064779470064666361 0.394485561058108725
0.139705867102890569 -0.064677406463888962 0.393715562006243303
0.123008869519654784 -0.063221163934125454 0.392945751704306401
0.106599788368590825 -0.060432963256639619 0.392176134796831943
0.090556826251206188 -0.056339094999593317 0.391406715927187232
0.074957433889011646 -0.050970128442967180 0.390637499737544969
0.059877978093868689 -0.044361074409211748 0.389868490868854556
0.045393378622956629 -0.036551498858285562 0.389099693960814785
0.031576721600414248 -0.027585584992692837 0.388331113651845694
0.018498857073967753 -0.017512142431201222 0.387562754579060531
0.006227988263341204 -0.006384562959650331 0.386794621378237391
-0.005170740221602695 0.005739276907439530 0.386026718683791847
-0.015635648056246891 0.018797165393712328 0.385259051128749030
-0.025108912011456937 0.032722755070347949 0.384491623344714872
-0.033536939474449523 0.047445809876096950 0.383724439961849018
-0.040870716782838448 0.062892496156765051 0.382957505608836291
-0.045920059986276608 0.075719149009845360 0.382190824912859439
-0.051176484176914991 0.092272116936972320 0.381424402499570547
-0.055228346980938460 0.109325791532941585 0.380658242993063167
-0.058046617105062037 0.126795965796815957 0.379892351015845064
-0.059608013914926261 0.144596698518502459 0.379126731188809796
-0.059895125443594710 0.162640763084852341 0.378361388131208842
-0.058896478940093165 0.180840103198108615 0.377596326460623632
-0.056606563880461785 0.199106289177074958 0.376831550792938397
-0.053025808183645912 0.217350968441905684 0.376067065742311524
-0.048160509219675254 0.235486304105765931 0.375302875921148027
-0.042022721954600592 0.253425395859154634 0.374538985940071401
-0.034630107277271643 0.271082677563974750 0.373775400407896752
-0.026005744233718708 0.288374286630490473 0.373012123931601880
-0.016177910369075649 0.305218400494764674 0.372249161116299909
-0.005179834949386231 0.321535536235547648 0.371486516565211977
0.006950569862614053 0.337248809712490771 0.370724194879638425
0.020170994455159769 0.352284151223195952 0.369962200658932039
0.034435028199799933 0.366570474975121186 0.369200538500469633
0.049692461012914829 0.380039800212480183 0.368439212999625065
0.065889584084155489 0.392627321876610869 0.367678228749740488
0.082969483572841507 0.404271428967290680 0.366917590342099198
0.100872320925472908 0.414913668614869557 0.366157302365898329
0.119535593093967940 0.424498653589027775 0.365397369408220485
0.134970164310992430 0.431370063367707279 0.364637796054006091
0.154837077408713941 0.438921579960651065 0.363878586886026256
0.175277084484388695 0.445275531481110209 0.363119746484854844
0.196219347075919037 0.450386241878181715 0.362361279428840721
0.217591076099239888 0.454209752072271544 0.361603190294080168
0.239317496708218752 0.456703307324609953 0.360845483654389343
0.261321712345282786 0.457824739220887789 0.360088164081276974
0.283524441438589236 0.457531723747776176 0.359331236143916044
0.305843591176605756 0.455780891171518543 0.358574704409116762
0.328193619879382892 0.452526756178186440 0.357818573441299359
0.350484620933978253 0.447720427354467987 0.357062847802465555
0.372621034420677510 0.441308043130535732 0.356307532052171694
0.390149950786977118 0.434981248528316378 0.355552630747501208
0.411741957254743995 0.425518809683813726 0.354798148443037253
0.432863625809067676 0.414255136022931680 0.354044089690834618
0.453374474326734556 0.401096023328772644 0.353290459040392801
0.473110475160582411 0.385928220007231593 0.352537261038628369
0.491874935269654590 0.368614264011627168 0.351784500229847863
0.509425316900661729 0.348986191456433614 0.351032181155719714
0.525453901783983435 0.326838049442068290 0.350280308355247205
0.539558946960638774 0.301917432112679907 0.349528886364741498
0.549101639056018831 0.279780252066369806 0.348777919717793483
0.558249628761517180 0.249053973167345233 0.348027412945247028
0.563375502268466000 0.214544143913689256 0.347277370575171052
0.563053852345411721 0.175801997859942633 0.346527797132833160
0.555168534561027993 0.132426952755935384 0.345778697140671221
0.536514904985286423 0.084294578631698369 0.345030075118266999
0.502193528444634607 0.032138901027764816 0.344281935582318011
0.458600528378601324 -0.010599115966509282 0.343534283046611377
0.375546661826017703 -0.058813509633634298 0.342787122021995572
0.250615867190129404 -0.084118643019223588 0.342040457016353661
0.082758281728665381 -0.049768270013853880 0.341294292534576271
-0.088906098967105107 0.094519847738788410 0.340548633078533836
-0.164413314594551052 0.352048725659956041 0.339803483147050112
-0.073160273743020920 0.614192690222732596 0.339058847235874428
0.079753898548309943 0.747040822413832295 0.338314729837655315
0.281581525388680531 0.807124351755496905 0.337571135441912362
0.447005243319938295 0.794025487898417537 0.336828068535010128
0.569791138539389785 0.749105715467464073 0.336085533600130215
0.659273375670641149 0.694069339762352522 0.335343535117245406
0.713640406434376540 0.649181851494318396 0.334602077563091016
0.766444318228862498 0.595109444911891883 0.333861165411139194
0.807271906639398407 0.544381682422115598 0.333120803131571552
0.839629128189057550 0.497117465972338801 0.332380995191252027
0.865828074685265237 0.453024579766299285 0.331641746053699893
0.883411595045571763 0.419762701604194155 0.330903060179063069
0.902090253252336605 0.380362270950786507 0.330164942024091357
0.917825207184835956 0.343041554470864041 0.329427396042108855
0.931177515041335835 0.307487247941503616 0.328690426682987813
0.942553277920314736 0.273437035263647599 0.327954038393121539
0.950434826028236257 0.247132309760542179 0.327218235615397535
0.958956967339739119 0.215266745419412153 0.326483022789170574
0.966168191609810822 0.184386227037064199 0.325748404350236054
0.972208487700524593 0.154361923142018742 0.325014384730803463
0.976272162501275131 0.130885880522318310 0.324280968359469235
0.980465652540942978 0.102142400392805699 0.323548159661190049
0.983741588900914454 0.073993292127194799 0.322815963057256461
0.986158395013761346 0.046369814214688443 0.322084382965266092
0.987505269985429424 0.024609054570911337 0.321353423799096927
0.988488246312890562 -0.002214163630300248 0.320623089968880448
0.988722082838319638 -0.028662422281265088 0.319893385880975489
0.988231842314078568 -0.054779479378263052 0.319164315937941478
0.987331351418886616 -0.075461925499271998 0.318435884538511682
0.985582305097760125 -0.101083152711294644 0.317708096077566726
0.983149227216561838 -0.126481161023387523 0.316980954946108506
0.980036555260045628 -0.151692042459105836 0.316254465531233042
0.977056763159434460 -0.171750226211036250 0.315528632216104443
0.972715123059022191 -0.196715583505891634 0.314803459379928152
0.967677332566315385 -0.221597053053340820 0.314078951397925132
0.963134093559906312 -0.241468594051146790 0.313355112641304667
0.956792912629174541 -0.266301720227520244 0.312631947477238548
0.949684786482317800 -0.291170888827482599 0.311909460268834315
0.941765872705881857 -0.316126728635433452 0.311187655375109562
0.934809062416122494 -0.336191549409218526 0.310466537150965005
0.925275435682035408 -0.361450627459450669 0.309746109947158288
0.914725475470034022 -0.386973909729727561 0.309026378110278277
0.905476159319958396 -0.407636722883840785 0.308307345982718140
0.892778825077468863 -0.433847487139724208 0.307589017902649531
0.878642222490907843 -0.460580889925693238 0.306871398203996282
0.866133217711290038 -0.482423893806317561 0.306154491216408586
0.848729633627042013 -0.510411426967173121 0.305438301265236245
0.833133324790326091 -0.533442049741046032 0.304722832671503130
0.811083331384965911 -0.563166796446141094 0.304008089751880761
0.785492771487921071 -0.594084441520494999 0.303294076818662772
0.761781949506235900 -0.619772449454751406 0.302580798179738097
0.726880262673541444 -0.653127491387545001 0.301868258138565604
0.684189128676568337 -0.687732257349399134 0.301156460994148056
0.642430234757336627 -0.715921033537530560 0.300445411041005861
0.577060951107054132 -0.750416621432171138 0.299735112569151418
0.510364323950665555 -0.775055273351166862 0.299025569864063145
0.402036544757017444 -0.795015979493111979 0.298316787206659995
0.257905708259136335 -0.785200611367686707 0.297608768873274754
0.116936870026054518 -0.731004009439577773 0.296901519135629122
-0.057762770080761860 -0.558406394437709785 0.296195042260807340
-0.123566056201016294 -0.323136720338599415 0.295489342511231157
-0.011035546955584709 -0.012430107330259269 0.294784424144633184
0.248833295858953973 0.140555750305387112 0.294080291414031747
0.443703367134358762 0.137970791886785599 0.293376948567705464
0.611181678930628358 0.060868810140267349 0.292674399849167044
0.692030948714073779 -0.016034657871028313 0.291972649497137970
0.749782389538196092 -0.107189126974723381 0.291271701745522582
0.774368080560211336 -0.171377072690296728 0.290571560823383868
0.788984453836261368 -0.240478477982142003 0.289872230954915933
0.792563464691496966 -0.288026538919868458 0.289173716359419908
0.790712973524320017 -0.339590551576296251 0.288476021251277581
0.785875759099434301 -0.375716138272496003 0.287779149839927695
0.777049148338653684 -0.415740424290359845 0.287083106329838189
0.766102086324345066 -0.451158970870621734 0.286387894920482278
0.756267810513737482 -0.476793071344488506 0.285693519806313190
0.742990462174168642 -0.506051431918941974 0.284999985176738024
0.731760246319476448 -0.527575366680992031 0.284307295216093381
0.717125940249752958 -0.552493968496129528 0.283615454103619102
0.705024394643800290 -0.571057081091639884 0.282924466013434350
0.692624326582066407 -0.588557923490584001 0.282234335114511015
0.676754364437239575 -0.609119047655705459 0.281545065570649733
0.663790204621009683 -0.624634097949404943 0.280856661540454244
0.647274520459289238 -0.642991172292934343 0.280169127177306077
0.633825152416854554 -0.656927497039347941 0.279482466629339732
0.616726228383266739 -0.673500694210700024 0.278796684039418097
0.602820033941474875 -0.686136811019881665 0.278111783545106850
0.585153136057615764 -0.701216109787899722 0.277427769278649428
0.570789649509494401 -0.712745467878673544 0.276744645366942488
0.552541593335668546 -0.726532940788462422 0.276062415931510929
0.537701820535414599 -0.737090318426003588 0.275381085088483135
0.522640545733721540 -0.747247459767330757 0.274700656948565658
0.503490756669601192 -0.759403810479979624 0.274021135617018741
0.487901592102585879 -0.768711557628245279 0.273342525193631669
0.468061890378127399 -0.779839893986113086 0.272664829772698014
0.451893578681548835 -0.788345758014186604 0.271988053442990652
0.435447763152564837 -0.796503781453655746 0.271312200287737060
0.414478209663926289 -0.806215411131090631 0.270637274384595228
0.397352968333580803 -0.813595860430612716 0.269963279805628786
0.375479300462105092 -0.822331132713264301 0.269290220617281972
0.357581272957501972 -0.828920778783460377 0.268618100880355593
0.339302934765110198 -0.835147544377371265 0.267946924649982543
0.315878990353617328 -0.842403623078391894 0.267276695975603384
0.296641300548172060 -0.847768533682824010 0.266607418900941251
0.276921906357740832 -0.852721717127779000 0.265939097463978480
0.251531945757728526 -0.858296768651195974 0.265271735696931188
0.230568362474986244 -0.862225825600207330 0.264605337626225900
0.208964008966886494 -0.865640438441222293 0.263939907272474572
0.180954178543213662 -0.869108537004300241 0.263275448650450827
0.157644393432420205 -0.871164531911960527 0.262611965769065092
0.133428018521568215 -0.872492228671328918 0.261949462631341390
0.108188181699596431 -0.872983978528656390 0.261287943234391862
0.074982359103086815 -0.872206145627585472 0.260627411569394229
0.046880514713520227 -0.870236785862631868 0.259967871621566038
0.017180171477753969 -0.866787113453216129 0.259309327370142229
-0.022600202263580560 -0.859827107126568180 0.258651782788349882
-0.056947694619875255 -0.851493300822187327 0.257995241843384959
-0.093965348934121229 -0.839859207744438452 0.257339708496387765
-0.134107118510079448 -0.823759883090209866 0.256685186702419799
-0.189375059553106406 -0.794599525114185745 0.256031680410439610
-0.237999378881739665 -0.760531196280513355 0.255379193563278428
-0.290064525098691628 -0.711861162545131432 0.254727730097616900
-0.342922293155619395 -0.641063749200439403 0.254077293943961557
-0.396127191168102077 -0.504274190133820799 0.253427889026620723
-0.397392377539441066 -0.342394264841294482 0.252779519263680752
-0.304381381675059959 -0.147108322846721484 0.252132188566982385
-0.070762769521963587 -0.008500884740983344 0.251485900842097765
0.219592093466344618 -0.053605476156037168 0.250840659988306292
0.416650669579349708 -0.302945258000564266 0.250196469898570972
0.426356669212603345 -0.495352941199318830 0.249553334459515330
0.377088396981157981 -0.630984626389430314 0.248911257551399867
0.310959194771429637 -0.719204342270686525 0.248270243048098749
0.244479847817106161 -0.775820309430558686 0.247630294817075935
0.182655696348251240 -0.812324521753987394 0.246991416719362256
0.126325912317130085 -0.835897033743827178 0.246353612609532258
0.062880902726238364 -0.853646856709277091 0.245716886335680784
0.016742325763852484 -0.861561259369115651 0.245081241739399380
-0.026097282786146425 -0.865560799311945961 0.244446682655753811
-0.066258259562947508 -0.866608894951971465 0.243813212913260191
-0.104242260750128601 -0.865340890394139084 0.243180836333862671
-0.140449074127087348 -0.862183600145253415 0.242549556732909621
-0.175195859982494317 -0.857427778953390618 0.241919377919131262
-0.208734178528425074 -0.851273149209238689 0.241290303694616182
-0.241263805146364529 -0.843857054156109010 0.240662337854788411
-0.272943538911198769 -0.835273105720260700 0.240035484188385162
-0.311537643708075684 -0.822993466843039201 0.239409746477433349
-0.341726786023625495 -0.811975142719996379 0.238785128497226773
-0.371387227346654025 -0.799916064711107877 0.238161634016303414
-0.400575787917224369 -0.786822450661091688 0.237539266796423398
-0.429335055251219067 -0.772690818274976765 0.236918030592545070
-0.457695429466621895 -0.757509858007918591 0.236297929152803232
-0.485676689949136042 -0.741261768418727263 0.235678966218485830
-0.513289192108243086 -0.723923193407582599 0.235061145524012804
-0.540534776493823088 -0.705465849800790967 0.234444470796911636
-0.567407452483135732 -0.685856896128917759 0.233828945757796114
-0.593893903572199955 -0.665059063222885993 0.233214574120343354
-0.619973848995380994 -0.643030539154197722 0.232601359591271956
-0.645620285839237584 -0.619724570902356664 0.231989305870319185
-0.670799625145200418 -0.595088707779819037 0.231378416650218466
-0.695471722855616759 -0.569063560098796550 0.230768695616677788
-0.719589788641336270 -0.541580870182679974 0.230160146448356639
-0.743100127085228657 -0.512560573463021085 0.229552772816844636
-0.760297593945393535 -0.489729129711748479 0.228946578386638622
-0.782592339421979588 -0.457772661304111206 0.228341566815121244
-0.804090041122631494 -0.423951864202027850 0.227737741752538220
-0.824701315536212065 -0.388077655851533532 0.227135106841976964
-0.844318938921861273 -0.349890993526058680 0.226533665719343968
-0.862807276243997667 -0.309022004580411513 0.225933422013343488
-0.879980487345385698 -0.264918387154523094 0.225334379345455083
-0.895554721740005055 -0.216713205382928875 0.224736541329912165
-0.909034445506314626 -0.162964406339767831 0.224139911573680239
-0.919411858124808301 -0.101098745925838174 0.223544493676434614
-0.923809246885268776 -0.046521943051199777 0.222950291230539055
-0.920316032793084382 0.044884731617536033 0.222357307821024419
-0.886838697356734595 0.177558551209544835 0.221765547025566445
-0.717487371754740200 0.391194142116792598 0.221175012414464467
-0.030244635168257802 0.181676647948017855 0.220585707550619681
-0.526842279533864311 -0.431358143176772846 0.219997635989513968
-0.764426544736466096 -0.316079083082458856 0.219410801279188383
-0.869307589034313821 -0.176467623641741622 0.218825206960221313
-0.907404122517816214 -0.075768519722267391 0.218240856565707519
-0.923090865762246859 0.004242978077208304 0.217657753621236849
-0.928239347795252301 0.073090994530978004 0.217075901644872893
-0.927795098153301190 0.120271681300764155 0.216495304147131529
-0.922967156756110407 0.179293661102298829 0.215915964630959911
-0.914117464200396190 0.235225225926548043 0.215337886591715516
-0.901679633251919022 0.288963374612772883 0.214761073517145018
-0.890103543347740667 0.328168160439503809 0.214185528887362697
-0.871683644095208932 0.379277396566019609 0.213611256174830066
-0.849745789861847012 0.429297494437785698 0.213038258844334860
-0.830839918192150639 0.466216787627038443 0.212466540352969940
-0.802043700824436989 0.514770105017164692 0.211896104150112174
-0.768585239374293350 0.562660501895610565 0.211326953677402479
-0.729535090265091779 0.609953119181164127 0.210759092368723977
-0.695730793990215646 0.645010715460406114 0.210192523650182150
-0.642891037066656290 0.690995301710339072 0.209627250940083665
-0.578010744725191983 0.735355481649545339 0.209063277648916135
-0.518193021870168802 0.766304093380417162 0.208500607179326947
-0.416453892707250972 0.800059758258814591 0.207939242926103607
-0.276857658531948880 0.811487541881780516 0.207379188276152232
-0.137660736174821663 0.782279401986835876 0.206820446608478120
0.079863759114977895 0.615789285921416685 0.206263021294164489
0.164068688561927356 0.327613015409589314 0.205706915696352854
-0.109765737947916941 -0.067257325972698248 0.205152133170222351
-0.527121049458049162 -0.037636594302224435 0.204598677062969414
-0.682611211434760667 0.120435982560823274 0.204046550713787689
-0.744769553631580927 0.310910635262755419 0.203495757453848236
-0.743407784405852312 0.418262560755632284 0.202946300606278940
-0.717994984771755274 0.524714108461114881 0.202398183486144662
-0.691922947252289866 0.585396128026610896 0.201851409400427062
-0.654101150170798284 0.649186436290875135 0.201305981648004950
-0.625171638490035653 0.687856414003991223 0.200761903519634410
-0.586911355278755709 0.730652041557817822 0.200219178297928596
-0.549468245327028759 0.765969425050717523 0.199677809257337857
-0.522029600175951791 0.788683190134036316 0.199137799664130727
-0.486327135936969024 0.814968357382766961 0.198599152776373439
-0.460197921159440748 0.832190381323356432 0.198061871843910497
-0.434602481640925242 0.847606380891193667 0.197525960108345194
-0.401268379381737428 0.865741477382022007 0.196991420803020012
-0.376835621270273147 0.877759474381765381 0.196458257152997223
-0.344979551114119154 0.891941560865003980 0.195926472375038851
-0.321606386867885341 0.901344848997237880 0.195396069677588241
-0.291106049902948583 0.912417032456458554 0.194867052260749796
-0.268712094473550156 0.919723847817259355 0.194339423316269994
-0.239473903383542686 0.928263218468859508 0.193813186027518514
-0.217997775536352023 0.933839646181654492 0.193288343569468529
-0.196899681102287283 0.938762077412548690 0.192764899108677640
-0.169343174982702849 0.944384189162944754 0.192242855803268775
-0.149097045751603097 0.947945995261864294 0.191722216802911405
-0.122651078686693005 0.951888929276106355 0.191202985248802360
-0.103220122748402421 0.954282536075548693 0.190685164273646623
-0.084128440440196239 0.956225100832899466 0.190168757001638655
-0.059190852148883810 0.958158914931713790 0.189653766548444014
-0.040869098962722838 0.959148370587572519 0.189140196021179541
-0.022868438631802490 0.959767542352193859 0.188628048518395514
0.000641810667046105 0.960052620877932750 0.188117327130056300
0.017913010970704801 0.959885828773841987 0.187608034937522289
0.034879818180631350 0.959412587390055416 0.187100175013531100
0.051547056303646310 0.958649523603411380 0.186593750422178684
0.073312255475332599 0.957208173489572545 0.186088764218901248
0.089298888458869130 0.955828133531081425 0.185585219450456806
0.105001572015351929 0.954207016651179574 0.185083119154906633
0.125504664000370803 0.951692702878203844 0.184582466361596864
0.140562453779310703 0.949558021917393136 0.184083264091140619
0.155351299921210106 0.947222627896123548 0.183585515355399187
0.169875590093278961 0.944697284815252059 0.183089223157464454
0.184139658781862670 0.941992209763425015 0.182594390491640279
0.202761018567577056 0.938122566107579381 0.182101020343424957
0.216434455176917062 0.935035039031913984 0.181609115689492451
0.229861723493373638 0.931798323765243186 0.181118679497675406
0.243046917254889583 0.928420643875325635 0.180629714726946222
0.255994072131274009 0.924909835621373189 0.180142224327400208
0.272893527471026742 0.920034534043419949 0.179656211240236729
0.285300620517960013 0.916241560461955151 0.179171678397742395
0.297482698043125493 0.912339065001020799 0.178688628723273041
0.309443536380155426 0.908333450789418739 0.178207065131235742
0.321186851032275511 0.904230838733621201 0.177726990527071554
0.332716296618877971 0.900037083136376870 0.177248407807238162
0.344035467005608497 0.895757786260435562 0.176771319859192089
0.355147895543989789 0.891398311941297816 0.176295729561371350
0.366057055481718630 0.886963798294153727 0.175821639783178052
0.376766360489835028 0.882459169594168702 0.175349053384961262
0.390740338360786532 0.876352062909077745 0.174877973217999694
0.400996261171316204 0.871701862851496090 0.174408402124484219
0.411063287100981722 0.866996554746773951 0.173940342937500991
0.420944580771806076 0.862240255511624420 0.173473798481014518
0.430643252002788191 0.857436919604035452 0.173008771569850284
0.440162356967591761 0.852590346753996586 0.172545265009677762
0.449504899435851757 0.847704189169048661 0.172083281596993737
0.458673832053419772 0.842781958262397435 0.171622824119105372
0.467672057665252772 0.837827030926251881 0.171163895354113277
0.476502430677037014 0.832842655375579444 0.170706498070894802
0.485167758424407736 0.827831956599050844 0.170250635029087161
0.493670802566001932 0.822797941429342261 0.169796308979071303
0.499250684802734379 0.819430411131934378 0.169343522661954737
0.507489273666960061 0.814363911043008093 0.168892278809555235
0.515572730652222866 0.809281569978522075 0.168442580144384513
0.523503661825714950 0.804185999474446134 0.167994429379631272
0.531284633984169474 0.799079712293382149 0.167547829219145628
0.538918175986194736 0.793965125777167158 0.167102782357422014
0.546406780019518923 0.788844564982696728 0.166659291479583554
0.553752902825721649 0.783720265603799482 0.166217359261365216
0.560958966906981882 0.778594376672272714 0.165776988369098488
0.565686380499994201 0.775177257397811625 0.165338181459694394
0.572664307275422169 0.770053267428124633 0.164900941180628258
0.579508476374735682 0.764933013740233148 0.164465270169923072
0.586221194044333815 0.759818348061542803 0.164031171056134129
0.592804737114168367 0.754711045957370708 0.163598646458332858
0.599261353847116207 0.749612808718658541 0.163167698986090987
0.603496348043655706 0.746219827193457474 0.162738331239465017
0.609746341997666530 0.741140282515608817 0.162310545808980133
0.615875271283097714 0.736073989506883963 0.161884345275615377
0.621885285828168710 0.731022391602615729 0.161459732210787160
0.625826948633569025 0.727663506191667198 0.161036709176334170
0.631643480868242957 0.722639427288160774 0.160615278724501848
0.637346708784229277 0.717633570515575525 0.160195443397927406
0.642938691563132325 0.712647141723927291 0.159777205729623673
0.646605883312083685 0.709334216750528213 0.159360568242964351
0.652016968900968719 0.704382680930848659 0.158945533451668869
0.657322184770999129 0.699453491200301647 0.158532103859786916
0.660801154141305580 0.696180268709094330 0.158120281961683429
0.665934293701331947 0.691290486519613334 0.157710070242023437
0.670966773949247086 0.686425555417279010 0.157301471175757601
0.674266784027394817 0.683196490134951206 0.156894487228106394
0.679135736122809419 0.678374812986623832 0.156489120854546221
0.683909076553708917 0.673580103204697411 0.156085374500793544
0.687039100928559243 0.670398958839007464 0.155683250602791229
0.691657190622548268 0.665650721918772725 0.155282751586692802
0.694685402494804483 0.662501149826132507 0.154883879868848662
0.699153277063557121 0.657801097108297816 0.154486637855791142
0.703533395301736530 0.653130684824385077 0.154091027944219749
0.706405586376677608 0.650033788095905174 0.153697052520987060
0.710643324189278447 0.645413846891829568 0.153304713963084344
0.713422190081440921 0.642351002859119946 0.152914014637626994
0.717522303795070315 0.637782696018220796 0.152524956901840314
0.720210979080092795 0.634754615211467033 0.152137543103045308
0.724178115789814836 0.630238913833200520 0.151751775578644582
0.726779661847977376 0.627246182145007936 0.151367656656108324
0.730618358305699100 0.622783875598408865 0.150985188652959929
0.733135762587501905 0.619826961261491616 0.150604373876762149
0.736850444124113935 0.615418667656637441 0.150225214625103520
0.739286619466471007 0.612497928209577713 0.149847713185584097
0.742881599001230630 0.608144104845835809 0.149471871835801767
0.745239382993398092 0.605259794097053105 0.149097692843338375
0.747566588016200906 0.602390103968773571 0.148725178465746399
0.751001014660760413 0.598113022738836153 0.148354330950535129
0.753253673607993335 0.595279955438687391 0.147985152535156927
0.756578285885652568 0.591057847699358430 0.147617645446993906
0.758759053936953975 0.588261435940138688 0.147251811903344576
0.760911791965596662 0.585479677238832208 0.146887654111410415
0.764089233243415711 0.581334484708997845 0.146525174268282266
0.766173669246321576 0.578589293040830399 0.146164374560927651
0.768231480824620339 0.575858689862620232 0.145805257166176955
0.771269130529075420 0.571790075091444860 0.145447824250710761
0.773262079326576202 0.569095809502558336 0.145092077971046479
0.775229749566530124 0.566416014842894167 0.144738020473525603
0.778134673599121252 0.562423362087312917 0.144385653894300470
0.780040771471216088 0.559779551290924382 0.144034980359321579
0.781922877376038827 0.557150047350692068 0.143686001984324796
0.783781348117991938 0.554534795706974504 0.143338720874818359
0.786525507101371701 0.550638514197864137 0.142993139126070229
0.788326419773693221 0.548058634166577963 0.142649258823095815
0.790104908765549618 0.545492791427885981 0.142307082040644906
0.791861309646942346 0.542940918217443835 0.141966610843189456
0.793595953343698923 0.540402944178144273 0.141627847284910818
0.796157836705153832 0.536621884121597281 0.141290793409687837
0.797839505002707283 0.534118334297619790 0.140955451251084163
0.799500538183596343 0.531628418729015229 0.140621822832335985
0.801141246647169236 0.529152056842131735 0.140289910166339848
0.802761936309719704 0.526689166115450580 0.139959715255640799
0.804362908658022735 0.524239662156545272 0.139631240092419895
0.806728045903479130 0.520590317489231791 0.139304486658482385
0.808281015194104446 0.518173899922651837 0.138979456925245687
0.809815287978307707 0.515770560529252187 0.138656152853727538
0.811331146245487855 0.513380207756324869 0.138334576394534364
0.812828867762459328 0.511002748710861154 0.138014729487848986
0.814308726111875769 0.508638089249740299 0.137696614063419348
0.815770990725869671 0.506286134076487260 0.137380232040546862
0.817215926942881254 0.503946786799261970 0.137065585328074641
0.818643796032676785 0.501619950038288076 0.136752675824376058
0.820054855248972814 0.499305525486953117 0.136441505417343317
0.821449357867234387 0.497003413995711463 0.136132075984376016
0.822827553224410035 0.494713515650708757 0.135824389392369904
0.824189686764634888 0.492435729841541714 0.135518447497705474
0.825536000078653576 0.490169955337160401 0.135214252146237057
0.826866730947428019 0.487916090353391896 0.134911805173281107
0.828182113381505602 0.485674032626149998 0.134611108403605934
0.829482377661368897 0.483443679480916266 0.134312163651419847
0.830767750383857306 0.481224927890710696 0.134014972720361059
0.832038454496590085 0.479017674552662198 0.133719537403486022
0.833294709343052942 0.476821815944677985 0.133425859483258913
0.834536730695765172 0.474637248401337364 0.133133940731541361
0.835152470277592207 0.473549166353926632 0.132843782909580932
0.836373538269328920 0.471381340841146412 0.132555387768000910
0.837580896863017510 0.469224546964881917 0.132268757046789781
0.838774749662429153 0.467078681014114483 0.131983892475290826
0.839955296870935397 0.464943639420080379 0.131700795772191348
0.841122735342326955 0.462819318793077639 0.131419468645512461
0.842277258609611890 0.460705615996743034 0.131139912792598762
0.842849736620601142 0.459652714140872054 0.130862129900108481
0.843985242778553024 0.457554745415193365 0.130586121644002573
0.845108303270488914 0.455467138183330955 0.130311889689535138
0.846219100288625015 0.453389790664125547 0.130039435691243210
0.846769956064057139 0.452354932631517159 0.129768761292936907
0.847862692566456078 0.450292785009323293 0.129499868127689266
0.848943607301151149 0.448240645076976918 0.129232757817826449
0.850012871526171443 0.446198413156034923 0.128967431974918306
0.850543187381580634 0.445180981747591742 0.128703892199768077
0.851595290291494611 0.443153426557848173 0.128442140082403289
0.852636157559206964 0.441135533522758305 0.128182177202065650
0.853152428165981691 0.440130180012664241 0.127924005127202034
0.854176742383187748 0.438126598928159861 0.127667625415454483
0.855190217223408600 0.436132439693587948 0.127413039613651358
0.855692937928043351 0.435138863740573756 0.127160249257797620
0.856690440422174126 0.433158660720508126 0.126909255873065646
0.857677481653792095 0.431187645756490379 0.126660060973786071
0.858167125112027529 0.430205555161361275 0.126412666063438650
0.859138747805685776 0.428248151159835777 0.126167072634643274
0.859620762554882845 0.427272815361457559 0.125923282169150691
0.860577286349141435 0.425328820809770192 0.125681296137833798
0.861523917177888565 0.423393656207349312 0.125441116000678810
0.861993565081630941 0.422429358181875436 0.125202743206776296
0.862925609092320078 0.420507277582936989 0.124966179194312452
0.863388037982592449 0.419549474063967920 0.124731425390560466
0.864305790247969830 0.417640288954636452 0.124498483211871971
0.864761145410056775 0.416688887022275911 0.124267354063668414
0.865664892030413302 0.414792414330867665 0.124038039340432532
0.866113314293843972 0.413847323867031824 0.123810540425700069
0.867003332528507475 0.411963386265515208 0.123584858692051325
0.867444958334052774 0.411024520100796709 0.123360995501102993
0.867884348226675706 0.410087709858334981 0.123138952203499741
0.868756478189709802 0.408220220381002807 0.122918730138906251
0.869189246831360895 0.407289523055107128 0.122700330635999083
0.870048261675055556 0.405434178960470737 0.122483755012458659
0.870474535513908299 0.404509514848799490 0.122269004574961190
0.871320683956804509 0.402666160119263372 0.122056080619171087
0.871740585275476265 0.401747452943063132 0.121844984429732739
0.872158388882076863 0.400830715077623856 0.121635717280263234
0.872987754730742305 0.399003115638930261 0.121428280433344166
0.873399342486322450 0.398092238589135727 0.121222675140514505
0.873808883555211802 0.397183299907700627 0.121018902642262602
0.874621875043004371 0.395371208236330596 0.120816964168019139
0.875025349800914176 0.394468040904170592 0.120616860936149317
0.875426826550321002 0.393566783262036979 0.120418594153945749
0.875826317102628593 0.392667428501006999 0.120222165017621091
0.876619386142976742 0.390874401149549522 0.120027574712300855
0.877012987540962907 0.389980715702303748 0.119834824412016289
0.877404648569739098 0.389088907411128671 0.119643915279697144
0.877794380331439639 0.388198970240641650 0.119454848467164781
0.878568099809249103 0.386424685820707214 0.119267625115125314
0.878952109059422226 0.385540327250214365 0.119082246353162544
0.879334232113929803 0.384657817157569970 0.118898713299731174
0.879714479403231664 0.383777150280421919 0.118717027062150135
0.880092861227044665 0.382898321512897821 0.118537188736595883
0.880844069024014353 0.381146158683189684 0.118359199408095833
0.881216914944363161 0.380272815217292615 0.118183060150521657
0.881587935296675007 0.379401291053060530 0.118008772026582914
0.881957139733917317 0.378531581899737513 0.117836336087820667
0.882324537788651386 0.377663683618581492 0.117665753374601195
0.882690138861174534 0.376797592253609093 0.117497024916109374
0.883053952238801121 0.375933303990028889 0.117330151730342946
0.883415987076205056 0.375070815203194186 0.117165134824105996
0.883776252414169461 0.374210122417830027 0.117001975193003135
0.884134757170318086 0.373351222333112465 0.116840673821433358
0.884491510145449467 0.372494111810849904 0.116681231682584041
0.884846520023368166 0.371638787878529886 0.116523649738425272
0.885199795374397191 0.370785247724834455 0.116367928939703880
0.885551344645511218 0.369933488725679993 0.116214070225937813
0.885901176182250394 0.369083508395043336 0.116062074525410328
0.886249298208267033 0.368235304437005584 0.115911942755164490
0.886595718842516756 0.367388874707478275 0.115763675820997711
0.886940446090685564 0.366544217237803172 0.115617274617456051
0.887283487853289032 0.365701330218201170 0.115472740027829104
0.887624851923274116 0.364860212006416162 0.115330072924144461
0.887964545987018572 0.364020861128317663 0.115189274167162514
0.888302577628935053 0.363183276269484878 0.115050344606371285
0.888638954329362241 0.362347456283174663 0.114913285079981331
0.888973683468298859 0.361513400184092060 0.114778096414920497
0.889306772325690331 0.360681107150611635 0.114644779426829185
0.889306772325690331 0.360681107150611635 0.114513334920055415
0.889638228084112859 0.359850576520433174 0.114383763687649603
0.889968057828242509 0.359021807795164682 0.114256066511360263
0.890296268547189129 0.358194800637172905 0.114130244161628980
0.890622867138442409 0.357369554862062733 0.114006297397585929
0.890947860402512282 0.356546070455271091 0.113884226967045130
0.890947860402512282 0.356546070455271091 0.113764033606500142
0.891271255054082112 0.355724347545938513 0.113645718041119337
0.891593057718198634 0.354904386420316409 0.113529280984741868
0.891913274926246280 0.354086187532900221 0.113414723139873122
0.891913274926246280 0.354086187532900221 0.113302045197680529
0.892231913129908905 0.353269751475204119 0.113191247837989437
0.892548978692619510 0.352455078998755611 0.113082331729278909
0.892548978692619510 0.352455078998755611 0.112975297528677909
0.892864477894829922 0.351642171004735882 0.112870145881961009
0.893178416936278419 0.350831028540397605 0.112766877423544909
0.893178416936278419 0.350831028540397605 0.112665492776484119
0.893490801936543066 0.350021652799986926 0.112565992552467672
0.893801638934834997 0.349214045127935635 0.112468377351815099
0.893801638934834997 0.349214045127935635 0.112372647763472971
0.894110933894839199 0.348408207008303938 0.112278804365011281
0.894418692705179041 0.347604140065872591 0.112186847722619942
0.894418692705179041 0.347604140065872591 0.112096778391105545
0.894724921180835908 0.346801846064898167 0.112008596913887773
0.894724921180835908 0.346801846064898167 0.111922303822996186
0.895029625063478607 0.346001326910415741 0.111837899639067123
0.895029625063478607 0.346001326910415741 0.111755384871340541
0.895332810022187897 0.345202584648080291 0.111674760017656721
0.895332810022187897 0.345202584648080291 0.111596025564453569
0.895634481661328863 0.344405621446277510 0.111519181986763555
0.895634481661328863 0.344405621446277510 0.111444229748210735
0.895934645514885886 0.343610439612604734 0.111371169301008127
0.895934645514885886 0.343610439612604734 0.111300001085954892
0.896233307053270423 0.342817041578121040 0.111230725532433697
0.896233307053270423 0.342817041578121040 0.111163343058408165
0.896530471679059304 0.342025429910327916 0.111097854070420235
0.896530471679059304 0.342025429910327916 0.111034258963587817
0.896530471679059304 0.342025429910327916 0.110972558121602394
0.896826144735154651 0.341235607294020304 0.110912751916726629
0.896826144735154651 0.341235607294020304 0.110854840709792277
0.897120331503822088 0.340447576535123475 0.110798824850197819
0.897120331503822088 0.340447576535123475 0.110744704675906469
0.897120331503822088 0.340447576535123475 0.110692480513444172
0.897413037203718233 0.339661340570665438 0.110642152677897440
0.897413037203718233 0.339661340570665438 0.110593721472911730
0.897413037203718233 0.339661340570665438 0.110547187190689372
0.897704267001730116 0.338876902439127270 0.110502550111987896
0.897704267001730116 0.338876902439127270 0.110459810506118417
0.897704267001730116 0.338876902439127270 0.110418968630943887
0.897704267001730116 0.338876902439127270 0.110380024732877557
0.897994026004681922 0.338094265303963248 0.110342979046881562
0.897994026004681922 0.338094265303963248 0.110307831796465444
0.897994026004681922 0.338094265303963248 0.110274583193684828
0.897994026004681922 0.338094265303963248 0.110243233439140137
0.897994026004681922 0.338094265303963248 0.110213782721975392
0.898282319264589235 0.337313432441481820 0.110186231219877029
0.898282319264589235 0.337313432441481820 0.110160579099072869
0.898282319264589235 0.337313432441481820 0.110136826514331099
0.898282319264589235 0.337313432441481820 0.110114973608959388
0.898282319264589235 0.337313432441481820 0.110095020514803896
0.898282319264589235 0.337313432441481820 0.110076967352248589
0.898282319264589235 0.337313432441481820 0.110060814230214563
0.898282319264589235 0.337313432441481820 0.110046561246159164
0.898569151782318554 0.336534407232584099 0.110034208486075674
0.898569151782318554 0.336534407232584099 0.110023756024492547
0.898569151782318554 0.336534407232584099 0.110015203924473198
0.898569151782318554 0.336534407232584099 0.110008552237615381
0.898569151782318554 0.336534407232584099 0.110003801004051049
0.898569151782318554 0.336534407232584099 0.110000950252446050
0.898569151782318554 0.336534407232584099 0.110000000000000001
