0.650052559376083638 0.622324579311315018 0.739999999999999991
0.650052559376083638 0.622324579311315018 0.739999049747553928
0.651273801144940379 0.619685834249352308 0.739996198995948928
0.651273801144940379 0.619685834249352308 0.739991447762384680
0.651273801144940379 0.619685834249352308 0.739984796075526807
0.651273801144940379 0.619685834249352308 0.739976243975507431
0.651273801144940379 0.619685834249352308 0.739965791513924276
0.651273801144940379 0.619685834249352308 0.739953438753840897
0.651273801144940379 0.619685834249352308 0.739939185769785457
0.651273801144940379 0.619685834249352308 0.739923032647751389
0.651273801144940379 0.619685834249352308 0.739904979485196068
0.651273801144940379 0.619685834249352308 0.739885026391040590
0.651273801144940379 0.619685834249352308 0.739863173485668879
0.651273801144940379 0.619685834249352308 0.739839420900927136
0.652491082846103021 0.617016786347935886 0.739813768780122949
0.652491082846103021 0.617016786347935886 0.739786217278024627
0.652491082846103021 0.617016786347935886 0.739756766560859869
0.652491082846103021 0.617016786347935886 0.739725416806315206
0.652491082846103021 0.617016786347935886 0.739692168203534561
0.653704194330637200 0.614316727654992567 0.739657020953118471
0.653704194330637200 0.614316727654992567 0.739619975267122420
0.653704194330637200 0.614316727654992567 0.739581031369056063
0.653704194330637200 0.614316727654992567 0.739540189493881561
0.653704194330637200 0.614316727654992567 0.739497449888012137
0.654912913138550712 0.611584928068817812 0.739452812809310633
0.654912913138550712 0.611584928068817812 0.739406278527088290
0.654912913138550712 0.611584928068817812 0.739357847322102524
0.656117003784914998 0.608820634504525060 0.739307519486555820
0.656117003784914998 0.608820634504525060 0.739255295324093509
0.656117003784914998 0.608820634504525060 0.739201175149802103
0.657316217004932923 0.606023070016386445 0.739145159290207743
0.657316217004932923 0.606023070016386445 0.739087248083273307
0.657316217004932923 0.606023070016386445 0.739027441878397529
0.658510288946128730 0.603191432888508849 0.738965741036412216
0.658510288946128730 0.603191432888508849 0.738902145929579812
0.658510288946128730 0.603191432888508849 0.738836656941591730
0.659698940309692561 0.600324895682625814 0.738769274467566239
0.659698940309692561 0.600324895682625814 0.738699998914045142
0.660881875435493926 0.597422604247656697 0.738628830698991878
0.660881875435493926 0.597422604247656697 0.738555770251789201
0.660881875435493926 0.597422604247656697 0.738480818013236395
0.662058781329446844 0.594483676679935513 0.738403974435546395
0.662058781329446844 0.594483676679935513 0.738325239982343340
0.663229326620890292 0.591507202248036879 0.738244615128659576
0.663229326620890292 0.591507202248036879 0.738162100360932882
0.664393160456208220 0.588492240263204125 0.738077696177003806
0.664393160456208220 0.588492240263204125 0.737991403086112219
0.665549911309110009 0.585437818914625874 0.737903221608894433
0.665549911309110009 0.585437818914625874 0.737813152277379980
0.666699185725891486 0.582342934028777570 0.737721195634988725
0.666699185725891486 0.582342934028777570 0.737627352236526979
0.667840566972466299 0.579206547794930193 0.737531622648184837
0.668973613589919469 0.576027587439845057 0.737434007447532291
0.668973613589919469 0.576027587439845057 0.737334507223515900
0.670097857858425905 0.572804943823156831 0.737233122576455124
0.670097857858425905 0.572804943823156831 0.737129854118038996
0.671212804146411157 0.569537469993781187 0.737024702471322124
0.672317927150147487 0.566223979670273603 0.736917668270721027
0.672317927150147487 0.566223979670273603 0.736808752162010583
0.673412670004971070 0.562863245665409240 0.736697954802319477
0.674496442271348640 0.559453998225989069 0.736585276860126870
0.674496442271348640 0.559453998225989069 0.736470719015258179
0.675568617762790202 0.555994923335495606 0.736354281958880641
0.676628532235127533 0.552484660903117319 0.736235966393499863
0.676628532235127533 0.552484660903117319 0.736115773032954834
0.677675480896353655 0.548921802908558853 0.735993702602414035
0.678708715742522006 0.545304891452550899 0.735869755838370998
0.679727442695263862 0.541632416731870014 0.735743933488639756
0.679727442695263862 0.541632416731870014 0.735616236312350402
0.680730818527883197 0.537902814936181750 0.735486665079944646
0.681717947569152827 0.534114466041511582 0.735355220573170709
0.682687878151747141 0.530265691543549966 0.735221903585079439
0.682687878151747141 0.530265691543549966 0.735086714920018758
0.683639598801426995 0.526354752072522136 0.734949655393628665
0.684572034133627882 0.522379844935397242 0.734810725832837464
0.685484040435776709 0.518339101565491678 0.734669927075855544
0.686374400914827709 0.514230584859018736 0.734527259972170943
0.687241820570528184 0.510052286446521119 0.734382725382543899
0.687241820570528184 0.510052286446521119 0.734236324179002309
0.688084920674320144 0.505802123841088580 0.734088057244835501
0.688902232813141446 0.501477937512973870 0.733937925474589692
0.689692192459421372 0.497077487872541690 0.733785929774062096
0.690453132034629546 0.492598452147174071 0.733632071060296154
0.691183273412127597 0.488038421193812522 0.733476350261574761
0.691880719816565071 0.483394896230386450 0.733318768317415937
0.692543447064298601 0.478665285484288994 0.733159326178566717
0.693169294087670584 0.473846900797850856 0.732998024806996828
0.693755952676862631 0.468936954180516119 0.732834865175894024
0.694300956372566502 0.463932554325205027 0.732669848269657087
0.694801668430642838 0.458830703123826233 0.732502975083890617
0.695255268775724855 0.453628292182258419 0.732334246625398921
0.695658739848790231 0.448322099403611674 0.732163663912179352
0.696008851257284733 0.442908785618287448 0.731991227973417091
0.696302143103526228 0.437384891360421635 0.731816939849478376
0.696534907885837384 0.431746833797653828 0.731640800591904172
0.696703170825699325 0.425990903924121311 0.731462811263404067
0.696802668492439881 0.420113264006340636 0.731282972937849940
0.696828825549966724 0.414109945482760200 0.731101286700268749
0.696776729472087020 0.407976847315032587 0.730917753646837420
0.696641103017216490 0.401709734971479882 0.730732374884874636
0.696416274278077396 0.395304240162266896 0.730545151532835280
0.696096144065875277 0.388755861475742870 0.730356084720302889
0.695674150396339286 0.382059966197493106 0.730165175587983772
0.695143229807992702 0.375211793410792527 0.729972425287699123
0.693723590089354469 0.361038961138473558 0.729777834982378915
0.692817838326471258 0.353704191742596874 0.729581405846054243
0.691768989967438741 0.346196945822909219 0.729383139063850661
0.690566761861766132 0.338511937703265875 0.729183035831980852
0.689200053208535057 0.330643819773132952 0.728981097357737307
0.685924275929547189 0.314336700538520419 0.728777324859485542
0.683988255415974078 0.305886933634292424 0.728571719566655895
0.681833678113451747 0.297232603747677016 0.728364282719736744
0.679444174651062105 0.288368529454799460 0.728155015570267294
0.676802037057348649 0.279289711231126780 0.727943919380828919
0.670681646776611462 0.260469212568375963 0.727730995425038829
0.667160223380146467 0.250719181744850195 0.727516244987541416
0.663299554696172078 0.240737934918197505 0.727299669364000922
0.659073368915652713 0.230522813338344151 0.727081269861093782
0.649408459396866866 0.209384974037454402 0.726861047796500293
0.643905796504232630 0.198462246630269595 0.726639004498896957
0.637909395448630567 0.187306142479570031 0.726415141307948709
0.624277616414880665 0.164312973805579937 0.726189459574299923
0.616555694874122096 0.152491730759721833 0.725961960659567529
0.608166636225601298 0.140469706027514213 0.725732645936331688
0.589177186046713097 0.115893532645546055 0.725501516788128020
0.578462992066610449 0.103386616343272758 0.725268574609439609
0.554284782034276891 0.078098481387455815 0.725033820805687568
0.540686437732256331 0.065404920990773607 0.724797256793223710
0.525987567579395687 0.052751919161598021 0.724558883999321224
0.492992783849375282 0.027854016814445492 0.724318703862166235
0.474547248856457327 0.015784990128534210 0.724076717830849370
0.433395369943357811 -0.007038507978920472 0.723832927365356760
0.410555589104250052 -0.017518192450839076 0.723587333936561383
0.386130929843711890 -0.027160352898218165 0.723339939026213963
0.332379141407863010 -0.043155429584165378 0.723090744126934415
0.303027365814084293 -0.049064944375956487 0.722839750742202303
0.239518140476140950 -0.055442604444968985 0.722586960386348620
0.205529293229224530 -0.055352280510142668 0.722332374584545467
0.133861160219608033 -0.047146661839029547 0.722075994872797944
0.096661540482498226 -0.038450836298708289 0.721817822797934383
0.021199898502638259 -0.010576284009494341 0.721557859917596800
-0.052731414232655122 0.032487964515520752 0.721296107800231900
-0.087824374578404474 0.059908330338752425 0.721032568025081755
-0.151413959425877459 0.126096925175303132 0.720767242182173473
-0.178783179088730315 0.164371764091268746 0.720500131872310767
-0.222186173550401767 0.249252345933365677 0.720231238707063071
-0.237462835628985069 0.294774665335649888 0.719960564308756767
-0.254087575271302379 0.388846602634614846 0.719688110310464868
-0.252106034724448425 0.482611818433252626 0.719413878355997460
-0.244551674728988588 0.527861770077904247 0.719137870099891496
-0.217933455914222640 0.612619308682478492 0.718860087207401133
-0.199690345648418643 0.651389355406017057 0.718580531354487628
-0.155566845823413374 0.720535954627288477 0.718299204227808685
-0.104178828287348368 0.777867231615079424 0.718016107524709124
-0.076759462766606723 0.802114900991591773 0.717731242953210224
-0.020144057302419915 0.842217879688889726 0.717444612231999179
0.037090206916143176 0.872055734594930687 0.717156217090419101
0.093392045564700321 0.892921135358821672 0.716866059268458589
0.120859211486050888 0.900406126048748146 0.716574140516741065
0.174001579718959409 0.910274545634974008 0.716280462596514012
0.224437163863960176 0.914296943477194590 0.715985027279638975
0.248581229890510791 0.914434797768657770 0.715687836348580131
0.294707617398234867 0.911504812892019678 0.715388891596394072
0.338024930260901579 0.904896213357397006 0.715088194826718926
0.378691319671821292 0.895184020854498885 0.714785747853762921
0.416911526630574847 0.882799016758056054 0.714481552502294504
0.435174254438742969 0.875703595287829373 0.714175610607630129
0.470147174386859545 0.859842645709624542 0.713867924015623934
0.503233549125791546 0.841859679897816626 0.713558494582656633
0.534637725112340534 0.821795594629957549 0.713247324175623976
0.564537424796023202 0.799598302448502718 0.712934414671925309
0.593073901817569804 0.775123125637811383 0.712619767959453143
0.606862161336308326 0.761959879028829445 0.712303385936580713
0.633507370883394261 0.733582767753712339 0.711985270512151103
0.658888619118431884 0.702122609337710868 0.711665423605465697
0.682879559343531506 0.667048492805289328 0.711343847146272412
0.705193517124988900 0.627684999036325908 0.711020543074754374
0.725306360443330300 0.583195724231902357 0.710695513341517593
0.742338170673973785 0.532577887433877684 0.710368759907580083
0.754874650966904759 0.474689617675124242 0.710040284744359096
0.760706837534786184 0.408355206306613872 0.709710089833660129
0.756478820615339331 0.332637484225935309 0.709378177167664048
0.737287208500532421 0.247436823752702234 0.709044548748915870
0.696437801925142819 0.154652232821222674 0.708709206590312113
0.625930066232671445 0.060094944090465702 0.708372152715089243
0.518780642338098841 -0.024196478044288816 0.708033389156810689
0.374304696549377480 -0.079167663038929886 0.707692917959355072
0.205011889544367609 -0.083358305863128673 0.707350741176904108
0.038341858106620885 -0.024686872534269703 0.707006860873929721
-0.093999580325153376 0.088542291472330698 0.706661279125181618
-0.173047243027524639 0.230472091694057413 0.706313998015675182
-0.199517055396549681 0.372946855917858144 0.705965019640678482
-0.186743078556659170 0.497734102527797928 0.705614346105699508
-0.150328980417040819 0.598185250887786069 0.705261979526474403
-0.102489788490096462 0.675024707604546137 0.704907922028953582
-0.051026021192049520 0.732027040473829271 0.704552175749289300
-0.000285771779635957 0.773494459567788506 0.704194742833822995
0.047596817340289088 0.803211558964559535 0.703835625439072410
0.091761457774605204 0.824180133725758823 0.703474825731717712
0.132026850263078477 0.838669757711236752 0.703112345888589618
0.185493117248040573 0.851802860802014061 0.702748188096655402
0.216974544569483008 0.856494832405374940 0.702382354553006127
0.245533699232972247 0.858878263929749752 0.702014847464843106
0.271506722619637320 0.859523690928706285 0.701645669049464793
0.295200143922246028 0.858854436203245974 0.701274821534253578
0.316886357220328096 0.857186789414909889 0.700902307156661686
0.346165569374265236 0.853317791939459447 0.700528128164198294
0.363810564382025470 0.850073569861865552 0.700152286814415881
0.380154770027227862 0.846443191915942528 0.699774785374896457
0.395342875626655377 0.842519379912191946 0.699395626123237801
0.416226955275971533 0.836235929538456713 0.699014811347040133
0.429037691650143438 0.831858483873131882 0.698632343343891682
0.441063855488301682 0.827376650119041601 0.698248224421355368
0.452382706210462504 0.822820544686673649 0.697862456896954697
0.468180652749756732 0.815897360706733799 0.697475043098159664
0.478009967328709706 0.811248049705674101 0.697085985362372984
0.487335733511790159 0.806587125818048700 0.696695286036915662
0.500474665927168938 0.799595198991879363 0.696302947479013001
0.508722678238025861 0.794944160780347908 0.695908972055780284
0.516600519778072864 0.790307582900254268 0.695513362144208891
0.524137580550686599 0.785689337838846313 0.695116120131151316
0.534861221274059662 0.778802288174923252 0.694717248413307176
0.541656156423597768 0.774240427484415794 0.694316749397208888
0.551368411144227077 0.767444416076697000 0.693914625499206461
0.557549502568424948 0.762945495901609316 0.693510879145453840
0.563514536195144577 0.758471924886428228 0.693105512771893584
0.572088610515716800 0.751808163690812492 0.692698528824242432
0.577574739865926445 0.747395702977394771 0.692289929757976541
0.585488364820258456 0.740819743191005076 0.691879718038316605
0.590569111250500045 0.736462615960505773 0.691467896140213090
0.595505066182625331 0.732125491899995096 0.691054466548331137
0.602656534775540043 0.725654276554482225 0.690639431757035682
0.607267490568712986 0.721360954945547306 0.690222794270376361
0.613967016399767807 0.714948287256903070 0.689804556602072627
0.618298407330553745 0.710688989223233425 0.689384721275498102
0.624608185853704700 0.704319486571274522 0.688963290823665919
0.628697928824042074 0.700083528028057733 0.688540267789212845
0.634670147612426794 0.693740568726196716 0.688115654724384629
0.638550230876928415 0.689516483271621961 0.687689454191019900
0.644229150095497194 0.683182286379515613 0.687261668760535072
0.647926846192057870 0.678957818397691759 0.686832301013909019
0.653350396577136561 0.672613355213930397 0.686401353541667092
0.656889199424508519 0.668375353609690248 0.685968828943865794
0.662090223519169907 0.662000122679263669 0.685534729830076905
0.665490579953808448 0.657734348773246658 0.685099058819371831
0.670497805163427718 0.651306025085419682 0.684661818540305611
0.675401120686691225 0.644834194844636777 0.684223011630901601
0.678616496382650758 0.640490828539416523 0.683782640738634817
0.683365270812953729 0.633925132128699942 0.683340708520416507
0.686484891610063985 0.629509624016068248 0.682897217642577936
0.691100349021583904 0.622820343214524730 0.682452170780854406
0.695645138281937525 0.616040875759409690 0.682005570620368706
0.698638966344677592 0.611464563225034841 0.681557419855615576
0.703080255546270849 0.604504356826596756 0.681107721190444715
0.707467429828279593 0.597415147314846129 0.680656477338045240
0.710364912700330753 0.592608781885660241 0.680203691020928702
0.714674097982405998 0.585264706349974517 0.679749364970912762
0.718943233625612077 0.577740283318564196 0.679293501929105314
0.721769354676212616 0.572612200248777681 0.678836104645886729
0.725981699991804508 0.564732861544905207 0.678377175880894634
0.730165152534535400 0.556602490858457366 0.677916718403006269
0.732939646149291191 0.551026387580893950 0.677454734990322271
0.737081502663252452 0.542400496771059282 0.676991228430149805
0.741200862600123966 0.533422185875644606 0.676526201518985459
0.745298035511597012 0.524041876962498487 0.676059657062499042
0.748016523273679512 0.517536747358688265 0.675591597875515815
0.752072276225358771 0.507352444363718291 0.675122026782000395
0.756096028966655620 0.496587175337619924 0.674650946615038660
0.760077473534145009 0.485149552864838185 0.674178360216821981
0.762700525742804225 0.477097593801403097 0.673704270438628683
0.766571104888001509 0.464284048314020203 0.673228680140807945
0.770335012519815510 0.450450547429360193 0.672751592192761816
0.773943746556574608 0.435410307923839446 0.672273009472928451
0.777325401024494766 0.418931672345127182 0.671792934868764235
0.780373103001658297 0.400724655020283482 0.671311371276726909
0.782143340562104994 0.387449332725116724 0.670828321602257471
0.784240139902025124 0.365499080501142604 0.670343788759763304
0.785371829212184625 0.340604522617822036 0.669857775672599853
0.785039722607354551 0.312055509542298548 0.669370285273053756
0.782455245158960366 0.278936683257457019 0.668881320502324628
0.776344702749234061 0.240080268520690115 0.668390884310507527
0.764604577394165430 0.194047360935562796 0.667898979656575076
0.751986606305179550 0.158575524551040931 0.667405609508359698
0.721807426841844624 0.097134628514490617 0.666910776842535635
0.670168413167194998 0.025734409719970819 0.666414484644600846
0.583069178738788385 -0.051151935203559873 0.665916735908859470
0.441613257796217629 -0.115738047843658987 0.665417533638403169
0.235748979519516400 -0.122939240646025738 0.664916880845093483
0.007072762232335619 -0.006740043962274239 0.664414780549543171
-0.130511072759677271 0.237972848076375726 0.663911235781098785
-0.109580719959453315 0.497644330778589217 0.663406249577821461
0.008819760849681169 0.672626387651671154 0.662899824986468933
0.143299126392105070 0.759426825594408994 0.662391965062477772
0.258465813572993253 0.791468586239343130 0.661882672869943733
0.348835327098136083 0.795592859212793324 0.661371951481604547
0.418336580947842152 0.786773652418915836 0.660859803978820493
0.472087281857787477 0.772470275673119877 0.660346233451555964
0.514286641403183364 0.756256983529282056 0.659831242998361267
0.548014390294543352 0.739808323135203505 0.659314835726353410
0.575459585481769675 0.723879380591706423 0.658797014751197674
0.598174156449804206 0.708779571463791891 0.658277783197088628
0.617268249283515313 0.694602874909108658 0.657757144196731369
0.633546877175373169 0.681341119059902356 0.657235100891322421
0.647602728314438769 0.668940318264325873 0.656711656430531421
0.659878914711965248 0.657328775306070812 0.656186813972481464
0.674048343643123604 0.642944218721515637 0.655660576683730012
0.683348669351890758 0.632885741486823417 0.655132947739250349
0.691723209981379150 0.623380149677111639 0.654603930322411820
0.699319445383934313 0.614369185659547679 0.654073527624961182
0.706255498934493020 0.605801158727746536 0.653541742847002838
0.712626946204917289 0.597630459501270361 0.653008579196979855
0.718511849126672320 0.589816947455030105 0.652474039891654756
0.723974523129781611 0.582325318671076397 0.651938128156089536
0.730692329047040401 0.572784032065305704 0.651400847223626678
0.735362734724085643 0.565928955060075234 0.650862200335869279
0.739757944807344692 0.559305729447960864 0.650322190742662065
0.743908255340398172 0.552893813606017526 0.649780821702071409
0.747839574644070137 0.546674972282179983 0.649238096480365567
0.752778746376608909 0.538655726404597690 0.648694018351995028
0.756280590971453837 0.532827262259494838 0.648148590599572971
0.759626814353317470 0.527144185330307602 0.647601816513855399
0.762831394139291241 0.521595275698396255 0.647053699393721038
0.765906603927268947 0.516170431976101352 0.646504242546151686
0.769824163468706857 0.509114665864848992 0.645953449286212344
0.772637473165395217 0.503945333773580861 0.645401322937030675
0.775352950799650831 0.498872872240668397 0.644847866829777683
0.777977906056098401 0.493890682106919443 0.644293084303647068
0.781348251780914493 0.487377853256886540 0.643736978705835461
0.783786311222765097 0.482583764464393106 0.643179553391521885
0.786153228536752846 0.477861785562442132 0.642620811723847774
0.789206401161287596 0.471670243725662464 0.642060757073896426
0.791424609269722801 0.467099595528955081 0.641499392820673031
0.793585537464179924 0.462587346326947257 0.640936722351083898
0.795692569073637390 0.458130036886135683 0.640372749059916258
0.798423417013515935 0.452266905451217505 0.639807476349817827
0.800416284790317900 0.447925695339248309 0.639240907631276056
0.802364617876562214 0.443629569017249592 0.638673046322597582
0.804897131873993033 0.437967172313059872 0.638103895849887803
0.806750330990302245 0.433766661042093105 0.637533459647030010
0.809163381878799770 0.428223553680429636 0.636961741155665062
0.810932069727818616 0.424106778364831349 0.636388743825169967
0.812667357960584535 0.420022656163218544 0.635814471112637336
0.814931738600360944 0.414624888890659182 0.635238926482855071
0.816594842254826481 0.410610197355324613 0.634662113408284490
0.818229239979373135 0.406622587235896171 0.634084035369040122
0.820365870755267235 0.401345343523715536 0.633504695852868616
0.821937878801446975 0.397415272965479016 0.632924098355127196
0.823995258091446470 0.392209814098346987 0.632342246378763129
0.825510580391974225 0.388330073967386391 0.631759143434292514
0.827495784865465378 0.383187302439666810 0.631174793039778748
0.828959366478816961 0.379351423316396430 0.630589198720811650
0.830402126967980325 0.375532518098965928 0.630002364010486038
0.832294705004195223 0.370465272361646059 0.629414292449380408
0.833691719427475220 0.366682032231484600 0.628824987585535511
0.835525762371290170 0.361658845450913480 0.628234452974433477
0.836880612172843374 0.357906134040219537 0.627642692178975614
0.838660604864181147 0.352920440579010952 0.627049708769460978
0.839976451579582672 0.349193529928284563 0.626455506323565503
0.841706360698517453 0.344239266419962942 0.625860088426319683
0.842986005569666297 0.340533776375739727 0.625263458670087813
0.844669351314061401 0.335605308356193843 0.624665620654545006
0.845915283814065000 0.331917156571532534 0.624066577986656545
0.847555198423439071 0.327009217800421914 0.623466334280656009
0.848769635996359018 0.323334578276446238 0.622864893158023070
0.850368911816043127 0.318442220291637490 0.622262258247461841
0.851946102214757750 0.313556651466915470 0.621658433184878789
0.853114961763952517 0.309896038830890785 0.621053421613361412
0.854655307699186184 0.305018817742797321 0.620447227183155481
0.855797339029336079 0.301362829630821949 0.619839853551643394
0.857302925230721602 0.296489647421593117 0.619231304383322301
0.858419604827693861 0.292835127979347520 0.618621583349781567
0.859892289788747433 0.287961871359677712 0.618010694129680793
0.861346928645634669 0.283086792661204734 0.617398640408728050
0.862426369377606417 0.279428530536329989 0.616785425879656679
0.863850619257046648 0.274547254383094963 0.616171054242203975
0.864907796849731403 0.270882940173086117 0.615555529203088425
0.866303022289288904 0.265991757704676868 0.614938854475987173
0.867682210738550563 0.261093298564769705 0.614321033781514036
0.868706296687110968 0.257413987526504573 0.613702070847196968
0.870058274780948881 0.252500043908694682 0.613081969407454963
0.871395144775406028 0.247575713986565582 0.612460733203576524
0.872388056423103131 0.243874990515398377 0.611838365983696564
0.873699163432792969 0.238929856946719338 0.611214871502773316
0.874995891965866801 0.233971361537899103 0.610590253522566684
0.875959135355300900 0.230243086791851126 0.609964515811614816
0.877231215424903232 0.225258680153951812 0.609337662145211567
0.878489464635837769 0.220258044213688609 0.608709696305383963
0.879424170194655574 0.216496302284760883 0.608080622080868771
0.880658579708990086 0.211464814469019574 0.607450443267090412
0.881879537898667687 0.206414312509735243 0.606819163666137418
0.883087143392622065 0.201343799072482982 0.606186787086739787
0.883984132718117044 0.197527184958482122 0.605553317344246333
0.885168547736653877 0.192419268998578752 0.604918758260600598
0.886339778321181937 0.187288625744087806 0.604283113664319305
0.887209564712424181 0.183425137594085574 0.603646387390467831
0.888357771390890671 0.178252358206386741 0.603008583280637778
0.889492817520814660 0.173054149828690218 0.602369705182924098
0.890614677412017164 0.167829526552126906 0.601729756951901340
0.891723307505905227 0.162577497561362305 0.601088742448600111
0.892546061875876706 0.158619890880107028 0.600446665540484759
0.893631382138299735 0.153317495330313414 0.599803530101429061
0.894703262592031145 0.147984926205381229 0.599159340011693797
0.895761594601217181 0.142621154202134781 0.598514099157902213
0.896546377492699720 0.138577219982430666 0.597867811433017704
0.897580687178342274 0.133156315378533174 0.597220480736319392
0.898601062089390945 0.127701284164874973 0.596572110973379255
0.899607329927755828 0.122211020132857950 0.595922706056038476
0.900599301311007183 0.116684388757175517 0.595272269902383133
0.901576769600219263 0.111120223463885892 0.594620806436721661
0.902300218990893077 0.106921745901011889 0.593968319589560312
0.903251756794084648 0.101288978458651313 0.593314813297580179
0.904188131901454528 0.095615270362728377 0.592660291503612213
0.905109069973082159 0.089899297197915673 0.592004758156615130
0.906014277351807618 0.084139681076322970 0.591348217211650096
0.906903440291897844 0.078334985208533880 0.590690672629857860
0.907776224045071967 0.072483708111737377 0.590032128378433995
0.908419849226020926 0.068063738319151690 0.589372588430605804
0.909263096781771973 0.062127114151395879 0.588712056765608116
0.910088926809325960 0.056139393906797119 0.588050537368658643
0.910896914608712915 0.050098774615860153 0.587388034230934886
0.911686607539517357 0.044003354982189213 0.586724551349549261
0.912457522863707626 0.037851126757960263 0.586060092727525461
0.913209145281744461 0.031639965437327777 0.585394662373774133
0.913940924123142096 0.025367620231217747 0.584728264303068901
0.914652270147172874 0.019031703227437136 0.584060902536021609
0.915342551909095525 0.012629677655938421 0.583392581099058893
0.916011091630759000 0.006158845139211944 0.582723304024396649
0.916657160514801284 -0.000383668156107575 0.582053075350017379
0.917126495666148012 -0.005339429448575017 0.581381899119644441
0.917731314074665239 -0.012014881743113381 0.580709779382718061
0.918311348323892052 -0.018770951054638108 0.580036720194371247
0.918865624654634727 -0.025611315889975561 0.579362725615404806
0.919393085699404033 -0.032539916026968096 0.578687799712263029
0.919892580674548821 -0.039560976106274681 0.578011946557009382
0.920362854176993928 -0.046679031702903773 0.577335170227301964
0.920802533370396858 -0.053898958253228102 0.576657474806368309
0.921210113285999777 -0.061226003231508175 0.575978864382981293
0.921583939935856855 -0.068665822004622734 0.575299343051434375
0.921922190848534884 -0.076224517938731584 0.574618914911516843
0.922222852583081010 -0.083908687336459398 0.573937584068489048
0.922483694670366394 -0.091725469926919490 0.573255354633057546
0.922702239325177476 -0.099682605760177678 0.572572230721350661
0.922875726124341433 -0.107788499487206646 0.571888216454893183
0.923001070675613100 -0.116052293140534390 0.571203315960581826
0.923074816088800931 -0.124483948812399103 0.570517533370660246
0.923093075770574867 -0.133094342773450336 0.569830872822694068
0.923051465747340760 -0.141895372966663047 0.569143338459545789
0.922945024261426661 -0.150900082047673245 0.568454934429350356
0.922712144676973045 -0.162464355977604336 0.567765664885489074
0.922438013584881089 -0.171981955981065027 0.567075533986565739
0.922077639048217490 -0.181755388213202695 0.566384545896380986
0.921622272134348663 -0.191804421389642987 0.565692704783906763
0.921061808968776763 -0.202150999571124368 0.565000014823262009
0.920384529447414335 -0.212819547463664049 0.564306480193686899
0.919576775889388909 -0.223837327016938870 0.563612105079517756
0.918622555557752074 -0.235234855058521486 0.562916893670161955
0.917503046070572870 -0.247046393643073403 0.562220850160072394
0.916195976130318890 -0.259310526941104291 0.561523978748722397
0.914674845020347793 -0.272070841235628968 0.560826283640580292
0.912907932114972676 -0.285376727477284653 0.560127769045084101
0.910294709942948588 -0.302862557972657431 0.559428439176616110
0.907822536765824806 -0.317613366964552279 0.558728298254477340
0.904947449436037221 -0.333123015729248573 0.558027350502862229
0.901596104360129491 -0.349478384491835325 0.557325600150833100
0.897677404518445798 -0.366779359248680437 0.556623051432294513
0.893077253727576403 -0.385140939791414394 0.555919708585968286
0.887651485201467527 -0.404695564224801130 0.555215575855366850
0.881216237758565724 -0.425595531743578448 0.554510657488768932
0.871385426092713633 -0.453880316634910352 0.553804957739192694
0.861702271989199908 -0.478480933529876085 0.553098480864371078
0.849939586915743117 -0.505079020997931005 0.552391231126725279
0.835518925299560955 -0.533917519224650361 0.551683212793339983
0.817662054552785178 -0.565239689952740099 0.550974430135936832
0.795312601354210669 -0.599253474098770833 0.550264887430848670
0.758811472047113078 -0.645686178015808743 0.549554588958994228
0.720251828035268882 -0.685709396519656456 0.548843539005852032
0.670303145807791378 -0.727374623114775298 0.548131741861434318
0.605201952775039631 -0.768555082530563816 0.547419201820261936
0.520430424940418024 -0.804832170960007809 0.546705923181337261
0.380414158356263687 -0.830071970178538288 0.545991910248119217
0.240666882361726120 -0.816179908887507022 0.545277167328497070
0.087639078095449185 -0.750583849900292033 0.544561698734763899
-0.049606136536578638 -0.618737496762666428 0.543845508783591502
-0.129678486771988566 -0.430093234591370666 0.543128601796003752
-0.111308139684139551 -0.178212311856026651 0.542410982097350503
-0.018790536628979781 -0.020110513686542156 0.541692654017281949
0.103345386093361816 0.078941757037198579 0.540973621889721756
0.225063756578369939 0.126603375620640973 0.540253890052841745
0.355405696102280455 0.138178323599337627 0.539533462849035028
0.438568941447543770 0.125600700846099478 0.538812344624890471
0.504847884139453251 0.103259017294473066 0.538090539731165718
0.557244557616727976 0.076300947797425883 0.537368052522761430
0.607549963730726894 0.040396953824768073 0.536644887358695422
0.638469534574168662 0.011687787450323728 0.535921048602074901
0.663032652620195395 -0.016241401248796028 0.535196540620071826
0.682577039508390437 -0.043088408009839485 0.534471367783895701
0.701472223732685030 -0.074983185140044484 0.533745534468767047
0.713070304214901807 -0.099185343750034349 0.533019045053891527
0.722148390290106024 -0.122291885165884073 0.532291903922433307
0.729129531953434329 -0.144391321641201942 0.531564115461488407
0.735398511767451413 -0.170742471438311894 0.530835684062058610
0.738749140510327806 -0.190916239130544674 0.530106614119024488
0.740826501499671775 -0.210375658267581089 0.529376910031119641
0.741853664608451702 -0.233811671613441574 0.528646576200903162
0.741556702230121156 -0.251932517567042047 0.527915617034733886
0.740359364163556855 -0.269559634667103476 0.527184036942743628
0.737696444115332861 -0.290977293603641995 0.526451840338810095
0.734693679145709710 -0.307672112046342705 0.525719031640530909
0.730955286994067532 -0.324016965529326573 0.524985615269196515
0.726507458686196483 -0.340043148697953157 0.524251595649763980
0.719976573258050534 -0.359666793932909845 0.523516977210829459
0.713987190743619271 -0.375063198860388969 0.522781764384602554
0.707322080581311408 -0.390207229428716662 0.522045961606878439
0.698037256829406316 -0.408797730390224712 0.521309573317012220
0.689838316261355722 -0.423404949942717268 0.520572603957891289
0.680942031614810594 -0.437776990334626026 0.519835057975908787
0.668818300563984280 -0.455404202218090304 0.519096939820936853
0.658294469799162840 -0.469223851002703696 0.518358253946300196
0.647014664586626931 -0.482776461691703074 0.517619004808748007
0.631815841372859066 -0.499309764908385412 0.516879196868428425
0.618746291872129928 -0.512177541084401389 0.516138834588860784
0.601226528448663755 -0.527758073675091643 0.515397922436909073
0.586229983815142131 -0.539768716483684852 0.514656464882754738
0.570330695667222498 -0.551322832518211681 0.513914466399869707
0.549144331274562858 -0.565035226786064992 0.513171931464990072
0.531113008606287740 -0.575339269408434051 0.512428864558087671
0.512093691419065022 -0.584968246811942927 0.511685270162344774
0.486900094383152460 -0.595921308471971223 0.510941152764125550
0.465592587342511022 -0.603696630697410419 0.510196516852949977
0.437507976197029913 -0.611999409889283363 0.509451366921466198
0.413886253941248172 -0.617357690374344847 0.508705707465423762
0.389258253008002097 -0.621427809068947901 0.507959542983646317
0.357111694360397525 -0.624479195932009956 0.507212877978004517
0.330372002416919330 -0.625099037077743946 0.506465716953388712
0.302808102816296887 -0.623919957827903993 0.505718064417682078
0.267357194070239945 -0.619654201695416518 0.504969924881733090
0.238368074125925089 -0.613796322664382887 0.504221302859328868
0.201633384911580477 -0.603138666191412876 0.503472202867166985
0.172109031882594771 -0.591750590879590366 0.502722629424828926
0.135454225289047436 -0.573710085680231741 0.501972587054753117
0.106694872544511599 -0.556100602675923650 0.501222080282206495
0.078801122322346623 -0.535591099484877264 0.500471113635258535
0.045714432204921857 -0.505849403181583668 0.499719691644752828
0.021148834833594338 -0.478824164435741939 0.498967818844280431
-0.006512808623566596 -0.441192794698431812 0.498215499770152170
-0.025715592279949712 -0.408246411570615697 0.497462738961371664
-0.041903787959839983 -0.373071099801621953 0.496709540959607176
-0.057382844653927401 -0.326506919433439236 0.495955910309165471
-0.065619028216311770 -0.287694018982354749 0.495201851556962724
-0.070400876014896516 -0.238013685664314856 0.494447369252498770
-0.069684953065635102 -0.197970687742959117 0.493692467947828284
-0.063104701452947498 -0.148419965941492649 0.492937152197534589
-0.053411563452651210 -0.109821533643255961 0.492181426558700674
-0.036078792319456744 -0.063681445647570750 0.491425295590883215
-0.018380424722544021 -0.028987178068627970 0.490668763856084045
0.002351835865471106 0.003335854924005801 0.489911835918723060
0.031936817763879320 0.039966456386583998 0.489154516345610635
0.058031956803074700 0.065999905464913633 0.488396809705919865
0.092988353899813997 0.094251108719985960 0.487638720571159257
0.122318566312619351 0.113365001019659323 0.486880253515145078
0.160048970083738612 0.132937335932762718 0.486121413113973777
0.190655761529512219 0.145237501259839225 0.485362203945993942
0.228929965543313685 0.156620596625623804 0.484602630591779604
0.259235991105109809 0.162725142913250798 0.483842697634101593
0.296362184995693334 0.166896001382818598 0.483082409657900780
0.325239906778730048 0.167696300722881053 0.482321771250259546
0.360079638232924493 0.165843531374538694 0.481560787000374912
0.386819247611735917 0.162311439234314847 0.480799461499530345
0.418709205812551111 0.155635290967529483 0.480037799341068050
0.442936855291200027 0.148696791341493884 0.479275805120361664
0.465994841449258013 0.140513386539076024 0.478513483434788112
0.493160118799928604 0.128759409238490635 0.477750838883700013
0.513572972276711726 0.118301334371358813 0.476987876068398153
0.537466496645634173 0.104109715030811983 0.476224599592103282
0.555313230244363409 0.091993458167358738 0.475461014059928577
0.576086653068496046 0.076052205615379009 0.474697124078852117
0.591519660308366668 0.062765689073809389 0.473932934257688454
0.609389886341090481 0.045612463239412454 0.473168449207061581
0.622596365297573340 0.031532764732269125 0.472403673539376345
0.637806505615089447 0.013579129519243227 0.471638611868791302
0.648983608318778105 -0.001007558868430458 0.470873268811190182
0.661778655619561285 -0.019451558755506748 0.470107648984154913
0.671118561515275047 -0.034331098230709456 0.469341757006936922
0.681731364616402935 -0.053034881823079749 0.468575597500429597
0.689413096037601036 -0.068048915705598845 0.467809175087140594
0.698057151946959165 -0.086842849854553261 0.467042494391163687
0.704242742972870928 -0.101875453760350898 0.466275560038151071
0.711109286841627330 -0.120635934158181246 0.465508376655285161
0.717062604422946115 -0.139337452057342381 0.464740948871250947
0.721200297628364573 -0.154240770018247042 0.463973281316208130
0.725629033257969125 -0.172781384369720181 0.463205378621762642
0.728603476979987508 -0.187532923335979262 0.462437245420939558
0.731643598143242757 -0.205859672935503002 0.461668886348154228
0.733555943182509163 -0.220423762238983689 0.460900306039185248
0.735324913851579165 -0.238499125532007583 0.460131509131145422
0.736262369257353888 -0.252850563125045225 0.459362500262455065
0.736861305814093814 -0.270648083152768337 0.458593284072812746
0.736898853662816045 -0.284769117487830181 0.457823865203168145
0.736414621164399930 -0.302270151864790559 0.457054248295693633
0.735616637403800899 -0.316148247451778885 0.456284437993756620
0.734123788435213087 -0.333339570042308853 0.455514438941891142
0.732545516054503909 -0.346965763951984030 0.454744255785770268
0.730108028428716693 -0.363837806419083643 0.453973893172177512
0.727796882482420138 -0.377205507091449288 0.453203355748979131
0.724469683863960823 -0.393751077749651235 0.452432648165096596
0.721466387128424147 -0.406855192536745125 0.451661775070477334
0.717296672728690021 -0.423068548577089032 0.450890741116067750
0.712676814507848144 -0.439095168301210537 0.450119550953784642
0.708664590541046691 -0.451781033239464336 0.449348209236487384
0.703262859020435949 -0.467467874520865245 0.448576720617949509
0.698638496345970306 -0.479880063995490880 0.447805089752831120
0.692487048007894845 -0.495222478490533358 0.447033321296650354
0.687274420869416480 -0.507357223144631275 0.446261419905755630
0.680400958451717219 -0.522350373262233214 0.445489390237297223
0.674620635130869228 -0.534203662663603862 0.444717236949199513
0.667049022328162766 -0.548842314154723288 0.443944964700132727
0.660718715665226664 -0.560409754584396680 0.443172578149484575
0.652469493340207096 -0.574688123014797769 0.442400081957332769
0.645604439346678882 -0.585964830626809929 0.441627480784416215
0.636695259933402258 -0.599876463807404336 0.440854779292107424
0.627426123922569356 -0.613581290050900896 0.440081982142383921
0.619754531777257922 -0.624394664423713830 0.439309093997800659
0.609848003644552716 -0.637721173836847788 0.438536119521461376
0.601671422856290050 -0.648228567584068771 0.437763063376990780
0.591139316219050803 -0.661168204255802028 0.436989930228506185
0.582466450674263836 -0.671362398931121818 0.436216724740589701
0.571318771208700560 -0.683905655329698159 0.435443451578259699
0.562156967412952957 -0.693778644732265359 0.434670115406943058
0.550402127728333523 -0.705914996132355643 0.433896720892446575
0.540757535580542514 -0.715457934526469219 0.433123272700929207
0.528402543566714455 -0.727175774752171433 0.432349775498873712
0.515716699488447006 -0.738655674812369711 0.431576233953058608
0.505330882383996816 -0.747665503264411058 0.430802652730529700
0.492053379263631629 -0.758706537908403034 0.430029036498572770
0.481195984441656843 -0.767359541994854122 0.429255389924684039
0.467330947917293071 -0.777947049506101274 0.428481717676543417
0.456004903973753650 -0.786230981661370065 0.427708024421985300
0.441555558209274279 -0.796348987024918742 0.426934314828971262
0.429763114505335442 -0.804250521182170441 0.426160593565560908
0.414731882353937875 -0.813881665208969984 0.425386865299884787
0.399378159212423978 -0.823234295399605021 0.424613134700115247
0.386863266437051156 -0.830511800277740742 0.423839406434439070
0.370930018873500800 -0.839347630300079861 0.423065685171028827
0.357951849766479924 -0.846203358329209232 0.422291975578014622
0.341439776558140118 -0.854501117679130839 0.421518282323456672
0.327998646662081395 -0.860917379788393555 0.420744610075315939
0.310907842245955079 -0.868654084456379150 0.419970963501427319
0.297003588057025536 -0.874611769057578869 0.419197347269470222
0.279333547426533768 -0.881762584586195608 0.418423766046941481
0.264965520783019048 -0.887241035211274620 0.417650224501126266
0.246715120473274457 -0.893779105001903162 0.416876727299070882
0.228141571724524900 -0.899964341737382045 0.416103279107553403
0.213049619187209410 -0.904652192819515255 0.415329884593057030
0.193892626221760567 -0.910178354009752222 0.414556548421740223
0.178332823544492869 -0.914325978642488324 0.413783275259410332
0.158589439183373926 -0.919159898981553369 0.413010069771493848
0.142559095511428202 -0.922739565577963772 0.412236936623009365
0.122225516049491389 -0.926844961500967290 0.411463880478538657
0.105721218618568813 -0.929826247428892083 0.410690906002199319
0.084792693070299074 -0.933163193374750510 0.409918017857616057
0.063531213994271196 -0.936054417825220586 0.409145220707892665
0.046280989900681302 -0.938036777327363014 0.408372519215583762
0.024415118753627896 -0.940088587038742762 0.407599918042667209
0.006678516986117655 -0.941378995046246225 0.406827421850515403
-0.015799176501956891 -0.942538724648180115 0.406055035299867251
-0.034028506403080749 -0.943092436664645484 0.405282763050800465
-0.057126429638887810 -0.943300552605644049 0.404510609762702811
-0.075855544604407743 -0.943066781496528672 0.403738580094244404
-0.099582846164742389 -0.942255435898065041 0.402966678703349568
-0.118819238990347520 -0.941176073553928960 0.402194910247168913
-0.143185344696424521 -0.939267342944505534 0.401423279382050524
-0.162936452041516466 -0.937275412107336559 0.400651790763512761
-0.187950267105886526 -0.934179177333698818 0.399880449046215336
-0.213327177794024159 -0.930378977276617669 0.399109258883932283
-0.233891291977771365 -0.926808409506343800 0.398338224929522700
-0.259925515385050154 -0.921650212593151164 0.397567351834903382
-0.281016227868968294 -0.916941959380075278 0.396796644251020736
-0.307707893885985018 -0.910292055915511766 0.396026106827822577
-0.329322258090547826 -0.904330327694977787 0.395255744214229765
-0.356662790401293617 -0.896031986501000466 0.394485561058108725
-0.378789077709645150 -0.888681060199760786 0.393715562006243303
-0.406756213801834687 -0.878550686458499541 0.392945751704306401
-0.429369207007225862 -0.869651777480922261 0.392176134796831943
-0.457920076318541258 -0.857475014492304566 0.391406715927187232
-0.480974591248802041 -0.846843247054011816 0.390637499737544969
-0.510036281720160911 -0.832371441477042451 0.389868490868854556
-0.533458427097079024 -0.819793358464757871 0.389099693960814785
-0.562915395390248596 -0.802741103320083083 0.388331113651845694
-0.586591042133282059 -0.787973443815305208 0.387562754579060531
-0.616268716934690652 -0.768018345456787266 0.386794621378237391
-0.640028693755091083 -0.750789228352095606 0.386026718683791847
-0.669672769720895289 -0.727575643582160758 0.385259051128749030
-0.699150855355488821 -0.702388962987788412 0.384491623344714872
-0.722525881498588540 -0.680739108877483456 0.383724439961849018
-0.751356025424245400 -0.651701837245563631 0.382957505608836291
-0.773998001549460080 -0.626820337381913895 0.382190824912859439
-0.801600766319206515 -0.593562957789245171 0.381424402499570547
-0.822977639344615097 -0.565171823249848604 0.380658242993063167
-0.848595806217991022 -0.527382746632664601 0.379892351015845064
-0.868024284177073335 -0.495273782650142158 0.379126731188809796
-0.890703907925372240 -0.452763635698285927 0.378361388131208842
-0.907341051266573717 -0.416858660162883476 0.377596326460623632
-0.925932917659382348 -0.369646317235261257 0.376831550792938397
-0.938789867288135293 -0.330073766472386121 0.376067065742311524
-0.951986690153342141 -0.278489540955408343 0.375302875921148027
-0.959977693662636966 -0.235670189065185137 0.374538985940071401
-0.966403421454843592 -0.180461510325414909 0.373775400407896752
-0.968441882214208793 -0.135186464197258494 0.373012123931601880
-0.966803725921729584 -0.077598246925128456 0.372249161116299909
-0.961948442662663439 -0.031071885612760752 0.371486516565211977
-0.953805885034376688 0.015519336464486000 0.370724194879638425
-0.938883033945812961 0.073322622472001941 0.369962200658932039
-0.923113612609913758 0.118767772558575901 0.369200538500469633
-0.898664222453922079 0.173951159762567253 0.368439212999625065
-0.875431123096470198 0.216332795764703711 0.367678228749740488
-0.842061686498458140 0.266496277328434561 0.366917590342099198
-0.812176240047248865 0.303957294671311717 0.366157302365898329
-0.771291680661208789 0.346947779942300194 0.365397369408220485
-0.736160990495223100 0.377963231424186752 0.364637796054006091
-0.689813827192027995 0.412194360933527126 0.363878586886026256
-0.651257652691369593 0.435792336486988674 0.363119746484854844
-0.601857082370328422 0.460454919853610867 0.362361279428840721
-0.561842154170311692 0.476320803664820158 0.361603190294080168
-0.511806737483536889 0.491425726211261016 0.360845483654389343
-0.472176303193834856 0.499867721411470400 0.360088164081276974
-0.433227578552620507 0.505241093725966706 0.359331236143916044
-0.385897988420955407 0.507930496335677995 0.358574704409116762
-0.349386498691640790 0.507117321589900305 0.357818573441299359
-0.305723872814942454 0.502763659610596658 0.357062847802465555
-0.272535646728073011 0.496890998033267417 0.356307532052171694
-0.233378515173691348 0.486935428427428874 0.355552630747501208
-0.203983849461709166 0.477144995425159868 0.354798148443037253
-0.169695936737445624 0.462959477445743339 0.354044089690834618
-0.144229195666800813 0.450280591911116912 0.353290459040392801
-0.120485573764038539 0.436600712708593186 0.352537261038628369
-0.093172674804162303 0.418315238631301212 0.351784500229847863
-0.073156420028703151 0.402889202999081042 0.351032181155719714
-0.050335475589070922 0.382772647949787825 0.350280308355247205
-0.033763504019735907 0.366102070891593412 0.349528886364741498
-0.015052706946100669 0.344617913346012494 0.348777919717793483
-0.001615389297792008 0.326932777747892089 0.348027412945247028
0.010517300023880710 0.308785538229363055 0.347277370575171052
0.023907999243803379 0.285357010203799666 0.346527797132833160
0.033222526351326540 0.265876188413481263 0.345778697140671221
0.043085732451780295 0.240276828877688864 0.345030075118266999
0.049445933284271729 0.218407348126676781 0.344281935582318011
0.054220581986864580 0.194756048555996986 0.343534283046611377
0.057238626563289138 0.161420583183389477 0.342787122021995572
0.056025684412053828 0.130063793414559592 0.342040457016353661
0.045707381076010897 0.081086239641163432 0.341294292534576271
0.021647062166251906 0.029346735214837435 0.340548633078533836
-0.039574587009994791 -0.036290658865045476 0.339803483147050112
-0.256984393168303071 -0.067007122669575467 0.339058847235874428
-0.409273998023832908 0.195975916105562947 0.338314729837655315
-0.224397967534827242 0.386539450830041431 0.337571135441912362
-0.056505000903952898 0.359529656622645744 0.336828068535010128
-0.000272318082119943 0.314644475885378971 0.336085533600130215
0.033117595135937913 0.268949709443240925 0.335343535117245406
0.047022812162148417 0.240135286730658704 0.334602077563091016
0.055307412569180925 0.216155853869229780 0.333861165411139194
0.061151855459842724 0.190917616743154411 0.333120803131571552
0.063563997144019196 0.173436976817132965 0.332380995191252027
0.064608639946163060 0.157737679221470528 0.331641746053699893
0.064501396226232618 0.140039626261384165 0.330903060179063069
0.063537737982307677 0.127101230422775269 0.330164942024091357
0.061939114553819334 0.115044725321547886 0.329427396042108855
0.059182677755656748 0.101010444433736774 0.328690426682987813
0.056446301785673281 0.090490579546326735 0.327954038393121539
0.053285622599508191 0.080517829969491056 0.327218235615397535
0.048786465187998881 0.068734170143502818 0.326483022789170574
0.044777289825039257 0.059798888467614525 0.325748404350236054
0.040423059629337885 0.051262971857247583 0.325014384730803463
0.034515257820898780 0.041113764419128354 0.324280968359469235
0.029429352080734432 0.033385353845151559 0.323548159661190049
0.024032135563529459 0.025986850587808814 0.322815963057256461
0.016856724993804376 0.017184159472629197 0.322084382965266092
0.010778735135772866 0.010487509801518725 0.321353423799096927
0.004404321658043167 0.004091334388597560 0.320623089968880448
-0.002263858620673566 -0.002008088761500049 0.319893385880975489
-0.011008987334286827 -0.009217517005453077 0.319164315937941478
-0.018330901037360642 -0.014652848315895146 0.318435884538511682
-0.025940779821576044 -0.019790742732018307 0.317708096077566726
-0.035855878789140587 -0.025789339239084972 0.316980954946108506
-0.044108322451910015 -0.030243071961711974 0.316254465531233042
-0.052643709905700567 -0.034383142402317664 0.315528632216104443
-0.061460070005783497 -0.038201992504724586 0.314803459379928152
-0.072872032297625830 -0.042510599592331604 0.314078951397925132
-0.082311323568032446 -0.045573642303854071 0.313355112641304667
-0.092022180179921684 -0.048283867526612796 0.312631947477238548
-0.102000460160117740 -0.050629633903683705 0.311909460268834315
-0.114841868943355796 -0.053030312039608479 0.311187655375109562
-0.125402771624806980 -0.054509492849349736 0.310466537150965005
-0.136212143896539878 -0.055581263618245280 0.309746109947158288
-0.147262166598709110 -0.056231090822189390 0.309026378110278277
-0.161399459468468454 -0.056427090989024521 0.308307345982718140
-0.172956695153442613 -0.056072008824939137 0.307589017902649531
-0.184721402779057242 -0.055244810572317039 0.306871398203996282
-0.196680724519789824 -0.053929487551286008 0.306154491216408586
-0.208820444720278747 -0.052109937089794944 0.305438301265236245
-0.224224831820623138 -0.049101934592744090 0.304722832671503130
-0.236711072932901723 -0.046089276461025078 0.304008089751880761
-0.249321508718481577 -0.042520798214600003 0.303294076818662772
-0.262035618621917599 -0.038381323533908079 0.302580798179738097
-0.274831317853378998 -0.033656245539793378 0.301868258138565604
-0.290904485144945102 -0.026905314180115422 0.301156460994148056
-0.303794868383215566 -0.020813186751910365 0.300445411041005861
-0.316684236120574891 -0.014093740672378924 0.299735112569151418
-0.329543909661297874 -0.006736501221624974 0.299025569864063145
-0.342343749715081747 0.001267609231052236 0.298316787206659995
-0.358211246942572115 0.012193696529243708 0.297608768873274754
-0.370759194740477249 0.021678098609741320 0.296901519135629122
-0.383140217700144392 0.031827238942870872 0.296195042260807340
-0.395318950651309620 0.042642441668604369 0.295489342511231157
-0.407259130895285981 0.054122804462422708 0.294784424144633184
-0.418923763645120961 0.066265063397434154 0.294080291414031747
-0.430275305428128418 0.079063470827719584 0.293376948567705464
-0.443966707088695178 0.095971232544273810 0.292674399849167044
-0.454475073452355660 0.110211400297413414 0.291972649497137970
-0.464547070343823476 0.125070721063924584 0.291271701745522582
-0.474145237172243217 0.140531934647563889 0.290571560823383868
-0.483232769946225493 0.156574964822908336 0.289872230954915933
-0.491773781247193731 0.173176930774820020 0.289173716359419908
-0.499733563145495441 0.190312186249413678 0.288476021251277581
-0.507078849795189135 0.207952387287478252 0.287779149839927695
-0.513778076095623537 0.226066588900339926 0.287083106329838189
-0.521198678084801248 0.249324766502227513 0.286387894920482278
-0.526339355907292972 0.268379754888711797 0.285693519806313190
-0.530746085287707725 0.287791914923668735 0.284999985176738024
-0.534397171113755842 0.307520978357534835 0.284307295216093381
-0.537273769858107375 0.327525031020970137 0.283615454103619102
-0.539360043849598902 0.347760766853482228 0.282924466013434350
-0.540643287998093913 0.368183758388585303 0.282234335114511015
-0.541114026945078930 0.388748740240823398 0.281545065570649733
-0.540766081215664829 0.409409901705503954 0.280856661540454244
-0.539596601463789627 0.430121184644053856 0.280169127177306077
-0.537606070466192687 0.450836582485314885 0.279482466629339732
-0.534798273125210333 0.471510436440873870 0.278796684039418097
-0.531180235301429771 0.492097724836959904 0.278111783545106850
-0.526762132821404605 0.512554342053586631 0.277427769278649428
-0.521557172498106958 0.532837363372129946 0.276744645366942488
-0.515581447447854169 0.552905292803807846 0.276062415931510929
-0.508853769404071898 0.572718291010150704 0.275381085088483135
-0.501395480897784074 0.592238381174741035 0.274700656948565658
-0.493230250547706417 0.611429630909124389 0.274021135617018741
-0.484383854769383393 0.630258308918593801 0.273342525193631669
-0.474883949222161705 0.648693015626121694 0.272664829772698014
-0.464759833403386002 0.666704787361491857 0.271988053442990652
-0.454042211647524285 0.684267174247860988 0.271312200287737060
-0.442762953625991551 0.701356292308438989 0.270637274384595228
-0.430954857314691908 0.717950850682556485 0.269963279805628786
-0.418651417030315331 0.734032155282958287 0.269290220617281972
-0.405886598987865499 0.749584090265408065 0.268618100880355593
-0.392694626439928085 0.764593079183038538 0.267946924649982543
-0.379109776136783483 0.779048027681923050 0.267276695975603384
-0.365166187605276304 0.792940249758579241 0.266607418900941251
-0.350897686314602164 0.806263379718219153 0.265939097463978480
-0.336337621590228286 0.819013271886773087 0.265271735696931188
-0.321518719765181482 0.831187890221210535 0.264605337626225900
-0.306472952844662805 0.842787189820901395 0.263939907272474572
-0.295058492798031480 0.851110140841899510 0.263275448650450827
-0.279689970317279601 0.861708066024454489 0.262611965769065092
-0.264177725306904587 0.871739783694536641 0.261949462631341390
-0.248549993192692692 0.881211576334922642 0.261287943234391862
-0.232833837650582798 0.890131100363193095 0.260627411569394229
-0.217055102888163320 0.898507254853968318 0.259967871621566038
-0.201238378203395268 0.906350052634407044 0.259309327370142229
-0.185406973925532903 0.913670494743327954 0.258651782788349882
-0.169582907796971216 0.920480449024462244 0.257995241843384959
-0.157732187559448900 0.925260472612349338 0.257339708496387765
-0.141970045536419343 0.931207823816151636 0.256685186702419799
-0.126269122191018046 0.936680860731159859 0.256031680410439610
-0.110646618072270442 0.941693708417358000 0.255379193563278428
-0.095118490299062941 0.946260855476906970 0.254727730097616900
-0.079699481037342923 0.950397065569537181 0.254077293943961557
-0.068215033758733168 0.953225413002793509 0.253427889026620723
-0.053018920184764173 0.956643545836303399 0.252779519263680752
-0.037966482522532874 0.959672112043271408 0.252132188566982385
-0.023068227251047568 0.962326226464831791 0.251485900842097765
-0.008333629476396431 0.964620944164711780 0.250840659988306292
0.002604776446562040 0.966115122476810306 0.250196469898570972
0.017033115903350438 0.967816754707416016 0.249553334459515330
0.031276690769264814 0.969199667226033346 0.248911257551399867
0.045329488760778636 0.970278259550313660 0.248270243048098749
0.055740733330803038 0.970896006427886427 0.247630294817075935
0.069447626175788868 0.971475868731658698 0.246991416719362256
0.082951266225541886 0.971789548294041072 0.246353612609532258
0.096248458025031347 0.971850304442140933 0.245716886335680784
0.106084313272748754 0.971737665871068357 0.245081241739399380
0.119014449560207236 0.971386628004703434 0.244446682655753811
0.131732552208185028 0.970817243073462066 0.243813212913260191
0.144237631899518604 0.970041360136663533 0.243180836333862671
0.153476329490569774 0.969330836137341612 0.242549556732909621
0.165607701229857462 0.968220887444979805 0.241919377919131262
0.177525761912448676 0.966934949193338444 0.241290303694616182
0.186324713148883658 0.965861231565357858 0.240662337854788411
0.197871318262835438 0.964291921361822180 0.240035484188385162
0.209207315090303936 0.962574046845281694 0.239409746477433349
0.220334296899012905 0.960716821209075755 0.238785128497226773
0.228543483769825917 0.959237770115881183 0.238161634016303414
0.239309347206542622 0.957157653353408966 0.237539266796423398
0.249871935423855440 0.954961484207305089 0.236918030592545070
0.257661976635000678 0.953242874957021868 0.236297929152803232
0.267874971609239287 0.950862041859164786 0.235678966218485830
0.275405962012751748 0.949013287758472046 0.235061145524012804
0.285277969975228085 0.946469559965021912 0.234444470796911636
0.294959289842610772 0.943841794228290620 0.233828945757796114
0.302097046409522951 0.941819534120274970 0.233214574120343354
0.311452359537520374 0.939059311661840534 0.232601359591271956
0.318349396368504400 0.936944294031366365 0.231989305870319185
0.327388905900021010 0.934068735166267317 0.231378416650218466
0.336252676530010841 0.931134326135237500 0.230768695616677788
0.342787276108138528 0.928897778413982911 0.230160146448356639
0.351351930883782471 0.925871690556614779 0.229552772816844636
0.357666252356502123 0.923571453645626317 0.228946578386638622
0.365942642251379791 0.920466838139120447 0.228341566815121244
0.374059207065463695 0.917322728535198584 0.227737741752538220
0.380043888022588539 0.914940910005875407 0.227135106841976964
0.387889321548749555 0.911736241201785536 0.226533665719343968
0.393674725245500623 0.909312818782373355 0.225933422013343488
0.401259855342638638 0.906057466114603249 0.225334379345455083
0.406854055790069280 0.903599426464906763 0.224736541329912165
0.414189568985449452 0.900302171194759859 0.224139911573680239
0.419600511762753703 0.897815716590466217 0.223544493676434614
0.426696896060623665 0.894484341315776033 0.222950291230539055
0.431932359089968410 0.891974959670545853 0.222357307821024419
0.438799856271436084 0.888616339541636324 0.221765547025566445
0.443867417308741352 0.886088871149644852 0.221175012414464467
0.450515983693919875 0.882709060560974090 0.220585707550619681
0.455422993800637721 0.880167761360554968 0.219997635989513968
0.460263385877242637 0.877621705464869617 0.219410801279188383
0.466615830754008809 0.874220677193933149 0.218825206960221313
0.471305739011386449 0.871665974279098421 0.218240856565707519
0.477462063396919101 0.868255535311762694 0.217657753621236849
0.482008208883809408 0.865695263472199050 0.217075901644872893
0.487977188040337462 0.862279246944567146 0.216495304147131529
0.492386010402401708 0.859716089491520563 0.215915964630959911
0.496737879881663180 0.857152429089623746 0.215337886591715516
0.502453688624250772 0.853734127176703050 0.214761073517145018
0.506676931792197860 0.851170822873667965 0.214185528887362697
0.512225105853002294 0.847754314614749704 0.213611256174830066
0.516325452825138975 0.845193281512214734 0.213038258844334860
0.520374810697708301 0.842633745680491097 0.212466540352969940
0.525696319559391445 0.839223857047720845 0.211896104150112174
0.529630453412754942 0.836668910022943413 0.211326953677402479
0.533516757094371408 0.834116361957531027 0.210759092368723977
0.538625641035251679 0.830717107997709037 0.210192523650182150
0.542403792299698706 0.828171066529082567 0.209627250940083665
0.546137016845464007 0.825628174604868592 0.209063277648916135
0.551046181160174120 0.822242897889368329 0.208500607179326947
0.554677735042416686 0.819708121650962518 0.207939242926103607
0.558267016110402525 0.817177130955626385 0.207379188276152232
0.562988257420306559 0.813808663896806062 0.206820446608478120
0.566481776417332439 0.811287168724183494 0.206263021294164489
0.569935435224377174 0.808770012161526219 0.205706915696352854
0.573349912065383771 0.806257348117206840 0.205152133170222351
0.577842732041830343 0.802914375695289451 0.204598677062969414
0.581168307337429524 0.800412769429750259 0.204046550713787689
0.584456815265061991 0.797916140673712082 0.203495757453848236
0.587708847650965316 0.795424628736761119 0.202946300606278940
0.591989138489881439 0.792110809530754301 0.202398183486144662
0.595158256815074949 0.789631768597757522 0.201851409400427062
0.598292737275978648 0.787158297437850374 0.201305981648004950
0.601393092145687924 0.784690530167786671 0.200761903519634410
0.604459816406131667 0.782228600755467296 0.200219178297928596
0.608497291807888474 0.778955341225138875 0.199677809257337857
0.611487375654543919 0.776507555976845953 0.199137799664130727
0.614445359468537511 0.774066057977575328 0.198599152776373439
0.617371668320993772 0.771630983875813525 0.198061871843910497
0.620266712349413551 0.769202471535411547 0.197525960108345194
0.623130887240656683 0.766780660181453966 0.196991420803020012
0.625964574693535170 0.764365690538455711 0.196458257152997223
0.629696034244219494 0.761156619887822350 0.195926472375038851
0.632459993832662271 0.758758170549780120 0.195396069677588241
0.635194643599441888 0.756367043813329643 0.194867052260749796
0.637900310330195897 0.753983387618785361 0.194339423316269994
0.640577309467296074 0.751607351592561979 0.193813186027518514
0.643225945628164375 0.749239086987705249 0.193288343569468529
0.645846513114190834 0.746878746609875632 0.192764899108677640
0.648439296424852096 0.744526484715295145 0.192242855803268775
0.651004570774545988 0.742182456883585306 0.191722216802911405
0.653542602600981959 0.739846819875362938 0.191202985248802360
0.656053650087835116 0.737519731454827854 0.190685164273646623
0.658537963665623227 0.735201350209543358 0.190168757001638655
0.661809215049976585 0.732123994917178722 0.189653766548444014
0.664232083701366993 0.729826550126062790 0.189140196021179541
0.666629003767320261 0.727538344224430533 0.188628048518395514
0.669000197927306695 0.725259536712218322 0.188117327130056300
0.671345883768699636 0.722990286604122123 0.187608034937522289
0.673666274248693409 0.720730752155121612 0.187100175013531100
0.675199251533091349 0.719229871114827612 0.186593750422178684
0.677477945254317371 0.716986878058879951 0.186088764218901248
0.679731892441154617 0.714754016608758036 0.185585219450456806
0.681961293002370184 0.712531439606248318 0.185083119154906633
0.684166344309127594 0.710319297671252015 0.184582466361596864
0.686347241583315282 0.708117738898679461 0.184083264091140619
0.688504178290527236 0.705926908536151587 0.183585515355399187
0.690637346521381423 0.703746948658338312 0.183089223157464454
0.692746937337197721 0.701577997863108260 0.182594390491640279
0.694833141115775876 0.699420190954688659 0.182101020343424957
0.696896147873466876 0.697273658638449700 0.181609115689492451
0.698936147551643239 0.695138527240279691 0.181118679497675406
0.700953330320408963 0.693014918398528024 0.180629714726946222
0.702285536884057038 0.691605638434832803 0.180142224327400208
0.704265115445457113 0.689501490631126090 0.179656211240236729
0.706222387165136301 0.687409164880928736 0.179171678397742395
0.708157545061199878 0.685328763453908918 0.178688628723273041
0.710070783409184836 0.683260382779628195 0.178207065131235742
0.711962297898035557 0.681204113249311960 0.177726990527071554
0.713211336081346681 0.679840037135604480 0.177248407807238162
0.715067083271127002 0.677804136737947482 0.176771319859192089
0.716901636354418281 0.675780557643499646 0.176295729561371350
0.718715197250380355 0.673769366644961565 0.175821639783178052
0.720507969767462786 0.671770623791534405 0.175349053384961262
0.721691703875739221 0.670445070743319493 0.174877973217999694
0.723450287310485662 0.668467189586980481 0.174408402124484219
0.725188635429599882 0.666501883019729124 0.173940342937500991
0.726906959254337126 0.664549185658774855 0.173473798481014518
0.728041488953210747 0.663254406450466072 0.173008771569850284
0.729726913170344438 0.661322782286517308 0.172545265009677762
0.731392885253206559 0.659403825304655022 0.172083281596993737
0.733039623170619770 0.657497544400343803 0.171622824119105372
0.734126871237866796 0.656233733975425615 0.171163895354113277
0.735742041308142469 0.654348580806582314 0.170706498070894802
0.737338566786504779 0.652476093682844205 0.170250635029087161
0.738392669530335777 0.651234797899794771 0.169796308979071303
0.739958619021669373 0.649383381589431097 0.169343522661954737
0.741506524102405473 0.647544573492338515 0.168892278809555235
0.742528548377719866 0.646325689673075576 0.168442580144384513
0.744046885172469974 0.644507817581905229 0.167994429379631272
0.745547786050772987 0.642702450367335310 0.167547829219145628
0.746538813466444684 0.641505794979613575 0.167102782357422014
0.748011165465242600 0.639721155471498992 0.166659291479583554
0.748983373779502526 0.638538265807507721 0.166217359261365216
0.750427817940066078 0.636774188854635659 0.165776988369098488
0.751855825811984291 0.635022359636168598 0.165338181459694394
0.752798814115883119 0.633861241595026770 0.164900941180628258
0.754199942650280120 0.632129659015000622 0.164465270169923072
0.755125225721956395 0.630981964903855719 0.164031171056134129
0.756500117658651328 0.629270401655468659 0.163598646458332858
0.757408123599402128 0.628135972793109398 0.163167698986090987
0.758757420192678778 0.626444180581114951 0.162738331239465017
0.759648575730729747 0.625322844845599857 0.162310545808980133
0.760972915616527690 0.623650556039074599 0.161884345275615377
0.761847645366878767 0.622542128971578346 0.161459732210787160
0.763147663444835644 0.620889058298040752 0.161036709176334170
0.764006389168173539 0.619793344245835209 0.160615278724501848
0.765282715563755045 0.618159190442645223 0.160195443397927406
0.766125855501277320 0.617075983644450932 0.159777205729623673
0.767379114562531717 0.615460431118281637 0.159360568242964351
0.768207082792376705 0.614389516795358359 0.158945533451668869
0.769437892160721226 0.612792237235108561 0.158532103859786916
0.770251098001631496 0.611733392651524932 0.158120281961683429
0.771058512326044387 0.610679312009758113 0.157710070242023437
0.772258915241227806 0.609107042053282033 0.157301471175757601
0.773052131205010706 0.608064707883821054 0.156894487228106394
0.774231534490565032 0.606509880224846643 0.156489120854546221
0.775010947859187227 0.605479054790669768 0.156085374500793544
0.775784949585616501 0.604452765206780041 0.155683250602791229
0.776935940566625738 0.602921750073477924 0.155282751586692802
0.777696682917387472 0.601906628770287333 0.154883879868848662
0.778452228244811861 0.600895905664610708 0.154486637855791142
0.779575933601412308 0.599387980566250422 0.154091027944219749
0.780318749172924764 0.598388078572379856 0.153697052520987060
0.781056576721327223 0.597392434887897505 0.153304713963084344
0.782154093622424718 0.595906865618499815 0.152914014637626994
0.782879706555668520 0.594921691406523734 0.152524956901840314
0.783600534513530844 0.593940634261936884 0.152137543103045308
0.784316634383127265 0.592963653688298398 0.151751775578644582
0.785382042170199690 0.591505737787515251 0.151367656656108324
0.786086567273437953 0.590538771396808770 0.150985188652959929
0.786786559280994169 0.589575739791793008 0.150604373876762149
0.787482072715320336 0.588616602512856857 0.150225214625103520
0.788517063480224323 0.587185110094860407 0.149847713185584097
0.789201615463039907 0.586235532036298412 0.149471871835801767
0.789881875420145207 0.585289707254822655 0.149097692843338375
0.790557895408563138 0.584347595681087739 0.148725178465746399
0.791229726920444576 0.583409157385076593 0.148354330950535129
0.792229732041449752 0.582008300365527420 0.147985152535156927
0.792891313912671536 0.581078871611037107 0.147617645446993906
0.793548883043983078 0.580152977685435722 0.147251811903344576
0.794202488331576251 0.579230579494292241 0.146887654111410415
0.794852178091176587 0.578311638164013098 0.146525174268282266
0.795498000043468489 0.577396115072310590 0.146164374560927651
0.796140001301306688 0.576483971877006840 0.145805257166176955
0.797095940965929728 0.575122011212696349 0.145447824250710761
0.797728592641428147 0.574218151915656505 0.145092077971046479
0.798357583719839115 0.573317540697015682 0.144738020473525603
0.798982958551556988 0.572420140649006814 0.144385653894300470
0.799604760842621332 0.571525915255148287 0.144034980359321579
0.800223033663506667 0.570634828389485094 0.143686001984324796
0.800837819434631504 0.569746844347838066 0.143338720874818359
0.801449159933638189 0.568861927849142468 0.142993139126070229
0.802057096265283875 0.567980044088326030 0.142649258823095815
0.802661668875254808 0.567101158728847032 0.142307082040644906
0.803262917531357923 0.566225237940167769 0.141966610843189456
0.803860881319446996 0.565352248415031289 0.141627847284910818
0.804455598637919933 0.564482157388710326 0.141290793409687837
0.805047107186163013 0.563614932666868795 0.140955451251084163
0.805635443959125896 0.562750542644814944 0.140621822832335985
0.806220645241959244 0.561888956326886069 0.140289910166339848
0.806802746592653608 0.561030143362530320 0.139959715255640799
0.807381782846140705 0.560174074052782967 0.139631240092419895
0.807957788098564555 0.559320719384067688 0.139304486658482385
0.808530795700033833 0.558470051050679595 0.138979456925245687
0.808816185598999926 0.558045715611532045 0.138656152853727538
0.809384757614076578 0.557199025299423112 0.138334576394534364
0.809950412047889867 0.556354953793717799 0.138014729487848986
0.810513179580542809 0.555513475445342686 0.137696614063419348
0.811073090121495865 0.554674565402814568 0.137380232040546862
0.811630172782662140 0.553838199663161612 0.137065585328074641
0.812184455883958156 0.553004355076331500 0.136752675824376058
0.812460556231106135 0.552588371219937979 0.136441505417343317
0.813010691342584080 0.551758266877234727 0.136132075984376016
0.813558094172332935 0.550930629706942954 0.135824389392369904
0.814102790209221716 0.550105439727285317 0.135518447497705474
0.814644804115741361 0.549282677915215567 0.135214252146237057
0.814914812749953144 0.548872201894377354 0.134911805173281107
0.815452847883960663 0.548053048810400290 0.134611108403605934
0.815988258902180630 0.547236280651666074 0.134312163651419847
0.816521067541712831 0.546421881897903527 0.134014972720361059
0.816786502531698155 0.546015566481870218 0.133719537403486022
0.817315446514853661 0.545204695014555485 0.133425859483258913
0.817841838758719630 0.544396158749387293 0.133133940731541361
0.818365698036799039 0.543589945878852676 0.132843782909580932
0.818626683442239766 0.543187707333832370 0.132555387768000910
0.819146776591835435 0.542384959842226122 0.132268757046789781
0.819664379961612677 0.541584511080975051 0.131983892475290826
0.819922252943151020 0.541185146212357693 0.131700795772191348
0.820436150965458633 0.540388131091961821 0.131419468645512461
0.820947597062428369 0.539593397094881522 0.131139912792598762
0.821202404938918273 0.539196883899938029 0.130862129900108481
0.821710198488043830 0.538405562511417912 0.130586121644002573
0.822215572663553607 0.537616511844303258 0.130311889689535138
0.822467356129969684 0.537222837319542901 0.130039435691243210
0.822969122642199236 0.536437189118577962 0.129768761292936907
0.823219108266821542 0.536045215346313664 0.129499868127689266
0.823717290297126814 0.535262968793706939 0.129232757817826449
0.823965488974232052 0.534872696356464949 0.128967431974918306
0.824460106937060289 0.534093854588109984 0.128703892199768077
0.824952358844753819 0.533317286374125565 0.128442140082403289
0.825197599769405876 0.532929856148509629 0.128182177202065650
0.825686315602296661 0.532156706708084126 0.127924005127202034
0.825929791984586714 0.531770989004498706 0.127667625415454483
0.826414985005893166 0.531001271946500486 0.127413039613651358
0.826656702832561097 0.530617274533049743 0.127160249257797620
0.827138383742974437 0.529851007310228050 0.126909255873065646
0.827378347734910369 0.529468739866251314 0.126660060973786071
0.827617727949253590 0.529087051557978083 0.126412666063438650
0.828094738380775852 0.528325417818755527 0.126167072634643274
0.828332369151386527 0.527945475300342970 0.125923282169150691
0.828805882871405886 0.527187346738113849 0.125681296137833798
0.829041766118266743 0.526809164007543962 0.125441116000678810
0.829511785834660564 0.526054570396778942 0.125202743206776296
0.829745922359709565 0.525678163213513905 0.124966179194312452
0.829979476634183255 0.525302351681111612 0.124731425390560466
0.830444838116587647 0.524552523646563129 0.124498483211871971
0.830676645075990150 0.524178511331089503 0.124267354063668414
0.830907869286087397 0.523805103042887077 0.124038039340432532
0.831368568565213240 0.523060107569077726 0.123810540425700069
0.831598043097619422 0.522688525042189323 0.123584858692051325
0.831826933815213332 0.522317555848530346 0.123360995501102993
0.832282962373660840 0.521577467376505455 0.123138952203499741
0.832510099422024141 0.521208353185112494 0.122918730138906251
0.832736651071829481 0.520839862498964079 0.122700330635999083
0.833187996257687913 0.520104762382047281 0.122483755012458659
0.833412788767566970 0.519738158437025088 0.122269004574961190
0.833636993828369754 0.519372188966166326 0.122056080619171087
0.833860610861213103 0.519006856826807583 0.121844984429732739
0.834306078395649187 0.518278116202638195 0.121635717280263234
0.834527927625130728 0.517914713635895807 0.121428280433344166
0.834749186265905330 0.517551960263111233 0.121222675140514505
0.834969853632859915 0.517189859132839325 0.121018902642262602
0.835189929002996601 0.516828413358538463 0.120816964168019139
0.835628300819236780 0.516107500422233745 0.120616860936149317
0.835846595739156761 0.515748039639303490 0.120418594153945749
0.836064295625946641 0.515389246945082258 0.120222165017621091
0.836281399679309145 0.515031125600909800 0.120027574712300855
0.836497907079479686 0.514673678904385090 0.119834824412016289
0.836713817000470872 0.514316910168065800 0.119643915279697144
0.836929128597951322 0.513960822739001677 0.119454848467164781
0.837143841016688484 0.513605419986800427 0.119267625115125314
0.837571464852305270 0.512896682088888833 0.119082246353162544
0.837784374511111096 0.512543353784382205 0.118898713299731174
0.837996681477101157 0.512190723835921013 0.118717027062150135
0.838208384851939714 0.511838795707929006 0.118537188736595883
0.838419483731641324 0.511487572878912333 0.118359199408095833
0.838629977208915856 0.511137058837864089 0.118183060150521657
0.838839864366998644 0.510787257093978209 0.118008772026582914
0.839049144291497129 0.510438171157591603 0.117836336087820667
0.839257816066900753 0.510089804545776571 0.117665753374601195
0.839465878770326079 0.509742160792390653 0.117497024916109374
0.839673331482372887 0.509395243430465383 0.117330151730342946
0.839880173286332465 0.509049055993398891 0.117165134824105996
0.840086403264731052 0.508703602020497692 0.117001975193003135
0.840292020501750003 0.508358885053040166 0.116840673821433358
0.840497024091679146 0.508014908620316841 0.116681231682584041
0.840701413123686514 0.507671676264455307 0.116523649738425272
0.840905186700321883 0.507329191510081157 0.116367928939703880
0.840905186700321883 0.507329191510081157 0.116214070225937813
0.841108343928101743 0.506987457879684356 0.116062074525410328
0.841310883918135577 0.506646478892422314 0.115911942755164490
0.841512805795425645 0.506306258048687119 0.115763675820997711
0.841714108688318419 0.505966798847558907 0.115617274617456051
0.841914791739587609 0.505628104768194531 0.115472740027829104
0.842114854103173438 0.505290179275263207 0.115330072924144461
0.842114854103173438 0.505290179275263207 0.115189274167162514
0.842314294936565511 0.504953025831200053 0.115050344606371285
0.842513113423832505 0.504616647858287304 0.114913285079981331
0.842711308751596833 0.504281048777971086 0.114778096414920497
0.842908880124010551 0.503946231986097226 0.114644779426829185
0.842908880124010551 0.503946231986097226 0.114513334920055415
0.843105826762036159 0.503612200853926661 0.114383763687649603
0.843302147901040189 0.503278958731906090 0.114256066511360263
0.843497842795677522 0.502946508941553683 0.114130244161628980
0.843497842795677522 0.502946508941553683 0.114006297397585929
0.843692910714696431 0.502614854783633547 0.113884226967045130
0.843887350947828296 0.502283999526833780 0.113764033606500142
0.844081162802336582 0.501953946413181806 0.113645718041119337
0.844081162802336582 0.501953946413181806 0.113529280984741868
0.844274345607036181 0.501624698651172207 0.113414723139873122
0.844466898712813219 0.501296259414793721 0.113302045197680529
0.844466898712813219 0.501296259414793721 0.113191247837989437
0.844658821488153411 0.500968631850682411 0.113082331729278909
0.844850113326211294 0.500641819066119820 0.112975297528677909
0.844850113326211294 0.500641819066119820 0.112870145881961009
0.845040773644965881 0.500315824128790498 0.112766877423544909
0.845040773644965881 0.500315824128790498 0.112665492776484119
0.845230801881670657 0.499990650075591181 0.112565992552467672
0.845230801881670657 0.499990650075591181 0.112468377351815099
0.845420197502770865 0.499666299895974497 0.112372647763472971
0.845608959991550613 0.499342776552379963 0.112278804365011281
0.845608959991550613 0.499342776552379963 0.112186847722619942
0.845797088871163005 0.499020082941330101 0.112096778391105545
0.845797088871163005 0.499020082941330101 0.112008596913887773
0.845984583677105606 0.498698221939656572 0.111922303822996186
0.845984583677105606 0.498698221939656572 0.111837899639067123
0.846171443975300086 0.498377196373563258 0.111755384871340541
0.846171443975300086 0.498377196373563258 0.111674760017656721
0.846357669364804055 0.498057009014143404 0.111596025564453569
0.846357669364804055 0.498057009014143404 0.111519181986763555
0.846543259472596121 0.497737662585871266 0.111444229748210735
0.846543259472596121 0.497737662585871266 0.111371169301008127
0.846543259472596121 0.497737662585871266 0.111300001085954892
0.846728213944971109 0.497419159780393583 0.111230725532433697
0.846728213944971109 0.497419159780393583 0.111163343058408165
0.846912532468723001 0.497101503221417773 0.111097854070420235
0.846912532468723001 0.497101503221417773 0.111034258963587817
0.846912532468723001 0.497101503221417773 0.110972558121602394
0.847096214753252696 0.496784695494025597 0.110912751916726629
0.847096214753252696 0.496784695494025597 0.110854840709792277
0.847096214753252696 0.496784695494025597 0.110798824850197819
0.847279260541055845 0.496468739126924963 0.110744704675906469
0.847279260541055845 0.496468739126924963 0.110692480513444172
0.847279260541055845 0.496468739126924963 0.110642152677897440
0.847461669605444667 0.496153636595984882 0.110593721472911730
0.847461669605444667 0.496153636595984882 0.110547187190689372
0.847461669605444667 0.496153636595984882 0.110502550111987896
0.847461669605444667 0.496153636595984882 0.110459810506118417
0.847643441752119475 0.495839390321693108 0.110418968630943887
0.847643441752119475 0.495839390321693108 0.110380024732877557
0.847643441752119475 0.495839390321693108 0.110342979046881562
0.847643441752119475 0.495839390321693108 0.110307831796465444
0.847643441752119475 0.495839390321693108 0.110274583193684828
0.847824576816996522 0.495526002671825949 0.110243233439140137
0.847824576816996522 0.495526002671825949 0.110213782721975392
0.847824576816996522 0.495526002671825949 0.110186231219877029
0.847824576816996522 0.495526002671825949 0.110160579099072869
0.847824576816996522 0.495526002671825949 0.110136826514331099
0.847824576816996522 0.495526002671825949 0.110114973608959388
0.847824576816996522 0.495526002671825949 0.110095020514803896
0.848005074669776482 0.495213475955929017 0.110076967352248589
0.848005074669776482 0.495213475955929017 0.110060814230214563
0.848005074669776482 0.495213475955929017 0.110046561246159164
0.848005074669776482 0.495213475955929017 0.110034208486075674
0.848005074669776482 0.495213475955929017 0.110023756024492547
0.848005074669776482 0.495213475955929017 0.110015203924473198
0.848005074669776482 0.495213475955929017 0.110008552237615381
0.848005074669776482 0.495213475955929017 0.110003801004051049
0.848005074669776482 0.495213475955929017 0.110000950252446050
0.848005074669776482 0.495213475955929017 0.110000000000000001
